1532259928183599 -2.9375 32.875 73.3125
1532259928232469 -57.5 -20.125 100.375
1532259928307268 -14.8125 -52.375 71.1875
1532259928381071 -74.875 -112.875 -10
1532259928561588 -54.5625 2.4375 -16.375
1532259928583530 -4.75 19.3125 -21.125
1532259928741108 13.6875 -0.875 -2.625
1532259929271690 -4.375 149.063 63.25
1532259929331530 35 169.625 79.5
1532259929349482 45.0625 167.375 77.8125
1532259929483124 36.9375 77.875 22.0625
1532259929574879 18.8125 13.5625 -12.3125
1532259929616767 23.75 -42.5625 -45.6875
1532259929633733 30.9375 -51.5625 -60.0625
1532259929649679 28.5 -58.3125 -64.8125
1532259929717497 6.25 -69.8125 -59.4375
1532259929762378 8.125 -99.5 -62.0625
1532259929789306 -33.3125 -88.9375 -43.3125
1532259929846154 -1.625 -76.625 -25.6875
1532259930089502 46.1875 42.375 34.3125
1532259930149342 63.75 57.0625 64.0625
1532259930197215 64.375 88.5 72.1875
1532259930232121 105 126.625 73.25
1532259930308916 80.5625 168.813 71.3125
1532259930351801 116.438 179.063 63.1875
1532259930450544 115.938 152.563 52.6875
1532259930610137 43.125 51.875 32
1532259930827556 -24.0625 -23.3125 -11.25
1532259930878419 -26.1875 -42.125 -32.25
1532259931091849 -30.875 -177.688 -50.9375
1532259931162660 -9.5625 -227.25 -33.375
1532259931299294 -14.5625 -40.125 -23.125
1532259931337193 -14.5625 -17 -13
1532259931374094 17 20.5 10.6875
1532259931396035 20.1875 20.125 17.6875
1532259931561593 -33.25 27.3125 61.4375
1532259931614451 37.3125 17.0625 82.125
1532259931711202 21.25 -31.75 89.5
1532259931734131 20.5 -28.375 67.5
1532259931788006 13.6875 -33.375 53.3125
1532259931815913 -13.5625 -22.25 32
1532259931838862 -9.75 -19.25 22.75
1532259931995432 7.8125 -4.5625 -11.5
1532259932034329 34.4375 -10.75 0.5625
1532259932115112 75.5 5.625 38.25
1532259932174952 86.1875 -1.5625 45.5
1532259932234797 50.375 -31.25 17.5625
1532259932251747 26 -45.6875 1.625
1532259932281670 6.4375 -56.3125 -20.125
1532259932341507 21.0625 -78.4375 -52.5625
1532259932395375 -67.1875 -55.1875 -36.875
1532259932416310 -54.75 -38.6875 -28.3125
1532259932431267 -29.3125 -21.5625 -24.125
1532259932461201 -8.5625 -10.125 -14.125
1532259932475150 -0.0625 -1.3125 2.8125
1532259932514046 1.125 19.75 25.125
1532259932541971 21.875 23.9375 41
1532259932573886 60.5 19.125 42.9375
1532259932619763 57.875 7.5 38.9375
1532259932633726 75.125 -9.9375 40.875
1532259932716504 -10 -49.6875 2.4375
1532259932745427 -36.375 -67.5625 -16.3125
1532259932776345 4.9375 -91.1875 -59.875
1532259932874097 -101.438 -76.75 -59.5
1532259932933923 18.4375 -20.875 -32.9375
1532259932993763 -40.1875 3.375 9.125
1532259933023690 -2.5625 12.5 14.625
1532259933157325 53.625 -24.875 16.75
1532259933217165 -9.0625 -69.625 -33.875
1532259933301939 -38.625 -85.75 -71.9375
1532259933316899 -76.125 -79.25 -63.375
1532259933353800 -70.625 -30.375 -46.4375
1532259933436579 -55.25 2.875 -6.0625
1532259933457523 -4.0625 17.875 -6.375
1532259933533320 -30.4375 1.25 36.25
1532259933616099 8.4375 -37.3125 -1.3125
1532259933779661 -29.0625 -93.0625 -109.188
1532259933840507 -64.25 -101.25 -95.375
1532259933879394 -10.125 -75.3125 -49.25
1532259934118755 -10.4375 83.9375 99.4375
1532259934178603 -16.875 100.25 108.313
1532259934260376 -44.0625 85.9375 99.8125
1532259934502728 -49.3125 22.5 15.6875
1532259934552594 -55.8125 8 11.25
1532259934562568 -41.9375 15 7.625
1532259934612435 -41.0625 9.8125 0.875
1532259934642355 -31.875 8.5 2.625
1532259934674269 -44.8125 8.9375 6.5
1532259934689230 -45.5 7.4375 3.5625
1532259934702194 -35.375 5.9375 1
1532259934741106 -19.8125 11.5 4.6875
1532259934763043 -22.1875 10.5 6.125
1532259934778989 -14.75 5.0625 3.875
1532259934801927 -10.9375 0.4375 3
1532259934831848 -1.875 -3.8125 8
1532259934838829 7.8125 -7.1875 9.6875
1532259934861767 28.875 -3.0625 -0.5625

1532259934906647 63 5.1875 -8
1532259934959516 4.625 32.125 1.0625
1532259934981463 -31.75 31.125 -2.8125
1532259935026328 -48.1875 -13.625 25.5
1532259935086168 10.625 -31.4375 4.4375
1532259935109106 -3.6875 -29.25 5.1875
1532259935161965 -26.25 10.3125 1.125
1532259935235767 -2.1875 3.5625 -9.0625
1532259935258706 13.875 2.4375 -4.3125
1532259935281645 -4.125 0.75 -3
1532259935302588 -12.0625 -1.3125 -4.125
1532259935401325 1.4375 -3.375 -3.8125
1532259935446221 2.0625 -3.6875 -2.4375
1532259935549927 -9.8125 -3.5625 3.875
1532259935581842 -15.75 -0.5625 4
1532259935618743 8.875 -1.4375 -1.6875
1532259935641682 13.8125 -2.3125 -0.9375
1532259935679580 6 -0.875 0
1532259935724461 -2.875 1 -0.1875
1532259935827186 29.3125 8.25 0.3125
1532259935850125 28.8125 7.9375 -10.125
1532259935872066 27.4375 7.875 -12.625
1532259935924925 23.6875 5.625 -3.1875
1532259935984764 -65 -16.9375 17.125
1532259936006706 -24.3125 10.5 3.6875
1532259936029644 3.0625 22.4375 4.875
1532259936092477 -14.4375 24 25.375
1532259936129378 -10.0625 33.5625 26.6875
1532259936158300 -5.1875 32.125 28.875
1532259936213154 -12.125 18.625 34.125
1532259936286956 -28.5625 21.625 31.25
1532259936306903 -31.3125 34.875 24.5625
1532259936344802 -37.9375 55.25 18.875
1532259936375719 -37.3125 65.9375 23.125
1532259936413618 -42.625 83.8125 25.9375
1532259936435577 -32.625 94.6875 25.375
1532259936458498 -17.5 102.25 28.25
1532259936504376 -1.3125 106.813 26.5
1532259936524322 13.5 107.063 25.375
1532259936547260 23.1875 103.75 25.1875
1532259936577180 27.1875 98.5 21.125
1532259936629042 26.5625 90.1875 14.375
1532259936652978 22.5625 80.5625 12.5625
1532259936666940 24.375 70 7.6875
1532259936767671 29.375 9.25 -27.875
1532259936907298 5.125 -88.75 -63.9375
1532259937390007 41.0625 58.75 49.75
1532259937622386 45.375 148.938 63.0625
1532259937666269 56.625 172.625 60.1875
1532259937709153 50.0625 168.313 40.625
1532259937727105 47.8125 163.125 43.0625
1532259937750044 52.125 157.188 41.9375
1532259937826839 99.375 122.688 21.375
1532259937876706 53.1875 94.25 21
1532259938026305 12 17.9375 18.9375
1532259938049244 16.75 13.1875 20.125
1532259938169921 -0.875 11.875 4.125
1532259938371383 -32.0625 -94.875 -40.6875
1532259938499044 -45 -147.313 -51.9375
1532259938551900 -9.625 -167.438 -41.4375
1532259938725435 32.0625 -157.25 -27.125
1532259938782284 24.25 -77.5625 -43.375
1532259938926897 36.75 -16 13.9375
1532259939074502 61.1875 61.9375 86
1532259939128359 52.8125 61.0625 131.688
1532259939172241 3 51.25 133.313
1532259939188216 -8.3125 36.6875 125.375
1532259939271974 10.375 0.9375 82.5625
1532259939331815 15.5 -23.8125 34.125
1532259939405631 22.1875 -64.5 2.0625
1532259939504353 -45 -83.5 19.875
1532259939565203 71 25.8125 82.0625
1532259939615057 55.8125 43.8125 78.125
1532259939624033 53.375 28.8125 56.3125
1532259939707815 9.4375 -45.875 -8.0625
1532259939749703 -20.5 -120.563 -99.6875
1532259939794584 -3 -149.875 -133.5
1532259939842455 -23.875 -131.688 -133.25
1532259939901309 -49.3125 5.75 -37.875
1532259939915261 -3.5625 45.8125 14.1875
1532259939931217 50.3125 77.875 63.3125
1532259939982082 61.75 93.5625 117.188
1532259940034941 75.1875 98.6875 106.938
1532259940096775 -40.3125 5.5 69.75
1532259940139660 -49.1875 -59.125 23.875
1532259940154621 -33.875 -95.125 -40.25
1532259940185551 -9.0625 -119.438 -104.563
1532259940237399 11.25 -166.688 -165.25
1532259940276306 13.3125 -150.813 -150.5
1532259940314194 -53.875 -136.438 -95
1532259940359074 -112.438 -11.375 -36.0625
1532259940380017 -24.8125 51.1875 1.75
1532259940396973 12.6875 78.625 40.6875
1532259940441852 46.5625 110.75 81.25
1532259940516653 -16.5 63.6875 68.8125
1532259940642316 -6.5 -94.3125 -121.75
1532259940717116 23.6875 -176 -111.063
1532259940734071 -52.6875 -166.063 -101.188
1532259940778951 -58.875 -84.5 -95.5625
1532259940837794 -47.9375 26.8125 -35.375
1532259940919575 30.3125 102 37.4375
1532259940973431 -25.8125 99.5 57.625
1532259940996370 11.625 95.0625 50.6875
1532259941017314 23 79.625 35.75
1532259941152951 47.9375 -178.875 -165
1532259941213788 -32.5 -195.625 -115.313
1532259941258685 -53.375 -118.25 -90.25
1532259941279612 -20.1875 -73.9375 -71.9375
1532259941318507 -60.75 -9.9375 -29.3125
1532259941460129 -3.1875 -35.25 46.3125
1532259941596764 -7.3125 -62.375 -43.125
1532259941641652 -80.3125 -61.875 -24.5625
1532259942038583 -36.6875 24.625 56.1875
1532259942106402 -43.75 -0.875 19.25
1532259942181202 -69 5.3125 7.4375
1532259942196161 -54.5 14.875 6.1875
1532259942219100 -36.5625 13.625 4.5
1532259942262982 -29.1875 10.3125 -6.875
1532259942280934 -40.5 16.3125 -10.875
1532259942323820 5.1875 30.25 -24.625
1532259942361719 -5.875 9.1875 -12.0625

1532259942449484 -17.4375 -9.625 8.9375
1532259942464444 21.6875 -12.3125 7.875
1532259942547223 -27.4375 -19.125 8.8125
1532259942643963 -42.875 4.9375 -6.75
1532259942704801 12.25 6.6875 -9.25
1532259942764674 -15.0625 -1.375 -3.8125
1532259942786615 -10.375 -1.125 -2.875
1532259942846703 2.1875 -4.6875 -2.5625
1532259942886596 2.5 -5.3125 -0.8125
1532259942924495 4.4375 -4.4375 -4.4375
1532259942945439 3.125 -3.625 -4.3125
1532259942999295 2.125 -2.3125 -3.75
1532259943004282 2.1875 -1.625 -4.6875
1532259943045172 0.5 -0.75 -3.9375
1532259943088072 -4.8125 -3.875 -3.3125
1532259943105012 -5.5625 -3.9375 -1.625
1532259943154884 -3.75 -6.125 3.625
1532259943206745 4.125 -6.0625 1.5625
1532259943244644 18.8125 -2.0625 -1.3125
1532259943274598 37.75 11.0625 -10.1875
1532259943289558 51.6875 16.875 -16.8125
1532259943326459 24.9375 13.625 -2.0625
1532259943373339 -5.4375 33.3125 -7.5625
1532259943427196 -72.9375 -41.1875 20.5
1532259943447137 -17.4375 -37 14.9375
1532259943566816 -36.625 31.375 31.375
1532259943607707 14 36.4375 42.75
1532259943637627 6.6875 36.625 44.1875
1532259943705446 -20.6875 27.625 69.3125
1532259943747348 2.9375 20.5625 66.9375
1532259943793227 7.6875 26.5 57.875
1532259943846070 -15.25 40.1875 43
1532259943926854 -56.5 54.5 17.3125
1532259943986694 31.0625 87.875 27.5625
1532259944004646 25.3125 94.3125 34.1875
1532259944049530 17.375 130.25 43.75
1532259944199125 62.625 135.938 30.8125
1532259944272928 44.125 63.0625 7.25
1532259944340747 5.125 -1.6875 -0.25
1532259944475387 -16.9375 -86.25 -39.75
1532259944507302 14.1875 -107.438 -50.4375
1532259944587089 -14.3125 -149.938 -31.875
1532259944679840 40.75 -160.438 -50.125
1532259944776582 -20.5625 -66.0625 -41.625
1532259944896275 -0.1875 7.875 8.625
1532259944940143 3.1875 7.75 12.4375
1532259945015941 0.8125 45.9375 26.375
1532259945048854 0.6875 59.875 32.1875
1532259945100715 23.9375 132.25 36.0625
1532259945159558 46.4375 179 42.0625
1532259945175531 37.625 194.438 41.5625
1532259945249317 24.0625 225.75 53.3125
1532259945309161 45.1875 203.563 53.5625
1532259945392933 16 163.563 50.125
1532259945466736 11.9375 17 28.8125
1532259945587414 10.5 7.5 9.9375
1532259945669195 -5.4375 5.625 4.625
1532259945773915 -20.125 -26.3125 -8.4375
1532259946014271 3 -220.563 -42.25
1532259946090076 -15.0625 -223.938 -45.375
1532259946127968 -10.25 -183.25 -31.0625
1532259946225706 33.9375 -91.6875 -30.0625
1532259946282554 -3.25 2.875 0.625
1532259946374308 2.5 12.1875 15.0625
1532259946494987 7.25 13.3125 42.3125
1532259946531888 14.9375 14.625 54.5625
1532259946628629 8.625 -26.25 65.25
1532259946696458 13.1875 -29.8125 45.375
1532259946747311 15.5 -39.4375 37.375
1532259946758282 3 -38.8125 26.875
1532259946848042 41.625 -31.8125 32.5
1532259946906885 53.4375 1.6875 71.25
1532259946951764 151.625 39.625 86.875
1532259946994650 92.125 16.6875 60.75
1532259947033546 19.6875 -61.1875 26
1532259947055487 -7.375 -99.9375 -15.5625
1532259947122309 -21.25 -191.938 -100.5
1532259947154225 -14.4375 -184.25 -97.3125
1532259947175167 -18.75 -150.125 -97.5
1532259947191124 -55.6875 -96.75 -85.375
1532259947235007 -63.9375 14.625 4.125
1532259947251962 -27.375 54.0625 38.6875
1532259947294847 70.8125 106.875 74.625
1532259947311802 85.75 112.375 101.688
1532259947354698 74.6875 84.8125 105.688
1532259947431482 -14.8125 -83.125 82.5625
1532259947475364 -41.75 -140.438 -30.1875
1532259947574101 -17.125 -157.875 -184.063
1532259947633941 -76.75 -112.063 -107.938
1532259947693781 -92.625 36.1875 -4.25
1532259947776559 80.4375 65.375 108.375
1532259947814457 73.1875 74.9375 113.188
1532259947851362 50.3125 45.25 114.5
1532259947874298 21.8125 21.5625 109.875
1532259947896241 -25.6875 -8.25 71.3125
1532259947917182 -67.25 -47.6875 19.875
1532259947934138 -57.8125 -91.125 -50.875
1532259948016917 -5.375 -131.375 -192.313
1532259948076757 -66 -139.063 -136.063
1532259948113658 -143.5 -51.5 -46.1875
1532259948136597 -125.438 -12.875 -35.75
1532259948157540 -79.5 14.3125 -12.75
1532259948217380 34.125 50.375 71.1875
1532259948294175 -22.4375 100.563 99.9375
1532259948316116 -55.0625 70.375 87.125
1532259948345042 -51.25 30.4375 48.4375
1532259948376953 -15.9375 -20.625 -86.4375
1532259948413855 14 -74.125 -196.5
1532259948436794 -0.375 -105.688 -208.938
1532259948479679 -106.25 -107.75 -206.563
1532259948518575 -52 -89 -208.813
1532259948579412 -39.4375 -82.5 -66
1532259948899556 -51.25 50.375 44.625
1532259948976351 1.5 95.8125 97.125
1532259949059130 -17.6875 97.75 91.5625
1532259949230670 -6.75 25.25 31.5
1532259949275551 -19.3125 -7.6875 10.875
1532259949304473 -60.6875 -0.4375 16.125
1532259949326415 -63.1875 -8.8125 1.0625
1532259949344367 -41.5625 -14.0625 -1.0625
1532259949364313 -23.125 -8.6875 3.375
1532259949403209 -36.25 -7.8125 0.75
1532259949424154 -47.75 -26.4375 -6.125
1532259949545828 -34.4375 69.25 -5.1875

1532259949566771 -60.9375 50.75 2.6875
1532259949607662 -39.625 8.6875 4.5
1532259949626612 -8.3125 2.25 15.5625
1532259949665507 -3.375 -4 14.9375
1532259949749284 -35.125 -10.6875 10.875
1532259949786185 -2.25 43.1875 -24.9375
1532259949866969 -49.25 20.1875 -10.375
1532259949903871 21.125 15.75 -3.125
1532259949964708 -10.0625 1.0625 -6.4375
1532259950061449 0.8125 -0.4375 -7.375
1532259950085385 -2.0625 0.875 -6.75
1532259950122292 -6.5625 0.75 -4.5
1532259950170158 -2.3125 -0.6875 -5
1532259950212047 1.6875 -4.3125 -4.8125
1532259950241967 -5.4375 -3.75 -2.25
1532259950263908 -7 -3.25 -2.625
1532259950285849 -6 -1.0625 -4
1532259950324745 3.25 0.9375 -1.5
1532259950361647 -3.875 0.1875 -2.0625
1532259950384585 -14.8125 0.6875 -1.9375
1532259950421495 0.9375 2 -3.0625
1532259950467364 20.875 15.5 -11.875
1532259950513273 2.9375 5.75 -0.4375
1532259950527236 -7.4375 5.9375 -0.6875
1532259950564137 6 1.6875 -6.6875
1532259950582093 7.4375 4.6875 -1.6875
1532259950623993 -38.9375 -16.3125 7.625
1532259950647914 -25.25 -13.9375 12
1532259950661876 -6.875 -11.5 2.625
1532259950684815 0.75 -4.5 -0.625
1532259950716729 -1.1875 -15.4375 8.6875
1532259950744655 -17 -1.875 20.375
1532259950761610 -5.5625 3.375 19.625
1532259950781556 16.125 4.1875 27.3125
1532259950804501 23.125 13.625 41
1532259950841396 18.5 16.875 43.5625
1532259950864335 19.8125 19 41.8125
1532259950902234 0.0625 18.625 44.8125
1532259950924175 -11.9375 15.875 45
1532259950984015 -4.4375 0.625 42.75
1532259951021913 5.5 2.3125 38.4375
1532259951044852 8.75 5.9375 35.875
1532259951104692 -10.6875 21.75 50.3125
1532259951141595 7.125 36.9375 50.5625
1532259951164532 16.3125 41.8125 54.125
1532259951195450 22.6875 46.5 57
1532259951225370 30.5 69.1875 50.8125
1532259951289199 30.125 104.313 39
1532259951345049 26.4375 175.125 46.5625
1532259951383957 28.8125 181.813 45.0625
1532259951494649 24.6875 94.75 0.6875
1532259951751961 -6.125 -133.75 -68.1875
1532259951773903 -38.75 -136.75 -58
1532259951826762 -72.875 -127.188 -59.6875
1532259951871641 2.3125 -115.188 -44.125
1532259951909540 64.25 -84.0625 -22.4375
1532259951969380 11.9375 -21.6875 -0.375
1532259952029221 4.9375 10.6875 5.75
1532259952044180 6.3125 12.625 6
1532259952148900 0.5625 23.6875 11.9375
1532259952169843 3 27.0625 11
1532259952253619 45.125 38.375 24.3125
1532259952372302 111.563 92.3125 54.3125
1532259952523896 71.3125 211.063 12.125
1532259952589720 69.1875 204.25 20.0625
1532259952659535 53.5625 140.375 8.9375
1532259952710408 16.25 111.313 3.375
1532259952750296 10.1875 63.0625 -3.875
1532259952876953 -17.4375 -12.75 -1.4375
1532259952928814 -40.5 -14 5.375
1532259952988661 -47.3125 -35.25 2.5625
1532259953017577 -51.5625 -39.6875 -4.1875
1532259953049497 -52.6875 -63.5625 -33.0625
1532259953086393 -55.25 -86.3125 -45.75
1532259953137257 -42.0625 -143.25 -49.6875
1532259953154231 -35.125 -156.125 -58
1532259953191113 -34.875 -175.5 -58
1532259953244969 3.875 -196.313 -47.6875
1532259953288852 -26.8125 -204.875 -37.875
1532259953369635 -60.25 -129.875 -42.0625
1532259953415513 -8.375 -63.5 -38.3125
1532259953559129 36.375 -1.3125 14.25
1532259953576083 32.0625 2.5 18.3125
1532259953618969 17.375 34 45.5
1532259953671844 4.8125 18.625 86.3125
1532259953693774 28.6875 13.875 83.5
1532259953769566 26.3125 -30.4375 54.75
1532259953836387 -36.3125 -60.8125 12.3125
1532259953913182 -51.125 -51.625 -13.75
1532259953984990 25.625 -35.1875 42.9375
1532259954008926 103.313 -4.625 94.4375
1532259954031865 116.75 4 110.625
1532259954054803 130.563 9.8125 111.813
1532259954068782 136.688 19.0625 94.125
1532259954091705 136.688 24.0625 74.125
1532259954121625 120 11.5 62.3125
1532259954174483 -37.75 -78.5 -45
1532259954196425 -43.375 -109.938 -100.563
1532259954232329 0.375 -125.313 -178.625
1532259954255267 17.25 -133.813 -187.75
1532259954292168 -36.9375 -157.25 -193.813
1532259954324083 -112.188 -142.438 -169.188
1532259954331064 -177 -102.5 -126.875
1532259954376942 -121.563 12.125 -38.875
1532259954397886 -41.4375 33.8125 13.75
1532259954413843 15.0625 34.75 51.9375
1532259954451742 108.125 41.75 122.375
1532259954473683 122.563 44.9375 141.188
1532259954533540 53.5 6.9375 138.375
1532259954571430 8.5 -55.8125 84.0625
1532259954594361 13.75 -64.4375 28.6875
1532259954615304 22.125 -73.625 -31.6875
1532259954654201 23.9375 -104.563 -154.25
1532259954721022 -46.75 -118.563 -221.188
1532259954751938 -56.6875 -102.625 -211.5
1532259954794824 -123.375 -99.1875 -136.313
1532259954811779 -160.563 -75.6875 -103.313
1532259954878600 -21.3125 30.25 20.9375
1532259954893560 24.875 29.1875 63.6875
1532259954931459 135.938 52 133.688
1532259954954404 157.125 61.5625 161.625
1532259955036178 -11.1875 22.3125 133.438
1532259955074078 -17 -29.9375 13.6875
1532259955110979 -36.625 -75 -143.375
1532259955193769 -22.9375 -122.75 -229.688
1532259955314435 -73.75 -8.75 -61.1875
1532259955357320 17.25 19.375 41.1875
1532259955553796 -31.375 -18.5 -38.3125
1532259955636573 -55.75 -70.5625 -220.25
1532259955696413 -51.5625 -100.5 -201.5
1532259956039496 5.8125 85.5625 118.688
1532259956084375 -2.875 90.0625 142.375
1532259956182114 2.4375 73.4375 149.75
1532259956366621 -13.8125 20.9375 73.1875
1532259956417485 -36.125 10.25 32.8125
1532259956596008 -15.6875 0 4
1532259956661832 -21.9375 2.125 13.9375
1532259956768546 23.25 16.125 5.6875
1532259956821415 6.625 25.375 -8.125
1532259956842349 -64.875 13.875 3.5625

1532259956881245 -83.3125 -7.5 11.9375
1532259956965022 11.5 -13.75 2.75
1532259957045805 -23.4375 13.0625 -5.0625
1532259957099661 -6.0625 8.3125 -12.25
1532259957182439 -1.9375 5.1875 -4.8125
1532259957227320 -6.875 2.4375 -5.3125
1532259957262226 2.625 -0.625 -4.3125
1532259957302130 -0.125 -1.5625 -3
1532259957322066 -2.6875 -2.375 -2.625
1532259957383901 -2.875 -1.625 -3.5625
1532259957429778 0.0625 -3.875 -2.1875
1532259957467677 -1.6875 -4.1875 -2.125
1532259957519544 5.3125 -6.0625 -1.75
1532259957542477 3.8125 -7.25 -2.0625
1532259957593341 2.375 -7.125 -0.375
1532259957652184 11.25 -2.875 -1.0625
1532259957700055 13.4375 8.5 -9.875
1532259957741944 0.5625 6.1875 -12.9375
1532259957842674 -20.375 -9.5625 3.75
1532259957923458 -0.875 -11.375 14.25
1532259957962358 -17.1875 -1.3125 14.625
1532259958004242 0.375 16.6875 28.625
1532259958065079 -20 50.1875 52
1532259958081037 -14.0625 60.5 55.5625
1532259958102978 -4.3125 71.9375 55.125
1532259958163816 -14.5 89.5 68.5625
1532259958223655 -18.25 108.25 71.9375
1532259958238616 -13.625 109.5 75.4375
1532259958261554 -16.375 107.5 77.8125
1532259958351314 -21.875 102.688 74.125
1532259958434093 -24.25 81.8125 63.875
1532259958465016 -1.8125 71.4375 44.75
1532259958503906 0.5625 70.625 44.5625
1532259958544797 -4 50.3125 26.4375
1532259958604643 -0.375 46.5 22.875
1532259958689410 14.5625 33.4375 20.1875
1532259958831032 8.375 -37.5625 -41.0625
1532259958906828 -11.75 -78.8125 -51.0625
1532259958996588 -31.6875 -82.9375 -69.0625
1532259959125245 31.0625 -134 -77
1532259959198049 -3.6875 -91.75 -44.375
1532259959243927 68.375 -16.125 -10.5625
1532259959326706 -18.25 10.75 8
1532259959347650 -16.375 9.4375 9
1532259959535148 46.75 122.938 71.9375
1532259959587010 55.8125 167.875 112.625
1532259959626903 98.1875 200.875 137.5
1532259959725639 52.5625 164.625 62.4375
1532259960014900 8.375 18.375 9.9375
1532259960085676 -13.1875 10.4375 -1.0625
1532259960149505 -23.375 -12.6875 -1.3125
1532259960211342 -39.375 -66.3125 -15.75
1532259960294119 -53.8125 -145.5 -54.5
1532259960376897 -35.625 -187.5 -67.875
1532259960429756 -4.8125 -236.813 -52.9375
1532259960449703 -26.75 -239.125 -50.4375
1532259960503559 -45.1875 -229.438 -56.375
1532259960517521 -23.875 -215.5 -74
1532259960580353 -65.75 -157.5 -36.125
1532259960626231 62.5 -41.4375 -29.75
1532259960729964 7.5625 23.1875 11.5
1532259960774833 33.875 27.0625 11.0625
1532259960796774 25.3125 18.6875 25.25
1532259960885550 66.625 10 68.875
1532259960930417 89.625 7.25 81.5625
1532259960969313 69.1875 -2.1875 87.9375
1532259960990257 43.75 -13.125 78.0625
1532259961029153 31.875 -17.5 54.125
1532259961051094 13.9375 -21.9375 42.6875
1532259961066054 1.25 -26 19.75
1532259961127889 18.4375 -37.75 -9.5625
1532259961186732 -18.1875 -46.9375 6.3125
1532259961238593 26.875 -28.875 35.25
1532259961252556 75.3125 -21 57
1532259961312402 154.875 17.875 108.25
1532259961336344 130 18.8125 121.125
1532259961389190 56 -5.0625 86.5625
1532259961477960 -30.8125 -94.25 -58.25
1532259961508876 -33.8125 -126.438 -152.5
1532259961531816 -33.625 -134.375 -167.813
1532259961591656 -72.6875 -124.563 -147.25
1532259961613597 -108.875 -110.25 -130
1532259961651496 -123 -46.375 -60.3125
1532259961672439 -99.875 -13.4375 -23.5625
1532259961740259 89.375 62.875 70.75
1532259961749234 132 77.3125 104.25
1532259961792119 99.9375 95.3125 152.813
1532259961824034 72.0625 90.75 153.188
1532259961912797 -12.3125 -25.75 98.6875
1532259961952691 -39.9375 -67.625 22.5625
1532259962071373 -67.3125 -128.625 -176.188
1532259962094312 -40.6875 -110.688 -179.625
1532259962108280 -21.3125 -115.938 -170.063
1532259962131230 -51.3125 -126.875 -153.688
1532259962154180 -82.6875 -110 -131.25
1532259962168115 -114.125 -74.6875 -97.625
1532259962236930 -43.1875 30.3125 -13.625
1532259962273836 41.875 56.875 52.875
1532259962311730 84.125 60.4375 101.938
1532259962354620 80.125 37.625 141.813
1532259962394525 17.75 13.0625 141.813
1532259962431409 -16.125 -10 95.9375
1532259962535133 -21.6875 -59.5625 -112.125
1532259962551090 -26.9375 -74.4375 -133.688
1532259962574031 -39.9375 -86.375 -150.25
1532259962601954 -58.9375 -85.75 -161.813
1532259962639852 -53 -79.4375 -153
1532259962661793 -77.1875 -78.75 -128.5
1532259962699692 -102.875 -51 -72.4375
1532259962721634 -72.375 -38.5625 -43.375
1532259962766514 12.4375 -21.9375 17
1532259962857271 54.4375 -6.6875 103.75
1532259962879212 54.5 -21.9375 95.1875
1532259962917112 49.6875 -36.875 72.625
1532259962977948 -88.4375 -41.1875 -56.8125
1532259963036791 5.75 -56.5 -143.5
1532259963262189 -41.875 -22.3125 -39.9375
1532259963346963 2.5 -27.0625 10.5
1532259963381868 58.6875 -7.625 36.75
1532259963396829 26.625 6 52.0625
1532259963428743 -10.0625 26.3125 59.375
1532259963622226 -12.875 112.063 125.875
1532259963698023 -18.4375 97.375 119.5
1532259963749884 -36.25 60.75 96.375
1532259963779804 -29.4375 44.875 65.1875
1532259963803741 -39.25 36.5 50.5625
1532259963825681 -39.75 26.5 40.125
1532259963921435 -81.75 -7.5625 -2
1532259963961319 -77.6875 -6 -7.75
1532259964081996 5.125 -6.1875 4.625
1532259964179735 48.375 35.8125 -7

1532259964254536 -45.3125 -3.0625 7.8125
1532259964674411 1.4375 3 -3.25
1532259964719292 -2.3125 1.3125 -3.5625
1532259964794092 2.9375 -0.6875 -0.9375
1532259964816034 9 -3.625 -0.625
1532259964853948 6.9375 -4.125 0.5
1532259964898842 0.3125 -3.625 3.3125
1532259964932747 -4.1875 -3.5625 3.3125
1532259964964649 1.6875 -1.125 -1.8125
1532259965039449 -7 2.9375 -1
1532259965099310 26.5 5.9375 -5.4375
1532259965144191 21.375 6.6875 0.4375
1532259965159151 -2.1875 3.125 5.5625
1532259965198047 -30.25 1.8125 1.9375
1532259965227967 -27.9375 -5.125 0.75
1532259965298778 -23.125 -6.8125 9.3125
1532259965339668 0.6875 4.5 19.5
1532259965415465 12.25 20.5625 41.375
1532259965519188 17.375 87.0625 51.4375
1532259965564067 13.9375 110.438 53.875
1532259965619918 34.875 150.375 52
1532259965702697 46.9375 189.75 52.625
1532259965754559 41.625 198.813 47.875
1532259965777497 46.0625 195 50.375
1532259965798441 57.5 191.438 41.875
1532259965850303 84.125 165.875 29.1875
1532259965918121 36.625 129.188 21.4375
1532259965994915 13.625 78.125 19.125
1532259966130564 -20.5 -34.5 -16.875
1532259966172440 -43.6875 -81.6875 -46.875
1532259966195379 -43.6875 -93.125 -49.1875
1532259966262202 -47.9375 -126 -58.1875
1532259966330019 -32.25 -164.813 -53.875
1532259966459677 -20.9375 -170.063 -48.625
1532259966803753 1.9375 0.5 1.1875
1532259966871572 -1.5625 4.625 -2.6875
1532259966886535 1.3125 5.9375 -3.4375
1532259966955359 -1.375 7.5625 -1.75
1532259966984279 2.3125 6.75 -1.3125
1532259967083007 -5.3125 2.25 1.4375
1532259967131876 5.125 1.1875 0.625
1532259967164788 -1.8125 1.875 5.125
1532259967214654 5.375 25.3125 13.9375
1532259967268510 12.5625 74.6875 29.8125
1532259967327353 52.875 128.688 46.125
1532259967366253 48.3125 179.5 50
1532259967577700 54.3125 191.813 40.3125
1532259967666458 16.125 80.25 32.9375
1532259967734264 18.0625 67.6875 31.4375
1532259967786125 -5.9375 0.75 16.0625
1532259967859929 -8.6875 6.125 17.75
1532259967906804 -8.25 10 4.75
1532259968048424 -38.125 -102.25 -47.125
1532259968070366 -23.1875 -121.813 -66.5625
1532259968156136 -12.3125 -178.313 -63.75
1532259968215991 -8.375 -215.813 -63.125
1532259968324687 -32 -177.438 -35.3125
1532259968500216 21.4375 11.9375 5.3125
1532259968566041 4.625 2.25 6.5625
1532259968619896 8.9375 23.3125 20.4375
1532259968687715 35.25 35.5 44.125
1532259968731597 -1.25 38.125 55.875
1532259968770494 -14.0625 27.6875 58.375
1532259968859256 -39.1875 -11.9375 62.3125
1532259968897155 9.1875 -48.4375 64.5
1532259969076675 19.6875 -25.875 -15.8125
1532259969114573 4.1875 -22 -28.25
1532259969211327 16.6875 -42.625 31.5
1532259969256195 117.875 -20.4375 87.4375
1532259969277139 155.438 13.1875 133.813
1532259969317032 140.875 28.4375 144
1532259969343960 96.125 39.6875 126.75
1532259969361913 63.5625 17.4375 107
1532259969398814 30.9375 -15.75 73.75
1532259969441698 -4.0625 -84.8125 -63.4375
1532259969516498 -28.75 -126.438 -163.938
1532259969577336 -137.938 -114.188 -104
1532259969599278 -165.5 -85.5625 -75.1875
1532259969637176 -46.5625 9.6875 -7.125
1532259969662125 36.5625 24.875 44.375
1532259969674078 94.6875 49 79.9375
1532259969727933 132.813 89.75 116.125
1532259969764846 72.0625 83.1875 123.313
1532259969791763 27 58.125 110.563
1532259969914434 -1.6875 -149.125 -128.063
1532259969997213 -24.6875 -142.688 -135.438
1532259970036110 -91.1875 -90.9375 -76.25
1532259970057054 -105.25 -30.25 -41.0625
1532259970078995 -74.1875 21.375 -4.6875
1532259970116894 12.6875 76.25 54.5625
1532259970142824 71.875 97.6875 76.0625
1532259970155790 98.25 110.813 92.3125
1532259970176733 69.25 111 103.375
1532259970199672 17.6875 85.875 109.063
1532259970236573 -34.625 50.5 95.8125
1532259970277464 -29.3125 20.9375 76.5
1532259970337318 42.875 -10.4375 -36.4375
1532259970426067 -9.375 -142.688 -200.5
1532259970439031 -39.6875 -146.5 -201.188
1532259970456984 -41.9375 -135.25 -180.188
1532259970476931 -55.5 -133.188 -150.938
1532259970499869 -60.5625 -125.125 -132.875
1532259970536770 -35.4375 -80.5 -75.8125
1532259970577662 -27.75 -45.25 -5
1532259970598605 -22.625 -29.0625 31.25
1532259970679389 -27.25 18.125 106
1532259970705320 -48.875 24.4375 89.25
1532259970765160 -34 2.4375 -30.375
1532259970777127 -20.625 -5.3125 -80.75
1532259970799069 -9.625 -22.1875 -129.063
1532259970876861 -53.875 -94.25 -153.063
1532259970959639 -77.1875 -48 -84.625
1532259971101261 7 -10.625 17.0625
1532259971116221 -1.9375 -20.875 15.8125
1532259971399463 9.875 79.4375 92.6875
1532259971520141 -0.0625 102 144.875
1532259971639820 -6 55 83.375
1532259971699660 -22.25 19.5625 45.5625
1532259971746536 -39.9375 5 20.25
1532259971789420 -57.125 -1.0625 14.0625
1532259971875204 -41.3125 1.9375 10.125
1532259971919074 -30.5 1.1875 3.9375
1532259971948994 -27.375 -2.8125 2.25
1532259972010830 19.25 -4.25 0.6875
1532259972098594 -62.25 38.75 1.0625

1532259972151453 -75.8125 1.8125 14.375
1532259972219271 7.5625 -22.625 9.75
1532259972262172 -18 -6.5 3.5625
1532259972300298 -25.0625 26.6875 -1.1875
1532259972339195 -46.625 5.625 -6.125
1532259972362133 -19.4375 3.8125 -7.5625
1532259972421973 15.875 6 -2.375
1532259972435936 -0.3125 3.875 -2.3125
1532259972488802 -0.1875 2 -1.625
1532259972541653 -2.0625 -1.4375 -6.375
1532259972586533 -2.0625 -3.125 -4.625
1532259972640389 1.6875 -4.3125 -2.5
1532259972705216 -1.9375 -7.875 -4.4375
1532259972736133 1.625 -6.1875 -5.625
1532259972765056 40.0625 6.75 -16.5625
1532259972782010 39.1875 7 -16.625
1532259972841851 -10.0625 7.875 -12.0625
1532259972863792 -20.6875 -2.3125 8.3125
1532259972917648 -61.875 -5.3125 4.5
1532259972961531 -25.875 15.5 11
1532259972998431 -5.375 33.75 48.3125
1532259973050293 -27.625 47 58.125
1532259973102154 -18.75 35.9375 60.25
1532259973118111 -21.4375 25.3125 54.6875
1532259973207872 -72.125 20.8125 63.3125
1532259973321568 -56.25 64.8125 58.8125
1532259973381413 -61.9375 81 53.75
1532259973411343 -56.875 84.375 56
1532259973464186 -46.5625 111.688 67.1875
1532259973544970 2.3125 93.9375 62.9375
1532259973612795 0 67.25 33.8125
1532259973672629 -17.4375 39.5 -1.4375
1532259973750421 -22.1875 26.625 -36.0625
1532259973801284 -25.25 -16.8125 -97.125
1532259973824223 -36.125 -16.5 -104.125
1532259973900020 -23.75 -78.5 -140.5
1532259973975818 -80.875 -96.6875 -112
1532259973989780 -66.375 -91.3125 -75.875
1532259974026682 68.375 -21.625 -27.875
1532259974063588 -10.125 2.125 11.5
1532259974101482 -7.6875 -0.875 8.875
1532259974139381 24.5 1.1875 -2.25
1532259974169300 7.125 -2.3125 2.6875
1532259974221162 7.6875 -0.0625 1.625
1532259974281999 8.4375 0.25 -1.375
1532259974342837 -0.125 -2.375 -3.375
1532259974394698 5.9375 -9.75 -2.9375
1532259974454538 9.875 -14.875 5.125
1532259974484458 17.125 14.375 16.8125
1532259974520362 8.625 26.4375 19.5
1532259974598154 35.375 64.5 56.125
1532259974656996 95.8125 96.9375 75.125
1532259974731796 92.5625 164.25 147.063
1532259974835519 111.063 118.563 122.875
1532259975066900 26.5625 30.25 18.125
1532259975151674 2.25 25.5 1.5625
1532259975391033 12.25 -115 -48.625
1532259975579529 -4.4375 -186.438 -66.375
1532259975637380 -27.1875 -207.688 -47.1875
1532259975690233 21 -170.25 -49.3125
1532259975757055 -20 -43.5 -26.875
1532259975766031 -50.1875 -16.1875 4.375
1532259975946548 4.3125 12.5 5.9375
1532259976290628 31 -49.9375 107.75
1532259976329524 22.6875 -58.125 93.0625
1532259976356452 12.625 -78.125 54.5
1532259976373407 35.75 -94.8125 50.125
1532259976433247 40.5 -95.5625 40.4375
1532259976541957 -44.5625 -93.6875 4.75
1532259976569881 -61.1875 -58.3125 28.0625
1532259976600799 41.1875 2.6875 61.625
1532259976667631 160.625 56.1875 109.375
1532259976694548 93.625 49.0625 121.25
1532259976749402 61.1875 12.375 97.375
1532259976814228 -36.1875 -89.9375 -33.0625
1532259976855124 -41.125 -115.938 -136.625
1532259976876070 -42.8125 -114.063 -147.188
1532259976941886 -84.9375 -88.125 -156.375
1532259977019678 -64.625 35.3125 9.6875
1532259977070542 62.25 28.5625 88.25
1532259977093481 230.125 67.625 106.5
1532259977144345 123.875 39.4375 133.188
1532259977257044 -11.4375 -117.813 -95.3125
1532259977287978 3.6875 -125.813 -134.5
1532259977334836 -56.4375 -138.25 -183.063
1532259977357775 -65.3125 -129.5 -196.938
1532259977436564 -177.563 -63.9375 -66
1532259977497413 7 43.625 63.9375
1532259977575193 77 98 137.625
1532259977635033 30.6875 49.5625 104.813
1532259977676921 -35.375 -17.6875 35.3125
1532259977702852 -47.1875 -49.0625 -43.1875
1532259977714820 -19.3125 -67.8125 -111.688
1532259977777652 4.8125 -111.438 -189.625
1532259977814552 -43.875 -125.563 -179.188
1532259977917278 -11.875 -6.3125 1.25
1532259978096798 -52.6875 -24.375 43.5625
1532259978257369 -90.4375 -97.625 -177.438
1532259978354113 -26.9375 -23.9375 -22.4375
1532259978517672 15 38.9375 97.3125
1532259978637353 -43.25 -66.1875 -106.563
1532259978803907 -98.25 1.0625 29.25
1532259978817870 -27.0625 32.8125 71.75
1532259978884691 69.3125 87.8125 121.188
1532259979075182 16.3125 83.125 111.813
1532259979119064 -26.875 51.625 55.1875
1532259979169928 -36.1875 23.75 28.6875
1532259979199848 -44.3125 8.5 17.875
1532259979223796 -52.375 3 6.0625
1532259979246723 -61.25 3.4375 1.375
1532259979283625 -80.4375 5.9375 -8.5
1532259979336483 -66.875 20.5 -5.3125
1532259979419267 52.5 5.625 -3.8125
1532259979441206 87.4375 12.125 -6.375
1532259979464147 42.5625 25.0625 7.125
1532259979479102 25 8.6875 31.5
1532259979517998 38.875 21.3125 15.8125
1532259979522984 -5.75 40.1875 -4

1532259979577852 -44.125 5.4375 32.375
1532259979591800 -32.625 -2.875 26.375
1532259979612744 11.9375 -5.375 11.5
1532259979650642 17.8125 -9.0625 9.5625
1532259979672584 -28.125 -8.375 12
1532259979702504 -48.1875 5.3125 2.3125
1532259979732424 -64.6875 40.875 -12.75
1532259979779302 -48.3125 15.4375 -9.9375
1532259979794259 -24.0625 16.4375 -14.8125
1532259979837144 11 15.125 4.5
1532259979852105 10.3125 13.5 4.625
1532259979875042 2.75 11.5625 2.3125
1532259979891000 -0.0625 6 -1.0625
1532259979912942 -6.4375 9.4375 -5.1875
1532259979958823 -16.625 5.8125 -5.5625
1532259980003698 -11.4375 12.125 -9.5625
1532259980056558 -6.25 9.1875 -10.5
1532259980078499 -5.1875 6.375 -11
1532259980132355 -6.8125 -0.5 -4.875
1532259980152302 -5.25 -0.9375 -2.8125
1532259980205160 0.375 -5.5 2.1875
1532259980251038 14.25 -7.4375 4.5625
1532259980273976 7 -4 3
1532259980294920 3.6875 -4.6875 0.875
1532259980378696 8.125 -9.3125 -2.125
1532259980438544 28.3125 2.875 -16.375
1532259980482419 10.8125 12.0625 -11
1532259980521315 -30.0625 -10.6875 0.9375
1532259980550237 -43.4375 -7.4375 -1.1875
1532259980581155 -55.1875 0.75 12.125
1532259980628029 6.75 15.75 21.5625
1532259980679890 -28.25 9.5625 44.375
1532259980752696 3.5625 4.9375 51.0625
1532259980782615 -13.5 -3.75 47.9375
1532259980904308 -13.0625 30.4375 40.125
1532259980941191 -23.125 46.125 53.4375
1532259981001032 -15.6875 75.1875 62.4375
1532259981023970 0.6875 85.9375 65.75
1532259981037934 2.1875 95 69.3125
1532259981105752 -8.375 103.875 72.875
1532259981190525 -3.5 88.5625 58.5
1532259981258354 -9.5625 71.75 44.5625
1532259981262333 -9.875 64.9375 38.625
1532259981311203 -7 49 21.375
1532259981375046 -32.9375 26.3125 0.6875
1532259981407944 -31.25 19.9375 -3.125
1532259981459805 -11.5625 -3.625 -20
1532259981588461 -18.3125 -65.375 -69
1532259981617384 -4.4375 -80.125 -77.125
1532259981728088 -28.4375 -91.625 -81.1875
1532259981771971 -6.8125 -58 -30.4375
1532259981812877 62.9375 -3.0625 -13.75
1532259981871703 -11.4375 13.5625 6.0625
1532259981947501 1.375 12.75 3.375
1532259981997367 -3.9375 8.375 -0.9375
1532259982022301 -5.625 11.375 1.0625
1532259982050226 -2.3125 11.75 -1.3125
1532259982097101 0.3125 12.75 -2.3125
1532259982140983 3.375 22.25 6.5
1532259982268642 5.625 80.875 54.625
1532259982291581 9.125 89.9375 67.25
1532259982367378 42.1875 104.25 77.1875
1532259982412258 104.125 148.688 96.6875
1532259982487062 100.188 177.313 110.563
1532259982546898 88.375 157.563 86.0625
1532259982645635 54.4375 72.125 38.0625
1532259982704477 27.6875 31.4375 21.5625
1532259982755341 8.1875 1.125 9.875
1532259982829143 -7 6.8125 7
1532259982891975 -24.5 -28.9375 -12.1875
1532259982958797 -20.8125 -110.375 -63.8125
1532259982994700 -5.5625 -150.625 -74.375
1532259983035591 -10.875 -175 -72.1875
1532259983095431 -3.625 -230.75 -67.625
1532259983124367 5.4375 -243 -66.4375
1532259983200151 -40.875 -221.688 -25
1532259983331800 -14.75 13.75 13
1532259983401612 43.875 19 35.375
1532259983678871 15.125 -75.0625 61.3125
1532259983791569 -24.375 -18.6875 37.625
1532259983819495 47.75 7.875 90.8125
1532259983834455 104.875 28.25 106.063
1532259983889308 154.75 38.625 127.25
1532259983965106 17.5 -65.875 50.0625
1532259983993036 5.5625 -99.25 -36.875
1532259984013984 -9.375 -121 -90.5625
1532259984059852 -49.0625 -156.813 -142.875
1532259984074812 -81.9375 -146.938 -157.813
1532259984111730 -79 -95.9375 -166.5
1532259984134652 -97.0625 -86.9375 -150.75
1532259984159599 -124.688 -48.125 -116.625
1532259984171554 -126.813 -5.4375 -65.5625
1532259984194492 -94.0625 20.25 -12
1532259984234386 66.4375 44.75 80.9375
1532259984262310 142.188 43.4375 119.188
1532259984292231 163.375 53.125 180.188
1532259984361047 -6.5625 -23.25 127.188
1532259984444823 -48.375 -133.625 -123.938
1532259984494690 -48.4375 -150.313 -210.75
1532259984512642 -62.9375 -149.125 -214.188
1532259984533585 -86.875 -138 -215
1532259984555527 -134 -115.75 -183.688
1532259984588441 -139.813 -61.8125 -119.438
1532259984638306 -53.875 46.8125 32.0625
1532259984674209 112.938 59.125 98.625
1532259984752001 -7.5625 10.625 105.938
1532259984773943 -45.3125 -8.5625 67
1532259984841761 -21.125 -103.5 -177.563
1532259984871682 10.75 -121 -243.875
1532259984916562 -45.6875 -167.563 -216.688
1532259984954460 -236 -118.813 -120.75
1532259984991361 -82.9375 -20.375 -43.5625
1532259985193833 -66.25 -24.8125 -103.563
1532259985253660 -60.5625 -95.125 -191.875
1532259985374337 -91.9375 -53.5 -45.8125
1532259985530918 -18 -35.75 8.875
1532259985756316 -98.1875 -0.75 -5.6875
1532259985801196 65.9375 63.9375 83.625
1532259985816173 107.563 82.3125 110.813
1532259985907910 78.9375 144.5 170.125
1532259986116354 1.1875 79.1875 94.3125
1532259986161238 -14.8125 51.3125 59.4375
1532259986197138 -29.5 19.5625 29.875
1532259986229051 -37.25 11.75 19.5
1532259986287894 -89.875 -4.4375 -0.8125
1532259986311830 -84.25 -0.375 -3.4375
1532259986333772 -66.8125 -2.9375 -3.625
1532259986386630 17.6875 6.375 -26.125
1532259986432514 -39.0625 4 3.125
1532259986453459 -88.0625 47.8125 -5.9375

1532259986476403 -86.8125 28.375 9
1532259986530246 -59.0625 8.6875 2.5
1532259986567148 0.875 -10.5 11.375
1532259986582107 6.8125 -12.875 9
1532259986625997 -5.5 -23.9375 9.5625
1532259986654920 -23.5 -27.6875 7.75
1532259986678856 15.6875 36.875 -30.8125
1532259986693816 -7.375 34.625 -2.4375
1532259986782578 -49.25 13 -10.6875
1532259986806514 20.5625 9.5 -1.6875
1532259986859373 -15.875 4.375 -7.125
1532259986947161 -7.8125 0.4375 -5.5
1532259986979076 -5.6875 0.625 -4.125
1532259987016975 0.5625 -1.5 -5.1875
1532259987076815 -4.5 0.0625 -5.8125
1532259987136655 -5.9375 0.6875 -3.5625
1532259987159594 -3.875 0.75 -3.6875
1532259987197493 -1.25 0.4375 -3.5
1532259987241403 -1.3125 -3.1875 -0.25
1532259987256360 -0.6875 -2.8125 1.5625
1532259987300242 7.1875 -2.9375 4.875
1532259987316207 10.3125 -3.125 5.25
1532259987345123 8.375 -4.3125 4.375
1532259987398984 6.625 -1.75 1.75
1532259987436186 15.9375 6 -3.3125
1532259987481079 37.5 19.0625 -15.8125
1532259987496041 17.9375 4.0625 -14.75
1532259987539922 -11.8125 7.625 -13
1532259987631677 -39.125 -14.625 13.875
1532259987661597 -27.4375 -8.0625 7.25
1532259987683538 -19.25 -4.1875 14.875
1532259987721440 -28.5 13 31.375
1532259987781276 -7.25 22.375 46
1532259987819175 -30.8125 31.375 54.1875
1532259987841116 -41.25 27.5625 61.9375
1532259987879015 -72.6875 28.6875 71.125
1532259987924892 -81.625 39.625 74.9375
1532259987944839 -65 49.5625 85.375
1532259987961793 -73.6875 56.125 85.875
1532259988043575 -87.25 46.125 95.625
1532259988058535 -83.9375 38.8125 94
1532259988102417 -65.0625 33.625 89.75
1532259988141313 -51.625 28.125 97.625
1532259988162258 -40.5 28.0625 100.813
1532259988247031 -42.8125 35.0625 48.8125
1532259988298910 -3.75 45.5625 10.1875
1532259988342775 6.5 31.3125 -1.875
1532259988397629 23.25 13.8125 -13.75
1532259988418572 20.3125 4.1875 -28.25
1532259988472428 22.625 4.6875 -31.5625
1532259988524290 3.9375 16.0625 -49.75
1532259988561191 19.125 11.8125 -34.6875
1532259988600092 5.3125 5.6875 -35.5
1532259988659927 -1.375 -16.25 -65.6875
1532259988719767 -16 -45.625 -92.5
1532259988732732 -2.125 -52.4375 -111.125
1532259988763650 -22.75 -46.0625 -93.625
1532259988802545 -91.0625 -44.875 -62.4375
1532259988808530 -91.5625 -41.6875 -43.8125
1532259988876360 66.5625 -6.75 -7.25
1532259988953158 -25.25 -0.75 10.5
1532259988995031 12.6875 1.6875 -8.9375
1532259989009991 4.125 0.8125 -8.75
1532259989077810 -0.375 2.25 -6.625
1532259989139645 10.9375 20.25 -3
1532259989235388 52.875 71.8125 47.5
1532259989304204 135.688 130.375 91.375
1532259989355068 141.438 178.25 131
1532259989507660 94.4375 108.063 87.6875
1532259989643298 14 32.8125 21.1875
1532259989715105 12.375 19.4375 22
1532259989745026 0.125 8.875 9.125
1532259989782924 -1.375 4.3125 5.375
1532259989796900 -12.5625 0.5 -0.875
1532259989873681 -22.6875 -25.75 -21.5625
1532259989972422 -32.75 -137.938 -58.375
1532259990060182 0.375 -193.438 -62.375
1532259990129996 -26.125 -239.938 -63.375
1532259990197831 -47.8125 -149 -34.0625
1532259990414236 28.0625 12.125 31.3125
1532259990489036 69.1875 21.875 79.125
1532259990540897 73.125 -4.8125 91.125
1532259990599741 46.4375 -33.8125 73.25
1532259990629660 -27.9375 -80.0625 41.5625
1532259990676534 -27.875 -84.5 28.5625
1532259990698475 15.75 -70.4375 17.375
1532259990729393 6.6875 -66.4375 1
1532259990797212 0.6875 -39.5 21.5
1532259990818156 7.625 -36.4375 34.0625
1532259990869020 61.5 5.125 72.4375
1532259990932849 146.313 28.1875 102.25
1532259990990695 80.375 -28.8125 76
1532259991019617 51.875 -59.5 57
1532259991097409 -57.8125 -163.688 -106.375
1532259991116358 -34.5625 -168.25 -133.125
1532259991156252 -75.5 -162.688 -144.063
1532259991171212 -108.813 -146.625 -154.813
1532259991192156 -126.75 -124 -155.313
1532259991210108 -134.688 -96.8125 -138.188
1532259991251995 -108.313 -29.5 -66.9375
1532259991269948 -136.25 -10.3125 -23.5625
1532259991290892 -120.875 21.25 18.1875
1532259991329788 37.3125 38.25 33.25
1532259991352726 107 29 40.25
1532259991412566 78.5 -9.5625 71.8125
1532259991434508 47.125 -37.375 64.3125
1532259991449468 24.5 -59.75 53.5625
1532259991510304 -27.625 -114 -69.875
1532259991532247 -9.625 -128.688 -126.75
1532259991552193 -1.9375 -128.563 -165.125
1532259991629984 -87.8125 -116.5 -229.938
1532259991658907 -118.375 -109.25 -233.188
1532259991711766 -181.375 -80.25 -151.813
1532259991792550 16.625 -55.3125 16.375
1532259991831447 124.938 -46.0625 79.0625
1532259991852390 102.313 -9.125 93.125
1532259991891286 61.0625 0.8125 110.938
1532259991912230 71.75 10 73.1875
1532259991973081 -103.125 -58.4375 -48.875
1532259992056844 -129.813 -103.625 -220.375
1532259992152587 -180.063 -81.25 -145.75
1532259992214422 -92.0625 -80.625 -97.6875
1532259992265286 -90.625 -51.6875 -75.4375
1532259992358037 -34.6875 -20.25 -6
1532259992393941 65.9375 -0.0625 40.9375
1532259992431840 19.6875 31.375 89.1875
1532259992482705 29.625 50.125 101.875
1532259992596401 61.125 148.5 192.563
1532259992774922 44.6875 89.875 170.375
1532259992834763 19.875 66.1875 111.063
1532259992894603 -58.4375 13.75 74.375
1532259992941482 -42 -3.6875 47
1532259992972395 -23.375 -6.4375 38.0625
1532259993039216 -49 -15.9375 21.6875
1532259993150918 47.75 13.1875 -13.875
1532259993250651 -21.125 61.5 -8.375

1532259993263616 -56.6875 35.9375 20.75
1532259993324454 4.5625 -18.5625 33.375
1532259993338417 4 -24.375 26.6875
1532259993397258 -21.6875 -17.25 10.375
1532259993436155 -19.25 22.5625 -23.375
1532259993496995 -55 15.875 -34.125
1532259993542870 -44.375 18.125 -28.875
1532259993577776 -26.625 14 -10.0625
1532259993593733 -19.6875 11.0625 -14.0625
1532259993644608 4.1875 4.8125 -10.8125
1532259993676518 -11.875 -1.625 -3.5625
1532259993729371 -15.8125 -3.3125 0.25
1532259993796192 -3.3125 -3.1875 -2
1532259993819130 -8.9375 -2.4375 -0.6875
1532259993856041 -7.0625 -1.0625 -2.25
1532259993893930 -1.125 -0.25 -3.4375
1532259993938811 -3.75 0.4375 -2.125
1532259993953773 0.5625 0 0.0625
1532259993998651 12.6875 -0.6875 -0.375
1532259994074448 2.4375 -0.0625 1.375
1532259994096392 1.25 1.1875 0.125
1532259994134300 5.0625 1 -1.0625
1532259994207099 -3.5625 0.625 -1.4375
1532259994224054 -3.8125 0.25 -2.3125
1532259994261959 -1 0.5 -0.625
1532259994282902 1.5625 1 -1.5
1532259994298860 -0.4375 1.5 -2.75
1532259994343740 -5.9375 -0.3125 -2.4375
1532259994358700 -5.8125 -0.8125 -2.3125
1532259994373660 -2.6875 0.4375 -3.0625
1532259994396599 -1.625 1.125 -3.5625
1532259994419537 -0.5625 1.3125 -3.6875
1532259994500321 26.4375 21.1875 -12.9375
1532259994553180 7.8125 8.1875 -11.8125
1532259994576125 -18.5625 6.0625 -10.8125
1532259994599058 -6.3125 3.375 8.6875
1532259994620001 2.5625 1.625 10.5625
1532259994679841 -8.75 -10.6875 4.9375
1532259994696796 1.625 -6.6875 1
1532259994741676 -0.9375 -2.1875 12.1875
1532259994769601 -11.1875 -1.4375 16.5625
1532259994800519 -8.9375 13.875 29.4375
1532259994816476 -1.125 16.6875 34.125
1532259994839415 2.125 19.625 33.625
1532259994876316 -18.875 17.0625 44
1532259994899255 -21.1875 14.625 46.375
1532259994920199 -22.9375 15.125 42.875
1532259994959095 -33.8125 11.875 46.875
1532259994982045 -47.0625 8.1875 51.6875
1532259994996005 -46.4375 1.625 49.25
1532259995041873 -27.3125 0 31.75
1532259995107713 -75.5625 8.0625 25.125
1532259995183507 -56 18.3125 20.5625
1532259995259291 -70.75 30.8125 22.8125
1532259995282230 -57.375 36.9375 33.75
1532259995319132 -60.625 36.625 42.25
1532259995341073 -38.625 41.5625 47
1532259995401910 -22.625 45.8125 52.4375
1532259995438812 -8.625 50.25 53.8125
1532259995461754 -6.375 48.6875 55.25
1532259995498652 -8.1875 45.875 42.8125
1532259995537548 -1.125 43.8125 35.4375
1532259995581430 11.0625 32.8125 24.3125
1532259995602375 8.9375 30.0625 19
1532259995641270 12.4375 22.375 17.5
1532259995664209 8.75 17.1875 10.625
1532259995701110 5.5625 8.3125 2
1532259995730033 6.4375 3.5625 -0.5
1532259995761948 0.125 2.625 -7.5
1532259995798848 4.375 6.625 -3.5
1532259995842732 -15.4375 6.5625 1.9375
1532259995879633 -12.375 14.4375 4.5625
1532259995950443 -23.5625 -5.0625 -19.375
1532259996003302 -6.125 -28.6875 -44.125
1532259996099046 -5.6875 -22.8125 -75.1875
1532259996152902 -136.813 -23.1875 -56.25
1532259996188806 70.6875 -15.625 -3.25
1532259996226705 113.25 -6.6875 -18.5
1532259996249644 -42.4375 -6.5 3.75
1532259996293526 -10.75 0.75 -7.5
1532259996332423 12.875 4.6875 -12.375
1532259996354364 1.5625 2.5625 -6.6875
1532259996377315 -10.0625 0.8125 -3.1875
1532259996429164 -3.6875 -0.8125 -6.125
1532259996519921 -8.75 -3.625 -4.4375
1532259996562806 12.4375 -1.4375 2.125
1532259996591728 10.5 17.1875 15.5625
1532259996630625 19.3125 30.625 33.25
1532259996669520 26.625 47.6875 69.75
1532259996744321 102.813 85.375 90.9375
1532259996809148 148.5 163.5 124.875
1532259996850037 132.5 172.625 124.813
1532259996983680 119.563 118.375 79.4375
1532259996997644 100.063 103.75 66.4375
1532259997060476 28.125 42.0625 38.0625
1532259997185142 13.5625 7.75 24.375
1532259997276897 -4.25 13.4375 15.25
1532259997386603 -23.5625 -49.125 -30.5625
1532259997674833 -45.375 -221.375 -56.75
1532259997709739 -40.375 -183 -38
1532259997739659 -24.625 -129.188 -27.4375
1532259997832412 38.4375 16.6875 3.3125
1532259997876293 19.375 17.8125 23.625
1532259997949098 78.5 -1.5 68.6875
1532259997983009 68.6875 -12.5 76.9375
1532259998109671 47.4375 -52.75 77.9375
1532259998258273 -7.75 -16.625 -6.625
1532259998312134 6.9375 -17.9375 -7.4375
1532259998350027 76.25 -35.5625 39.9375
1532259998368976 128.438 -32.1875 56.0625
1532259998408869 187.625 -13.9375 90.5625
1532259998489654 144 -13.3125 91.1875
1532259998506608 87.5 -28.5 74.6875
1532259998528550 51.9375 -48 57.1875
1532259998574427 0.9375 -97.625 15.4375
1532259998649233 -73.3125 -147.75 -122.188
1532259998709067 -153.75 -136.75 -109.25
1532259998730011 -154.688 -105.25 -109.875
1532259998791846 -156.563 -1.5625 -75
1532259998805809 -131.75 70.1875 7.3125
1532259998849691 -66.75 68.5625 13.5
1532259998888594 104.625 59.5625 86.8125
1532259998911526 138.5 46.5625 94.5
1532259998994304 -4.625 -67.9375 -8.625
1532259999077096 20.9375 -181.188 -85.125
1532259999172826 -110.063 -142 -159.625
1532259999211723 -162.875 -81.75 -122.625
1532259999292507 -97.8125 41.1875 -9.9375
1532259999331403 -57.75 64.1875 12.25
1532259999352347 -64.25 61.4375 17.6875
1532259999429141 24.25 10.9375 46.875
1532259999533861 88.75 -48.75 -35.75
1532259999631600 -44.75 -116.063 -170.125
1532259999699419 -128.688 -134.625 -138.625
1532260000074416 17 -73.75 -8.5625
1532260000194096 31.75 71.3125 63.375
1532260000501279 27.625 94.625 136.563
1532260000539187 2 80.8125 108.938
1532260000606991 -3.3125 61.3125 84.625
1532260000636912 0.375 32.875 47
1532260000710730 -36.125 1.1875 25.1875
1532260000733653 -46.4375 -5.0625 17.25
1532260000756591 -49.625 -3.625 10.25
1532260000794490 -36.1875 -7.625 3.875
1532260000816431 -27.125 -13 -1.375
1532260000837376 -18.6875 -16.125 -2.625
1532260000854332 -26.8125 -19.9375 -2.875
1532260000890234 -29.125 -23.9375 -4.6875
1532260000915168 -4.1875 -27.0625 1.5625
1532260000936111 25 -13.25 -5.3125
1532260000958061 47.6875 -1.625 -24.0625
1532260001003930 66.875 41.3125 -9.6875
1532260001017892 16.625 69.8125 -11.875

1532260001063786 -119.875 21.4375 12.375
1532260001094687 -111.75 -2.625 13.5625
1532260001137579 23.1875 -27.5 3.5625
1532260001154541 6.3125 -30.4375 6.625
1532260001220351 2.8125 49.3125 -37.0625
1532260001244302 -32.6875 50.4375 -27.5
1532260001274208 -78.5625 -2.3125 -24.125
1532260001317093 -22.3125 -0.875 -9.125
1532260001377930 21.0625 -9.8125 -3.5625
1532260001416826 22.3125 -7.0625 2.4375
1532260001437775 8 -8.75 2.9375
1532260001476666 0.6875 -6.0625 3
1532260001497610 5.4375 -3.8125 1.125
1532260001514565 8.875 -2.6875 -0.0625
1532260001557450 -2.1875 0.0625 -3.8125
1532260001596346 -2.25 4.3125 -8.375
1532260001633248 19.4375 4.75 -10.375
1532260001656186 16.0625 2.5625 -9.375
1532260001701066 -14.0625 1.1875 -1.6875
1532260001716035 -17.9375 0.625 -1.6875
1532260001738967 -11.375 -0.6875 0
1532260001776864 -0.25 -2.5 -2.5
1532260001813765 5.0625 -0.4375 0.4375
1532260001836717 4.75 3.375 2.1875
1532260001902528 5.0625 3.4375 -8.9375
1532260001940426 -12.8125 1.8125 -9.0625
1532260001985305 -10.9375 5.3125 8.5
1532260002055124 -15 -9.0625 4
1532260002099002 -6.75 -7.6875 19.625
1532260002127936 -9.5625 5.6875 14.875
1532260002158842 -2.1875 19.3125 42.375
1532260002187764 -8.625 24.125 44.3125
1532260002239625 -11 22.25 42.5625
1532260002257577 -17.375 22.625 45.5625
1532260002278522 -30.8125 19.25 46.1875
1532260002331394 -56.375 -1.75 48.9375
1532260002360302 -50.3125 -0.5 22.875
1532260002384239 -37.5 4.375 17.6875
1532260002399199 -45 7.4375 10.6875
1532260002436100 -72.5625 6.25 3.9375
1532260002578719 -45.8125 4.4375 7.8125
1532260002622601 -31.1875 8.75 10.25
1532260002660500 -16.3125 15.5 17.6875
1532260002729316 -5.0625 29.375 20.625
1532260002819076 -5.9375 60.25 37.0625
1532260002862993 0.9375 67.5 46.8125
1532260002878916 -10.6875 72.0625 50.1875
1532260002901889 -17.375 73.0625 54.8125
1532260002922798 -11.5625 73.1875 57.125
1532260002966682 0.3125 66.1875 55
1532260002989620 -1.75 62.125 57.0625
1532260003026522 -3.5 58.25 53.125
1532260003082373 7.1875 55.6875 44.125
1532260003181108 7.1875 34.3125 23.4375
1532260003253914 1.625 -6.5 1.5625
1532260003307770 12.25 -82.3125 -45.3125
1532260003364622 4.8125 -107.125 -75.5
1532260003443407 -60.8125 -124.063 -88.5625
1532260003514218 -147.688 -46 -78.625
1532260003529178 -21.875 -40.875 -23.9375
1532260003570069 181.125 21.9375 -0.75
1532260003592010 71.875 32.25 1.8125
1532260003626916 -46.75 3.4375 9.8125
1532260003644869 -41.5 -4.5625 7.8125
1532260003664814 -3.1875 -5.5 0.0625
1532260003694735 10.875 -5.25 -9.5
1532260003721664 12.125 -5.875 -11.375
1532260003772527 -14.5625 -2.25 -7.625
1532260003784495 -12.875 -1.5625 -7.6875
1532260003849321 -2.875 -1.6875 -7.4375
1532260003867273 -1.5625 0.125 -2.25
1532260003935091 -1.4375 11.875 13.5
1532260003993935 58.875 52.9375 69.375
1532260004010890 72.3125 64.1875 76
1532260004065743 107.25 98.4375 101.188
1532260004114611 134.875 153.063 130.625
1532260004144531 105.375 175.688 131.688
1532260004215358 96.8125 158.625 125.563
1532260004275182 94.6875 152.938 95.0625
1532260004347988 56.625 73.6875 56.1875
1532260004431764 31.8125 24.9375 26.5625
1532260004529503 6.125 -1.375 3.4375
1532260004604331 -13.5625 -12.125 -6.25
1532260004672122 -17.5625 -59.8125 -27.875
1532260004730964 -13.625 -114.063 -65.8125
1532260004919460 -14.0625 -222.438 -48.6875
1532260004971321 -22.8125 -168.063 -36.9375
1532260005037145 -38.875 -108 -35.875
1532260005123913 -0.5625 11.0625 -2.6875
1532260005197715 43.0625 14.625 17
1532260005257556 41 17.75 26.5625
1532260005332356 67.6875 -11.875 79.5625
1532260005385223 38.4375 -40.875 63
1532260005586675 62.9375 5.1875 63.5625
1532260005908814 -79.3125 -135.688 -172.25
1532260005931755 -89.625 -100.375 -170.563
1532260005997577 -232.313 4.9375 -111.188
1532260006029492 -137.375 68.875 -24.6875
1532260006081369 -10.5 69.375 50.875
1532260006140195 71.1875 18.1875 119.188
1532260006194051 75.75 -27.75 107.25
1532260006229955 120.5 -39.8125 92.8125
1532260006297774 -44.375 -113.5 53.375
1532260006357614 27.75 -140.375 -143.938
1532260006419449 -40.75 -133.313 -218.875
1532260006470313 -202.625 -106.25 -181.875
1532260006494249 -220.938 -79.125 -144.125
1532260006569049 -120.563 110.438 31
1532260006651826 131.313 83.4375 138.5
1532260006704686 73.75 64.4375 157.313
1532260006748569 3.5625 19.6875 91.8125
1532260006771508 -15.4375 -3.0625 66.3125
1532260006855283 -38.5 -57.5 -248.938
1532260006891186 4.4375 -98.6875 -305.813
1532260007039790 -37.125 -7.5625 -98
1532260007554414 27.375 89.4375 60.8125
1532260007731939 43.3125 83.3125 200.688
1532260007851619 16.375 29.9375 104.625
1532260007881538 9.5 23.3125 80.1875
1532260007934398 -32.625 1.375 35.25
1532260007994237 -67.375 -11.75 8
1532260008040121 -54.25 -5.125 7.375
1532260008075021 -53.625 -0.875 4.3125
1532260008158811 -20.4375 -3.9375 -5.0625
1532260008210658 -0.4375 24.375 -19.1875
1532260008262520 14.1875 27.25 -4.3125
1532260008294439 -54.1875 26.25 21.9375

1532260008331335 -26.3125 -15.125 24.5625
1532260008385218 16.5 -17.0625 6.5625
1532260008414140 -20.75 -25 19.9375
1532260008437080 -4.125 21.9375 -14.625
1532260008473980 -23.4375 18 7.625
1532260008496919 -47.8125 8.8125 -6.4375
1532260008547783 14.1875 10.125 -3.625
1532260008593660 -14.625 5.75 -1.9375
1532260008654497 -2.125 5.3125 -2.625
1532260008690429 -7 3.5 -6.9375
1532260008736306 -2.8125 1.375 -4.0625
1532260008751266 -1.25 0.375 -4.6875
1532260008783181 -1.375 -0.125 -5.25
1532260008856984 0.375 -2.375 -2.6875
1532260008916824 5.25 -6.5 1.375
1532260008942754 0 -6.5 -4.3125
1532260008991623 19.6875 -9.1875 2.875
1532260009072408 48.5625 13.625 -21.6875
1532260009117288 34.0625 14.125 -15.625
1532260009127261 -8.9375 7.5625 -15.875
1532260009170146 -29.4375 3.6875 3.8125
1532260009209042 -25.5625 -9.75 5.5
1532260009229986 -2.1875 -6.875 1.8125
1532260009245944 -7.625 -6.625 9.125
1532260009276889 -6.6875 4.5625 16.6875
1532260009330745 -4.25 13.3125 45
1532260009349694 -6.3125 23.625 43.5625
1532260009486329 -45.625 15.5 30.3125
1532260009530211 -59.8125 8.5625 14.75
1532260009560131 -58 9.625 8.125
1532260009568113 -53 13.75 3.375
1532260009591064 -53.9375 14.625 3.875
1532260009622964 -63.25 13.8125 5.5625
1532260009696766 -40.0625 -7.875 9.1875
1532260009807470 -11.25 3.25 -1.125
1532260009908200 -25.375 59.25 19.875
1532260009945102 -36 81.375 34.75
1532260009986990 -33.125 97 51.0625
1532260010025886 -16.9375 90.25 65.5
1532260010115659 -15.9375 63.1875 80.6875
1532260010147560 -8.875 58.4375 71.875
1532260010242307 -1.0625 49.125 62.1875
1532260010252280 6.5 45 60.0625
1532260010342040 -7.6875 17.8125 30.6875
1532260010368968 -9.75 2.4375 1.6875
1532260010470711 -8.0625 -27.625 -32.25
1532260010531534 -4.5625 -70.9375 -80.25
1532260010604349 40.375 -109.5 -97.75
1532260010679139 -139.813 -95.625 -38.125
1532260010710056 171.5 4.1875 -1.4375
1532260010761918 76.625 22.5625 -7.3125
1532260010785854 -50.5625 18 7.5625
1532260010858659 20.9375 -1.5 -3.375
1532260010871625 10.4375 -2 -2.0625
1532260010959390 -9.125 2.75 -8.0625
1532260010965374 -10.0625 2.3125 -11.125
1532260011000281 -9.6875 -1 -11.75
1532260011024217 -0.6875 -3.6875 -10.1875
1532260011090041 14.375 10.8125 18
1532260011160851 76.25 67.125 62
1532260011196754 151.813 121.75 102.938
1532260011302473 99.875 180.063 108.25
1532260011352339 108.688 170.313 104.875
1532260011434120 71.4375 114.688 67.9375
1532260011555804 17.5625 17.5 25.25
1532260011581725 20.75 10.1875 19.0625
1532260011712376 -5.75 17.375 0.875
1532260011782190 -11.5 9.125 -1.125
1532260011848013 -26.875 -62.5 -34.875
1532260011884915 -17.3125 -101.938 -72.5625
1532260011984648 -13.9375 -196.563 -82.3125
1532260012136243 -20.5625 -193.25 -51.625
1532260012337704 16.6875 -4.1875 17.1875
1532260012403528 40.5 -0.125 31.0625
1532260012465362 59.5 1.625 74.875
1532260012548141 49.375 -47.5625 64.1875
1532260012569085 6.25 -74.75 38.3125
1532260012645880 -57 -53.375 1.8125
1532260012666824 -49.375 -53.6875 -2.8125
1532260012726663 -7 -32.75 25.5
1532260012764563 57.1875 -6 63.6875
1532260012800467 89.875 11.8125 76.25
1532260012807448 122.938 28.6875 84.1875
1532260012824403 143.75 36.8125 93.4375
1532260012867288 144.813 36.5625 110.75
1532260012891252 136.25 26.1875 107.875
1532260012927156 105.813 -19.875 77.1875
1532260012951092 92.125 -53.125 67.3125
1532260012987996 15.375 -138.125 25.75
1532260013002953 -21.375 -162.625 -31.125
1532260013047833 -29.5 -179.75 -117.813
1532260013063791 -5.25 -174.313 -152.813
1532260013093711 -1.5625 -170.688 -187.25
1532260013123631 -105.688 -142.75 -157.188
1532260013169508 -280.063 -100 -126.813
1532260013334074 237.438 87 125.688
1532260013386927 143.688 64.625 153.188
1532260013476687 -3.0625 -71.3125 105.438
1532260013610328 -38.625 -152 -200.063
1532260013649225 -134.625 -151 -168.875
1532260013709065 -219.563 16.75 -85.25
1532260013753945 -86.3125 64.1875 4.8125
1532260013806811 121.625 82.5625 95.875
1532260013836724 132.75 87.9375 125.875
1532260013896563 16.5 61.125 126.875
1532260013919502 1.5625 40.4375 91.625
1532260013932468 12.75 2.875 72.125
1532260013970367 73.875 -64.25 63.25
1532260014069102 -58.5 -146.438 -199
1532260014128942 -134.375 -147.625 -221.438
1532260014188782 -185.813 -77.0625 -130.563
1532260014256601 -145.188 26.625 -9.1875
1532260014593700 -112.25 -160.063 -200.938
1532260014855001 -33.875 48.25 81.5
1532260015074414 97.625 56.625 210.813
1532260015095358 106.875 52.5 209.438
1532260015274878 17.4375 72.3125 50.75
1532260015366632 -25.625 33.375 7.125
1532260015419491 -61.25 -6.75 1.25
1532260015449426 -75.4375 -11.5 4.5625
1532260015471353 -103.25 -24.875 1.1875
1532260015494292 -62.0625 -18.8125 -2.1875
1532260015516233 -13.5625 -9.9375 -2.75
1532260015554132 -1.3125 -6.9375 2.8125
1532260015593028 -13.75 -8.5625 11.25
1532260015634915 45.625 28.0625 -4.25
1532260015673813 11.25 45.9375 -14.5

1532260015702737 -67.5625 60.6875 -20.4375
1532260015754596 -38.75 -7.125 -4.25
1532260015794489 12.4375 -16.8125 -3.4375
1532260015830393 -29.875 -27.6875 8.0625
1532260015875272 -4.8125 35.3125 -27.75
1532260015905193 -14.4375 34.5 -3.625
1532260015930126 -42.25 17.125 -11.25
1532260015951069 -33.9375 3.8125 -13.125
1532260015979993 7.1875 4.1875 -4.75
1532260015996947 22.875 4 0.8125
1532260016033848 -4.3125 1.8125 -5.5
1532260016056787 -9.5625 1.375 -4.75
1532260016093689 -5.875 1.5625 -5.75
1532260016123608 -5.875 3.0625 -6.4375
1532260016130598 -9.125 4.875 -8.1875
1532260016154526 -14.25 7.3125 -9.375
1532260016176467 -18.75 8.625 -10.25
1532260016197411 -23.1875 9.875 -10.5625
1532260016236327 -22.625 7.0625 -9.3125
1532260016257251 -15.875 5.5625 -8.25
1532260016296147 -1.375 3 -4.875
1532260016318089 -2.25 -1.25 -1
1532260016363966 -1.125 -4.3125 0.5625
1532260016400866 13.5 -4.125 0.75
1532260016439763 15.3125 3.25 -1.5625
1532260016460707 30.875 14.0625 -11.375
1532260016484643 26.625 8.4375 -15.0625
1532260016504602 15.8125 6.0625 -7.6875
1532260016544483 -24.5 10.375 -13.125
1532260016576398 -25.875 13.5625 -6.5
1532260016641224 -17.875 -6.3125 15.5625
1532260016678126 0.625 -1.125 13
1532260016752925 -22.625 11.0625 47.3125
1532260016807778 -19.5 28.6875 28.9375
1532260016826728 -43.4375 27.5 19.75
1532260016880595 -87.9375 19.8125 25.5625
1532260016904520 -76 14.1875 14.125
1532260017038163 -87.4375 21.75 19.8125
1532260017089027 -62.0625 37.5625 45.9375
1532260017141889 -58.75 65.0625 81.9375
1532260017167816 -51.75 77.375 80.9375
1532260017224663 14.5625 86.5625 98.75
1532260017239623 14.25 88.6875 97.5
1532260017293479 -31.25 85.125 77.25
1532260017315421 -29.5625 89.0625 67.9375
1532260017389224 11.25 88.4375 79.9375
1532260017469011 10.5 39.25 39.8125
1532260017611630 11.3125 -20.5625 -21.5
1532260017699394 -25.25 -69.5 -80.125
1532260017744280 -18.5625 -58.0625 -64.375
1532260017802119 3.75 -95.875 -126
1532260017893874 -18.75 -59.875 -60.1875
1532260017932770 79.1875 -11.375 -11.375
1532260017963688 29.6875 -1.5 -4.6875
1532260018022535 -20.5 -3.1875 1.8125
1532260018104311 11.625 -2.0625 -3.9375
1532260018157170 -0.1875 -2.5 -3.875
1532260018239948 -2 -6.75 -0.8125
1532260018275853 24.875 17.5625 29.3125
1532260018289816 44.25 31.875 47.75
1532260018329708 78 70.1875 84.3125
1532260018374591 115.313 112.438 110.438
1532260018412487 137.375 151.125 137.313
1532260018442408 116.625 177.563 156.75
1532260018480307 115.625 177.813 144.625
1532260018599990 96 103.5 83
1532260018628909 69.125 87.25 80.25
1532260018747592 10.1875 19.875 29.5
1532260018824386 -2.875 21.5 -4.9375
1532260018898193 5.8125 -4.6875 -8.75
1532260018972989 -21.25 -64.1875 -29.125
1532260019047789 -6.6875 -147.438 -78.1875
1532260019069730 -23.8125 -170.063 -73.5625
1532260019108636 -15.125 -201.25 -81.75
1532260019145527 0.4375 -228.438 -75.875
1532260019184424 6.5625 -260.875 -60.5
1532260019275180 -33.375 -236.938 -50.3125
1532260019320061 -15.875 -113.688 -37.1875
1532260019417799 -22.0625 21.1875 -2.1875
1532260019468665 63.3125 11.6875 47.9375
1532260019589341 50.375 -6.125 75.9375
1532260019641203 39.4375 -30.75 58.25
1532260019688079 35.125 -45.5 53.8125
1532260019708030 8.625 -46.9375 32.5625
1532260019737943 14.25 -48.9375 30.0625
1532260019783821 0.9375 -32.4375 19.75
1532260019830712 -2.8125 -27.625 25.3125
1532260019857623 22.5625 -20.875 54.9375
1532260019897517 54.5 -2.75 61.3125
1532260019949378 141.688 25.25 101.25
1532260020007223 90.25 -39 85
1532260020030162 65.5625 -70 62.625
1532260020046119 45.125 -102.875 45.5
1532260020068060 8.6875 -139 18.5
1532260020106957 -75.125 -216.063 -81.5625
1532260020143870 -33.875 -213.875 -160.063
1532260020166796 -7.625 -182.313 -171.25
1532260020307420 -89.75 70.25 10.3125
1532260020367260 64.4375 50 84.625
1532260020429095 97.25 7.3125 102.625
1532260020443065 83.4375 -26.125 81.75
1532260020503895 1.8125 -87.625 26.0625
1532260020569719 -47.375 -143.063 -189.625
1532260020608615 -58.8125 -135.188 -236.125
1532260020623575 -61.3125 -130.625 -237.5
1532260020683414 -186.125 -108.813 -122.375
1532260020736284 -152.938 -19.9375 -63.375
1532260020766200 32.9375 -18.3125 22.0625
1532260020803095 165.438 -65.6875 125.438
1532260020856951 216.25 -69.875 161.625
1532260020908816 -55.75 -79.8125 76.125
1532260021050433 -204.25 -125.938 -180.125
1532260021170114 -68 -39.8125 -32.5625
1532260021246908 61.25 32.375 30
1532260021289794 73.8125 59.3125 52.9375
1532260021366588 -30.9375 74.4375 84.1875
1532260021404489 8.5625 95.5 106.25
1532260021672769 5.125 85.5 103.938
1532260021800428 -21.8125 36.125 0.9375
1532260021897169 -87.625 2.625 -6.4375
1532260021937071 -39.625 -7.125 -9.8125
1532260021959004 -28 -7.3125 -8.1875
1532260022011863 -48.6875 -2.25 -2.5
1532260022092647 47.6875 4.5 -2.625
1532260022108604 95.125 24.9375 -5.9375
1532260022152487 -40.625 11.6875 25.6875
1532260022184402 -18.625 31.875 -7.4375

1532260022251236 -59.4375 -9.5 6.0625
1532260022296103 7.25 -15.5 6.375
1532260022319041 4.375 -16.5 4.5
1532260022348961 -24 -20.6875 13.9375
1532260022431740 -24.25 22.3125 3.125
1532260022452684 -39.9375 10.75 -10.1875
1532260022497564 -17.1875 13.625 -9.6875
1532260022528051 -7.9375 10.5 -1.625
1532260022572932 -5.8125 5.125 -3.4375
1532260022611831 3.875 2.8125 0
1532260022639775 -4.1875 0.8125 -1.5
1532260022656722 -2.9375 1.75 -1.0625
1532260022693623 -0.8125 1.5 -1.875
1532260022716562 -3.5625 2.4375 -2.5625
1532260022754462 -5.0625 4 -3.375
1532260022768423 -3.3125 3.5625 -5.375
1532260022814316 -7.9375 3.0625 -5.1875
1532260022828263 -9.125 3.3125 -4.25
1532260022865164 -7.8125 3.375 -4.9375
1532260022874140 -5.5625 3.3125 -5.0625
1532260022911059 -3.75 0.75 -3.6875
1532260022933980 -4.5625 -0.4375 -3
1532260022954924 -3.875 -1.0625 -2.6875
1532260022993846 6.3125 -0.125 -2.0625
1532260023016787 8.5625 -1.0625 -1.875
1532260023068650 2.5625 -0.8125 -0.0625
1532260023082611 -3.125 -0.1875 0.625
1532260023120509 -0.4375 0.375 -0.5625
1532260023135469 2.1875 0.9375 -1.3125
1532260023157410 -2.9375 0.3125 -1.25
1532260023179352 0.5625 1.8125 -4.5625
1532260023217250 16.1875 2.9375 -2.25
1532260023239191 29.9375 10.25 -8.375
1532260023262130 32.9375 13.5 -15.3125
1532260023307011 3.125 1.9375 -3.375
1532260023321971 -28.875 2.0625 -17.8125
1532260023345907 -8.375 -4.8125 -7.3125
1532260023381811 2.1875 3.625 10.9375
1532260023399763 -4.6875 -7.5 9.625
1532260023437661 -22.5625 -13.25 8.1875
1532260023488525 -12.5625 -10.3125 15.4375
1532260023503485 -16.75 0.4375 15.6875
1532260023562328 5.5 22.75 41.0625
1532260023630146 -17.9375 29.4375 49.375
1532260023659069 -16.5 28.875 48.75
1532260023690984 -20.625 25.125 56.6875
1532260023753816 -48.125 8.6875 54.8125
1532260023765784 -33.875 20.625 42
1532260023827626 -49.3125 33.4375 46.5625
1532260023876488 -47.25 45.875 50.0625
1532260023899434 -34.375 50.125 55.3125
1532260023946301 -35.625 71.25 57.875
1532260023959266 -36.5625 80.625 64
1532260023983202 -35.5 90.9375 67.375
1532260023997165 -28.6875 102 65.9375
1532260024045037 -0.0625 114.375 65.9375
1532260024063986 4.25 112.188 62.875
1532260024101885 4.0625 89 50.625
1532260024116845 -1.25 75.4375 43.0625
1532260024177682 14.5625 52.875 37.1875
1532260024221565 -10.625 10.875 9
1532260024290384 -2.1875 -24.875 -23.0625
1532260024328280 -8.9375 -35.875 -35.3125
1532260024432999 -36.875 -62 -66.0625
1532260024473890 -41.9375 -73.5625 -83.6875
1532260024547693 -126.625 -65.875 -73.3125
1532260024584594 62.25 -41.0625 -50.6875
1532260024599554 109.625 -19.1875 -37.0625
1532260024619501 53.6875 -10.9375 -21
1532260024674355 -22.25 -8.3125 -5.9375
1532260024709261 -3.0625 -0.3125 -3.25
1532260024727213 22.125 2.375 -7.3125
1532260024747159 25.375 3.3125 -6.9375
1532260024780071 -0.8125 4.5625 -3.5625
1532260024807997 -1.0625 5.1875 -0.8125
1532260024839911 12.4375 20.25 -0.9375
1532260024868834 21.5625 26.75 5.5625
1532260024881799 25.125 34.3125 14.5625
1532260024905735 31.6875 48.8125 26.4375
1532260024926679 39.0625 55.625 42.9375
1532260024952610 45.5 61.625 59.75
1532260024959591 55.5 73.625 72.875
1532260025001479 117.438 94.5 102.375
1532260025033394 126.875 106.875 108.25
1532260025047357 134.5 122.5 116.375
1532260025122157 146.625 197.75 107.188
1532260025153074 120.688 188.125 102.5
1532260025229868 120.938 155.5 83.375
1532260025295692 65.125 84.0625 43.5
1532260025431335 11 10.6875 16.1875
1532260025618830 -54.125 -120.75 -66.125
1532260025733522 -44.1875 -202.875 -110.063
1532260025761447 -12 -219.25 -92.5625
1532260025867164 -18.4375 -190.188 -46.625
1532260025926007 -12.875 -99.0625 -37.625
1532260025962908 15.4375 -12.0625 -14.5
1532260026077605 48.125 7.3125 35
1532260026123479 53.875 -8.6875 71.9375
1532260026361859 -29.3125 -57.3125 3.5
1532260026397746 -27.0625 -58.5 2.625
1532260026422688 -14.8125 -53.3125 12.3125
1532260026443623 32.5625 -37.75 39.8125
1532260026489517 91.5 8.125 67.625
1532260026543356 195 44.0625 101.375
1532260026564300 201.688 39.625 106
1532260026609180 157.688 -10.0625 107.75
1532260026645084 105.875 -62.625 98
1532260026691959 -30.0625 -128.188 59.6875
1532260026704925 -69.875 -157.313 3.625
1532260026721879 -44.8125 -171.188 -52.25
1532260026751799 -21.25 -176.938 -97.5625
1532260026764764 -8.625 -176.063 -133.188
1532260026824604 -108.438 -153.625 -184.5
1532260026841558 -159.563 -133.813 -173.063
1532260026871489 -196.625 -100.813 -149
1532260026902396 -227.5 -63.8125 -113.063
1532260026924337 -254.25 30.3125 -50
1532260026969217 -134.813 82.75 30.8125
1532260027005128 94.4375 75.8125 62.6875
1532260027044017 236.875 68.3125 98.25
1532260027064961 216.938 64.8125 100.188
1532260027081916 144.875 46.3125 89.75
1532260027124801 59.4375 -30.625 53.875
1532260027140758 -14.1875 -86.9375 62.375
1532260027169681 -17.9375 -122.875 50.5625
1532260027224535 -65 -189.75 -128
1532260027284375 -72.1875 -173.313 -188.563
1532260027305319 -76 -163.063 -196.75
1532260027366156 -176 -102.625 -164.438
1532260027381116 -227.125 -69.625 -118.25
1532260027448951 -122.625 51.5 -22.625
1532260027507777 70.75 57.9375 65.5
1532260027583575 98.8125 45.375 91
1532260027666353 -23.875 -41.375 39.25
1532260027711242 -48.4375 -62.375 -82.8125
1532260027726193 -98.8125 -78.75 -155.563
1532260027748134 -58.25 -109.438 -184.438
1532260027787030 -77.625 -135.188 -203.375
1532260027807974 -106.188 -146 -207
1532260027823932 -122.813 -154.313 -194.563
1532260027877800 -158.063 -160.313 -165.188
1532260027906711 -109 -59.375 -93.125
1532260027995473 21.9375 -56.3125 -42.8125
1532260028115153 -119.25 -165.188 -72.25
1532260028168012 -137.438 -114.375 -58.3125
1532260028189953 -140.813 -65.375 -49.0625
1532260028227852 -142.438 18 0.5625
1532260028266748 -55.5 60.3125 34.8125
1532260028309633 -2.3125 61.8125 73.4375
1532260028332571 12.9375 70 90.1875
1532260028356508 45 77.875 98.1875
1532260028426321 68.0625 111.938 140.938
1532260028469206 43.125 125.625 177.563
1532260028633766 55.5 77.75 233.063
1532260028669670 61.8125 66.875 210.125
1532260028770413 41.0625 63.3125 128
1532260028889084 -27.6875 -13.4375 24.5625
1532260028912038 -41.4375 -21.0625 17
1532260028962886 -33.5625 -15.5 11
1532260028988817 -27.5625 -14.5625 9.5
1532260029037686 -28.4375 -6.3125 -2.5
1532260029068603 28.625 -6.75 -10.3125
1532260029113490 41.125 10.625 -14
1532260029166342 25.625 58.875 -11.5625

1532260029190278 -121.188 29.5625 15.5625
1532260029234160 -53.3125 -18.25 32.25
1532260029272060 30.625 -28.4375 4.625
1532260029308976 -12 -37.5 14.5625
1532260029331910 -50.25 -34.625 16.25
1532260029352844 -52.125 -13.4375 7.0625
1532260029391739 -35.8125 45.125 -18.875
1532260029412683 -43.1875 10.6875 -6.125
1532260029428641 -71.125 5.25 -13.1875
1532260029472523 15.4375 10.4375 -1.625
1532260029511433 -18.25 8 -8.375
1532260029549320 2.25 8 -3.1875
1532260029600183 -7.75 4.0625 -2.1875
1532260029609161 -5.375 5.0625 -2.75
1532260029654045 -2.875 3.875 -5.125
1532260029691937 -7.75 2.5625 -4.8125
1532260029751776 -8.1875 2 -4.5625
1532260029779702 -5.0625 2.0625 -3.9375
1532260029788678 -4.5625 1.6875 -3.8125
1532260029832560 -3.3125 -0.375 -3
1532260029887450 -2.9375 -1.5625 -1.3125
1532260029914342 4.25 -4.0625 0.6875
1532260029937281 7.375 -2.75 -2.25
1532260029960219 3.9375 -3.125 0.4375
1532260029997178 33.0625 7.75 -2.375
1532260030087936 -7.0625 1.8125 -16.4375
1532260030148773 -21.4375 -2.1875 6.4375
1532260030199637 -5.4375 -9.4375 2.9375
1532260030236539 -14.125 -11 18
1532260030292389 -10.9375 2.875 18.3125
1532260030375168 -20.375 18.3125 35.25
1532260030425034 -21.9375 18.3125 28.4375
1532260030476895 -62.375 -6.1875 40.0625
1532260030536736 -55.125 -2.375 12.8125
1532260030656416 -91.1875 13.5 13.6875
1532260030688330 -72.5 17.8125 17.6875
1532260030726228 -59.6875 18.375 35.625
1532260030839925 -33.4375 56.9375 78.125
1532260030896773 10.3125 76.875 76.3125
1532260030935669 -12.4375 72.0625 79.0625
1532260030979551 -23 62.9375 67.5625
1532260031001493 -12.1875 57.625 54.3125
1532260031197967 -0.8125 -17.6875 -7.375
1532260031266783 1.9375 -42.8125 -57.875
1532260031311664 -14.125 -61.6875 -84.25
1532260031332607 -41.75 -62.6875 -83.625
1532260031358538 -63.5625 -50.25 -92.6875
1532260031410400 -80.5 -42.125 -87.5
1532260031487195 65.875 -6.1875 -22.25
1532260031564987 -29.875 0.4375 -5.8125
1532260031578949 -1.0625 -0.125 -13.25
1532260031634799 -8.9375 -0.75 -9.875
1532260031687664 -15.75 -0.3125 -9.1875
1532260031762458 7.375 1.5625 1.875
1532260031816314 3.5 57.125 56.25
1532260031918042 128.938 131.563 132.313
1532260032001817 161.063 158.625 139.25
1532260032243175 43.3125 24.625 36.625
1532260032279076 27.875 4.75 16.5
1532260032398760 -4.875 -13.0625 -1.1875
1532260032459594 -25.5 -43.6875 -20.9375
1532260032647101 18.5 -200.75 -44.75
1532260032780735 -42 -117 -32.25
1532260033007130 11.0625 8.4375 34.4375
1532260033089908 26.375 -14.125 69.1875
1532260033118831 27.875 -40.625 93.75
1532260033246490 12.1875 -32.25 42.125
1532260033277406 3.8125 -24.5625 27.6875
1532260033352207 -5.125 -16.6875 -1.8125
1532260033389108 -3.25 -32 30.75
1532260033434986 37.4375 -32.6875 48.375
1532260033522751 151 -32 103.688
1532260033607524 39.4375 -107.625 56.25
1532260033681327 -3.5 -154.813 -114.688
1532260033762110 -101 -132 -159.438
1532260033778068 -139.438 -108.188 -150.5
1532260033802003 -146.188 -85.5625 -125.188
1532260033837910 -142.375 -19.125 -47.25
1532260033906724 -3.6875 47.6875 44.9375
1532260033942628 8.3125 48.125 70.6875
1532260033966563 17.8125 36.625 88.9375
1532260034041365 88.6875 -52.125 75.6875
1532260034101203 55.8125 -129.563 70.0625
1532260034145087 -63.75 -167.938 -38.6875
1532260034169023 -36.1875 -165.75 -97.5
1532260034243838 -90.875 -119.438 -219.063
1532260034281721 -158.188 -100.938 -195.125
1532260034324606 -144.5 -78.0625 -157.75
1532260034580921 13.0625 -42.6875 65.6875
1532260034739498 -162.5 -93.5 -179.063
1532260034905069 -123.313 22.4375 -43.5625
1532260035002793 135.688 -110.813 -33.9375
1532260035225199 -62.4375 15.9375 -34.6875
1532260035271091 -59.6875 89.625 36.125
1532260035406713 74 145.375 185.25
1532260035487498 63 131.063 222.188
1532260035647070 39 65.9375 134.438
1532260035690952 38.25 58.4375 111.938
1532260035716884 26.5625 47.5625 82.5625
1532260035766751 -29.3125 -8.5 22
1532260035834587 -104.75 10.4375 19.875
1532260035894408 8.1875 23.125 2.25
1532260035946271 -17.875 -3.4375 5.6875
1532260035976189 3.125 1.75 4.9375
1532260036006110 38.625 10.9375 -1.4375
1532260036052985 74.125 41.5 3.3125
