1532259928183599 0.174823 -0.0874663 0.0880352
1532259928232469 0.12568 -0.110435 0.19169
1532259928307268 0.0987082 -0.141145 0.244475
1532259928381071 -0.00113763 -0.297804 0.287391
1532259928561588 -0.182474 -0.432366 0.216702
1532259928583530 -0.180363 -0.42231 0.207401
1532259928741108 -0.178605 -0.410929 0.173859
1532259929271690 -0.236385 -0.100356 0.180866
1532259929331530 -0.215055 0.0883194 0.219912
1532259929349482 -0.197563 0.151896 0.234665
1532259929483124 -0.086829 0.414017 0.292608
1532259929574879 -0.0659778 0.457986 0.28838
1532259929616767 -0.0580717 0.427006 0.238852
1532259929633733 -0.0560196 0.405257 0.21711
1532259929649679 -0.0532149 0.37937 0.194551
1532259929717497 -0.0568708 0.351155 0.174343
1532259929762378 -0.0972839 0.20644 0.094272
1532259929789306 -0.120847 0.127144 0.0676746
1532259929846154 -0.140625 0.0573476 0.0546057
1532259930089502 -0.0963451 0.052249 0.0790421
1532259930149342 -0.029975 0.11618 0.131281
1532259930197215 0.0152466 0.173627 0.18034
1532259930232121 0.0969058 0.254032 0.238444
1532259930308916 0.226069 0.404076 0.343204
1532259930351801 0.398047 0.559118 0.483125
1532259930450544 0.796006 0.742736 0.78573
1532259930610137 1.20512 0.785698 1.09839
1532259930827556 1.2997 0.76656 1.15813
1532259930878419 1.24815 0.787834 1.11162
1532259931091849 0.72627 0.714285 0.54204
1532259931162660 0.52874 0.467927 0.205295
1532259931299294 0.487935 0.182997 -0.0206362
1532259931337193 0.485769 0.171466 -0.0268329
1532259931374094 0.50167 0.162582 -0.016658
1532259931396035 0.512253 0.160931 -0.00725727
1532259931561593 0.494788 0.126583 0.14029
1532259931614451 0.506288 0.113541 0.217327
1532259931711202 0.530604 0.0412387 0.343836
1532259931734131 0.538868 0.0310197 0.359146
1532259931788006 0.55338 0.0141203 0.38019
1532259931815913 0.553989 0.000646778 0.393964
1532259931838862 0.551502 -0.00300263 0.397192
1532259931995432 0.591213 -0.000290439 0.372615
1532259932034329 0.609197 -0.00831912 0.367499
1532259932115112 0.693089 -0.0530891 0.392275
1532259932174952 0.786642 -0.0925406 0.42918
1532259932234797 0.859595 -0.117468 0.433496
1532259932251747 0.871859 -0.122566 0.421423
1532259932281670 0.877011 -0.124788 0.401732
1532259932341507 0.902315 -0.123554 0.312648
1532259932395375 0.868582 -0.137069 0.226781
1532259932416310 0.848064 -0.143456 0.210467
1532259932431267 0.836304 -0.147403 0.199567
1532259932461201 0.832803 -0.151866 0.193803
1532259932475150 0.832866 -0.159406 0.194161
1532259932514046 0.828864 -0.174731 0.212247
1532259932541971 0.83029 -0.184727 0.228974
1532259932573886 0.859415 -0.201321 0.263384
1532259932619763 0.878306 -0.207978 0.274165
1532259932633726 0.91565 -0.228039 0.289684
1532259932716504 1.01264 -0.243124 0.266557
1532259932745427 1.0092 -0.245023 0.241952
1532259932776345 1.02179 -0.240022 0.169661
1532259932874097 0.973157 -0.230673 -0.0295623
1532259932933923 0.956283 -0.224641 -0.092475
1532259932993763 0.933144 -0.242799 -0.0945774
1532259933023690 0.925278 -0.248248 -0.086426
1532259933157325 1.01137 -0.277325 -0.0730536
1532259933217165 1.05299 -0.278405 -0.138503
1532259933301939 1.06589 -0.247078 -0.299501
1532259933316899 1.0468 -0.242461 -0.335149
1532259933353800 0.990499 -0.242688 -0.38044
1532259933436579 0.925767 -0.241893 -0.388913
1532259933457523 0.913747 -0.243205 -0.382838
1532259933533320 0.921655 -0.241454 -0.347744
1532259933616099 0.958293 -0.253268 -0.366481
1532259933779661 1.00916 -0.152934 -0.685482
1532259933840507 0.969527 -0.124103 -0.832045
1532259933879394 0.949297 -0.127251 -0.904792
1532259934118755 0.801908 -0.155394 -0.711114
1532259934178603 0.759824 -0.15965 -0.556739
1532259934260376 0.68055 -0.15984 -0.354515
1532259934502728 0.456603 -0.11431 -0.0870955
1532259934552594 0.372123 -0.124341 -0.0595268
1532259934562568 0.35934 -0.125688 -0.0554272
1532259934612435 0.332483 -0.12748 -0.0503167
1532259934642355 0.313336 -0.132995 -0.0485351
1532259934674269 0.298729 -0.135267 -0.0455023
1532259934689230 0.281936 -0.136626 -0.0435162
1532259934702194 0.268435 -0.138175 -0.0423936
1532259934741106 0.254779 -0.137127 -0.038315
1532259934763043 0.246487 -0.134881 -0.0352256
1532259934778989 0.239912 -0.133559 -0.0333746
1532259934801927 0.235773 -0.133727 -0.0322474
1532259934831848 0.235142 -0.134871 -0.0298766
1532259934838829 0.23797 -0.137155 -0.0271431
1532259934861767 0.247885 -0.138395 -0.0276274

1532259934906647 0.267004 -0.13832 -0.0293477
1532259934959516 0.297267 -0.122524 -0.0214617
1532259934981463 0.286868 -0.108266 -0.0193576
1532259935026328 0.247385 -0.103475 -0.00413139
1532259935086168 0.24437 -0.13125 0.00246883
1532259935109106 0.244018 -0.14162 0.00159192
1532259935161965 0.23298 -0.146292 0.00133412
1532259935235767 0.215814 -0.138899 -0.00411821
1532259935258706 0.229768 -0.135371 -0.00874768
1532259935281645 0.229572 -0.133514 -0.00987487
1532259935302588 0.225353 -0.132963 -0.011375
1532259935401325 0.226482 -0.134738 -0.0185488
1532259935446221 0.229356 -0.13534 -0.0207859
1532259935549927 0.224633 -0.137941 -0.0229716
1532259935581842 0.213342 -0.137935 -0.0199621
1532259935618743 0.21151 -0.137674 -0.0201744
1532259935641682 0.216458 -0.137726 -0.0206508
1532259935679580 0.219426 -0.137456 -0.0208282
1532259935724461 0.217047 -0.136625 -0.0205714
1532259935827186 0.221071 -0.113383 -0.0181333
1532259935850125 0.226785 -0.100919 -0.0204826
1532259935872066 0.234791 -0.105526 -0.0239045
1532259935924925 0.250324 -0.11529 -0.0230249
1532259935984764 0.207277 -0.130763 -0.0157118
1532259936006706 0.19299 -0.132768 -0.0129933
1532259936029644 0.191565 -0.12524 -0.00946825
1532259936092477 0.181002 -0.126878 0.0100856
1532259936129378 0.146581 -0.114396 0.0482357
1532259936158300 0.142885 -0.104359 0.0599353
1532259936213154 0.135056 -0.0799193 0.100061
1532259936286956 0.113272 -0.0579368 0.135406
1532259936306903 0.0931666 -0.0335422 0.156501
1532259936344802 0.0698974 0.00191842 0.172627
1532259936375719 0.0590421 0.0262429 0.18227
1532259936413618 0.0354366 0.0846437 0.20384
1532259936435577 0.0257474 0.119477 0.213754
1532259936458498 0.0212829 0.155626 0.224607
1532259936504376 0.0230195 0.230287 0.245972
1532259936524322 0.0349497 0.306604 0.26655
1532259936547260 0.0469235 0.343254 0.277605
1532259936577180 0.0614806 0.380509 0.287935
1532259936629042 0.103608 0.484383 0.315941
1532259936652978 0.116425 0.514883 0.32492
1532259936666940 0.128389 0.54248 0.331448
1532259936767671 0.183152 0.621505 0.31434
1532259936907298 0.0835782 0.545596 0.172846
1532259937390007 0.139531 0.0400809 -0.0515447
1532259937622386 0.339523 0.370437 0.232792
1532259937666269 0.449493 0.506269 0.373447
1532259937709153 0.598794 0.636364 0.529274
1532259937727105 0.650998 0.674343 0.587014
1532259937750044 0.707813 0.708347 0.646999
1532259937826839 0.915887 0.789759 0.822327
1532259937876706 1.02566 0.804474 0.914669
1532259938026305 1.26522 0.829014 1.11347
1532259938049244 1.29969 0.818641 1.13795
1532259938169921 1.32755 0.816759 1.17348
1532259938371383 1.13655 0.822419 0.989072
1532259938499044 0.783886 0.752046 0.608198
1532259938551900 0.636786 0.647632 0.420824
1532259938725435 0.528782 0.349014 0.112197
1532259938782284 0.525099 0.20897 -0.014293
1532259938926897 0.550039 0.112555 -0.0735553
1532259939074502 0.694825 0.0441667 0.0613178
1532259939128359 0.825401 -0.023247 0.282982
1532259939172241 0.830053 -0.0583374 0.37364
1532259939188216 0.825007 -0.0772295 0.412803
1532259939271974 0.835766 -0.144743 0.51172
1532259939331815 0.853601 -0.184535 0.534109
1532259939405631 0.895096 -0.213709 0.496123
1532259939504353 0.895348 -0.306512 0.394021
1532259939565203 0.891128 -0.396659 0.442166
1532259939615057 0.899823 -0.450083 0.545882
1532259939624033 0.91213 -0.454015 0.56666
1532259939707815 0.961387 -0.438602 0.54987
1532259939749703 1.02021 -0.402523 0.406296
1532259939794584 1.0989 -0.356145 0.190232
1532259939842455 1.11164 -0.335911 0.124923
1532259939901309 1.05429 -0.315452 0.00618096
1532259939915261 1.0415 -0.330157 0.0254555
1532259939931217 1.04146 -0.347758 0.0639284
1532259939982082 1.05389 -0.385261 0.163896
1532259940034941 1.05668 -0.433414 0.328391
1532259940096775 1.04749 -0.460403 0.411268
1532259940139660 1.04815 -0.471511 0.385203
1532259940154621 1.0664 -0.460693 0.339822
1532259940185551 1.09186 -0.444839 0.278784
1532259940237399 1.19657 -0.369052 0.0433079
1532259940276306 1.25246 -0.306133 -0.101934
1532259940314194 1.27133 -0.2701 -0.225436
1532259940359074 1.19983 -0.260475 -0.27323
1532259940380017 1.18372 -0.277114 -0.254994
1532259940396973 1.17637 -0.29829 -0.222053
1532259940441852 1.16938 -0.330377 -0.128773
1532259940516653 1.15304 -0.344445 0.0342329
1532259940642316 1.10813 -0.235422 -0.0470016
1532259940717116 1.22241 -0.169552 -0.324348
1532259940734071 1.21558 -0.161501 -0.391922
1532259940778951 1.18333 -0.155163 -0.488727
1532259940837794 1.14381 -0.152636 -0.522818
1532259940919575 1.09018 -0.14026 -0.412161
1532259940973431 1.03915 -0.126582 -0.291459
1532259940996370 1.03937 -0.118118 -0.253623
1532259941017314 1.05188 -0.104422 -0.224005
1532259941152951 1.06268 0.0585885 -0.471753
1532259941213788 1.0392 0.0649734 -0.7187
1532259941258685 0.990759 0.0583615 -0.839285
1532259941279612 0.976654 0.0490866 -0.874964
1532259941318507 0.92722 0.0274922 -0.906796
1532259941460129 0.903964 -0.00521701 -0.865488
1532259941596764 0.86854 -0.0103734 -0.995044
1532259941641652 0.830156 -0.0219905 -1.04259
1532259942038583 0.568031 -0.0749346 -0.316112
1532259942106402 0.522255 -0.100829 -0.281287
1532259942181202 0.441992 -0.146867 -0.270425
1532259942196161 0.424054 -0.150339 -0.266453
1532259942219100 0.410353 -0.152018 -0.263015
1532259942262982 0.394187 -0.156141 -0.263847
1532259942280934 0.38279 -0.154247 -0.265665
1532259942323820 0.371098 -0.141915 -0.271314
1532259942361719 0.379374 -0.140236 -0.279059

1532259942449484 0.280341 -0.13283 -0.260266
1532259942464444 0.285892 -0.136255 -0.258518
1532259942547223 0.285957 -0.157437 -0.254177
1532259942643963 0.246806 -0.131688 -0.26253
1532259942704801 0.240084 -0.124787 -0.271511
1532259942764674 0.238024 -0.118244 -0.277973
1532259942786615 0.233947 -0.117921 -0.278981
1532259942846703 0.235513 -0.119929 -0.282583
1532259942886596 0.235051 -0.121982 -0.28381
1532259942924495 0.237322 -0.123783 -0.287193
1532259942945439 0.238435 -0.124431 -0.288983
1532259942999295 0.239624 -0.125094 -0.291654
1532259943004282 0.240265 -0.125186 -0.293328
1532259943045172 0.241909 -0.123892 -0.296156
1532259943088072 0.239973 -0.125082 -0.299143
1532259943105012 0.238507 -0.125562 -0.300081
1532259943154884 0.23666 -0.127488 -0.299676
1532259943206745 0.237538 -0.136331 -0.296416
1532259943244644 0.246279 -0.139103 -0.297418
1532259943274598 0.258505 -0.134838 -0.299765
1532259943289558 0.272765 -0.126979 -0.303357
1532259943326459 0.288825 -0.115165 -0.303276
1532259943373339 0.309922 -0.0902422 -0.30127
1532259943427196 0.236949 -0.123685 -0.287397
1532259943447137 0.226926 -0.141789 -0.284751
1532259943566816 0.183472 -0.125117 -0.25024
1532259943607707 0.180146 -0.108085 -0.2161
1532259943637627 0.180503 -0.0974488 -0.198448
1532259943705446 0.158754 -0.06241 -0.104979
1532259943747348 0.153815 -0.0450364 -0.0545434
1532259943793227 0.160138 -0.0284612 -0.0115918
1532259943846070 0.159315 0.00191177 0.0481601
1532259943926854 0.131978 0.0777372 0.0838802
1532259943986694 0.127559 0.150166 0.118338
1532259944004646 0.140494 0.180991 0.135101
1532259944049530 0.157187 0.258418 0.176687
1532259944199125 0.380554 0.587243 0.391031
1532259944272928 0.518942 0.712781 0.490848
1532259944340747 0.539189 0.730935 0.50478
1532259944475387 0.41445 0.663377 0.324826
1532259944507302 0.376911 0.610922 0.250431
1532259944587089 0.302839 0.45899 0.124369
1532259944679840 0.282728 0.308723 0.0255732
1532259944776582 0.219939 0.102754 -0.112552
1532259944896275 0.242087 0.0483286 -0.13668
1532259944940143 0.240921 0.0496967 -0.127412
1532259945015941 0.25294 0.0618138 -0.099418
1532259945048854 0.254293 0.0759277 -0.0831737
1532259945100715 0.287975 0.198447 0.000609659
1532259945159558 0.35135 0.344901 0.0994297
1532259945175531 0.378768 0.402642 0.139817
1532259945249317 0.528054 0.650872 0.371766
1532259945309161 0.655097 0.753075 0.521056
1532259945392933 0.952576 0.877368 0.877487
1532259945466736 1.15856 0.882154 1.12435
1532259945587414 1.20733 0.868357 1.17332
1532259945669195 1.23526 0.86956 1.20815
1532259945773915 1.22298 0.87393 1.20893
1532259946014271 0.626782 0.664754 0.464765
1532259946090076 0.503102 0.488209 0.261723
1532259946127968 0.438817 0.316402 0.11644
1532259946225706 0.417523 0.192202 0.0344487
1532259946282554 0.426183 0.146118 0.00988624
1532259946374308 0.460357 0.144593 0.0294157
1532259946494987 0.56184 0.115285 0.122145
1532259946531888 0.569717 0.102616 0.158528
1532259946628629 0.576274 0.0637335 0.221127
1532259946696458 0.595465 0.027874 0.258076
1532259946747311 0.603792 0.0091304 0.26646
1532259946758282 0.605564 -0.000801556 0.266538
1532259946848042 0.635945 -0.0758872 0.26302
1532259946906885 0.683899 -0.16511 0.304388
1532259946951764 0.807618 -0.208761 0.392524
1532259946994650 0.879369 -0.233914 0.437641
1532259947033546 0.915753 -0.244089 0.430045
1532259947055487 0.925305 -0.242148 0.396828
1532259947122309 0.946936 -0.252499 0.202636
1532259947154225 0.974834 -0.273844 0.0503342
1532259947175167 0.984981 -0.277489 -0.0141829
1532259947191124 0.976705 -0.288701 -0.0601101
1532259947235007 0.929416 -0.322737 -0.0759871
1532259947251962 0.907259 -0.339262 -0.0498728
1532259947294847 0.903473 -0.34732 0.0382057
1532259947311802 0.913327 -0.352298 0.0945386
1532259947354698 0.933822 -0.372589 0.200196
1532259947431482 0.972504 -0.454291 0.251396
1532259947475364 0.988609 -0.497264 0.167113
1532259947574101 1.17387 -0.416413 -0.262149
1532259947633941 1.20751 -0.327826 -0.453749
1532259947693781 1.08814 -0.314022 -0.488855
1532259947776559 1.06697 -0.393905 -0.346813
1532259947814457 1.08245 -0.438025 -0.25475
1532259947851362 1.0885 -0.486295 -0.177172
1532259947874298 1.08521 -0.512904 -0.150459
1532259947896241 1.08568 -0.516664 -0.147209
1532259947917182 1.08462 -0.507963 -0.168127
1532259947934138 1.09724 -0.49008 -0.215705
1532259948016917 1.18666 -0.347334 -0.485139
1532259948076757 1.20959 -0.244524 -0.687248
1532259948113658 1.13398 -0.234696 -0.758603
1532259948136597 1.0908 -0.23009 -0.767977
1532259948157540 1.05288 -0.241035 -0.763419
1532259948217380 1.02019 -0.279555 -0.696194
1532259948294175 0.971456 -0.336957 -0.495321
1532259948316116 0.953162 -0.331875 -0.460198
1532259948345042 0.944273 -0.326279 -0.445595
1532259948376953 0.960704 -0.279822 -0.480777
1532259948413855 1.00043 -0.199257 -0.588662
1532259948436794 1.01446 -0.15621 -0.660138
1532259948479679 0.978444 -0.0784601 -0.805904
1532259948518575 0.927676 0.000271708 -0.942449
1532259948579412 0.887413 0.0382741 -1.10242
1532259948899556 0.769031 -0.163129 -0.9435
1532259948976351 0.707398 -0.154081 -0.771057
1532259949059130 0.651411 -0.134187 -0.567698
1532259949230670 0.456083 -0.125549 -0.296883
1532259949275551 0.455592 -0.140564 -0.290324
1532259949304473 0.427721 -0.159857 -0.282127
1532259949326415 0.404029 -0.169031 -0.282771
1532259949344367 0.391355 -0.179379 -0.285269
1532259949364313 0.388015 -0.186879 -0.286072
1532259949403209 0.37815 -0.191806 -0.287392
1532259949424154 0.345822 -0.212398 -0.298005
1532259949545828 0.353352 -0.218567 -0.306871

1532259949566771 0.333192 -0.196678 -0.300366
1532259949607662 0.290258 -0.179928 -0.289696
1532259949626612 0.283445 -0.180504 -0.283669
1532259949665507 0.281246 -0.180844 -0.273492
1532259949749284 0.248609 -0.191355 -0.263043
1532259949786185 0.225699 -0.175586 -0.267711
1532259949866969 0.176012 -0.128796 -0.275908
1532259949903871 0.177839 -0.115928 -0.277152
1532259949964708 0.184212 -0.102688 -0.282719
1532259950061449 0.17672 -0.0985272 -0.291624
1532259950085385 0.1764 -0.0971523 -0.293826
1532259950122292 0.173036 -0.0941501 -0.297052
1532259950170158 0.169972 -0.0931106 -0.300251
1532259950212047 0.170462 -0.0939808 -0.304082
1532259950241967 0.169931 -0.0952436 -0.306396
1532259950263908 0.167969 -0.0957007 -0.307564
1532259950285849 0.166093 -0.095875 -0.308948
1532259950324745 0.16623 -0.0946352 -0.310339
1532259950361647 0.165994 -0.0787992 -0.311622
1532259950384585 0.163714 -0.0905082 -0.31255
1532259950421495 0.156446 -0.0768114 -0.313059
1532259950467364 0.164781 -0.0713542 -0.318836
1532259950513273 0.180098 -0.0769365 -0.321251
1532259950527236 0.176807 -0.0728735 -0.321061
1532259950564137 0.180716 -0.0758097 -0.324662
1532259950582093 0.18456 -0.0749125 -0.325025
1532259950623993 0.167102 -0.090526 -0.321677
1532259950647914 0.157258 -0.0884871 -0.3182
1532259950661876 0.157931 -0.0955869 -0.318237
1532259950684815 0.157456 -0.0956294 -0.318571
1532259950716729 0.157904 -0.100681 -0.316432
1532259950744655 0.146407 -0.110465 -0.304237
1532259950761610 0.140411 -0.113306 -0.296882
1532259950781556 0.142295 -0.118002 -0.286861
1532259950804501 0.146205 -0.119067 -0.271498
1532259950841396 0.15193 -0.112065 -0.238199
1532259950864335 0.154877 -0.106927 -0.222422
1532259950902234 0.154104 -0.0947099 -0.189458
1532259950924175 0.14857 -0.088248 -0.173028
1532259950984015 0.131383 -0.0797714 -0.127389
1532259951021913 0.131197 -0.0772203 -0.0981467
1532259951044852 0.134727 -0.074704 -0.0855012
1532259951104692 0.132342 -0.0547169 -0.0348359
1532259951141595 0.132267 -0.0318872 0.00302674
1532259951164532 0.137976 -0.0176711 0.0237421
1532259951195450 0.146591 -0.00250083 0.0457181
1532259951225370 0.168366 0.0358811 0.0891878
1532259951289199 0.193699 0.0946746 0.130216
1532259951345049 0.247222 0.282703 0.232326
1532259951383957 0.290078 0.39707 0.301481
1532259951494649 0.420888 0.613269 0.444324
1532259951751961 0.221408 0.386994 0.117149
1532259951773903 0.19755 0.343838 0.0857044
1532259951826762 0.094046 0.216749 0.0018825
1532259951871641 0.0701928 0.132562 -0.0395306
1532259951909540 0.102809 0.0562904 -0.0647345
1532259951969380 0.147992 -0.0074398 -0.0780504
1532259952029221 0.149104 -0.0151142 -0.0731219
1532259952044180 0.150943 -0.0124386 -0.0703665
1532259952148900 0.151527 0.0110193 -0.0499732
1532259952169843 0.152867 0.0179933 -0.0446602
1532259952253619 0.190254 0.0566471 -0.0101718
1532259952372302 0.371625 0.147043 0.116136
1532259952523896 0.747759 0.434655 0.434067
1532259952589720 0.935394 0.61886 0.712075
1532259952659535 1.14102 0.69817 0.910708
1532259952710408 1.21802 0.72846 1.01403
1532259952750296 1.31867 0.755056 1.11918
1532259952876953 1.33969 0.773503 1.16667
1532259952928814 1.30183 0.768374 1.15186
1532259952988661 1.24057 0.761103 1.12425
1532259953017577 1.21402 0.759598 1.10848
1532259953049497 1.14797 0.766739 1.05762
1532259953086393 1.10223 0.770905 1.01477
1532259953137257 0.927198 0.751074 0.82844
1532259953154231 0.865837 0.733834 0.754593
1532259953191113 0.744349 0.685781 0.603646
1532259953244969 0.656072 0.606468 0.46611
1532259953288852 0.544578 0.457635 0.281439
1532259953369635 0.431172 0.270352 0.096492
1532259953415513 0.403879 0.205555 0.0462375
1532259953559129 0.418458 0.13968 0.0328336
1532259953576083 0.432883 0.130575 0.0393989
1532259953618969 0.482689 0.0982272 0.100735
1532259953671844 0.491624 0.0762933 0.181155
1532259953693774 0.497901 0.0727699 0.208848
1532259953769566 0.589395 0.0584632 0.277152
1532259953836387 0.556453 0.0432688 0.270329
1532259953913182 0.509011 0.00275765 0.231413
1532259953984990 0.502028 -0.069893 0.232508
1532259954008926 0.583582 -0.151433 0.290173
1532259954031865 0.619083 -0.175404 0.323235
1532259954054803 0.658546 -0.198458 0.357147
1532259954068782 0.70013 -0.215602 0.387565
1532259954091705 0.742663 -0.227006 0.413089
1532259954121625 0.780925 -0.238123 0.431864
1532259954174483 0.827521 -0.225153 0.393514
1532259954196425 0.825639 -0.221022 0.339988
1532259954232329 0.847745 -0.188101 0.195497
1532259954255267 0.867833 -0.167213 0.116119
1532259954292168 0.882105 -0.130057 -0.0540304
1532259954324083 0.853315 -0.120415 -0.130817
1532259954331064 0.798877 -0.117409 -0.187449
1532259954376942 0.692593 -0.103312 -0.22676
1532259954397886 0.668367 -0.111996 -0.214608
1532259954413843 0.663442 -0.124355 -0.191748
1532259954451742 0.69981 -0.159091 -0.114333
1532259954473683 0.733301 -0.180815 -0.0659287
1532259954533540 0.782945 -0.268314 0.067338
1532259954571430 0.801226 -0.327812 0.0933424
1532259954594361 0.822241 -0.342952 0.0790092
1532259954615304 0.850394 -0.340008 0.047286
1532259954654201 0.91918 -0.297982 -0.0705723
1532259954721022 0.948194 -0.187346 -0.307198
1532259954751938 0.930263 -0.106843 -0.456711
1532259954794824 0.868763 -0.0700283 -0.582084
1532259954811779 0.815811 -0.0645954 -0.625875
1532259954878600 0.708511 -0.0616625 -0.637769
1532259954893560 0.709645 -0.0830289 -0.613773
1532259954931459 0.767463 -0.132541 -0.531042
1532259954954404 0.813018 -0.15954 -0.475323
1532259955036178 0.844602 -0.282558 -0.286458
1532259955074078 0.862644 -0.284566 -0.280541
1532259955110979 0.87614 -0.241226 -0.369674
1532259955193769 0.924978 -0.0830235 -0.678609
1532259955314435 0.669879 -0.00722206 -1.011
1532259955357320 0.66491 -0.0361635 -0.992559
1532259955553796 0.734891 -0.127439 -0.631595
1532259955636573 0.69077 -0.0187778 -0.865265
1532259955696413 0.633394 0.0440428 -1.09505
1532259956039496 0.491993 0.0171117 -1.10952
1532259956084375 0.4933 0.0283068 -0.995382
1532259956182114 0.508413 0.0354835 -0.691755
1532259956366621 0.487704 -0.0124096 -0.396076
1532259956417485 0.442362 -0.0414831 -0.326391
1532259956596008 0.323654 -0.145844 -0.28738
1532259956661832 0.271654 -0.164698 -0.265318
1532259956768546 0.284643 -0.159923 -0.246093
1532259956821415 0.28934 -0.137046 -0.245254
1532259956842349 0.267236 -0.118498 -0.243455

1532259956881245 0.198782 -0.118128 -0.23492
1532259956965022 0.205617 -0.140874 -0.233965
1532259957045805 0.182504 -0.119908 -0.234076
1532259957099661 0.158505 -0.107834 -0.246915
1532259957182439 0.161401 -0.0956001 -0.253683
1532259957227320 0.158563 -0.0905453 -0.25668
1532259957262226 0.157592 -0.0894478 -0.259735
1532259957302130 0.159417 -0.0881616 -0.262326
1532259957322066 0.158595 -0.088078 -0.263269
1532259957383901 0.156062 -0.0874715 -0.265924
1532259957429778 0.155417 -0.0889619 -0.268594
1532259957467677 0.155832 -0.0911261 -0.270543
1532259957519544 0.159373 -0.093455 -0.272786
1532259957542477 0.160991 -0.0956368 -0.273947
1532259957593341 0.161954 -0.100267 -0.274906
1532259957652184 0.170462 -0.104165 -0.275421
1532259957700055 0.192681 -0.087413 -0.28367
1532259957741944 0.190183 -0.0856568 -0.287816
1532259957842674 0.168808 -0.0904005 -0.283083
1532259957923458 0.165552 -0.114304 -0.272928
1532259957962358 0.148416 -0.123163 -0.263212
1532259958004242 0.138163 -0.124759 -0.244583
1532259958065079 0.107789 -0.0957022 -0.190849
1532259958081037 0.0979512 -0.077702 -0.16899
1532259958102978 0.0922718 -0.0553187 -0.147295
1532259958163816 0.084583 0.0289482 -0.0744256
1532259958223655 0.0686327 0.131566 0.00917486
1532259958238616 0.0686971 0.168566 0.0385354
1532259958261554 0.0694706 0.20488 0.0689143
1532259958351314 0.0629124 0.347791 0.191716
1532259958434093 0.0835954 0.445847 0.279496
1532259958465016 0.111239 0.521075 0.349475
1532259958503906 0.126049 0.545797 0.372686
1532259958544797 0.155682 0.603233 0.426102
1532259958604643 0.18365 0.651051 0.470109
1532259958689410 0.252622 0.705439 0.533245
1532259958831032 0.297514 0.74935 0.532741
1532259958906828 0.232673 0.672022 0.41586
1532259958996588 0.177956 0.6274 0.349574
1532259959125245 0.00681768 0.340709 0.0676968
1532259959198049 0.00756706 0.206274 0.00434211
1532259959243927 0.0283159 0.113495 -0.0267604
1532259959326706 0.0526161 0.109909 -0.0259661
1532259959347650 0.0466641 0.111459 -0.0227101
1532259959535148 0.120286 0.291089 0.117058
1532259959587010 0.22734 0.426185 0.25383
1532259959626903 0.353517 0.531183 0.398071
1532259959725639 0.778627 0.743511 0.790974
1532259960014900 1.21257 0.819745 1.16098
1532259960085676 1.22985 0.824033 1.18896
1532259960149505 1.22219 0.829397 1.19561
1532259960211342 1.14671 0.824683 1.13522
1532259960294119 0.907122 0.798296 0.893798
1532259960376897 0.697567 0.723519 0.655146
1532259960429756 0.506118 0.525751 0.36387
1532259960449703 0.468527 0.460286 0.302472
1532259960503559 0.391463 0.326815 0.193396
1532259960517521 0.366356 0.26441 0.138936
1532259960580353 0.315848 0.15181 0.0651297
1532259960626231 0.30127 0.0527924 0.00443417
1532259960729964 0.336115 0.0367445 0.00747338
1532259960774833 0.346412 0.0382991 0.0141387
1532259960796774 0.389781 0.0398068 0.0417102
1532259960885550 0.483275 0.0158637 0.168668
1532259960930417 0.541259 -0.00133333 0.219352
1532259960969313 0.564525 -0.0112497 0.245094
1532259960990257 0.591716 -0.0304995 0.28969
1532259961029153 0.617505 -0.0360444 0.316997
1532259961051094 0.622473 -0.0375603 0.324744
1532259961066054 0.623881 -0.036854 0.32501
1532259961127889 0.630914 -0.0369174 0.309363
1532259961186732 0.638203 -0.0875804 0.255587
1532259961238593 0.644574 -0.14451 0.256758
1532259961252556 0.668504 -0.175728 0.268216
1532259961312402 0.793403 -0.250848 0.34722
1532259961336344 0.82987 -0.278154 0.382275
1532259961389190 0.882243 -0.351451 0.462049
1532259961477960 0.933758 -0.341987 0.390306
1532259961508876 0.951655 -0.307994 0.26096
1532259961531816 0.962344 -0.284495 0.185471
1532259961591656 0.955341 -0.222986 -0.0254474
1532259961613597 0.929407 -0.211636 -0.0844695
1532259961651496 0.85915 -0.201801 -0.156613
1532259961672439 0.825941 -0.216003 -0.165665
1532259961740259 0.82546 -0.26912 -0.104866
1532259961749234 0.858851 -0.281231 -0.0586744
1532259961792119 0.904171 -0.321027 0.0601545
1532259961824034 0.909154 -0.343521 0.121492
1532259961912797 0.892835 -0.457464 0.31057
1532259961952691 0.90002 -0.481449 0.287603
1532259962071373 1.03887 -0.395194 -0.111946
1532259962094312 1.0498 -0.361917 -0.181455
1532259962108280 1.06503 -0.331863 -0.249671
1532259962131230 1.06858 -0.308874 -0.317749
1532259962154180 1.05739 -0.291512 -0.376319
1532259962168115 1.03015 -0.279691 -0.417869
1532259962236930 0.949297 -0.284803 -0.446165
1532259962273836 0.944083 -0.312043 -0.397464
1532259962311730 0.963218 -0.347446 -0.319794
1532259962354620 0.992339 -0.404306 -0.23508
1532259962394525 0.989256 -0.476469 -0.162958
1532259962431409 0.959853 -0.525995 -0.119546
1532259962535133 1.03864 -0.457503 -0.230017
1532259962551090 1.05234 -0.429392 -0.281347
1532259962574031 1.06246 -0.398796 -0.338566
1532259962601954 1.06572 -0.332624 -0.454899
1532259962639852 1.05862 -0.2681 -0.561525
1532259962661793 1.04486 -0.246066 -0.609499
1532259962699692 0.988425 -0.224128 -0.679921
1532259962721634 0.966241 -0.233792 -0.699822
1532259962766514 0.962858 -0.27284 -0.713575
1532259962857271 1.00424 -0.427144 -0.64095
1532259962879212 1.01658 -0.449534 -0.627981
1532259962917112 1.05722 -0.48365 -0.622672
1532259962977948 1.03082 -0.461125 -0.674842
1532259963036791 1.07975 -0.366956 -0.792569
1532259963262189 0.828363 -0.0982514 -1.1942
1532259963346963 0.806493 -0.126995 -1.22235
1532259963381868 0.828923 -0.146152 -1.21276
1532259963396829 0.832732 -0.156008 -1.19829
1532259963428743 0.821325 -0.162203 -1.17658
1532259963622226 0.69256 -0.136908 -0.685346
1532259963698023 0.651971 -0.134529 -0.517419
1532259963749884 0.599919 -0.140091 -0.379589
1532259963779804 0.571398 -0.147718 -0.317256
1532259963803741 0.556569 -0.151885 -0.295535
1532259963825681 0.54321 -0.157213 -0.279115
1532259963921435 0.44819 -0.205228 -0.261121
1532259963961319 0.424311 -0.214895 -0.265115
1532259964081996 0.334335 -0.231039 -0.273438
1532259964179735 0.394839 -0.215369 -0.273329

1532259964254536 0.320956 -0.184187 -0.253497
1532259964674411 0.257071 -0.169285 -0.25007
1532259964719292 0.258023 -0.163147 -0.255645
1532259964794092 0.256586 -0.160629 -0.257266
1532259964816034 0.262531 -0.161552 -0.258225
1532259964853948 0.265245 -0.162957 -0.258451
1532259964898842 0.264376 -0.16759 -0.257031
1532259964932747 0.262455 -0.16866 -0.256243
1532259964964649 0.259544 -0.168518 -0.257172
1532259965039449 0.261334 -0.163961 -0.259071
1532259965099310 0.280572 -0.146459 -0.260844
1532259965144191 0.289745 -0.144252 -0.259725
1532259965159151 0.291741 -0.144485 -0.258072
1532259965198047 0.275458 -0.145794 -0.256295
1532259965227967 0.265071 -0.14713 -0.256408
1532259965298778 0.236477 -0.162773 -0.250518
1532259965339668 0.218113 -0.178243 -0.232625
1532259965415465 0.226244 -0.178138 -0.195529
1532259965519188 0.226498 -0.0927906 -0.0675119
1532259965564067 0.23463 -0.0271253 -0.0138916
1532259965619918 0.266574 0.100032 0.0742263
1532259965702697 0.355476 0.313242 0.222077
1532259965754559 0.417693 0.428278 0.311453
1532259965777497 0.497879 0.535894 0.415819
1532259965798441 0.546835 0.586874 0.470043
1532259965850303 0.668264 0.673939 0.57868
1532259965918121 0.829611 0.76746 0.737116
1532259965994915 0.945773 0.812204 0.866403
1532259966130564 0.991103 0.834608 0.945678
1532259966172440 0.88471 0.827966 0.840522
1532259966195379 0.836917 0.822111 0.792309
1532259966262202 0.661659 0.777258 0.61889
1532259966330019 0.454163 0.645668 0.383066
1532259966459677 0.273424 0.342926 0.12842
1532259966803753 0.161007 -0.152556 -0.0798953
1532259966871572 0.154996 -0.148515 -0.0808114
1532259966886535 0.155655 -0.14535 -0.0817114
1532259966955359 0.152749 -0.134713 -0.0823644
1532259966984279 0.152124 -0.126517 -0.0822888
1532259967083007 0.151728 -0.116924 -0.0810183
1532259967131876 0.147598 -0.0992512 -0.0780714
1532259967164788 0.14812 -0.116657 -0.0763603
1532259967214654 0.15013 -0.0986209 -0.0636852
1532259967268510 0.163209 -0.0536573 -0.0314674
1532259967327353 0.200082 0.0305283 0.0320216
1532259967366253 0.241133 0.136243 0.0904934
1532259967577700 0.66574 0.768653 0.630018
1532259967666458 1.01402 0.878159 0.962534
1532259967734264 1.05417 0.883036 1.00511
1532259967786125 1.1555 0.873051 1.09487
1532259967859929 1.17181 0.860187 1.11537
1532259967906804 1.1749 0.857273 1.13307
1532259968048424 1.04579 0.860421 1.02084
1532259968070366 0.984195 0.858469 0.948739
1532259968156136 0.788348 0.805969 0.69622
1532259968215991 0.598278 0.693693 0.436409
1532259968324687 0.369706 0.345999 0.0815848
1532259968500216 0.384973 0.214321 -0.00646875
1532259968566041 0.395465 0.212494 -0.000452612
1532259968619896 0.415742 0.195826 0.0278971
1532259968687715 0.44909 0.194947 0.0797549
1532259968731597 0.48081 0.199008 0.145068
1532259968770494 0.479856 0.197929 0.167948
1532259968859256 0.447346 0.181688 0.224682
1532259968897155 0.448469 0.151845 0.252823
1532259969076675 0.571222 0.0359609 0.306968
1532259969114573 0.57136 0.037759 0.29452
1532259969211327 0.571681 -0.0371711 0.230924
1532259969256195 0.631674 -0.104363 0.262148
1532259969277139 0.730157 -0.165853 0.332647
1532259969317032 0.771462 -0.196286 0.376804
1532259969343960 0.830135 -0.246511 0.46348
1532259969361913 0.84536 -0.268203 0.493858
1532259969398814 0.857363 -0.273734 0.505872
1532259969441698 0.893609 -0.241981 0.43549
1532259969516498 0.926881 -0.179543 0.178897
1532259969577336 0.874727 -0.150548 -0.00890934
1532259969599278 0.823965 -0.15591 -0.0492836
1532259969637176 0.768087 -0.172265 -0.068316
1532259969662125 0.780209 -0.195445 -0.0512934
1532259969674078 0.806315 -0.220731 -0.0188283
1532259969727933 0.873272 -0.246655 0.0776893
1532259969764846 0.908695 -0.277147 0.183355
1532259969791763 0.907158 -0.293608 0.224535
1532259969914434 0.941215 -0.257462 0.0232336
1532259969997213 0.970261 -0.221097 -0.262706
1532259970036110 0.946074 -0.244637 -0.369371
1532259970057054 0.914857 -0.246024 -0.387279
1532259970078995 0.891675 -0.263431 -0.383241
1532259970116894 0.861948 -0.29729 -0.326983
1532259970142824 0.866694 -0.309315 -0.279763
1532259970155790 0.883528 -0.310837 -0.22647
1532259970176733 0.889753 -0.313799 -0.170634
1532259970199672 0.879774 -0.32195 -0.120664
1532259970236573 0.83862 -0.315679 -0.0434938
1532259970277464 0.811254 -0.308186 0.0108439
1532259970337318 0.862629 -0.275462 0.00603703
1532259970426067 0.978268 -0.171703 -0.235601
1532259970439031 0.979039 -0.146079 -0.318386
1532259970456984 0.975909 -0.125364 -0.393558
1532259970476931 0.965276 -0.112789 -0.462117
1532259970499869 0.951169 -0.104713 -0.524933
1532259970536770 0.928396 -0.110031 -0.61355
1532259970577662 0.901565 -0.147111 -0.651826
1532259970598605 0.883268 -0.174872 -0.651119
1532259970679389 0.836223 -0.28023 -0.559954
1532259970705320 0.814187 -0.286337 -0.532348
1532259970765160 0.785423 -0.240981 -0.518662
1532259970777127 0.794159 -0.207462 -0.542844
1532259970799069 0.800218 -0.17734 -0.580884
1532259970876861 0.80987 -0.082037 -0.810105
1532259970959639 0.691084 -0.0751532 -0.997438
1532259971101261 0.695953 -0.120493 -1.04827
1532259971116221 0.697814 -0.12529 -1.04903
1532259971399463 0.562948 -0.139721 -1.0117
1532259971520141 0.51888 -0.0840858 -0.666157
1532259971639820 0.500315 -0.0628567 -0.37508
1532259971699660 0.48782 -0.0807627 -0.308632
1532259971746536 0.467205 -0.0982442 -0.288978
1532259971789420 0.434744 -0.119115 -0.281103
1532259971875204 0.373 -0.149751 -0.273435
1532259971919074 0.343001 -0.167295 -0.26715
1532259971948994 0.335181 -0.172783 -0.267061
1532259972010830 0.332823 -0.19343 -0.268642
1532259972098594 0.377334 -0.15615 -0.263604

1532259972151453 0.307428 -0.150167 -0.25084
1532259972219271 0.296638 -0.174634 -0.235785
1532259972262172 0.288545 -0.188024 -0.234532
1532259972300298 0.273906 -0.164013 -0.235198
1532259972339195 0.252366 -0.156914 -0.239085
1532259972362133 0.244125 -0.155115 -0.241057
1532259972421973 0.261298 -0.148685 -0.241248
1532259972435936 0.261576 -0.146613 -0.241735
1532259972488802 0.257971 -0.142478 -0.242208
1532259972541653 0.256992 -0.139144 -0.24601
1532259972586533 0.254341 -0.140453 -0.252169
1532259972640389 0.258062 -0.142254 -0.256348
1532259972705216 0.256386 -0.146815 -0.262543
1532259972736133 0.256956 -0.148449 -0.264931
1532259972765056 0.274606 -0.142102 -0.272093
1532259972782010 0.285791 -0.13582 -0.276627
1532259972841851 0.297968 -0.132588 -0.285807
1532259972863792 0.292476 -0.133888 -0.283533
1532259972917648 0.264623 -0.143038 -0.279926
1532259972961531 0.189692 -0.153021 -0.264759
1532259972998431 0.179301 -0.151947 -0.234139
1532259973050293 0.147304 -0.133055 -0.189172
1532259973102154 0.106007 -0.0941639 -0.118377
1532259973118111 0.0958581 -0.0853653 -0.0983188
1532259973207872 0.0221626 -0.0487531 -0.00750088
1532259973321568 -0.0877224 0.0641606 0.10665
1532259973381413 -0.137753 0.156315 0.157281
1532259973411343 -0.150367 0.190386 0.173414
1532259973464186 -0.193923 0.309758 0.222619
1532259973544970 -0.189749 0.472008 0.285826
1532259973612795 -0.171355 0.563586 0.32192
1532259973672629 -0.170597 0.619316 0.328885
1532259973750421 -0.220362 0.647918 0.287453
1532259973801284 -0.318268 0.632501 0.162134
1532259973824223 -0.352585 0.615825 0.123117
1532259973900020 -0.458105 0.517932 0.0072992
1532259973975818 -0.531855 0.358016 -0.0780795
1532259973989780 -0.564416 0.301663 -0.0867974
1532259974026682 -0.54708 0.22382 -0.095686
1532259974063588 -0.538803 0.221471 -0.0973011
1532259974101482 -0.540105 0.225189 -0.0943102
1532259974139381 -0.525824 0.230695 -0.0946584
1532259974169300 -0.512532 0.234896 -0.0925529
1532259974221162 -0.509568 0.241931 -0.090101
1532259974281999 -0.498913 0.24557 -0.0908986
1532259974342837 -0.499138 0.244195 -0.092345
1532259974394698 -0.499743 0.236882 -0.0925517
1532259974454538 -0.490415 0.225666 -0.085563
1532259974484458 -0.473875 0.229141 -0.0746422
1532259974520362 -0.468845 0.238207 -0.0723093
1532259974598154 -0.449745 0.29773 -0.0587209
1532259974656996 -0.390572 0.370589 -0.0393271
1532259974731796 -0.0348349 0.730546 0.197758
1532259974835519 0.476435 0.917861 0.632587
1532259975066900 1.10069 0.914551 1.13096
1532259975151674 1.16024 0.920561 1.19348
1532259975391033 0.998017 0.966263 0.944938
1532259975579529 0.483481 0.754267 0.276992
1532259975637380 0.303128 0.517418 0.0657405
1532259975690233 0.244731 0.327102 -0.0477945
1532259975757055 0.306447 0.23716 -0.114822
1532259975766031 0.287129 0.226734 -0.115417
1532259975946548 0.329164 0.226958 -0.0961022
1532259976290628 0.610722 0.158703 0.304045
1532259976329524 0.620326 0.136404 0.318893
1532259976356452 0.634388 0.0729563 0.332027
1532259976373407 0.64758 0.0454871 0.326254
1532259976433247 0.674879 -0.0249961 0.309785
1532259976541957 0.697744 -0.145124 0.215853
1532259976569881 0.658521 -0.213113 0.198071
1532259976600799 0.660616 -0.273151 0.223457
1532259976667631 0.77187 -0.330709 0.328549
1532259976694548 0.82156 -0.367649 0.418945
1532259976749402 0.840328 -0.404114 0.485248
1532259976814228 0.889381 -0.414987 0.438722
1532259976855124 0.907598 -0.393655 0.317758
1532259976876070 0.918339 -0.375053 0.24979
1532259976941886 0.908389 -0.305558 0.0593075
1532259977019678 0.762536 -0.281452 -0.0332105
1532259977070542 0.75992 -0.334131 0.0247226
1532259977093481 0.861683 -0.360849 0.108053
1532259977144345 0.945194 -0.409214 0.197145
1532259977257044 0.983335 -0.455423 0.112703
1532259977287978 1.01596 -0.437106 0.0429682
1532259977334836 1.07447 -0.353127 -0.183653
1532259977357775 1.07592 -0.315184 -0.259882
1532259977436564 0.976296 -0.26076 -0.480131
1532259977497413 0.895626 -0.301628 -0.445642
1532259977575193 0.884077 -0.369125 -0.246748
1532259977635033 0.896878 -0.406975 -0.0989196
1532259977676921 0.90317 -0.399614 -0.08322
1532259977702852 0.90893 -0.386605 -0.112688
1532259977714820 0.921306 -0.368087 -0.159264
1532259977777652 1.00707 -0.277616 -0.355028
1532259977814552 1.02387 -0.217818 -0.499629
1532259977917278 0.879226 -0.244308 -0.682617
1532259978096798 0.930073 -0.359979 -0.530837
1532259978257369 0.927825 -0.132443 -0.932643
1532259978354113 0.76835 -0.118994 -1.10837
1532259978517672 0.774171 -0.302582 -0.891886
1532259978637353 0.786723 -0.210508 -0.965702
1532259978803907 0.559201 -0.229528 -1.22968
1532259978817870 0.52819 -0.241123 -1.19803
1532259978884691 0.545935 -0.240142 -1.05332
1532259979075182 0.510357 -0.193867 -0.472352
1532259979119064 0.478078 -0.183917 -0.373762
1532259979169928 0.45423 -0.188064 -0.341345
1532259979199848 0.43285 -0.205683 -0.32668
1532259979223796 0.418724 -0.213981 -0.325232
1532259979246723 0.402227 -0.221884 -0.325405
1532259979283625 0.362586 -0.233594 -0.329694
1532259979336483 0.280209 -0.238169 -0.3338
1532259979419267 0.27874 -0.237802 -0.329262
1532259979441206 0.30355 -0.235921 -0.328716
1532259979464147 0.318943 -0.233696 -0.324003
1532259979479102 0.333437 -0.231923 -0.314175
1532259979517998 0.341956 -0.233726 -0.305547
1532259979522984 0.338935 -0.224168 -0.302057

1532259979577852 0.308067 -0.212008 -0.277222
1532259979591800 0.290571 -0.214313 -0.267624
1532259979612744 0.282505 -0.212332 -0.254436
1532259979650642 0.287744 -0.223331 -0.251958
1532259979672584 0.276078 -0.22401 -0.244939
1532259979702504 0.264141 -0.233443 -0.244781
1532259979732424 0.225702 -0.188102 -0.251135
1532259979779302 0.194254 -0.186477 -0.256262
1532259979794259 0.184447 -0.179162 -0.259924
1532259979837144 0.182907 -0.167444 -0.258192
1532259979852105 0.185738 -0.160979 -0.255558
1532259979875042 0.186794 -0.155145 -0.254061
1532259979891000 0.190315 -0.158899 -0.254523
1532259979912942 0.188593 -0.147213 -0.255746
1532259979958823 0.180653 -0.125688 -0.259496
1532259980003698 0.169075 -0.116645 -0.263726
1532259980056558 0.158011 -0.10061 -0.272344
1532259980078499 0.156011 -0.0972847 -0.275767
1532259980132355 0.151642 -0.0917166 -0.282474
1532259980152302 0.150266 -0.0912215 -0.283472
1532259980205160 0.150102 -0.0928941 -0.282853
1532259980251038 0.16361 -0.100297 -0.279702
1532259980273976 0.165039 -0.101165 -0.278756
1532259980294920 0.165211 -0.102394 -0.278635
1532259980378696 0.170958 -0.105267 -0.282606
1532259980438544 0.198918 -0.0935515 -0.297835
1532259980482419 0.200739 -0.0934343 -0.30153
1532259980521315 0.191411 -0.103444 -0.303736
1532259980550237 0.178888 -0.110917 -0.30487
1532259980581155 0.134193 -0.121553 -0.294372
1532259980628029 0.121157 -0.122855 -0.284016
1532259980679890 0.104538 -0.12541 -0.253245
1532259980752696 0.0779676 -0.119107 -0.184418
1532259980782615 0.0675357 -0.116361 -0.150638
1532259980904308 0.0211869 -0.0785803 -0.0539817
1532259980941191 0.0137001 -0.0428494 -0.0182425
1532259981001032 -0.0131995 0.0275166 0.0435276
1532259981023970 -0.0120329 0.0573192 0.0660982
1532259981037934 -0.00836371 0.0911988 0.0900755
1532259981105752 -0.00547766 0.163448 0.141254
1532259981190525 0.00869279 0.302623 0.234484
1532259981258354 0.0135514 0.384777 0.287525
1532259981262333 0.0145865 0.408375 0.301946
1532259981311203 0.0159288 0.447884 0.32158
1532259981375046 -6.4118e-05 0.484563 0.331438
1532259981407944 -0.0119352 0.492845 0.32994
1532259981459805 -0.0376463 0.502965 0.311229
1532259981588461 -0.127615 0.427956 0.205679
1532259981617384 -0.137905 0.398991 0.181147
1532259981728088 -0.200428 0.154897 0.0235255
1532259981771971 -0.2579 0.0556913 -0.000574615
1532259981812877 -0.227263 0.0323889 -0.0111923
1532259981871703 -0.225902 0.0349078 -0.00961224
1532259981947501 -0.234621 0.0490589 -0.0103322
1532259981997367 -0.233295 0.0529878 -0.0103913
1532259982022301 -0.234955 0.0576039 -0.0108585
1532259982050226 -0.2371 0.067152 -0.0132903
1532259982097101 -0.236946 0.0709926 -0.0150969
1532259982140983 -0.236977 0.0864179 -0.0168155
1532259982268642 -0.2252 0.225147 0.0270969
1532259982291581 -0.2212 0.259854 0.0428233
1532259982367378 -0.201968 0.300853 0.0620077
1532259982412258 -0.0214009 0.497929 0.169485
1532259982487062 0.337009 0.761179 0.458114
1532259982546898 0.613714 0.875698 0.709858
1532259982645635 0.943111 0.931715 0.97484
1532259982704477 1.04753 0.935963 1.07087
1532259982755341 1.08784 0.932937 1.09865
1532259982829143 1.12459 0.928681 1.14033
1532259982891975 1.11019 0.932165 1.13273
1532259982958797 0.976222 0.937989 0.989208
1532259982994700 0.833961 0.919992 0.813829
1532259983035591 0.755182 0.896606 0.717042
1532259983095431 0.530969 0.765877 0.427362
1532259983124367 0.477764 0.703986 0.345002
1532259983200151 0.322471 0.408323 0.125528
1532259983331800 0.309825 0.159082 0.029234
1532259983401612 0.329675 0.147355 0.052722
1532259983678871 0.637601 -0.00517067 0.315448
1532259983791569 0.611079 -0.168399 0.272433
1532259983819495 0.627793 -0.236913 0.316488
1532259983834455 0.655317 -0.254599 0.353146
1532259983889308 0.742501 -0.291397 0.439581
1532259983965106 0.819282 -0.354937 0.50012
1532259983993036 0.857587 -0.353162 0.439649
1532259984013984 0.875311 -0.351565 0.38311
1532259984059852 0.904226 -0.33559 0.233645
1532259984074812 0.901762 -0.322852 0.154857
1532259984111730 0.879625 -0.278207 0.020117
1532259984134652 0.861345 -0.260692 -0.0390082
1532259984159599 0.8288 -0.246419 -0.0801349
1532259984171554 0.7893 -0.236477 -0.0978239
1532259984194492 0.761398 -0.24781 -0.0971046
1532259984234386 0.764754 -0.291734 -0.0443393
1532259984262310 0.800599 -0.314398 -0.0018295
1532259984292231 0.882429 -0.382477 0.111172
1532259984361047 0.880849 -0.493906 0.228536
1532259984444823 0.903342 -0.539937 0.100018
1532259984494690 1.00256 -0.44996 -0.183473
1532259984512642 1.01834 -0.413819 -0.275341
1532259984533585 1.02075 -0.377642 -0.362019
1532259984555527 0.999589 -0.350052 -0.434792
1532259984588441 0.966402 -0.333031 -0.478685
1532259984638306 0.845223 -0.335875 -0.473844
1532259984674209 0.864187 -0.372467 -0.396492
1532259984752001 0.88817 -0.475645 -0.233262
1532259984773943 0.881062 -0.473091 -0.226056
1532259984841761 0.911476 -0.386702 -0.356196
1532259984871682 0.981635 -0.295452 -0.531376
1532259984916562 1.01878 -0.221375 -0.714408
1532259984954460 0.910857 -0.204205 -0.861433
1532259984991361 0.821872 -0.209141 -0.915103
1532259985193833 0.938909 -0.209186 -0.758049
1532259985253660 0.895635 -0.100834 -0.93322
1532259985374337 0.724735 -0.0854978 -1.26706
1532259985530918 0.837473 -0.196039 -1.26201
1532259985756316 0.541289 -0.209392 -1.61562
1532259985801196 0.509558 -0.215426 -1.53937
1532259985816173 0.534698 -0.210805 -1.48998
1532259985907910 0.588721 -0.189699 -1.2779
1532259986116354 0.5537 -0.114481 -0.359236
1532259986161238 0.545598 -0.117411 -0.298627
1532259986197138 0.530717 -0.130054 -0.266959
1532259986229051 0.522859 -0.138619 -0.259738
1532259986287894 0.460847 -0.1683 -0.257261
1532259986311830 0.434637 -0.176814 -0.258914
1532259986333772 0.411617 -0.186021 -0.260533
1532259986386630 0.408735 -0.196496 -0.270171
1532259986432514 0.417268 -0.197565 -0.270604
1532259986453459 0.365763 -0.182207 -0.265761

1532259986476403 0.331716 -0.168832 -0.25885
1532259986530246 0.306245 -0.164666 -0.25623
1532259986567148 0.280584 -0.165577 -0.246426
1532259986582107 0.28027 -0.168635 -0.244236
1532259986625997 0.279738 -0.178328 -0.242163
1532259986654920 0.272274 -0.18575 -0.242218
1532259986678856 0.261211 -0.178968 -0.249626
1532259986693816 0.259494 -0.160598 -0.24748
1532259986782578 0.216798 -0.140628 -0.25258
1532259986806514 0.219405 -0.132476 -0.253937
1532259986859373 0.218126 -0.121626 -0.259626
1532259986947161 0.204349 -0.111952 -0.265831
1532259986979076 0.200054 -0.108144 -0.268721
1532259987016975 0.197684 -0.107405 -0.271943
1532259987076815 0.19645 -0.104268 -0.276861
1532259987136655 0.187751 -0.102066 -0.281395
1532259987159594 0.186294 -0.100924 -0.282548
1532259987197493 0.185856 -0.0998927 -0.283791
1532259987241403 0.185912 -0.100335 -0.285687
1532259987256360 0.185637 -0.101141 -0.285375
1532259987300242 0.188409 -0.102462 -0.282969
1532259987316207 0.191478 -0.103056 -0.281239
1532259987345123 0.193645 -0.103994 -0.279998
1532259987398984 0.197313 -0.10644 -0.277647
1532259987436186 0.202834 -0.103317 -0.277932
1532259987481079 0.225705 -0.085983 -0.285691
1532259987496041 0.235709 -0.082042 -0.290637
1532259987539922 0.235996 -0.0756019 -0.299918
1532259987631677 0.201489 -0.0887254 -0.29102
1532259987661597 0.175419 -0.0998171 -0.28559
1532259987683538 0.168572 -0.106731 -0.280727
1532259987721440 0.14854 -0.116114 -0.261034
1532259987781276 0.111268 -0.109676 -0.207377
1532259987819175 0.0818218 -0.0954795 -0.169089
1532259987841116 0.0624801 -0.086675 -0.146468
1532259987879015 0.0100303 -0.0677206 -0.0974802
1532259987924892 -0.0231397 -0.0536002 -0.071201
1532259987944839 -0.0731658 -0.0121786 -0.0156786
1532259987961793 -0.0973706 0.0124681 0.0125913
1532259988043575 -0.192637 0.125065 0.131044
1532259988058535 -0.214642 0.147183 0.161119
1532259988102417 -0.248152 0.188377 0.219311
1532259988141313 -0.266108 0.232686 0.280303
1532259988162258 -0.270494 0.25304 0.312934
1532259988247031 -0.290334 0.307378 0.368262
1532259988298910 -0.311056 0.373956 0.387838
1532259988342775 -0.306452 0.398453 0.381993
1532259988397629 -0.297084 0.410783 0.370497
1532259988418572 -0.28832 0.412307 0.351562
1532259988472428 -0.286279 0.412059 0.339099
1532259988524290 -0.286776 0.419046 0.281704
1532259988561191 -0.283778 0.429003 0.250233
1532259988600092 -0.284453 0.43358 0.237802
1532259988659927 -0.30992 0.416158 0.180144
1532259988719767 -0.348389 0.366574 0.106708
1532259988732732 -0.360703 0.335308 0.0744956
1532259988763650 -0.379489 0.266453 0.0171217
1532259988802545 -0.415799 0.23307 0.00236165
1532259988808530 -0.45684 0.203477 -0.00715608
1532259988876360 -0.425273 0.141301 -0.019417
1532259988953158 -0.42645 0.137298 -0.0107456
1532259988995031 -0.426479 0.134369 -0.0156191
1532259989009991 -0.423389 0.134157 -0.0182405
1532259989077810 -0.422226 0.130995 -0.0242349
1532259989139645 -0.418667 0.133348 -0.036749
1532259989235388 -0.373627 0.200395 -0.0302609
1532259989304204 -0.2211 0.377142 0.0351553
1532259989355068 -0.00251944 0.56631 0.15184
1532259989507660 0.76169 0.860617 0.768594
1532259989643298 1.08895 0.872322 1.04174
1532259989715105 1.12757 0.868654 1.07968
1532259989745026 1.15705 0.863237 1.11067
1532259989782924 1.16022 0.863622 1.11486
1532259989796900 1.16141 0.866869 1.12104
1532259989873681 1.13074 0.88024 1.10056
1532259989972422 0.869138 0.87194 0.798298
1532259990060182 0.610067 0.755426 0.456775
1532259990129996 0.454375 0.584451 0.232754
1532259990197831 0.299451 0.332714 0.0540341
1532259990414236 0.348156 0.190152 0.0434988
1532259990489036 0.457252 0.163637 0.135637
1532259990540897 0.516176 0.141277 0.190621
1532259990599741 0.618366 0.0770558 0.283468
1532259990629660 0.613614 0.0552246 0.285238
1532259990676534 0.601944 0.037117 0.276524
1532259990698475 0.604034 -0.00446985 0.259532
1532259990729393 0.610335 -0.0475682 0.234646
1532259990797212 0.616209 -0.109055 0.215658
1532259990818156 0.621192 -0.133703 0.217761
1532259990869020 0.669866 -0.212353 0.258469
1532259990932849 0.768544 -0.277739 0.355107
1532259990990695 0.860011 -0.350389 0.416238
1532259991019617 0.883446 -0.368318 0.411536
1532259991097409 0.920969 -0.423222 0.21398
1532259991116358 0.942398 -0.418221 0.132031
1532259991156252 0.966973 -0.400128 -0.0317399
1532259991171212 0.95809 -0.385208 -0.110139
1532259991192156 0.938309 -0.368017 -0.181211
1532259991210108 0.910732 -0.352898 -0.240373
1532259991251995 0.850786 -0.331778 -0.306033
1532259991269948 0.805955 -0.331757 -0.314642
1532259991290892 0.75951 -0.33516 -0.304085
1532259991329788 0.72499 -0.35946 -0.260132
1532259991352726 0.75471 -0.363506 -0.241344
1532259991412566 0.848159 -0.406853 -0.180569
1532259991434508 0.863236 -0.426676 -0.175525
1532259991449468 0.878358 -0.447487 -0.181933
1532259991510304 0.91568 -0.46606 -0.286768
1532259991532247 0.944811 -0.45357 -0.357229
1532259991552193 0.978263 -0.428465 -0.434795
1532259991629984 1.01433 -0.268818 -0.768699
1532259991658907 0.991505 -0.22268 -0.846653
1532259991711766 0.857101 -0.128775 -1.0418
1532259991792550 0.73253 -0.188041 -1.13594
1532259991831447 0.795057 -0.26047 -1.12618
1532259991852390 0.824086 -0.2882 -1.10497
1532259991891286 0.850898 -0.348251 -1.05076
1532259991912230 0.866168 -0.35816 -1.02916
1532259991973081 0.87711 -0.326739 -1.06506
1532259992056844 0.740993 -0.200963 -1.34169
1532259992152587 0.487658 -0.171152 -1.69794
1532259992214422 0.427832 -0.202164 -1.79383
1532259992265286 0.36057 -0.243819 -1.89876
1532259992358037 0.305705 -0.272871 -1.96099
1532259992393941 0.285878 -0.279377 -1.92868
1532259992431840 0.273942 -0.271289 -1.86438
1532259992482705 0.271274 -0.263679 -1.82344
1532259992596401 0.336653 -0.110026 -1.36383
1532259992774922 0.483998 -0.0377898 -0.621186
1532259992834763 0.505262 -0.0349551 -0.464343
1532259992894603 0.48934 -0.0688613 -0.370252
1532259992941482 0.452447 -0.100159 -0.336111
1532259992972395 0.444638 -0.115998 -0.32519
1532259993039216 0.409044 -0.177261 -0.302301
1532259993150918 0.37126 -0.223716 -0.291617
1532259993250651 0.398808 -0.175025 -0.285981

1532259993263616 0.376317 -0.160285 -0.27425
1532259993324454 0.327837 -0.167349 -0.247802
1532259993338417 0.327624 -0.17526 -0.241428
1532259993397258 0.30767 -0.195563 -0.23181
1532259993436155 0.291165 -0.194002 -0.236391
1532259993496995 0.235037 -0.157039 -0.256718
1532259993542870 0.217046 -0.150092 -0.264641
1532259993577776 0.200243 -0.129012 -0.277822
1532259993593733 0.193773 -0.123431 -0.2818
1532259993644608 0.196016 -0.114876 -0.289238
1532259993676518 0.194156 -0.1104 -0.293596
1532259993729371 0.182317 -0.109815 -0.294085
1532259993796192 0.181517 -0.108785 -0.2974
1532259993819130 0.178283 -0.109356 -0.297739
1532259993856041 0.171019 -0.109344 -0.298599
1532259993893930 0.168735 -0.108026 -0.300814
1532259993938811 0.166487 -0.106343 -0.302732
1532259993953773 0.166467 -0.106222 -0.302719
1532259993998651 0.173104 -0.104975 -0.302915
1532259994074448 0.184179 -0.10541 -0.300473
1532259994096392 0.183733 -0.104256 -0.300204
1532259994134300 0.185095 -0.101797 -0.30041
1532259994207099 0.183539 -0.099907 -0.301986
1532259994224054 0.181988 -0.099195 -0.302805
1532259994261959 0.180262 -0.0990406 -0.303306
1532259994282902 0.180272 -0.0981378 -0.303718
1532259994298860 0.179873 -0.0968795 -0.304553
1532259994343740 0.175532 -0.0953926 -0.306374
1532259994358700 0.172973 -0.0953418 -0.30721
1532259994373660 0.171755 -0.0950762 -0.308234
1532259994396599 0.171227 -0.0944439 -0.309381
1532259994419537 0.171268 -0.0934792 -0.310538
1532259994500321 0.177542 -0.0790566 -0.315616
1532259994553180 0.191347 -0.0642285 -0.322432
1532259994576125 0.176152 -0.0676074 -0.330484
1532259994599058 0.172566 -0.0672145 -0.327156
1532259994620001 0.173778 -0.0650906 -0.323427
1532259994679841 0.166858 -0.078733 -0.314027
1532259994696796 0.166857 -0.0825835 -0.313998
1532259994741676 0.166445 -0.0876003 -0.307733
1532259994769601 0.162252 -0.0913805 -0.302121
1532259994800519 0.145997 -0.0953353 -0.282694
1532259994816476 0.142269 -0.0951973 -0.269855
1532259994839415 0.140037 -0.0932234 -0.256974
1532259994876316 0.124261 -0.0865935 -0.226188
1532259994899255 0.112766 -0.0837032 -0.209195
1532259994920199 0.1008 -0.0796288 -0.193525
1532259994959095 0.0755046 -0.0700382 -0.160733
1532259994982045 0.0562378 -0.0656637 -0.14235
1532259994996005 0.0366601 -0.0616935 -0.125069
1532259995041873 0.0134868 -0.0587269 -0.101065
1532259995107713 -0.0464835 -0.0446056 -0.068713
1532259995183507 -0.13042 -0.0167363 -0.0370762
1532259995259291 -0.190484 0.0148955 -0.0173644
1532259995282230 -0.227623 0.0414346 -0.00191076
1532259995319132 -0.245809 0.0573933 0.00951967
1532259995341073 -0.27291 0.0937907 0.0339862
1532259995401910 -0.283491 0.133384 0.0601666
1532259995438812 -0.285654 0.199674 0.102026
1532259995461754 -0.284346 0.222653 0.116133
1532259995498652 -0.282998 0.266376 0.13967
1532259995537548 -0.281462 0.286249 0.147498
1532259995581430 -0.266692 0.337516 0.165152
1532259995602375 -0.262775 0.350539 0.168889
1532259995641270 -0.252609 0.373887 0.176905
1532259995664209 -0.248722 0.382803 0.179154
1532259995701110 -0.244927 0.393245 0.179636
1532259995730033 -0.242613 0.396578 0.179342
1532259995761948 -0.246079 0.397907 0.17338
1532259995798848 -0.245674 0.400565 0.171266
1532259995842732 -0.252883 0.410798 0.171275
1532259995879633 -0.257781 0.416149 0.171245
1532259995950443 -0.277389 0.424675 0.163983
1532259996003302 -0.286826 0.386121 0.118261
1532259996099046 -0.339553 0.290882 0.034399
1532259996152902 -0.454886 0.242964 -0.0277281
1532259996188806 -0.47114 0.207561 -0.0314413
1532259996226705 -0.432289 0.202174 -0.0362473
1532259996249644 -0.416138 0.196535 -0.0364861
1532259996293526 -0.434176 0.194742 -0.0380613
1532259996332423 -0.426611 0.194398 -0.0477567
1532259996354364 -0.425115 0.195052 -0.050004
1532259996377315 -0.42842 0.195925 -0.051163
1532259996429164 -0.434846 0.194939 -0.0543754
1532259996519921 -0.441839 0.190272 -0.0610767
1532259996562806 -0.440118 0.184284 -0.0620576
1532259996591728 -0.429693 0.195269 -0.057677
1532259996630625 -0.413066 0.223989 -0.046872
1532259996669520 -0.390263 0.269587 -0.0184504
1532259996744321 -0.324531 0.339688 0.0206533
1532259996809148 -0.010908 0.600582 0.195909
1532259996850037 0.162124 0.711866 0.319306
1532259996983680 0.755781 0.901657 0.812439
1532259996997644 0.84437 0.910269 0.880686
1532259997060476 0.999537 0.904099 1.00995
1532259997185142 1.11826 0.869602 1.09354
1532259997276897 1.17408 0.855101 1.14772
1532259997386603 1.12132 0.881532 1.11059
1532259997674833 0.38194 0.455668 0.127462
1532259997709739 0.321324 0.33173 0.0474824
1532259997739659 0.305762 0.287302 0.0234838
1532259997832412 0.329878 0.202086 0.000543502
1532259997876293 0.35168 0.195021 0.0171973
1532259997949098 0.444931 0.157255 0.0882434
1532259997983009 0.474118 0.139494 0.110931
1532259998109671 0.583787 0.00267744 0.238558
1532259998258273 0.612629 -0.0626187 0.248159
1532259998312134 0.621227 -0.0771464 0.225393
1532259998350027 0.666729 -0.125032 0.226622
1532259998368976 0.710754 -0.149419 0.234703
1532259998408869 0.83209 -0.203759 0.267814
1532259998489654 1.02549 -0.323041 0.335302
1532259998506608 1.05603 -0.347323 0.339653
1532259998528550 1.07719 -0.365347 0.333898
1532259998574427 1.10782 -0.384048 0.285191
1532259998649233 1.11569 -0.366012 0.0422447
1532259998709067 1.06442 -0.322006 -0.16101
1532259998730011 1.02563 -0.310123 -0.214143
1532259998791846 0.933113 -0.278737 -0.267535
1532259998805809 0.831465 -0.250478 -0.239777
1532259998849691 0.75854 -0.242612 -0.198031
1532259998888594 0.776238 -0.260852 -0.128147
1532259998911526 0.815118 -0.274062 -0.0921437
1532259998994304 0.896209 -0.284856 -0.0876858
1532259999077096 1.00123 -0.372312 -0.28116
1532259999172826 1.05605 -0.311135 -0.68663
1532259999211723 0.979725 -0.271699 -0.798468
1532259999292507 0.790253 -0.237785 -0.848796
1532259999331403 0.729204 -0.229625 -0.810645
1532259999352347 0.698428 -0.226749 -0.79045
1532259999429141 0.658867 -0.225091 -0.702026
1532259999533861 0.744836 -0.229419 -0.757948
1532259999631600 0.729636 -0.149887 -1.0661
1532259999699419 0.661499 -0.159038 -1.2767
1532260000074416 0.539203 -0.292141 -1.54061
1532260000194096 0.391153 -0.288174 -1.46528
1532260000501279 0.399637 -0.0429296 -0.541042
1532260000539187 0.401011 -0.0216578 -0.443281
1532260000606991 0.395593 -0.0100268 -0.366563
1532260000636912 0.397242 -0.00721108 -0.292226
1532260000710730 0.3872 -0.0298463 -0.248037
1532260000733653 0.373693 -0.0404219 -0.243155
1532260000756591 0.358719 -0.0496965 -0.240342
1532260000794490 0.330389 -0.0658181 -0.237421
1532260000816431 0.322086 -0.0751806 -0.23942
1532260000837376 0.318283 -0.0850392 -0.242206
1532260000854332 0.31229 -0.0956777 -0.245685
1532260000890234 0.302156 -0.108235 -0.249734
1532260000915168 0.29187 -0.136577 -0.256481
1532260000936111 0.302303 -0.143979 -0.259835
1532260000958061 0.316657 -0.1451 -0.26759
1532260001003930 0.341659 -0.143007 -0.266955
1532260001017892 0.352853 -0.119781 -0.2633

1532260001063786 0.298312 -0.0849112 -0.253773
1532260001094687 0.257911 -0.08677 -0.249362
1532260001137579 0.236375 -0.110514 -0.241008
1532260001154541 0.240622 -0.119158 -0.241545
1532260001220351 0.204009 -0.133228 -0.245988
1532260001244302 0.194677 -0.105877 -0.252146
1532260001274208 0.168847 -0.0879759 -0.263445
1532260001317093 0.124004 -0.0837542 -0.272355
1532260001377930 0.138269 -0.0876409 -0.27251
1532260001416826 0.158115 -0.0922322 -0.273232
1532260001437775 0.160963 -0.0942402 -0.2727
1532260001476666 0.15668 -0.098928 -0.270634
1532260001497610 0.156796 -0.0999316 -0.270231
1532260001514565 0.158745 -0.0996685 -0.270329
1532260001557450 0.159703 -0.0976393 -0.272551
1532260001596346 0.156134 -0.0934947 -0.276563
1532260001633248 0.164708 -0.0877605 -0.282995
1532260001656186 0.171092 -0.0853863 -0.286105
1532260001701066 0.169251 -0.082253 -0.288187
1532260001716035 0.16288 -0.0816282 -0.288792
1532260001738967 0.158486 -0.0812572 -0.288766
1532260001776864 0.155444 -0.0819616 -0.290152
1532260001813765 0.158449 -0.0827244 -0.290881
1532260001836717 0.159898 -0.0812256 -0.289828
1532260001902528 0.177642 -0.0600662 -0.29758
1532260001940426 0.1676 -0.0608648 -0.306137
1532260001985305 0.161171 -0.0575146 -0.30112
1532260002055124 0.130887 -0.0633666 -0.295616
1532260002099002 0.125219 -0.0788574 -0.286054
1532260002127936 0.119077 -0.0810144 -0.280452
1532260002158842 0.110103 -0.0862793 -0.256639
1532260002187764 0.103657 -0.0817022 -0.240027
1532260002239625 0.0796223 -0.0633983 -0.192138
1532260002257577 0.0710649 -0.0565302 -0.175619
1532260002278522 0.0583569 -0.0497506 -0.158955
1532260002331394 0.0191394 -0.0438151 -0.125166
1532260002360302 -0.018321 -0.0406737 -0.10297
1532260002384239 -0.0316467 -0.0380816 -0.0968747
1532260002399199 -0.0461416 -0.0327143 -0.0933095
1532260002436100 -0.0874078 -0.0240355 -0.0908674
1532260002578719 -0.217387 0.00400013 -0.0928065
1532260002622601 -0.235524 0.01459 -0.0866909
1532260002660500 -0.244257 0.0290412 -0.0782428
1532260002729316 -0.248918 0.0647477 -0.0639899
1532260002819076 -0.269283 0.159959 -0.0383965
1532260002862993 -0.266409 0.212225 -0.0204932
1532260002878916 -0.267977 0.24141 -0.00999435
1532260002901889 -0.272014 0.271516 0.00178313
1532260002922798 -0.27369 0.302515 0.0142317
1532260002966682 -0.265277 0.388599 0.0514326
1532260002989620 -0.260248 0.415586 0.0661374
1532260003026522 -0.252694 0.4656 0.0951593
1532260003082373 -0.237455 0.510857 0.119568
1532260003181108 -0.20872 0.600783 0.170023
1532260003253914 -0.193267 0.61924 0.183656
1532260003307770 -0.186599 0.564063 0.159399
1532260003364622 -0.198812 0.481107 0.124019
1532260003443407 -0.259325 0.303859 0.0367888
1532260003514218 -0.458984 0.168085 -0.0588508
1532260003529178 -0.483129 0.135592 -0.0623087
1532260003570069 -0.381857 0.138571 -0.0683259
1532260003592010 -0.349576 0.154282 -0.0706874
1532260003626916 -0.367456 0.167551 -0.0683329
1532260003644869 -0.38263 0.16485 -0.065308
1532260003664814 -0.383709 0.1626 -0.0645863
1532260003694735 -0.379526 0.159614 -0.0668808
1532260003721664 -0.374817 0.155668 -0.0697056
1532260003772527 -0.38123 0.147328 -0.0754747
1532260003784495 -0.386473 0.14611 -0.0779038
1532260003849321 -0.395743 0.142381 -0.0855112
1532260003867273 -0.396917 0.141812 -0.0863627
1532260003935091 -0.399443 0.145584 -0.0827175
1532260003993935 -0.348723 0.218279 -0.045208
1532260004010890 -0.318756 0.248719 -0.0268536
1532260004065743 -0.238747 0.326705 0.0202671
1532260004114611 -0.056582 0.487464 0.132274
1532260004144531 0.0794649 0.604794 0.242894
1532260004215358 0.325367 0.752231 0.461322
1532260004275182 0.49442 0.821714 0.611247
1532260004347988 0.902855 0.884208 0.94979
1532260004431764 1.00506 0.879567 1.03653
1532260004529503 1.07611 0.869979 1.08098
1532260004604331 1.05811 0.87596 1.06986
1532260004672122 1.00354 0.880455 1.01253
1532260004730964 0.868441 0.873964 0.846954
1532260004919460 0.413502 0.506843 0.194645
1532260004971321 0.340942 0.331631 0.0689015
1532260005037145 0.295791 0.251297 0.0151273
1532260005123913 0.307861 0.174377 -0.0206139
1532260005197715 0.346948 0.164531 -0.00367769
1532260005257556 0.366607 0.15911 0.00788976
1532260005332356 0.532123 0.111491 0.174852
1532260005385223 0.578654 0.0895085 0.217784
1532260005586675 0.610768 -0.186749 0.252415
1532260005908814 0.985531 -0.399588 -0.0569443
1532260005931755 0.978203 -0.371621 -0.123549
1532260005997577 0.822026 -0.290133 -0.241933
1532260006029492 0.703473 -0.246351 -0.240424
1532260006081369 0.66455 -0.242065 -0.18766
1532260006140195 0.669737 -0.293172 -0.0786671
1532260006194051 0.719646 -0.389166 0.0113546
1532260006229955 0.784388 -0.446318 0.0444906
1532260006297774 0.852452 -0.542114 0.0209051
1532260006357614 0.941075 -0.564372 -0.174853
1532260006419449 1.08896 -0.460079 -0.441395
1532260006470313 1.0186 -0.338847 -0.660191
1532260006494249 0.958142 -0.316533 -0.713525
1532260006569049 0.697528 -0.237821 -0.686767
1532260006651826 0.667485 -0.228858 -0.488712
1532260006704686 0.705131 -0.259129 -0.369312
1532260006748569 0.706829 -0.293237 -0.252782
1532260006771508 0.707977 -0.300307 -0.238608
1532260006855283 0.738642 -0.211569 -0.403391
1532260006891186 0.775786 -0.108705 -0.603169
1532260007039790 0.573768 0.013676 -1.16713
1532260007554414 0.32219 -0.203305 -1.3703
1532260007731939 0.394993 -0.0410011 -0.721619
1532260007851619 0.433408 -0.0759849 -0.377149
1532260007881538 0.435266 -0.0831028 -0.348322
1532260007934398 0.425122 -0.109596 -0.299296
1532260007994237 0.358816 -0.147514 -0.289389
1532260008040121 0.341161 -0.158293 -0.287721
1532260008075021 0.292899 -0.184497 -0.286728
1532260008158811 0.242573 -0.197906 -0.287657
1532260008210658 0.261717 -0.188823 -0.305067
1532260008262520 0.263883 -0.190655 -0.302833
1532260008294439 0.238638 -0.163055 -0.292538

1532260008331335 0.198561 -0.167823 -0.275869
1532260008385218 0.20138 -0.180717 -0.268035
1532260008414140 0.196092 -0.192702 -0.259509
1532260008437080 0.19028 -0.189091 -0.262086
1532260008473980 0.178626 -0.163681 -0.259015
1532260008496919 0.163548 -0.160815 -0.260939
1532260008547783 0.150562 -0.153248 -0.263069
1532260008593660 0.151029 -0.139119 -0.262279
1532260008654497 0.144598 -0.134041 -0.263324
1532260008690429 0.142138 -0.12613 -0.268195
1532260008736306 0.139322 -0.122102 -0.271264
1532260008751266 0.139005 -0.120807 -0.272872
1532260008783181 0.138647 -0.120008 -0.274646
1532260008856984 0.133519 -0.116732 -0.278864
1532260008916824 0.141765 -0.115476 -0.280932
1532260008942754 0.142713 -0.116837 -0.282839
1532260008991623 0.154004 -0.118314 -0.285472
1532260009072408 0.178243 -0.107797 -0.297084
1532260009117288 0.20515 -0.0939125 -0.305334
1532260009127261 0.20904 -0.103498 -0.310887
1532260009170146 0.191963 -0.0882373 -0.311631
1532260009209042 0.166973 -0.0911081 -0.309434
1532260009229986 0.165654 -0.0961805 -0.309072
1532260009245944 0.164001 -0.100853 -0.306417
1532260009276889 0.158718 -0.0965159 -0.30013
1532260009330745 0.147724 -0.130229 -0.262507
1532260009349694 0.140314 -0.128384 -0.245757
1532260009486329 0.0577426 -0.089596 -0.155781
1532260009530211 -0.00204744 -0.0713457 -0.131083
1532260009560131 -0.0233024 -0.0659747 -0.128184
1532260009568113 -0.0407839 -0.0590044 -0.127257
1532260009591064 -0.0566004 -0.0511817 -0.126289
1532260009622964 -0.0757443 -0.0430452 -0.124787
1532260009696766 -0.147297 -0.0333955 -0.113526
1532260009807470 -0.177979 -0.035251 -0.104766
1532260009908200 -0.199256 0.0259969 -0.106068
1532260009945102 -0.222194 0.0797207 -0.095706
1532260009986990 -0.24774 0.151408 -0.0795896
1532260010025886 -0.257868 0.230016 -0.0536179
1532260010115659 -0.25998 0.362727 0.0260205
1532260010147560 -0.254945 0.418834 0.0673497
1532260010242307 -0.224052 0.51822 0.148428
1532260010252280 -0.211957 0.53859 0.168227
1532260010342040 -0.176515 0.596401 0.23534
1532260010368968 -0.177784 0.602421 0.242696
1532260010470711 -0.190564 0.584657 0.225031
1532260010531534 -0.24234 0.502055 0.149092
1532260010604349 -0.244824 0.425056 0.0972329
1532260010679139 -0.332173 0.195464 -0.0173242
1532260010710056 -0.302017 0.120541 -0.0189843
1532260010761918 -0.272267 0.127522 -0.0231721
1532260010785854 -0.288546 0.147044 -0.022145
1532260010858659 -0.296946 0.157335 -0.0237067
1532260010871625 -0.292006 0.156921 -0.0239904
1532260010959390 -0.295843 0.158037 -0.028179
1532260010965374 -0.29953 0.158931 -0.0320818
1532260011000281 -0.308914 0.156911 -0.0400946
1532260011024217 -0.311066 0.153905 -0.0433879
1532260011090041 -0.302147 0.153345 -0.0419644
1532260011160851 -0.240619 0.253 0.00321094
1532260011196754 -0.093568 0.363602 0.0769927
1532260011302473 0.181051 0.589422 0.248483
1532260011352339 0.500406 0.777467 0.538869
1532260011434120 0.85022 0.858321 0.843313
1532260011555804 1.05939 0.849526 1.03024
1532260011581725 1.07595 0.846137 1.04142
1532260011712376 1.1264 0.837787 1.09885
1532260011782190 1.13145 0.842079 1.11288
1532260011848013 1.06543 0.850985 1.05206
1532260011884915 0.973187 0.858941 0.941416
1532260011984648 0.695456 0.796357 0.594279
1532260012136243 0.353927 0.394275 0.0982027
1532260012337704 0.362869 0.184621 0.00916521
1532260012403528 0.418119 0.153456 0.0339957
1532260012465362 0.486449 0.122187 0.0966388
1532260012548141 0.595167 0.0612141 0.206184
1532260012569085 0.595193 0.0555154 0.202494
1532260012645880 0.526561 -0.00955004 0.1626
1532260012666824 0.510023 -0.0270417 0.152457
1532260012726663 0.493945 -0.0947001 0.14113
1532260012764563 0.530702 -0.150094 0.16789
1532260012800467 0.564214 -0.175486 0.192055
1532260012807448 0.603069 -0.187229 0.222316
1532260012824403 0.647775 -0.199538 0.25677
1532260012867288 0.735242 -0.230614 0.333101
1532260012891252 0.774207 -0.250634 0.367836
1532260012927156 0.843511 -0.294362 0.407592
1532260012951092 0.877435 -0.3072 0.408237
1532260012987996 0.921066 -0.352187 0.358964
1532260013002953 0.934147 -0.369986 0.303146
1532260013047833 0.966639 -0.372534 0.150376
1532260013063791 0.993814 -0.358443 0.065104
1532260013093711 1.02182 -0.334113 -0.0247234
1532260013123631 1.02128 -0.289391 -0.185456
1532260013169508 0.882669 -0.270448 -0.310687
1532260013334074 0.755176 -0.201698 -0.144075
1532260013386927 0.923774 -0.273946 0.0222992
1532260013476687 0.950787 -0.411922 0.0990818
1532260013610328 1.06928 -0.372767 -0.377391
1532260013649225 1.05321 -0.31531 -0.538973
1532260013709065 0.855019 -0.258159 -0.647971
1532260013753945 0.762904 -0.242789 -0.626671
1532260013806811 0.790642 -0.262017 -0.515197
1532260013836724 0.821493 -0.274794 -0.460437
1532260013896563 0.855197 -0.331944 -0.30035
1532260013919502 0.850623 -0.338406 -0.268649
1532260013932468 0.852241 -0.343781 -0.251323
1532260013970367 0.901913 -0.381646 -0.252033
1532260014069102 0.972971 -0.319456 -0.586365
1532260014128942 0.93382 -0.22041 -0.860491
1532260014188782 0.80299 -0.167783 -1.06328
1532260014256601 0.646161 -0.143917 -1.10615
1532260014593700 0.490907 -0.2183 -1.23948
1532260014855001 0.272143 -0.226301 -1.50948
1532260015074414 0.351191 -0.123615 -0.826601
1532260015095358 0.377919 -0.13219 -0.751044
1532260015274878 0.495269 -0.161296 -0.291195
1532260015366632 0.472589 -0.138018 -0.234207
1532260015419491 0.434178 -0.154035 -0.23255
1532260015449426 0.414703 -0.164448 -0.233857
1532260015471353 0.344586 -0.183219 -0.236982
1532260015494292 0.321648 -0.197994 -0.239608
1532260015516233 0.315906 -0.207496 -0.241303
1532260015554132 0.319194 -0.219384 -0.242517
1532260015593028 0.316123 -0.22557 -0.240187
1532260015634915 0.338721 -0.219927 -0.23427
1532260015673813 0.355774 -0.205718 -0.230891

1532260015702737 0.333649 -0.18433 -0.230705
1532260015754596 0.243837 -0.171198 -0.224542
1532260015794489 0.247059 -0.182009 -0.227177
1532260015830393 0.235639 -0.193169 -0.228036
1532260015875272 0.213439 -0.186203 -0.233959
1532260015905193 0.211636 -0.165716 -0.233236
1532260015930126 0.20379 -0.155821 -0.236842
1532260015951069 0.163972 -0.152521 -0.246222
1532260015979993 0.163017 -0.152199 -0.2471
1532260015996947 0.171406 -0.150383 -0.246672
1532260016033848 0.17865 -0.146049 -0.249831
1532260016056787 0.174935 -0.144145 -0.251315
1532260016093689 0.167861 -0.139458 -0.254127
1532260016123608 0.165007 -0.137312 -0.256053
1532260016130598 0.161477 -0.134475 -0.258488
1532260016154526 0.156285 -0.131094 -0.261258
1532260016176467 0.14985 -0.126752 -0.264237
1532260016197411 0.142077 -0.121607 -0.267464
1532260016236327 0.125642 -0.113401 -0.273526
1532260016257251 0.120064 -0.110423 -0.276038
1532260016296147 0.118306 -0.105876 -0.280073
1532260016318089 0.118908 -0.105525 -0.280591
1532260016363966 0.117536 -0.10764 -0.281501
1532260016400866 0.123516 -0.109949 -0.280808
1532260016439763 0.135583 -0.110242 -0.281235
1532260016460707 0.144773 -0.104069 -0.284307
1532260016484643 0.153414 -0.0978347 -0.288904
1532260016504602 0.159347 -0.0952049 -0.291252
1532260016544483 0.149357 -0.0895733 -0.300364
1532260016576398 0.138843 -0.0859642 -0.301734
1532260016641224 0.112302 -0.0862986 -0.2901
1532260016678126 0.109625 -0.0956198 -0.281622
1532260016752925 0.067578 -0.107184 -0.230879
1532260016807778 0.0330311 -0.0851816 -0.189868
1532260016826728 0.016164 -0.0760087 -0.182634
1532260016880595 -0.0800192 -0.0438553 -0.161308
1532260016904520 -0.106453 -0.0344941 -0.156894
1532260017038163 -0.231093 0.0248684 -0.140024
1532260017089027 -0.288977 0.0780174 -0.115222
1532260017141889 -0.340585 0.1684 -0.0640773
1532260017167816 -0.355527 0.207804 -0.0464432
1532260017224663 -0.352263 0.329334 0.0121157
1532260017239623 -0.340043 0.37169 0.0347586
1532260017293479 -0.337815 0.451693 0.0726326
1532260017315421 -0.341721 0.488956 0.0862324
1532260017389224 -0.288957 0.647375 0.159822
1532260017469011 -0.239395 0.748 0.226012
1532260017611630 -0.224661 0.75775 0.23645
1532260017699394 -0.277923 0.66253 0.165512
1532260017744280 -0.303196 0.613179 0.131935
1532260017802119 -0.385271 0.460252 0.00925691
1532260017893874 -0.516474 0.274509 -0.0901335
1532260017932770 -0.449466 0.210304 -0.10515
1532260017963688 -0.439927 0.206877 -0.106517
1532260018022535 -0.460864 0.204159 -0.104133
1532260018104311 -0.454686 0.200492 -0.106591
1532260018157170 -0.449413 0.198669 -0.106956
1532260018239948 -0.449604 0.193355 -0.107622
1532260018275853 -0.439343 0.202073 -0.0945401
1532260018289816 -0.423134 0.217761 -0.0841185
1532260018329708 -0.368069 0.27524 -0.0497956
1532260018374591 -0.279821 0.36515 -0.00199147
1532260018412487 -0.153934 0.481298 0.0731263
1532260018442408 -0.0108954 0.611687 0.186041
1532260018480307 0.160456 0.729954 0.331118
1532260018599990 0.766868 0.908951 0.826653
1532260018628909 0.848132 0.909777 0.897136
1532260018747592 1.07095 0.881486 1.11369
1532260018824386 1.11814 0.887289 1.15873
1532260018898193 1.1362 0.900264 1.16756
1532260018972989 1.07995 0.904663 1.10525
1532260019047789 0.83876 0.890044 0.808085
1532260019069730 0.7609 0.868331 0.716038
1532260019108636 0.608645 0.799604 0.527395
1532260019145527 0.490803 0.699711 0.354565
1532260019184424 0.412643 0.56147 0.211548
1532260019275180 0.341117 0.416215 0.0976389
1532260019320061 0.280852 0.192772 -0.0394269
1532260019417799 0.25833 0.125544 -0.0727423
1532260019468665 0.303122 0.119958 -0.026562
1532260019589341 0.47565 0.0741899 0.110152
1532260019641203 0.504758 0.0651468 0.159572
1532260019688079 0.514759 0.0575174 0.168082
1532260019708030 0.524883 0.0336663 0.173694
1532260019737943 0.530424 0.0163192 0.174136
1532260019783821 0.549843 -0.0452027 0.170688
1532260019830712 0.553866 -0.0668638 0.172997
1532260019857623 0.576935 -0.120976 0.190794
1532260019897517 0.600318 -0.147981 0.207271
1532260019949378 0.713599 -0.206994 0.293374
1532260020007223 0.860181 -0.30128 0.387072
1532260020030162 0.884857 -0.32344 0.382099
1532260020046119 0.907642 -0.354527 0.362634
1532260020068060 0.925606 -0.384571 0.325008
1532260020106957 0.944682 -0.428483 0.178864
1532260020143870 0.997437 -0.42921 -0.0237559
1532260020166796 1.03216 -0.412184 -0.117033
1532260020307420 0.749276 -0.301502 -0.349607
1532260020367260 0.748377 -0.32393 -0.252891
1532260020429095 0.798946 -0.38218 -0.150087
1532260020443065 0.823943 -0.401354 -0.136429
1532260020503895 0.8816 -0.463581 -0.17261
1532260020569719 0.913252 -0.435056 -0.386991
1532260020608615 0.950792 -0.362439 -0.572741
1532260020623575 0.95898 -0.320831 -0.66275
1532260020683414 0.872733 -0.261219 -0.885575
1532260020736284 0.761661 -0.244856 -0.937989
1532260020766200 0.736708 -0.273555 -0.939492
1532260020803095 0.818233 -0.352887 -0.913082
1532260020856951 0.963381 -0.465046 -0.879172
1532260020908816 1.01696 -0.607337 -0.882737
1532260021050433 0.960156 -0.393635 -1.35458
1532260021170114 0.77336 -0.371414 -1.62122
1532260021246908 0.690258 -0.387296 -1.59272
1532260021289794 0.717642 -0.373919 -1.53549
1532260021366588 0.678288 -0.360769 -1.45471
1532260021404489 0.590816 -0.333666 -1.29928
1532260021672769 0.555428 -0.214736 -0.418333
1532260021800428 0.520088 -0.168452 -0.28106
1532260021897169 0.410871 -0.161679 -0.277772
1532260021937071 0.375426 -0.175147 -0.284938
1532260021959004 0.368542 -0.183403 -0.288929
1532260022011863 0.329439 -0.205641 -0.293618
1532260022092647 0.32575 -0.220856 -0.288601
1532260022108604 0.35557 -0.214968 -0.28685
1532260022152487 0.371259 -0.202093 -0.27252
1532260022184402 0.360168 -0.196516 -0.270032

1532260022251236 0.274779 -0.176382 -0.257779
1532260022296103 0.264025 -0.183345 -0.254034
1532260022319041 0.264563 -0.187319 -0.253803
1532260022348961 0.251478 -0.201851 -0.250142
1532260022431740 0.233579 -0.172577 -0.249254
1532260022452684 0.224533 -0.168435 -0.252549
1532260022497564 0.193035 -0.158563 -0.257595
1532260022528051 0.192547 -0.147389 -0.258214
1532260022572932 0.184152 -0.140798 -0.260416
1532260022611831 0.186788 -0.13505 -0.259916
1532260022639775 0.185754 -0.133525 -0.260423
1532260022656722 0.183981 -0.132254 -0.26053
1532260022693623 0.181843 -0.129851 -0.261228
1532260022716562 0.180202 -0.128395 -0.261823
1532260022754462 0.17595 -0.124464 -0.263476
1532260022768423 0.174337 -0.121829 -0.264967
1532260022814316 0.169482 -0.118101 -0.268352
1532260022828263 0.166344 -0.116308 -0.269572
1532260022865164 0.163797 -0.114179 -0.271063
1532260022874140 0.162221 -0.111918 -0.272608
1532260022911059 0.160579 -0.108577 -0.275545
1532260022933980 0.159425 -0.107788 -0.276641
1532260022954924 0.158197 -0.107388 -0.277644
1532260022993846 0.16002 -0.106676 -0.278801
1532260023016787 0.162744 -0.106384 -0.279449
1532260023068650 0.16671 -0.106029 -0.280296
1532260023082611 0.165374 -0.105485 -0.280033
1532260023120509 0.162718 -0.104378 -0.27976
1532260023135469 0.163221 -0.103421 -0.280083
1532260023157410 0.163136 -0.101786 -0.28055
1532260023179352 0.163066 -0.100703 -0.281937
1532260023217250 0.170402 -0.0977141 -0.283484
1532260023239191 0.18086 -0.093838 -0.28572
1532260023262130 0.191074 -0.0866989 -0.289946
1532260023307011 0.201039 -0.0805124 -0.291848
1532260023321971 0.191268 -0.0777806 -0.297731
1532260023345907 0.186576 -0.0809684 -0.300411
1532260023381811 0.191507 -0.0796424 -0.294583
1532260023399763 0.191793 -0.0824548 -0.291921
1532260023437661 0.184447 -0.0862709 -0.290026
1532260023488525 0.158511 -0.104461 -0.281486
1532260023503485 0.151199 -0.110304 -0.27594
1532260023562328 0.134715 -0.112173 -0.240801
1532260023630146 0.11137 -0.0927167 -0.189749
1532260023659069 0.0920478 -0.0749254 -0.153637
1532260023690984 0.0830675 -0.0651243 -0.133105
1532260023753816 0.0307524 -0.0511574 -0.0654014
1532260023765784 0.0180621 -0.042896 -0.050576
1532260023827626 -0.00792794 -0.00258269 -0.00487238
1532260023876488 -0.0555696 0.0486637 0.0455576
1532260023899434 -0.0649219 0.0681888 0.0637838
1532260023946301 -0.0811131 0.115823 0.100583
1532260023959266 -0.0901896 0.145249 0.120814
1532260023983202 -0.0989182 0.178513 0.141589
1532260023997165 -0.105239 0.216128 0.161162
1532260024045037 -0.100295 0.29937 0.200205
1532260024063986 -0.0926502 0.340808 0.219301
1532260024101885 -0.0731259 0.412934 0.254799
1532260024116845 -0.0662142 0.440757 0.269847
1532260024177682 -0.0453198 0.484405 0.297148
1532260024221565 -0.0343798 0.516306 0.321334
1532260024290384 -0.0451671 0.509729 0.309838
1532260024328280 -0.0603265 0.488643 0.285868
1532260024432999 -0.144885 0.400878 0.201794
1532260024473890 -0.184533 0.346545 0.154038
1532260024547693 -0.345604 0.224329 0.0570861
1532260024584594 -0.370787 0.157743 0.0290315
1532260024599554 -0.334326 0.145081 0.0190419
1532260024619501 -0.313463 0.136119 0.0137596
1532260024674355 -0.318818 0.132253 0.0130275
1532260024709261 -0.356198 0.126454 0.0143683
1532260024727213 -0.34865 0.1257 0.0116125
1532260024747159 -0.338748 0.12611 0.00917735
1532260024780071 -0.332025 0.127159 0.00569996
1532260024807997 -0.332082 0.127784 0.00497285
1532260024839911 -0.328116 0.136284 0.000469538
1532260024868834 -0.321362 0.145182 -0.000759877
1532260024881799 -0.313628 0.157636 0.00018726
1532260024905735 -0.30214 0.176381 0.00381645
1532260024926679 -0.286922 0.199624 0.0127158
1532260024952610 -0.268682 0.22758 0.0270074
1532260024959591 -0.247351 0.260606 0.0449697
1532260025001479 -0.159575 0.338028 0.100738
1532260025033394 -0.102718 0.380842 0.135675
1532260025047357 -0.0390067 0.426524 0.176697
1532260025122157 0.30429 0.646981 0.404218
1532260025153074 0.390206 0.696335 0.475211
1532260025229868 0.676382 0.799534 0.706752
1532260025295692 0.98551 0.84885 0.94999
1532260025431335 1.18538 0.844133 1.11361
1532260025618830 0.985666 0.86341 0.961283
1532260025733522 0.588128 0.760631 0.491455
1532260025761447 0.459483 0.668323 0.314434
1532260025867164 0.289772 0.34589 0.0541002
1532260025926007 0.266978 0.248457 -0.00108714
1532260025962908 0.254813 0.176429 -0.0342984
1532260026077605 0.331631 0.152097 0.000928693
1532260026123479 0.394124 0.119617 0.058078
1532260026361859 0.469923 0.0181234 0.14378
1532260026397746 0.459048 -0.00357121 0.135534
1532260026422688 0.45506 -0.0297873 0.131181
1532260026443623 0.478307 -0.0909873 0.138445
1532260026489517 0.543752 -0.144297 0.172241
1532260026543356 0.707077 -0.180228 0.27181
1532260026564300 0.771286 -0.197098 0.308995
1532260026609180 0.880767 -0.250062 0.363523
1532260026645084 0.956237 -0.322067 0.378739
1532260026691959 0.981945 -0.390281 0.339769
1532260026704925 0.977579 -0.416911 0.290664
1532260026721879 0.98897 -0.430209 0.224997
1532260026751799 1.01315 -0.430368 0.147886
1532260026764764 1.04385 -0.41819 0.064245
1532260026824604 1.06704 -0.334305 -0.187237
1532260026841558 1.03359 -0.307312 -0.261097
1532260026871489 0.982344 -0.285667 -0.321091
1532260026902396 0.916057 -0.271156 -0.364091
1532260026924337 0.751056 -0.240576 -0.393512
1532260026969217 0.624894 -0.211108 -0.353138
1532260027005128 0.638353 -0.214287 -0.288842
1532260027044017 0.765305 -0.226489 -0.20652
1532260027064961 0.831216 -0.238653 -0.164789
1532260027081916 0.873374 -0.253172 -0.130878
1532260027124801 0.921785 -0.277701 -0.109484
1532260027140758 0.918365 -0.299209 -0.120357
1532260027169681 0.919989 -0.335528 -0.145128
1532260027224535 0.959202 -0.362386 -0.333693
1532260027284375 0.984787 -0.312699 -0.609394
1532260027305319 0.983444 -0.286174 -0.698327
1532260027366156 0.895858 -0.205801 -0.921888
1532260027381116 0.825915 -0.194659 -0.967943
1532260027448951 0.630576 -0.153356 -0.999095
1532260027507777 0.631225 -0.16297 -0.929441
1532260027583575 0.744156 -0.193054 -0.78128
1532260027666353 0.785923 -0.170892 -0.73299
1532260027711242 0.794292 -0.157663 -0.788391
1532260027726193 0.770373 -0.134832 -0.847064
1532260027748134 0.760286 -0.114774 -0.920603
1532260027787030 0.734309 -0.0840721 -1.0842
1532260027807974 0.705199 -0.0738982 -1.17239
1532260027823932 0.668473 -0.072994 -1.25907
1532260027877800 0.619411 -0.0853317 -1.33896
1532260027906711 0.483773 -0.115266 -1.49891
1532260027995473 0.451199 -0.16061 -1.6013
1532260028115153 0.556348 -0.317182 -1.84634
1532260028168012 0.457162 -0.417247 -1.98238
1532260028189953 0.419991 -0.432276 -2.01025
1532260028227852 0.328732 -0.433393 -2.02182
1532260028266748 0.250987 -0.405675 -1.98846
1532260028309633 0.213786 -0.374315 -1.92835
1532260028332571 0.196452 -0.357336 -1.88699
1532260028356508 0.187769 -0.337735 -1.84225
1532260028426321 0.217073 -0.261293 -1.68259
1532260028469206 0.218461 -0.174695 -1.47987
1532260028633766 0.331389 -0.0562141 -0.823197
1532260028669670 0.361086 -0.0614727 -0.663421
1532260028770413 0.422269 -0.0658384 -0.422387
1532260028889084 0.411776 -0.10823 -0.275176
1532260028912038 0.401329 -0.126245 -0.273086
1532260028962886 0.379746 -0.157192 -0.270842
1532260028988817 0.371237 -0.171402 -0.269766
1532260029037686 0.343248 -0.202838 -0.270513
1532260029068603 0.348537 -0.210199 -0.276463
1532260029113490 0.38711 -0.209846 -0.287125
1532260029166342 0.415441 -0.18782 -0.282451

1532260029190278 0.361717 -0.155501 -0.270021
1532260029234160 0.295815 -0.165272 -0.253393
1532260029272060 0.303331 -0.181991 -0.24941
1532260029308976 0.309881 -0.204542 -0.250556
1532260029331910 0.293503 -0.217327 -0.248994
1532260029352844 0.274551 -0.223811 -0.247828
1532260029391739 0.256374 -0.179777 -0.256936
1532260029412683 0.247907 -0.169176 -0.2592
1532260029428641 0.219668 -0.166507 -0.262632
1532260029472523 0.213977 -0.156865 -0.265407
1532260029511433 0.210703 -0.146666 -0.26715
1532260029549320 0.204142 -0.139483 -0.269117
1532260029600183 0.199443 -0.132509 -0.26921
1532260029609161 0.196193 -0.129546 -0.269497
1532260029654045 0.192589 -0.123549 -0.272428
1532260029691937 0.188157 -0.118795 -0.275327
1532260029751776 0.177463 -0.112023 -0.279959
1532260029779702 0.175659 -0.110061 -0.281266
1532260029788678 0.174289 -0.107795 -0.28244
1532260029832560 0.172144 -0.10481 -0.284745
1532260029887450 0.171004 -0.10443 -0.285251
1532260029914342 0.175944 -0.105984 -0.285234
1532260029937281 0.181802 -0.106554 -0.28641
1532260029960219 0.18482 -0.110836 -0.28668
1532260029997178 0.196172 -0.10263 -0.285719
1532260030087936 0.243441 -0.0855064 -0.300743
1532260030148773 0.228889 -0.0840408 -0.298312
1532260030199637 0.209015 -0.0968949 -0.294361
1532260030236539 0.209992 -0.122078 -0.287232
1532260030292389 0.190101 -0.128398 -0.274597
1532260030375168 0.165404 -0.130623 -0.225693
1532260030425034 0.128178 -0.119835 -0.187833
1532260030476895 0.0652348 -0.112875 -0.149504
1532260030536736 -0.00890801 -0.114224 -0.122572
1532260030656416 -0.170573 -0.0738672 -0.0920413
1532260030688330 -0.193497 -0.0635967 -0.0872357
1532260030726228 -0.225611 -0.039335 -0.0694045
1532260030839925 -0.286863 0.0827886 0.0596432
1532260030896773 -0.289162 0.186277 0.116123
1532260030935669 -0.281969 0.253708 0.155223
1532260030979551 -0.287722 0.314149 0.192383
1532260031001493 -0.289706 0.339356 0.204943
1532260031197967 -0.295354 0.402257 0.219753
1532260031266783 -0.302196 0.369759 0.198277
1532260031311664 -0.308518 0.287879 0.13274
1532260031332607 -0.326893 0.254893 0.111643
1532260031358538 -0.353269 0.221386 0.0867656
1532260031410400 -0.386905 0.188527 0.0629351
1532260031487195 -0.448743 0.100742 0.0209943
1532260031564987 -0.422996 0.107594 0.0130106
1532260031578949 -0.429005 0.103293 0.00024476
1532260031634799 -0.432011 0.102039 -0.00276553
1532260031687664 -0.450859 0.102094 -0.0110197
1532260031762458 -0.455721 0.101033 -0.013034
1532260031816314 -0.438132 0.1651 0.00996351
1532260031918042 -0.24297 0.432005 0.139659
1532260032001817 -0.0935943 0.551397 0.227259
1532260032243175 1.00312 0.902138 1.05914
1532260032279076 1.06963 0.893307 1.10093
1532260032398760 1.10156 0.880304 1.12458
1532260032459594 1.06752 0.882628 1.09319
1532260032647101 0.538566 0.699314 0.398213
1532260032780735 0.316665 0.331615 0.0627021
1532260033007130 0.396188 0.227564 0.0739338
1532260033089908 0.434193 0.182807 0.126677
1532260033118831 0.495845 0.107601 0.208823
1532260033246490 0.521451 0.0326775 0.28607
1532260033277406 0.523951 0.0309613 0.290199
1532260033352207 0.518419 0.0202824 0.285264
1532260033389108 0.516466 -0.023483 0.28446
1532260033434986 0.533979 -0.0547953 0.293216
1532260033522751 0.785748 -0.236338 0.410286
1532260033607524 0.918036 -0.372882 0.402673
1532260033681327 0.992408 -0.431202 0.174926
1532260033762110 1.05417 -0.348691 -0.121842
1532260033778068 1.02542 -0.325202 -0.184188
1532260033802003 0.990069 -0.307182 -0.235198
1532260033837910 0.901381 -0.29351 -0.285149
1532260033906724 0.830009 -0.310146 -0.242388
1532260033942628 0.815077 -0.338238 -0.182563
1532260033966563 0.804517 -0.358044 -0.148034
1532260034041365 0.891164 -0.453785 -0.0716002
1532260034101203 0.977335 -0.574366 -0.115004
1532260034145087 1.0212 -0.622265 -0.234583
1532260034169023 1.05812 -0.619562 -0.317893
1532260034243838 1.17328 -0.450962 -0.646543
1532260034281721 1.12487 -0.353248 -0.780367
1532260034324606 1.05082 -0.280036 -0.892363
1532260034580921 0.896044 -0.412202 -0.723475
1532260034739498 0.895889 -0.323412 -0.977578
1532260034905069 0.464941 -0.167053 -1.4006
1532260035002793 0.540081 -0.251804 -1.49738
1532260035225199 0.480731 -0.457458 -1.8907
1532260035271091 0.402907 -0.408931 -1.83538
1532260035406713 0.374203 -0.228741 -1.42211
1532260035487498 0.415583 -0.170058 -1.05962
1532260035647070 0.386429 -0.159874 -0.470806
1532260035690952 0.393007 -0.157061 -0.426495
1532260035716884 0.399381 -0.157341 -0.393366
1532260035766751 0.388319 -0.18517 -0.334804
1532260035834587 0.299031 -0.210501 -0.318015
1532260035894408 0.271145 -0.209049 -0.307472
1532260035946271 0.265356 -0.209859 -0.301116
1532260035976189 0.265721 -0.211301 -0.299129
1532260036006110 0.291687 -0.207562 -0.29969
1532260036052985 0.340334 -0.209578 -0.292352
