1532259499187259 -59.3125 -11.1875 62.375
1532259499230144 -48.9375 -26.875 50.875
1532259499270037 -30.375 -17.9375 33.25
1532259499366779 -51.5 -4.125 26.875
1532259499448560 -41.125 37.5625 16.9375
1532259499477483 -17.625 57.625 18.25
1532259499521366 6.125 73.625 0.5625
1532259499575221 15.875 76.0625 1.5625
1532259499581205 19.3125 75.4375 3.875
1532259499605142 27.9375 77.375 3.0625
1532259499629078 39.875 78.4375 0.625
1532259499647029 54.5625 81.625 -1.25
1532259499672961 69.625 79.75 -3.0625
1532259499724822 64.25 82.375 -0.875
1532259499769702 38.125 80.375 5.0625
1532259499867440 30.625 58.625 15.375
1532259499930272 36.4375 48.9375 20.5
1532259500046959 -14.125 0.375 60.875
1532259500332198 -18.9375 -33.75 53
1532259500422955 -22.875 -50.4375 58.5625
1532259500481797 -21.8125 -63.875 67.9375
1532259500551611 -20 -52.4375 62.3125
1532259500609460 -13.125 -31.6875 27
1532259500627408 -5.625 -20.125 12.5
1532259500684255 -1.1875 2.4375 -16.5625
1532259500724149 3.5625 12.3125 -28
1532259500751076 3.625 15.6875 -29.375
1532259500812911 6 19.9375 -31.875
1532259500827877 5.9375 18.3125 -31.375
1532259500889713 -4.8125 14.625 -41
1532259500941575 -14.3125 11.0625 -50.5625
1532259501017372 -31.5 25.5625 -68.4375
1532259501041308 -12.375 16 -65.25
1532259501165975 -88.5625 1.6875 -88.8125
1532259501186935 -94 -3.4375 -79.4375
1532259501309591 -79.5 -35.5 -22.1875
1532259501344498 -39.9375 -21.625 25.0625
1532259501451285 52.8125 97.9375 50.8125
1532259501511125 66.5625 151.563 7.25
1532259501563984 52.6875 80.5625 -57.625
1532259501660725 3.4375 -90.9375 -95.5
1532259501842241 -67.3125 -89.75 -12.3125
1532259502004812 -28.6875 54.375 80.25
1532259502066646 104.438 155.438 120.5
1532259502111527 146.625 162 88.375
1532259502165382 142.625 150.875 64
1532259502185328 126.875 137 40.8125
1532259502202284 84.6875 81.5625 -10.1875
1532259502249158 0.9375 -50.5 -76.125
1532259502364849 -49.9375 -151.688 -85.125
1532259502425731 -60.4375 -106.313 -30.75
1532259502509491 -79.625 -69.75 12.5
1532259502552377 -38.5625 -23.8125 50.6875
1532259502568333 -39.1875 -3.75 68.875
1532259502597257 -25.0625 21.4375 86.75
1532259502622189 9.5625 50.8125 105
1532259502666073 101 131.125 101.938
1532259502703971 127.125 144.813 88.5
1532259502748851 126.188 134.438 37.625
1532259502779768 105.75 112.813 17.25
1532259502853572 78.9375 62.4375 -31.4375
1532259502877508 18.4375 -40.5 -74.0625
1532259502905433 1.125 -73.9375 -75.8125
1532259502912414 -15.5625 -89.5625 -79.5625
1532259502996190 -3.1875 -87.8125 -73.25
1532259503087945 65.3125 -19.875 19.5
1532259503184686 -1.5625 4.0625 7
1532259503213608 -44.125 4.125 6.625
1532259503276442 -4.5625 5.8125 -5.9375
1532259503342265 38.125 6.6875 2.6875
1532259503392131 28.75 49.5625 21.75
1532259503452969 52.9375 62.5 29
1532259503484883 65.4375 71.75 32.0625
1532259503506825 79.625 103.563 43.8125
1532259503550706 105 117.938 44.375
1532259503571651 108.063 122.313 42.25
1532259503597582 100.125 124.563 45.375
1532259503611545 88.8125 123.875 49.5
1532259503648446 99.6875 124 49.6875
1532259503678380 107.25 124.313 48.875
1532259503806024 92.75 121.688 56.75
1532259503964600 39.9375 73.1875 41.1875
1532259504016462 7.3125 21.8125 21.625
1532259504031422 1.8125 12.875 17.375
1532259504120202 3.75 -12.1875 -2.125
1532259504142126 -5.25 -16.3125 -6.25
1532259504180024 -12.4375 -18.125 -4.5
1532259504292723 -20 -33.375 -20.9375
1532259504362536 -53.125 -54.1875 -25.125
1532259504527096 -56.4375 -77.9375 -35.125
1532259504624851 -80 -130.875 -69.8125
1532259504638798 -83.625 -141.688 -76.9375
1532259504734541 -72.75 -176.875 -88.625
1532259504804355 -64.8125 -173.563 -91
1532259504866189 -38.5625 -157.688 -80.8125
1532259504932014 -14.0625 -121.25 -59
1532259505000839 -15.5 -94.75 -32.6875
1532259505059672 8.1875 -55.25 -20.375
1532259505127492 -4 -24.375 -8.5
1532259505259139 -11.125 3.6875 -0.75
1532259505343912 32.75 1.9375 6

1532259505373849 20.625 7.9375 0.625
1532259505403769 40.5625 8.75 -4.625
1532259505469593 -21.75 -0.8125 26.6875
1532259505622185 -0.625 -12.8125 -1.4375
1532259505806692 5.75 -3.375 2.625
1532259505824644 3.3125 -6.4375 -1.9375
1532259505859551 5.375 -5.4375 0.25
1532259505952303 6.25 -1.5 -3.625
1532259506076970 9.75 15.25 5.375
1532259506103898 27.625 7 -16
1532259506169720 -67.0625 -30.5625 21.8125
1532259506252499 -33.5 21.6875 32.9375
1532259506355224 -30.9375 7.6875 32.875
1532259506665396 -5.8125 12.5625 -1.625
1532259506715262 -8.3125 40.625 8.9375
1532259506800035 -32.8125 111.5 22.375
1532259506841924 -9.125 125.25 24
1532259506921713 32.75 110 31.5625
1532259506932681 42.375 100.313 26.4375
1532259506972575 41.375 82.625 25.875
1532259506995513 32.125 69.5 31.125
1532259507016457 28 52.8125 37.625
1532259507067321 42.5 34.125 48
1532259507086270 42.75 22.1875 48.875
1532259507112201 48.1875 11 41.6875
1532259507145113 29.125 -8.75 45.6875
1532259507159075 -7.375 -21.0625 55.75
1532259507247838 11.5625 -30.1875 72.75
1532259507264794 9.0625 -32.375 74.875
1532259507343582 -9 -30.4375 75.25
1532259507369513 -10.3125 -32.25 76.0625
1532259507399433 -14.5 -38.5625 74.375
1532259507496174 -18.4375 -35.75 40.4375
1532259507547037 -11.1875 -20.25 7
1532259507621838 -8.6875 4.25 -24.375
1532259507676692 -0.25 14.5 -34.3125
1532259507699630 -16.25 27.375 -44.8125
1532259507742515 -25.3125 37.3125 -48.375
1532259507802355 4.9375 58.75 -53.5625
1532259507832275 18.1875 44.9375 -40.4375
1532259507885133 -97.875 40.875 -27.375
1532259507901091 -67 37.375 -29.25
1532259507944974 -45.5 44.375 -23.8125
1532259507968909 -42.5 50.625 -24.125
1532259507998830 -26.375 58.875 -14.9375
1532259508028750 -33.25 61.8125 1.25
1532259508095571 -5.5 70.3125 4.9375
1532259508147433 58.5 78.5 10.625
1532259508201289 67.0625 56.125 -22.8125
1532259508298030 24.625 -54.1875 -98.0625
1532259508523427 -45.5 -78.125 -6.3125
1532259508576287 -56.375 -54.5 19.4375
1532259508682003 -12.625 69.6875 104.75
1532259508833598 139.5 155.125 94.5625
1532259508855539 96.0625 88.625 5.75
1532259508928345 -36.125 -78.6875 -96.5625
1532259509026089 -89.4375 -177.938 -101.5
1532259509177694 -72.0625 -81.25 20.5625
1532259509214579 -41.75 -64.4375 21.9375
1532259509244499 -45.5625 17.5 87.625
1532259509294366 98.375 143.75 162
1532259509349218 201.063 187.688 120.063
1532259509431998 118.375 139.563 31.125
1532259509589576 -36.9375 -127.75 -97.125
1532259509762114 -10.75 -44.9375 9.3125
1532259509835928 19.0625 52.625 39.8125
1532259509932659 62.6875 118.438 63.5625
1532259509971570 71.9375 122.938 64.8125
1532259509992499 98.5 113.063 68.4375
1532259510047351 72.9375 63.25 36.9375
1532259510068296 48.0625 40.625 13.4375
1532259510173016 23.8125 26.1875 9.125
1532259510209917 41.125 37.0625 11.875
1532259510316632 96.4375 83.625 36.6875
1532259510382455 118.313 100.313 52.0625
1532259510428333 144.875 108.938 60.375
1532259510617826 95.0625 100.625 43.875
1532259510693624 81.5625 76.9375 34.25
1532259510743490 31.0625 41.375 20.6875
1532259510758450 19 33.0625 24.6875
1532259510812307 23.8125 20.5625 27.0625
1532259510817293 30.0625 16.75 22.5625
1532259510865165 15.1875 14.75 16.9375
1532259510909048 10.75 9.5625 9.375
1532259510945949 12.125 10 8.5
1532259510968888 1.1875 3.6875 -2.125
1532259511021746 -2.125 1.9375 2.625
1532259511042690 0.0625 0.125 -6.1875
1532259511089564 0.75 -3.75 -7.3125
1532259511165376 -19.125 -21.625 -8.125
1532259511225202 -36.5 -37.75 -15.8125
1532259511262104 -44.4375 -44.25 -20.25
1532259511313965 -54.9375 -83.125 -34.25
1532259511381784 -68.5625 -99.25 -37.6875
1532259511449602 -90.6875 -165.563 -56.4375
1532259511508447 -95.125 -178.625 -56.125
1532259511575266 -59.375 -168.688 -64
1532259511627127 -44.0625 -173 -54.1875
1532259511711901 -54.5625 -158.938 -44.8125
1532259511785703 -32.875 -125.563 -37.4375
1532259511809640 -14.8125 -113.688 -30
1532259511838562 -35.5 -71.6875 -0.5625
1532259511868482 -16.4375 -44.0625 12.25
1532259511913365 10.3125 -21.125 4.6875
1532259511988172 -17.5 -12.1875 10.875
1532259512072952 16.1875 -4.9375 -3.3125
1532259512139775 -4.3125 15.5625 -4.0625
1532259512176658 6.3125 10.1875 4.6875
1532259512215554 13.75 8.8125 1.1875
1532259512281378 -1 -5.5625 9.3125
1532259512341217 4.8125 4.0625 -9.125
1532259512423997 56.1875 20.5 -9.75
1532259512443943 -22.3125 13.3125 6.5

1532259512491815 -34.625 2 12.3125
1532259512518743 11.4375 -18.4375 1.6875
1532259512544681 14.1875 -19.125 -2.75
1532259512602058 -4.125 -22.1875 4.4375
1532259512650929 -4.5 -20.8125 2.25
1532259512671872 -0.5625 -21.0625 1.125
1532259512724751 17.1875 1.4375 -6.625
1532259512761891 -14.25 -3.4375 -4.375
1532259512821743 7.9375 -0.6875 -6.4375
1532259512987287 -1.0625 6.875 -6.625
1532259513029175 1.3125 9.4375 -5.375
1532259513059095 -2.4375 7.5 -7.75
1532259513107968 -8.125 5.8125 -8.5625
1532259513202714 -4.875 0.75 -3.625
1532259513258562 -1.3125 -0.75 -5.375
1532259513287484 3.375 -5.9375 -0.4375
1532259513426113 -35.125 -4 2.1875
1532259513467005 -42.6875 -10.75 15.3125
1532259513478973 -49.4375 1.8125 1.5625
1532259513601644 -47.3125 18 29.0625
1532259513638554 -35.3125 14 27.6875
1532259513662487 -23.1875 2.875 29.3125
1532259513720338 -21.75 -2.8125 15.9375
1532259513758226 -39.4375 -2.9375 15.5
1532259513854967 -8.75 1.5 6.375
1532259513906829 -26.875 10.9375 2.625
1532259514021528 -19.4375 30.25 -0.125
1532259514076374 -18.3125 37.4375 5.625
1532259514097319 -21.0625 50.0625 10
1532259514157159 -34.125 65.0625 22.0625
1532259514201042 -16.1875 80 32.9375
1532259514239937 20.9375 92.9375 57.9375
1532259514258887 30.5 95.75 61.0625
1532259514284818 30.6875 96.0625 63.375
1532259514299778 26.875 93.5625 66.3125
1532259514335681 22.4375 88 70.875
1532259514388541 12 65.625 80.0625
1532259514402503 10.1875 59.125 82.3125
1532259514455362 41.375 42.0625 68.625
1532259514499244 76.3125 38.9375 63.625
1532259514538144 1.625 3.5 75.375
1532259514591002 -17.75 -9.5 70.375
1532259514627900 4.625 -6.375 57.75
1532259514665799 -8 -22 33
1532259514686742 -20.5 -25.8125 27.375
1532259514748578 -7.5625 -32.875 29.75
1532259514801436 -15.8125 -45.625 42.3125
1532259514909153 -21.0625 -29.0625 30.0625
1532259514965996 -7.3125 -4.5 6.1875
1532259514980970 -6.5625 2.625 -0.5
1532259515018855 -7.0625 3.25 -11.0625
1532259515055756 -4.75 6.8125 -14.75
1532259515092657 -2.25 9.25 -17.6875
1532259515116593 -4.75 6.0625 -17.9375
1532259515138535 -5.75 2.625 -22.1875
1532259515189412 -8.6875 -1.9375 -33.875
1532259515221316 -27.875 6.8125 -51.25
1532259515242273 -34.125 13.625 -68.125
1532259515266201 -35.625 24.5625 -89
1532259515309079 1.6875 31.6875 -91.3125
1532259515369916 -51 -38.25 -78.75
1532259515377902 -96.75 -51.0625 -70.25
1532259515453692 -79.125 -51.25 -68.75
1532259515482614 -42.625 -50.8125 -41.6875
1532259515536471 -52.4375 -21.25 -20.4375
1532259515582348 -28.9375 45.4375 36.1875
1532259515602294 -3.375 72.4375 51.0625
1532259515625233 33.125 96.5625 60.8125
1532259515671123 100.625 131.625 53.625
1532259515701031 79.3125 143.375 26.375
1532259515739927 45.9375 116.875 -5.8125
1532259515911489 -34.1875 -172 -101
1532259516016195 17.9375 -106.063 -24.1875
1532259516100969 -64.4375 -59.375 9.625
1532259516209678 57.1875 116.5 112.438
1532259516241593 120.5 158.438 111.25
1532259516263537 139.438 163.875 97.5
1532259516284478 140.188 157.875 78.8125
1532259516308426 118.313 145.188 54.875
1532259516369252 90.4375 125.813 30.6875
1532259516444052 -20.6875 -57.75 -74.125
1532259516571710 -11.8125 -128.625 -47
1532259516692403 -81.5625 -56.0625 9
1532259516705353 -71 -38.8125 18.3125
1532259516775166 -11.5 49.25 82.625
1532259516813064 121.688 138.375 102.313
1532259516864944 141.313 152.313 68.625
1532259516908809 107.625 117 21.3125
1532259516960670 55.9375 32.5625 -50.4375
1532259517075364 -55.125 -100.813 -71.0625
1532259517192051 -93.75 -152.313 -53.3125
1532259517343646 43.9375 87.25 64.5
1532259517412462 68.875 98.8125 50.625
1532259517426424 74.1875 90.0625 39.375
1532259517486265 69.9375 73.75 31.375
1532259517547102 78.1875 14.625 -0.6875
1532259517596969 -4.125 -17.3125 -8
1532259517642845 1.5 -14.875 -7.875
1532259517696702 4.1875 -4.8125 -8
1532259517733603 -10.8125 12.125 10.5
1532259517792453 13.0625 23.25 10.1875
1532259517811395 17.375 26.5625 16.4375
1532259517861261 22.0625 35.5625 26.8125
1532259517907139 48.1875 51.625 30.8125
1532259517943043 64.875 66.6875 40.25
1532259517965981 84.4375 86.5 43.75
1532259517988920 94.5 90.875 43.375
1532259518016846 106.063 97 54.8125
1532259518048760 95.5 111 60.1875
1532259518109597 108.813 122.063 59.5625
1532259518137525 104.813 127.5 56.625
1532259518244238 114.938 125.125 55.625
1532259518354942 84.875 95.75 63.6875
1532259518438718 68.1875 60.1875 44.125
1532259518454693 70.0625 59 33.6875
1532259518476616 41.125 50.375 34.9375
1532259518505538 26.75 43.25 29.3125
1532259518551416 30.1875 35.3125 22.3125
1532259518591310 20.9375 27.9375 21.625
1532259518717971 -0.0625 8.25 -1
1532259518791773 3.125 -4 -5.9375
1532259518814712 0.625 -7.3125 -8.5
1532259518879539 -11.8125 -13.8125 -11.3125
1532259518901480 -15.375 -17.4375 -12.3125
1532259518954345 -30.1875 -36.875 -15.75
1532259518999219 -32.9375 -44.125 -18.25
1532259519078008 -54.6875 -65.6875 -28.625
1532259519194696 -68.4375 -96.5 -59.0625
1532259519286451 -70.5 -126.875 -74.125
1532259519346291 -84.625 -161.313 -84.625
1532259519456995 -38.8125 -174.188 -76.1875
1532259519496888 -44.375 -168.813 -64.4375
1532259519576675 -5.9375 -136.063 -49.5
1532259519624547 6.8125 -122.125 -41.9375
1532259519720290 -3.5 -43.6875 -61.125
1532259519774147 -7.125 -23.6875 -60.25
1532259519824013 13.375 -26.5625 -38.375
1532259519886846 7.8125 -26.9375 -28.875
1532259519936711 -6.0625 -10.25 -20.8125
1532259519960648 4 11.1875 -25.3125
1532259520014504 -35.0625 8 -10.9375
1532259520037444 -24.75 4.75 -16.5625
1532259520088307 33.4375 23.125 -18.1875
1532259520155128 8.8125 0.9375 -9.75
1532259520180070 -36.8125 -15.0625 3.3125

1532259520202015 -51.5625 -15.125 9.125
1532259520236910 8.8125 -5 14.1875
1532259520275805 4.5 -11.75 11.1875
1532259520313704 18.0625 -15.1875 9.375
1532259520364568 6.25 -8.125 2.8125
1532259520403464 6 -7.6875 -4.875
1532259520457320 -4.125 -9.25 -0.75
1532259520598941 2.625 -10.5625 -4.125
1532259520646813 -1.4375 -10.3125 -0.5
1532259520996416 -1.5625 -0.125 0.9375
1532259521056256 0.9375 0.375 0.125
1532259521565911 -1 -0.4375 -2.9375
1532259521693817 4.125 -3.5625 0.0625
1532259521836500 5.875 -0.8125 0.1875
1532259521956418 -2.8125 12.375 -15.875
1532259521979357 0.8125 4.6875 -6.875
1532259522023240 -22.4375 -3.5 5.75
1532259522046178 -24.5625 -9.1875 6.4375
1532259522119981 -17.4375 -18.75 9.625
1532259522158891 -12.8125 -12.75 10.5
1532259522188797 -14.3125 -9.375 7.875
1532259522196775 -4.9375 -7 10.3125
1532259522218716 -4.875 -1 29.375
1532259522247639 3.125 -1.5625 42.3125
1532259522301495 -14.5625 5.9375 49.9375
1532259522329421 -19 4 57.8125
1532259522429160 -54.6875 20.0625 74.25
1532259522481015 -31 49.1875 73.25
1532259522501960 -19.6875 61 73.625
1532259522532877 -25.8125 70.5 77
1532259522548834 -48.6875 78.8125 81.0625
1532259522578754 -63.0625 86.375 81.875
1532259522608675 -41.8125 95.6875 87.75
1532259522638615 -1.5625 92 84.125
1532259522668530 17.1875 90.125 84.6875
1532259522706413 43.6875 87 84.1875
1532259522751293 31.75 81.25 79.3125
1532259522803154 46.25 69.8125 70.375
1532259522878951 119.125 75.4375 45.875
1532259522921836 60.8125 29.25 49.1875
1532259522998631 13.8125 1.5 35.875
1532259523036530 16.125 -7.6875 29.4375
1532259523058471 -26.6875 -12.0625 24.9375
1532259523088391 -41.0625 -8.5625 22.9375
1532259523109335 -36.8125 -5.9375 13.5625
1532259523141250 -8.6875 -10.75 -1.1875
1532259523162194 -20.5 -11.875 -1.0625
1532259523232007 -29.375 -15.125 4.75
1532259523260930 -38.75 -24.875 2.125
1532259523313788 -34.5625 -32 4
1532259523326754 -22.8125 -34.5 5.9375
1532259523381607 -16.625 -29.625 17.4375
1532259523409532 -22.9375 -29.375 21.625
1532259523463396 -23.5625 -14.6875 15.9375
1532259523486326 -18 -10.25 13.375
1532259523509266 -14.1875 -6.125 11.3125
1532259523584075 -1.625 0.875 -3.25
1532259523650887 2.5625 1.6875 -14.875
1532259523667842 1.75 -2.1875 -16.3125
1532259523695767 -0.375 -3.375 -18.0625
1532259523741644 -25.9375 16.9375 -45.125
1532259523771564 -22.375 28.3125 -55.875
1532259523793506 -21.875 40.3125 -70.6875
1532259523846364 32.4375 50.1875 -61.3125
1532259523862322 -3.375 20.875 -58.75
1532259523883265 -50.5625 -1.875 -53.5625
1532259523922161 -75.5625 -18 -47.75
1532259523995964 -88.6875 -76.3125 -51.25
1532259524040844 -93.75 -85.125 -59.875
1532259524147560 -53.3125 -43.3125 44.0625
1532259524214380 44.25 60.6875 109.938
1532259524334060 88.5 121.25 -6.6875
1532259524504620 -71.4375 -185.563 -105.625
1532259524543500 -72.4375 -190.313 -90.5625
1532259524686131 -36.125 -23.8125 66.875
1532259524730999 -41.75 6.6875 84.4375
1532259524766903 60.1875 128.938 130.75
1532259524783859 111.938 167.75 129.938
1532259524805799 150.25 186.75 114.75
1532259524826743 167.25 192.125 92.375
1532259524880598 125.813 166.125 46.1875
1532259524894561 86.4375 138.188 15.3125
1532259524903537 66.5625 98 -10.9375
1532259525007260 -9.3125 -132.125 -109.625
1532259525085052 -49.4375 -210.375 -90.75
1532259525149878 -94.4375 -129.375 -5.875
1532259525173816 -97.4375 -103.188 22.5625
1532259525203734 -82.8125 -77.9375 34.625
1532259525248614 -69.5 3.75 77.4375
1532259525272550 -29.1875 40.4375 100.875
1532259525308455 0.3125 75.875 114.813
1532259525325409 31.0625 118.75 121.438
1532259525346353 102.563 185 131.375
1532259525369292 133 196.5 123.5
1532259525397217 141.063 194.625 105.313
1532259525407191 142.438 182.438 88.375
1532259525457057 137.813 162.688 72.5
1532259525501937 67.8125 8.5 -54.6875
1532259525576737 -36.25 -146.063 -112.563
1532259525663505 -21.25 -162.688 -100.813
1532259525744288 -79.5625 -79.6875 22.4375
1532259525833052 -31.4375 -2.1875 60.8125
1532259525871948 6.4375 31.8125 57.875
1532259525948743 65.9375 91.625 59.5625
1532259526031521 85.9375 84.6875 47.5
1532259526071415 87.25 68.875 37.625
1532259526218022 18.375 25.625 11.5625
1532259526230987 5.8125 24.5 19.625
1532259526274870 42.9375 24.125 12.25
1532259526318753 37.1875 26.3125 21.25
1532259526344700 39.9375 29.9375 22.8125
1532259526435443 97.8125 65.6875 35.5
1532259526439430 90 64.0625 43.4375
1532259526499269 112 73.6875 48
1532259526642886 120.313 97.3125 47.1875
1532259526710705 84.75 90.4375 62.5
1532259526801461 62.5625 88.0625 61.0625
1532259526853323 39.8125 52.75 26.8125
1532259526973010 8.1875 16.9375 4.6875
1532259526993947 9 10.9375 4.0625
1532259527050795 19.0625 1.625 -4.3125
1532259527118614 -7.8125 -10.125 -1
1532259527264225 -28 -44.375 -26
1532259527342017 -50.5 -56.25 -26.75
1532259527430780 -72.25 -85.4375 -31.5625
1532259527544476 -105.125 -143.063 -81.125
1532259527745943 -43 -208.188 -114.125
1532259527762891 -42.5625 -198.063 -121.563
1532259527850656 -0.8125 -82.0625 -78.3125
1532259527882571 -27.75 -67.875 -57.375
1532259527933435 -1.9375 -37.6875 -20.8125
1532259527970336 -2.5 -25.25 -6.0625
1532259527993275 4.875 -5.25 -0.5625
1532259528030176 6.25 18.375 4.25
1532259528053115 -13.625 9.25 -5.0625
1532259528082038 -21.9375 15.125 -16.25
1532259528135893 -11.875 3.25 -12.3125
1532259528158832 -15.6875 -1.1875 -17.8125
1532259528217675 20.375 10.8125 -5.4375
1532259528263552 -9 -1.625 -5
1532259528286491 -8.9375 -3.6875 -3.625
1532259528322394 6 -11.5625 -3.3125
1532259528355307 -3.5625 -10.125 0.4375
1532259528377248 -0.0625 -11.875 4.625
1532259528414150 2.1875 -14.875 -2.75
1532259528436091 21.3125 -1.0625 -13.6875
1532259528459029 48.125 17.9375 -14.4375
1532259528488949 35 6.4375 -11.8125
1532259528511888 31.0625 3.625 3.0625

1532259528555770 -39.625 -11.625 -10.25
1532259528586699 -21.25 -2.4375 -2.0625
1532259528661487 2.5 -5.5625 -1.125
1532259528690411 -21.875 -7.5 1.875
1532259528713349 -3.375 -1.875 2.8125
1532259528757232 -3.6875 -0.75 -5.375
1532259528781168 -12.0625 -1.3125 -4
1532259528841018 -5.5625 -0.5625 0
1532259528855967 -2.5 0 -0.75
1532259528893867 -5.375 0.8125 -1.875
1532259528915808 -4.5 0.4375 -1.25
1532259528937762 -1.875 1.5625 -1.875
1532259528952724 -1.5 2.0625 -2.125
1532259528989611 -2.875 1.625 -2
1532259529036485 1.25 1.4375 -2.875
1532259529058438 2.5625 1.1875 -1.375
1532259529102309 1.625 2.6875 -3.0625
1532259529133226 1 2.125 -1
1532259529164144 8.1875 4.1875 0
1532259529216014 27.4375 8.3125 -12.6875
1532259529238944 2.3125 10.9375 -7
1532259529260885 17 1.4375 1.75
1532259529319727 -23.3125 -6.625 2.25
1532259529343663 -22.75 -12.25 0.5625
1532259529411483 -23.875 -16.375 9
1532259529456363 -17.9375 -15 22.8125
1532259529478304 -58.4375 -4.1875 20.75
1532259529546126 -1.5 7.375 44.5
1532259529613941 -54.875 20.8125 68.5
1532259529674778 -19.6875 64.375 86.9375
1532259529687747 -45.0625 77.8125 92.6875
1532259529718661 -90.5 94.75 86.1875
1532259529747584 -79.5625 96.3125 85.5625
1532259529763541 -49.75 91.5625 88.8125
1532259529814405 10.375 90.875 89.8125
1532259529825375 19.3125 91.5625 91.625
1532259529890202 -13.0625 88.3125 83
1532259529942064 -3.5625 70.0625 86
1532259529980973 27.875 59.375 78.0625
1532259530041797 30 36 69.5625
1532259530115599 33.1875 26.375 56.4375
1532259530201378 17.75 16.1875 49.25
1532259530253232 20.4375 9.9375 39.5625
1532259530328032 -6.5625 -4.3125 14.6875
1532259530379893 -11.9375 -5.4375 4.4375
1532259530408815 -14.125 -7.9375 2.125
1532259530438735 -19.8125 -20.8125 4.3125
1532259530497578 -28.4375 -37.4375 12.875
1532259530528495 -22.625 -37.9375 22.3125
1532259530602297 -23.8125 -34.9375 25.9375
1532259530662138 -14.25 -12.9375 16.1875
1532259530739935 -6.625 8.4375 -12.375
1532259530791791 0.3125 6.9375 -24.6875
1532259530866592 -7.625 4.125 -28.3125
1532259530903492 -51.1875 29.125 -68.4375
1532259530933413 -18.1875 45 -69.5625
1532259530941392 27.0625 42.4375 -59.3125
1532259530992255 -17.75 22.8125 -54.625
1532259531052095 -47.125 -20.75 -62.0625
1532259531153829 -90.125 -76.4375 -34.375
1532259531241589 -61.6875 -8.5 63.4375
1532259531285470 89.0625 73.875 71.5
1532259531346309 89.4375 107.25 47.8125
1532259531384207 98.5625 88.125 -19.6875
1532259531524831 -64.25 -163.875 -127
1532259531572703 -89.125 -171.938 -109.563
1532259531734271 -33.375 -80.75 38.75
1532259531767183 -34.5625 -52.4375 54.0625
1532259531834004 -17.1875 17.25 80.1875
1532259531848964 9.125 60.1875 95.6875
1532259531909801 124.25 182.625 102.75
1532259531931742 146.5 183.563 87.6875
1532259532005546 60.0625 54.875 -35.8125
1532259532035466 45.1875 10.5 -61.875
1532259532095306 -5.4375 -111.5 -110.75
1532259532163124 -56.5625 -186.438 -77.4375
1532259532239919 -30.6875 -99.875 21.5
1532259532323695 -44.5 -90.0625 30.625
1532259532357604 -56.8125 -72.9375 38
1532259532394506 -6.9375 19.3125 81.375
1532259532414452 29 105.125 98.1875
1532259532463322 118.625 164.813 84.0625
1532259532539119 144.75 162.25 63.875
1532259532593972 54.4375 32.5625 -44.8125
1532259532648826 -45.625 -79.6875 -85.125
1532259532678746 -42.4375 -100.063 -92.5
1532259532818372 -19.5625 -86.9375 -4.5
1532259532883199 -36.3125 -77.4375 14.6875
1532259532954009 19.25 65.5625 81.5625
1532259533027812 63.5625 105.25 89.1875
1532259533088665 62.9375 90.125 60.625
1532259533109593 40 65.8125 43.4375
1532259533146510 33.375 53.375 33.9375
1532259533229274 28.875 37.5 10.5
1532259533265177 17.3125 32.75 7.0625
1532259533287118 32.375 34.25 11.9375
1532259533325017 51.1875 31.8125 9.375
1532259533338980 57.5 34.0625 10.8125
1532259533349950 60.125 36.25 20
1532259533371895 59.4375 38.0625 26.0625
1532259533398820 62.125 36.25 28.1875
1532259533423753 68.6875 39.125 28.875
1532259533520494 91.3125 58.0625 25.875
1532259533594296 91.1875 67.25 35
1532259533610255 94.5625 69 32
1532259533709988 93.5 66.5625 40.375
1532259533823684 72.3125 60.5625 39.875
1532259533940371 57 57.75 23.125
1532259534002223 13 37.6875 19
1532259534064040 12.5 21.9375 13.5625
1532259534180729 -7 -8.875 -8.875
1532259534280463 -19.5 -21.8125 -15
1532259534405129 -59.4375 -104.375 -38.875
1532259534489903 -94.75 -187.438 -71.75
1532259534893822 -11.8125 -28.75 -26.625
1532259534931721 -34.375 -12.9375 -23.125
1532259534953662 -25.25 -6.9375 -14.9375
1532259534974605 7.3125 20.875 -13.5
1532259534998542 24.25 24.25 -5.75
1532259535013502 13.5625 12.5625 4.5625
1532259535034446 -19.875 8.875 1.0625
1532259535051401 -21.875 10.8125 -10.125
1532259535102264 -7.3125 10.9375 -8.5625
1532259535172078 6.625 13.625 -3.5
1532259535253859 -6.3125 -1.625 -5.1875
1532259535274803 -14.6875 -2.4375 -3.125
1532259535297741 -13.4375 -2 -1.6875
1532259535334655 22.9375 25.9375 -7.875
1532259535373548 24.25 10.4375 -4.9375

1532259535439363 -53.25 -6.75 -19.375
1532259535454323 -77.25 -4.75 7.25
1532259535470286 -45.5625 -8.4375 13.0625
1532259535516158 21.5625 -7 4.0625
1532259535530121 15.125 -2.9375 -3.4375
1532259535561054 -3.4375 -4.875 -4.875
1532259535583977 -14 -4.5625 -1.75
1532259535613900 -1.5625 -6.5 7.0625
1532259535635840 9.4375 -8.25 8.125
1532259535656783 15.6875 -4.625 5.3125
1532259535703656 -8.875 -0.5625 -4.875
1532259535756515 -17.4375 0.9375 -2.625
1532259535777459 -7.125 1.5 -3.75
1532259535844280 -8.625 2.4375 -5
1532259535902158 -5.625 3.625 -4.375
1532259535914125 -5.4375 3.8125 -4.25
1532259535950030 -1.9375 0.375 -3.8125
1532259535974026 -4.0625 3.375 -4.375
1532259535995962 -10.9375 4.4375 -3.5
1532259536009926 -7.25 2.25 -2.875
1532259536031866 -3.625 1.5 -2.8125
1532259536050084 -5.8125 2.1875 -4.125
1532259536070028 -9.125 3.0625 -2.1875
1532259536091970 -4.4375 0.8125 -2.6875
1532259536108925 2.875 -1 -2.6875
1532259536129869 -2.0625 4.4375 -2.25
1532259536176743 -1.125 -0.3125 -0.4375
1532259536191704 -0.5 -1.125 0.1875
1532259536212647 1.4375 -2.5625 -0.3125
1532259536265506 8.5625 -2.75 -1.8125
1532259536290440 2.9375 -6.875 -0.9375
1532259536325352 16.125 4.125 -0.0625
1532259536348869 45.3125 9.625 -4.8125
1532259536407713 25.875 -0.125 -1.6875
1532259536476530 -37.4375 -2.375 6.375
1532259536489495 -38.25 -10.0625 4.4375
1532259536557314 6.75 -10.8125 6
1532259536617154 -14.125 -12.0625 6.5
1532259536632113 -6.125 -9.625 5.1875
1532259536676993 10.5625 -2.6875 -3.1875
1532259536736833 -7.5625 -4.75 5.375
1532259536806647 21.6875 -1 6.4375
1532259536828588 14.5625 -0.5625 7.6875
1532259536858515 0.1875 -2.625 14.4375
1532259536939292 -21 -19.0625 30.4375
1532259536956246 -45.75 -11.9375 39.5625
1532259537018081 18.75 -6 66.0625
1532259537039025 27.875 -3.1875 68.5625
1532259537113825 -0.375 -2.25 80.6875
1532259537166684 19.3125 10.625 73.125
1532259537317281 -4.5 41.875 71
1532259537345206 -52.5625 100.313 66.875
1532259537385099 -57.625 120 57.75
1532259537441947 -41.75 133.688 46.5
1532259537465884 8.4375 122.063 46.5
1532259537518742 10.125 95 52.375
1532259537541681 -3.375 85.75 58.875
1532259537585564 20.5 73.125 66.5
1532259537617493 37.375 75.5 68.3125
1532259537638422 41.4375 59.3125 57.9375
1532259537661361 32.5 45.625 52
1532259537736160 19.875 30.0625 51
1532259537819936 -20.9375 -25.375 22.625
1532259537846865 -4.75 -40.625 -2
1532259537863820 -5.3125 -46.1875 -4.9375
1532259537946598 -24.25 -34.125 -6.25
1532259538066278 -4.9375 -30.5 18.75
1532259538102182 -10.5 -23.375 12.25
1532259538150069 -10.0625 -13.5625 2.6875
1532259538178977 -11.125 -6.125 -5.8125
1532259538208897 -7 -2.5625 -9.8125
1532259538291678 0.0625 4.5 -7.6875
1532259538305638 1.625 4.4375 -5.625
1532259538352513 5.3125 3.1875 -1.625
1532259538402379 1.625 0 -9
1532259538420331 12.375 -0.125 -11.375
1532259538464214 2.4375 12 -15.9375
1532259538493137 -4.3125 26.5 -22.3125
1532259538539031 43.875 84.3125 -30.9375
1532259538575930 74.125 88.625 -27.375
1532259538604838 42.5 90.75 -15.75
1532259538620795 16.4375 84.875 -21.375
1532259538664678 51.5 71.25 -39.625
1532259538681632 66.625 59.8125 -45.875
1532259538703574 22.75 44.9375 -44.8125
1532259538731499 -20.4375 -0.3125 -25.5
1532259538772390 5.0625 -34.375 -41.4375
1532259538929969 -41.25 -125.188 -71.1875
1532259539040672 -43.75 -106.5 20.8125
1532259539198251 -25.25 56.3125 83.6875
1532259539258090 24.5 111.688 106.375
1532259539290016 138.75 167.75 72.3125
1532259539311966 125.125 159.813 47.4375
1532259539332903 101.5 141.563 17.8125
1532259539353835 72.25 109.438 -11.3125
1532259539406694 41.1875 -34.8125 -99.1875
1532259539463542 -16.125 -114.813 -109.25
1532259539475510 -61.5625 -145.125 -103.813
1532259539561280 -98 -181.063 -110.125
1532259539628102 -110.188 -111.688 -0.8125
1532259539664005 -47.375 -70.625 24.5
1532259539754763 -48.6875 73.3125 99.9375
1532259539808619 60.1875 130.125 132.875
1532259539999109 110.625 122.063 24.625
1532259540068923 -22.75 -121.125 -112.625
1532259540096847 -61.375 -168.75 -101.813
1532259540187606 -26.3125 -112 -10.8125
1532259540219520 -47.6875 -104.125 7.3125
1532259540288336 -48.9375 -70.1875 24.375
1532259540397045 46.875 92.3125 69.75
1532259540413003 86 112.313 67.6875
1532259540459892 99.4375 122.438 65.25
1532259540534677 108.938 105.063 39.5625
1532259540592523 59.25 57.125 7
1532259540647380 -4.5625 -15.1875 -36.4375
1532259540696246 -11.0625 -38 -24.3125
1532259540714197 -17.6875 -36.1875 -10.625
1532259540774038 17.0625 -12.5 35.4375
1532259540869781 22.625 37.25 32.6875
1532259540924634 29.625 31.875 19.625
1532259540998437 15.625 12.5 1.25
1532259541028357 17.875 4.4375 -0.1875
1532259541067258 20.5 3.9375 1.1875
1532259541193914 44.1875 48.5625 16.625
1532259541245782 73.125 78.875 22.875
1532259541381413 99.1875 95.875 45.8125
1532259541432277 106.813 102.313 45.875
1532259541569909 103.313 116.188 52.125
1532259541905013 14.4375 2.1875 5.4375
1532259542049626 -10 -18.1875 -3.25
1532259542214186 -77.75 -55.25 -34.5625
1532259542385731 -79.0625 -125.25 -83.0625
1532259542431605 -74.875 -229.438 -100.25
1532259542497428 -110.375 -289.5 -91.75
1532259542521366 -126 -293.75 -117.563
1532259542558266 -51.625 -295.875 -150.563
1532259542581204 19.6875 -285.313 -152.5
1532259542656004 -54.75 -150.625 -74.9375
1532259542693903 -56 -77.4375 -63.375
1532259542774687 -25.4375 -27.5625 -14.6875
1532259542834527 -23.6875 -20.25 -12.75
1532259542866442 -25.125 -21.8125 -9.9375
1532259542894367 -28.5625 -39.25 5.9375
1532259542911336 0.4375 2.6875 -4.9375
1532259542933264 71.875 41.5625 -5.875
1532259542956202 37.75 36.0625 29.375
1532259543001094 -77.3125 7.3125 -7.1875
1532259543015044 -38.25 12.9375 -14.5
1532259543069898 7.3125 12 -0.625
1532259543081866 -6.25 11.875 -0.8125
1532259543134725 17.75 13.625 -6.25
1532259543173621 -17.375 9.0625 -12.1875
1532259543210523 -10.625 -0.5625 -6.1875
1532259543234458 -5.75 -3.375 -6.125
1532259543293300 -9.5 -14.4375 -11.5625
1532259543337197 0.875 -18.375 -6.75
1532259543405002 38.5625 6.5625 -21.0625
1532259543441904 29.5 8 -6.6875

1532259543533665 -32.3125 12 10.625
1532259543600929 -5.8125 0.1875 17.0625
1532259543683710 23.1875 -4 21.5625
1532259543773469 15.125 -9.6875 14.0625
1532259543796409 16.4375 -11.625 11.8125
1532259543839294 19.6875 -14.3125 6.0625
1532259543901129 -3.5625 -17.4375 -0.4375
1532259543952991 8.5 -13.1875 -9.125
1532259543975929 4.9375 -11.8125 -12
1532259544012837 -1.6875 -11.75 -18
1532259544035930 -5.4375 -11.375 -22.125
1532259544056876 -14.5625 -12.0625 -23.375
1532259544095771 -16.875 -6.875 -19.6875
1532259544118710 -13 -5.3125 -16.4375
1532259544156609 -0.625 -2.5 -13.1875
1532259544179548 2.0625 -2.8125 -9.75
1532259544216449 0.375 -6.125 -4.5625
1532259544246370 1.75 -6.3125 -2.625
1532259544305212 -1.8125 -1.1875 3.5625
1532259544336130 -3 1.8125 5.0625
1532259544386993 0.1875 2.4375 5.6875
1532259544425889 -2.6875 3.25 6.0625
1532259544478748 -0.1875 3.75 5.5625
1532259544516646 -3.375 5.1875 7.3125
1532259544599107 5.8125 4.25 5.375
1532259544636013 2.6875 2.375 1.3125
1532259544718787 -5.8125 3.3125 -0.25
1532259544739730 -2.5625 5.6875 -1.5625
1532259544807550 -0.25 2.75 -2.5625
1532259544859845 -0.375 -1.875 -3.5625
1532259544920683 2.875 -1.1875 -0.1875
1532259544937648 4.4375 -1 -0.875
1532259544958580 4.8125 0 -1.4375
1532259544979525 3 0.9375 -1.5
1532259545011439 -0.75 1.5 -0.5625
1532259545056177 -1.25 -1.3125 -0.875
1532259545079116 3.5 -0.375 -3.3125
1532259545144939 -1.5 -0.125 -0.6875
1532259545198796 5 -1.1875 -0.375
1532259545221733 1.875 -1.6875 0.4375
1532259545266614 2.4375 -1.4375 0.8125
1532259545305510 3.0625 -1.625 -0.5625
1532259545324218 -2.5625 -1.25 -0.625
1532259545355135 -1.25 -1.1875 -1
1532259545384058 -0.125 0.1875 -0.75
1532259545431929 -0.3125 0.3125 -0.5
1532259545466836 1.5 1.4375 0.875
1532259545511716 2 1.3125 -0.375
1532259545542634 0.3125 1.5 0.0625
1532259545565573 -1.6875 1.625 -0.125
1532259545586516 -2.625 1.6875 -0.25
1532259545633391 -1.8125 1.875 -0.4375
1532259545663311 -1.8125 1.5 -0.625
1532259545691236 -2.5625 1.25 -0.125
1532259545767033 0.375 0.5 -0.4375
1532259545803940 -1.625 -0.3125 0.1875
1532259545834852 -1.3125 -0.0625 -0.0625
1532259545863775 -0.8125 -0.1875 -0.1875
1532259545946554 0.5 -0.125 -0.3125
1532259545984452 -0.9375 -0.25 0.125
1532259546024345 0.0625 -0.0625 0.5
1532259546047284 1.5625 -0.25 0.125
1532259546066233 1.6875 -0.75 -0.25
1532259546104140 -2.75 0 0.1875
1532259546129066 -2.625 0.375 0.1875
1532259546163972 1.625 0.8125 -0.75
1532259546189903 -0.25 0.75 -0.8125
1532259546249465 -0.9375 0.375 -0.3125
1532259546344194 -0.625 -0.8125 0.3125
1532259546398052 0.375 -0.375 0.0625
1532259546412018 -0.75 -0.375 -0.25
1532259546448921 0.1875 0.3125 -0.1875
1532259546466873 0.5625 0.25 -0.0625
1532259546489812 0 0.375 -0.25
1532259546526734 -0.1875 0.25 -0.25
1532259546614479 0.9375 -0.0625 0
1532259546675368 -1.5 -0.4375 0.0625
1532259546767109 -0.875 -0.6875 -0.4375
1532259546878810 1.125 0.4375 0.375
1532259546946629 0.6875 0.875 0.0625
1532259547026415 -0.5625 -0.0625 -0.0625
1532259547104324 1.25 -1 0.125
1532259547134259 1 -2.25 1.5
1532259547155188 3 -1.4375 0.6875
1532259547207050 43.5625 7.6875 -4
1532259547225002 45.4375 3.875 -2.5
1532259547284842 8.5 5.9375 -2.3125
1532259547326729 -28.8125 -2.5 3.4375
1532259547366623 -31.5 -10.875 1.875
1532259547386569 -24.75 -13.1875 3.4375
1532259547412500 -29.3125 -11.25 8.375
1532259547426463 -17.125 -11.4375 8.625
1532259547486303 -29.3125 2.875 2.625
1532259547584046 7.75 20.125 15.875
1532259547628922 17.8125 29.625 28.25
1532259547665824 -7.4375 35.8125 31.8125
1532259547688761 -12.1875 45.25 40.3125
1532259547726660 5 55.3125 58.625
1532259547807444 -28.625 87.1875 85.5
1532259547846340 -57.5 94.5625 95.75
1532259547867284 -56.625 95.25 99.3125
1532259547929119 29 88.3125 114.813
1532259547988959 71.4375 90.4375 118.75
1532259548069742 39 79.25 109.688
1532259548208375 -2.625 25.625 49.125
1532259548289156 -4.5625 1.125 8.75
1532259548521535 -29.8125 0.3125 -29.125
1532259548561428 -58.75 -29.375 -3.375
1532259548692078 -12.4375 -55.5625 54.125
1532259548837690 -14.8125 -33.625 15.9375
1532259548925455 -3.5625 0.0625 -9.3125
1532259549210692 26.8125 15.5625 -46.75
1532259549248603 -14.8125 20.1875 -38.125
1532259549292476 -15.25 30.6875 -27.625
1532259549316408 -6.4375 44.4375 -27.1875
1532259549369279 -37.75 70.5625 9.375
1532259549459028 1.5 51.875 -9.875
1532259549578708 -45.5 -128.75 -115
1532259549780169 -68.875 -60.375 12.25
1532259549847989 -17.375 65.25 61.875
1532259549900846 -7.875 135.25 113.063
1532259549936750 24.0625 160.063 143.063
1532259549989609 193.5 173.438 99.5
1532259550014542 197.688 149 70
1532259550034489 78.125 67.5 0.5625
1532259550051443 35.1875 16.625 -29.9375
1532259550073385 18.9375 -30.5625 -58.4375
1532259550202041 -15.75 -145.563 -112.75
1532259550289805 -54.0625 -95.8125 -0.5
1532259550343662 -80.75 -42.1875 38
1532259550503235 89.1875 152.5 112.313
1532259550562077 124.625 125.813 39.5
1532259550577038 79.9375 94.5625 19.3125
1532259550637878 25.625 16.375 -39
1532259550725640 -56.125 -131.813 -95.375
1532259550915134 -3.1875 34.75 72.3125
1532259550996923 34.1875 108.063 95.3125
1532259551079694 142.125 118.938 58.5
1532259551099640 63.5625 26.3125 -9.9375
1532259551117595 30.4375 -2.875 -2.5625
1532259551152498 3.4375 -12.3125 0.0625
1532259551274173 15.25 -8.375 -1.4375
1532259551348973 -2.0625 15.5625 6.375
1532259551357950 25.1875 32.75 9.25
1532259551391859 33.6875 37.25 10.0625
1532259551445717 63.375 60.75 22.4375
1532259551483613 60.75 70.5625 30.375
1532259551597310 104.25 87.8125 48.25
1532259551633213 126.813 94.75 42.5
1532259551672109 115.875 100.563 42.0625
1532259551852627 119.375 114.438 50.6875
1532259551906482 86.4375 100.813 45.4375
1532259551942386 73.8125 93.8125 47.875
1532259552391187 -43.0625 -77.0625 -36.5625
1532259552671438 -86.5 -248.625 -104.313
1532259552701357 -41.3125 -252.25 -135
1532259552782141 -40.375 -194.313 -63.9375
1532259552802095 -43.9375 -155.688 -66.75
1532259552868909 -2.9375 -60.9375 -24.6875
1532259552901822 -51.625 -33.375 -19.25
1532259552943709 -13.4375 -24.375 -8.0625
1532259552984600 46.875 38.4375 -22.5625
1532259553058402 -43.3125 7.0625 -7.125
1532259553064387 -45.3125 4.25 -8.3125
1532259553127219 16.25 8 -0.5625
1532259553162141 3.9375 13.9375 -4.4375
1532259553221965 -0.625 10.625 -1.375
1532259553261858 8.0625 7.25 -1.5625
1532259553334664 -1.8125 -3.5 1.8125
1532259553364584 21.375 20.625 -8.0625
1532259553412456 28.6875 -6.375 0.9375
1532259553478280 -44.8125 -2.5 -17.375

1532259553538120 -34.8125 -1.875 -3.3125
1532259553606936 -20 -6.4375 1.25
1532259553644834 -0.4375 -7.5 1.75
1532259553680738 7.3125 -6.9375 -0.125
1532259553741575 -14.75 -6.3125 -1.8125
1532259553764515 -12.625 -8.9375 -2.1875
1532259553802428 -0.0625 -14.25 -2
1532259553844317 2.8125 -19.875 0.125
1532259553861734 -1.0625 -17.1875 0.75
1532259553883677 0 -14.25 1.625
1532259553921576 7.75 -17.0625 -3.75
1532259553964461 -2.3125 -17 0.6875
1532259554004355 -4.4375 -13.8125 2.9375
1532259554034275 1.25 -12.625 4.5625
1532259554064195 -6.75 -18.5625 2.5
1532259554086136 -19.0625 -17.375 8.125
1532259554109075 -27 -20.1875 5.625
1532259554162931 -12 -33.8125 0.3125
1532259554183874 -15.25 -36.75 3.375
1532259554204818 -0.375 -29.5625 10.625
1532259554236751 20.6875 -27.3125 14.125
1532259554259672 40.4375 -21.3125 17.1875
1532259554281612 49.6875 4.8125 21.8125
1532259554364073 22.625 56.875 8
1532259554453847 -49.3125 17.75 -28.0625
1532259554566539 22.125 -7.125 -3.25
1532259554603476 11.6875 -7.125 -0.875
1532259554626401 5.875 -9 -1.0625
1532259554714166 55.5 -13.3125 -4.75
1532259554746081 58.875 -4.125 1.5
1532259554834843 -41.4375 -8.75 -0.5625
1532259554887702 -14.375 -3.125 -1.4375
1532259554947542 -5.4375 -2.75 -2.5
1532259554993419 -2.25 -0.5 -4.6875
1532259555052262 -8.4375 -0.75 -1.25
1532259555067222 -3.4375 0 -1.375
1532259555145014 6.5 -1 1.1875
1532259555186913 -0.875 -1.1875 6.375
1532259555323537 -36.375 15.875 14.8125
1532259555346474 -83.0625 27.1875 18.375
1532259555422272 -49.125 53.6875 41.5625
1532259555443217 5.8125 62.875 53.0625
1532259555571873 -19.375 112.125 76.0625
1532259555608773 -50.75 112.188 95.625
1532259555689558 -77.0625 75.4375 110.75
1532259555764358 35.625 66.875 106.875
1532259556111430 -17.4375 -0.4375 18.875
1532259556531307 1.9375 -8.25 -19.875
1532259556615083 9.9375 -5 -37
1532259556688886 -8.6875 -42.6875 -67.3125
1532259556710827 -4.375 -57.9375 -78.8125
1532259556741744 -12.5625 -66.25 -83
1532259556755706 -20 -68.125 -72.4375
1532259556816544 -38.1875 -61 -70.4375
1532259556859429 -72.0625 -5.8125 -10.8125
1532259556891344 -38.75 55.125 27.5
1532259556936224 2.6875 106.625 89.125
1532259556959163 42.4375 126.813 97.8125
1532259557013019 109.313 130.75 42
1532259557153643 1.4375 -147 -105.25
1532259557364080 -108.5 -128.688 -11.5
1532259557474784 22.25 127.563 127.25
1532259557498719 87.4375 161.5 149.313
1532259557513680 136.375 189.625 150.125
1532259557542603 163 205.438 131.75
1532259557577527 171.063 187.188 86.75
1532259557602443 149.063 158.25 53.75
1532259557620395 107.75 120.625 23
1532259557694197 -3.1875 -66.4375 -74.8125
1532259557799915 -35.6875 -173.75 -123.625
1532259557867733 -97.8125 -199.5 -81.8125
1532259557978436 -58.5 69.75 86.8125
1532259558069194 -7.875 144.188 137.438
1532259558099115 186.75 186.75 87.625
1532259558173914 103.75 114.813 20.0625
1532259558210815 12.125 -14.625 -55.5625
1532259558287610 25.5 -49.1875 -84.5625
1532259558293594 24.875 -80.625 -108.563
1532259558422267 -61.9375 -128.25 -20.625
1532259558458154 -28.4375 -58.8125 28.6875
1532259558548911 22.875 46.5 55.625
1532259558579829 31.5 128.75 65.4375
1532259558626703 71.5625 130.5 58.1875
1532259558645653 78.6875 118.063 55.5
1532259558692528 66.5 83.3125 38.9375
1532259558701504 64 61.3125 30.1875
1532259558751369 56.8125 42.0625 23.75
1532259558812207 13.3125 20.875 22.25
1532259558826170 41.5 19.875 24.4375
1532259558855092 49.625 32.75 30.3125
1532259558970793 83.125 82.6875 39.375
1532259559080500 101.688 86.875 41.125
1532259559440527 77.5625 75.6875 36.6875
1532259559658955 11.5 11.125 5.625
1532259560214467 -66.875 -233 -52.8125
1532259560348109 -56.3125 -265.438 -48.9375
1532259560489731 -65.8125 -118.5 -23.6875
1532259560512670 -27.8125 -71.25 -8
1532259560612403 -28.375 -20.875 5.0625
1532259560661272 -22.0625 -6.9375 9
1532259560685208 -12.875 -4.875 6.9375
1532259560730088 21.3125 30.9375 -19.4375
1532259560739064 7.5625 40.5625 -17.3125
1532259560766989 -25.6875 25.625 2.0625
1532259560828830 4.8125 10.6875 -6.375
1532259560881683 -3.3125 10.3125 -10.3125
1532259560956483 -4.25 8.125 -12.25
1532259561008344 -10.625 5.125 -13.8125
1532259561046243 -3 1.5625 -11.375
1532259561082147 0.625 0.1875 -9.125
1532259561106084 -5.9375 0.625 -10.0625
1532259561158942 -5.75 -1.9375 -7.75
1532259561203831 0.125 -3 -6.8125
1532259561256680 0 1.125 -9.0625
1532259561286600 11.4375 15.8125 -12.375
1532259561346440 46.375 -0.875 4.25
1532259561367384 -38.75 -6.8125 -9.5

1532259561383342 -61.1875 -5.125 -10.3125
1532259561481080 5.625 -7.3125 3.625
1532259561519993 -11.0625 -7.5 7.25
1532259561601757 7.5 -2.6875 -1.125
1532259561653618 -3 -1.375 0.5
1532259561704483 -1.0625 -1 1.125
1532259561803219 -2.75 2.125 -3.5625
1532259561841118 -7.1875 3.0625 -3.375
1532259561871038 -3.75 2.875 -2.5
1532259561885998 -1.1875 3.1875 -2.625
1532259561961810 -2.125 1.875 -1.5625
1532259561983750 -2.6875 0.6875 -0.75
1532259562029613 -0.875 -0.625 -0.9375
1532259562066515 1 -1.3125 -0.375
1532259562141314 4.5625 -2.875 0.4375
1532259562216115 -4.5 -12.125 4.9375
1532259562246034 1.5 -13.8125 11.1875
1532259562290916 -48.3125 12.25 3.625
1532259562358733 1.125 75.4375 24.625
1532259562426552 -8.125 154.438 67.625
1532259562510328 -83.8125 182.563 107.625
1532259562570168 -57.75 156.125 125.813
1532259562644093 -4.6875 95.8125 110.25
1532259562771763 -2.625 34.3125 89.4375
1532259562796684 -85 -39.125 74.3125
1532259562913372 -55.875 -45.75 31.1875
1532259563054994 -9.4375 -5 18.8125
1532259563296366 13.75 -16.1875 -29.125
1532259563401076 33.125 50.5625 -36
1532259563476866 25.75 46.5625 -17.0625
1532259563489831 32.625 18.1875 -39.1875
1532259563528727 -18.4375 -11.5625 -35.375
1532259563610508 19.0625 -86.1875 -88.125
1532259563657383 -109.375 -128.063 -49.875
1532259563812967 -40.375 -98.3125 2.4375
1532259563873804 -61.4375 -39.4375 33.75
1532259563933644 -9.5625 70.375 88
1532259563969548 55.5 128 114.75
1532259563986503 89 146.063 110.75
1532259564017427 119.938 158.188 94.375
1532259564045346 143.063 143.188 54.5625
1532259564113164 116.688 126.563 31.5
1532259564130118 60.3125 20.5 -50.9375
1532259564167020 45.1875 -20.75 -76.9375
1532259564256824 -25.9375 -94.75 -96.75
1532259564293726 -27.625 -149 -99.3125
1532259564510914 1.0625 55.875 107.25
1532259564539836 42.375 80.75 127.438
1532259564556172 94.75 109.188 121.938
1532259564600057 170.125 153.313 98
1532259564670866 163.438 153.063 63.5625
1532259564711756 114 87.1875 -12.75
1532259564766611 19 -37.5625 -86.375
1532259564811777 -71.0625 -146.938 -97.375
1532259564864638 -104.313 -153.688 -95.875
1532259564931459 -60.5625 -118.063 -49.4375
1532259564976339 -86.75 -78.75 -23.375
1532259565052165 -58.125 -21.3125 8.4375
1532259565074107 7.625 24.75 31.1875
1532259565104049 26.9375 52.0625 44.5625
1532259565140928 73.75 97 64.125
1532259565216725 120.125 118.813 58.25
1532259565239664 99.375 103.25 53.1875
1532259565283546 80.1875 77.375 49.625
1532259565296730 68.8125 48.25 36.625
1532259565343605 50.8125 32.9375 30.3125
1532259565356570 -0.625 -0.1875 30.25
1532259565456304 -8.875 -26.0625 0.125
1532259565461290 -14.75 -21.3125 -2.625
1532259565506181 -27.75 -3.8125 7
1532259565530117 -18.25 9.0625 13.3125
1532259565622870 56.3125 47.1875 23.375
1532259565663759 73.125 58.625 35.0625
1532259565749530 110.188 86.625 45.8125
1532259565801391 113.625 97.5625 46.1875
1532259565866218 122.563 112.813 62.9375
1532259565972933 117.625 118.5 58.0625
1532259565988890 105.563 116.625 54.1875
1532259566108570 66 77.9375 46.4375
1532259566338955 9.625 -1.375 9.25
1532259566362894 8.625 -1.4375 7.75
1532259566814714 -67 -185.125 -59.125
1532259566986971 -62.9375 -250 -113.5
1532259567039829 -5.5 -160 -74.375
1532259567137567 -1.5 -36.5625 -34.8125
1532259567159509 -32.375 -23.875 -25.6875
1532259567186437 -60.75 -17.8125 -20.125
1532259567197408 -56.75 -12.1875 -12.6875
1532259567219349 -29.125 -4.4375 -11
1532259567257253 23.625 28.5625 -6.4375
1532259567279189 0.6875 18.125 -6.25
1532259567317088 -62.5 8.5 -11.25
1532259567351994 -30.3125 11.3125 -10.25
1532259567399051 22.125 11 -3.1875
1532259567419997 3.25 7.875 0.5625
1532259567458893 -0.4375 -0.4375 2.875
1532259567486821 1.25 -0.5625 3.0625
1532259567518733 6.0625 10.1875 -3.5625
1532259567541671 31.0625 27.5 -9.25
1532259567563613 23.375 23.1875 -16.3125
1532259567578574 15.6875 8 1.1875
1532259567616472 13.9375 5 -9.1875
1532259567667336 -66.0625 -5.875 2.4375
1532259567720194 4.25 -5.5625 0.5
1532259567765075 -10.0625 -8.5625 3.9375
1532259567796001 -2.25 -8.6875 10.4375
1532259567884755 -8.5625 -4.0625 -5.5625
1532259567975512 -7 -4.6875 -0.75
1532259568021390 -11.5625 -2.5625 -1.625
1532259568081228 -18 3.625 -4.6875
1532259568102173 -20.125 5.875 -6.3125
1532259568162013 -13.5 10.25 -6.5625
1532259568200909 -9.8125 10.1875 -4.0625
1532259568258755 -5.75 7.625 -1.8125
1532259568321587 -0.1875 2.5 -0.25
1532259568344536 -4.8125 2.8125 0.125
1532259568390402 -8.1875 1.375 2.75
1532259568455228 -2.5625 1.125 1.375
1532259568517064 -3.3125 5.625 1.25
1532259568672648 -1.875 1.625 -1.75
1532259568741464 -4.9375 -0.4375 -2.6875
1532259568778365 -5 -1.875 -1.875
1532259568868125 -1.1875 -2.1875 -0.3125
1532259568964866 -0.3125 -0.1875 0.3125
1532259569003762 1.3125 1.4375 -0.4375
1532259569080556 0.0625 2.5 -0.4375
1532259569146380 -0.8125 1.75 -0.125
1532259569161341 0.3125 1.625 -0.0625
1532259569221181 2.5625 1.125 0.3125
1532259569303975 -0.875 0.25 -0.875
1532259569483479 1.25 -0.5625 -0.125
1532259569504424 -1.375 -0.375 0.375
1532259569641058 -0.9375 1.0625 0.0625
1532259569685949 0.75 0.25 0.0625
1532259569768717 0.9375 -0.9375 -0.1875
1532259569927293 -0.75 -0.625 -1.0625
1532259570053954 1.0625 -1.8125 0.1875
1532259570188593 0.8125 -0.8125 -0.0625
1532259570307276 0.3125 3.125 -3
1532259570593528 2.375 3.9375 -0.4375
1532259570827884 -0.6875 -1.25 -0.0625
1532259570869772 0.8125 -2.3125 0.875
1532259570893709 -1.4375 -2.25 1.5
1532259571016380 3.4375 2.375 2.75
1532259571066247 4.0625 3.625 0.4375
1532259571120103 2.3125 3.75 -1.0625
1532259571314584 4.25 -9.125 -2.125
1532259571367442 4.6875 -11.625 -0.1875
1532259571456215 10.0625 -9.4375 -0.0625
1532259571523025 11.125 -5 -1.4375
1532259571628743 16.125 5.5 -3.75
1532259571725484 2.9375 3.75 -4.8125

1532259571778343 -33.0625 -11.5 6.625
1532259571809274 -13.9375 -13.4375 5.5
1532259571874086 -2.125 -5.25 3.9375
1532259571920961 -3.8125 0.3125 -1.8125
1532259571980813 -7.9375 2.625 -0.75
1532259572070575 4.625 -2.5 -1.5
1532259572099105 -1.0625 -5.75 3.5
1532259572122044 -0.5 -6.1875 6.375
1532259572204822 16.4375 -0.5625 11
1532259572233745 7.75 13.375 10.375
1532259572256684 19.0625 17.9375 17.25
1532259572273638 -6.3125 32 37.3125
1532259572357973 -23.9375 64.375 55.3125
1532259572409835 -13.6875 112.375 78.75
1532259572421802 -47.0625 121.375 87.4375
1532259572460712 -70.875 136.438 97.4375
1532259572508584 -66.5625 137 100
1532259572559448 -45.8125 112.375 106.188
1532259572576403 -12.125 82.5 93
1532259572610312 11.3125 59.8125 99.0625
1532259572649209 -14.25 31.5 97.3125
1532259572711043 15.9375 3.6875 77.5
1532259572803795 15.125 4.0625 57.8125
1532259572830725 9.4375 -4.375 51.4375
1532259572905524 -8.125 -19.4375 40.9375
1532259572961373 -16.75 -18.125 36.8125
1532259573002265 -12.375 -16.1875 33.875
1532259573083048 -14.8125 -13.0625 17.3125
1532259573183779 -10.0625 -6.875 4.0625
1532259573261571 -4.0625 1 -9
1532259573317421 0 2.875 -13
1532259573458615 -7.875 20.0625 -77
1532259573482550 -12.4375 22.4375 -84
1532259573536407 -9.625 0.3125 -88.6875
1532259573576300 -56.5625 -59.5625 -76.6875
1532259573671052 -105.5 -85.375 -43.25
1532259573718918 -47.75 -1 32.4375
1532259573812675 42.5625 75.8125 85.875
1532259573834616 100.75 124.375 74.0625
1532259573886478 100.063 123.438 55.125
1532259573996184 36.0625 -65.75 -89.25
1532259574020121 12.5625 -97.375 -106.5
1532259574088938 -45.5625 -153.688 -115.938
1532259574147779 -107.438 -170.875 -87.4375
1532259574172712 -101.375 -158.313 -81.1875
1532259574418056 7.125 71.8125 94.1875
1532259574442989 48.3125 105 118.125
1532259574470915 136.875 165.5 114
1532259574506819 167.875 178.688 103
1532259574518787 170.938 177.125 85.0625
1532259574569651 122.313 148.313 30.1875
1532259574830952 -91 -104.875 12.4375
1532259574943651 -61.875 -13.8125 60.3125
1532259575047373 168.875 166.813 99.75
1532259575124168 127.875 153.875 56.3125
1532259575161083 93.5 94.5 -16
1532259575213947 74.125 56.0625 -41.375
1532259575238861 -4.25 -18.1875 -70.5625
1532259575311666 -66.5 -145.188 -95.625
1532259575347570 -55.875 -170.688 -87.875
1532259575415425 -119.438 -98.75 -29.8125
1532259575452321 -73.75 -82.75 -14.4375
1532259575477253 -51.9375 -60.4375 -2.125
1532259575553051 -43.75 10.125 46.3125
1532259575625856 62.6875 87.0625 93.625
1532259575640816 96.375 108.688 88.6875
1532259575687692 116.188 111.938 77
1532259575739552 103 75.8125 49.875
1532259575782453 53.9375 20 19.6875
1532259575813370 29.125 3.75 11.75
1532259575828331 12.5625 -8.6875 8.875
1532259575889474 2.6875 -23.875 -3.0625
1532259575909421 -6.6875 -13.625 -4.125
1532259576039074 38.375 41.375 20.5625
1532259576070024 55.5 55.125 34.625
1532259576091933 76.125 65.0625 39.0625
1532259576144809 95.4375 87.5625 44.4375
1532259576315500 131.75 123.625 62.6875
1532259576369446 126.5 120.125 59.625
1532259576458209 85.875 89.5625 46.5
1532259576562929 48.875 63.75 25.4375
1532259576585867 40.125 45 23.625
1532259576788326 13.125 3.1875 8
1532259576803286 7.1875 1.625 6.4375
1532259576991090 -35.9375 -42.0625 -24
1532259577065891 -45.6875 -67.5 -39
1532259577276341 -75.125 -221.188 -110.375
1532259577395097 -74.5 -291.313 -164
1532259577605739 -2.5 -39.9375 -23.5625
1532259577643637 -20.6875 -20.6875 -14.875
1532259577696496 -32.375 -17.25 -9.625
1532259577726416 42.375 27 10.5625
1532259577748357 36.875 15 29.0625
1532259577771314 13.5625 1.125 20.375
1532259577807235 6.5625 -4.9375 14.375
1532259577854127 27.6875 4.1875 -1
1532259577935891 -1.375 2.9375 3
1532259577973788 9.25 0.5625 -2.75
1532259578032632 24 4.6875 5.625
1532259578086487 29.8125 3.25 6.3125
1532259578107432 50.875 18.5 -10.5625
1532259578146328 -65.625 -14.5 -2.875
1532259578176248 -96 -14.9375 -11.0625
1532259578206168 -25.9375 0.0625 -2.625
1532259578236087 7.4375 -4.8125 -8.25
1532259578266007 10.4375 -11.75 2.8125
1532259578288947 0.0625 -11.4375 10.1875
1532259578316871 -5.875 -10.5625 6.125
1532259578363746 0.25 -7.5 -0.3125
1532259578386693 3.4375 -6.875 2.9375
1532259578476445 -16.8125 -2.5 -3.4375
1532259578514343 -9.6875 0.875 -7.3125
1532259578534290 -14.4375 1 -8.9375
1532259578579170 -19.75 4.4375 -7.75
1532259578612082 -15.75 4.0625 -9.75
1532259578639010 -13.75 4 -9.6875
1532259578713810 -7 -1.8125 -6.5625
1532259578781629 -0.6875 -2.6875 -1
1532259578811549 6.9375 -1.3125 4.0625
1532259578894328 3.5625 1.8125 4.125
1532259578931229 1.5 2.5625 3.3125
1532259579018995 -7.5625 4.1875 0.0625
1532259579084818 -2.9375 7.375 3.125
1532259579149645 1.25 11.8125 5.5
1532259579159618 1.75 12.5625 4.125
1532259579194525 -1.8125 11.125 1.75
1532259579231427 -5.875 6.8125 -2
1532259579278301 -8.8125 5.3125 -3.6875
1532259579295256 -10.0625 3.5 -5.125
1532259579349112 -8.9375 1.5625 -3.4375
1532259579361080 -6 2.3125 -1.6875
1532259579419922 3.25 3.375 1
1532259579471783 3.1875 -3.5625 4
1532259579571528 4.125 -7.8125 3.375
1532259579594458 0.1875 -6.1875 1.875
1532259579674242 3.6875 -1.25 -0.125
1532259579699175 2.6875 -0.1875 -1.125
1532259579742061 0 1.4375 -2.6875
1532259579752034 -0.5 1 -3.5625
1532259579796914 -1.1875 -1 -4.5625
1532259579902635 2.0625 -3.75 0.5625
1532259579953495 7.75 -4.5625 1.875
1532259580013334 4.8125 -4.9375 1.1875
1532259580120049 4.875 -3 1.375
1532259580194850 0.625 -3.625 0.6875
1532259580213814 -4.875 -2.4375 -0.8125
1532259580231751 -6.3125 -1.3125 -1.875
1532259580260673 -2.4375 -1 -2.4375
1532259580316524 5.9375 0.0625 -2.9375
1532259580352429 0.4375 0.25 -3.0625
1532259580405287 -0.875 0.0625 -2.0625
1532259580518982 -56.3125 6.6875 20.5625
1532259580545911 -42.8125 22.75 29
1532259580634688 -54.4375 152.813 114.25
1532259580681549 -53.875 158 119.313
1532259580734407 -20.4375 134.688 120.688
1532259580824166 -7.375 103.625 107.875
1532259580961812 -21.5 4.9375 46.1875
1532259581108407 -14 -46.5 12.25
1532259581161265 -15.3125 -35.75 16.875
1532259581342780 -1.9375 0.6875 11.25
1532259581483418 1.3125 -6.625 -10.4375
1532259581587126 1.375 -9.3125 -25.3125
1532259581612060 -2.375 -6.3125 -29.6875
1532259581639985 10.875 7.6875 -41.5625
1532259581784599 -6.1875 -15 -32.6875
1532259581957151 -30.5625 -41.6875 -25.25
1532259582003015 -47.3125 -38 -0.1875
1532259582119702 52.3125 78.4375 55.875
1532259582173559 37.8125 62.1875 -4.375
1532259582269302 28.1875 -47.125 -77.375
1532259582348091 -18.5 -148.313 -102.75
1532259582414913 -42 -155.563 -57.9375
1532259582491708 -39.5625 -105.25 -10.375
1532259582542572 -50 -36 27.625
1532259582563516 -29.1875 -19.4375 23.9375
1532259582601415 -23.75 3.1875 29.75
1532259582625355 -31.5625 25.8125 46.375
1532259582676214 -0.125 75.875 80.1875
1532259582690177 32.3125 105.625 91.375
1532259582751027 113.938 153.125 83
1532259582842769 120.063 136.5 41.25
1532259582907596 4.8125 -49.875 -69.25
1532259582952476 6.625 -158 -109.688
1532259583082129 -9.5 -60.875 -8.5625
1532259583170909 -40.6875 -40.9375 47.75
1532259583199814 -57.5 12.1875 68.1875
1532259583246688 -45.9375 38.4375 85.25
1532259583289574 114 155 101.25
1532259583397286 114.5 147 42.3125
1532259583503003 42.3125 28.1875 -40.25
1532259583524944 37.5 -12.0625 -71.8125
1532259583675542 2 -112.938 -17.375
1532259583711446 -23.3125 -102.313 13.75
1532259583725409 -47.9375 -86.9375 29.9375
1532259583833120 16.5625 80.875 54.3125
1532259583852070 21.625 112.813 57.1875
1532259584026603 79.6875 90 37.625
1532259584093425 -18.625 -27.9375 1.25
1532259584290897 24.125 49.375 23.9375
1532259584370683 63.75 81.3125 36.875
1532259584691824 89.375 110.438 47.5
1532259585023936 23.8125 14.3125 14.0625
1532259585127659 5.9375 7 3.5
1532259585194481 -14.25 -6.125 -5.4375
1532259585231401 -22.5 -14.5 -14.4375
1532259585254320 -23.625 -17.625 -20.3125
1532259585319146 -37.25 -28.375 -23.875
1532259585408907 -39.5625 -64.75 -34.5625
1532259585526592 -52.4375 -149.313 -70.75
1532259585614357 -108.25 -236 -102.625
1532259585786896 -37.375 -218.125 -106.75
1532259585871670 -14.625 -137 -37.75
1532259585929515 -17.25 -75.0625 -19.9375
1532259585996336 -35.5 -28.0625 -8.125
1532259586079115 -20.5625 17.875 1.125
1532259586131973 -9.1875 4.75 -15.375
1532259586149925 17.375 8 5.0625
1532259586198794 13.9375 3.0625 1.375
1532259586259637 7.75 2.5 5.3125
1532259586277591 6.125 -1.25 7.9375
1532259586335433 14.9375 -6.5 5.8125
1532259586352384 11.8125 -8.6875 8.75
1532259586409231 19.1875 -1.375 -5.1875
1532259586432171 38.4375 11.9375 -7.25
1532259586487041 34.6875 6.3125 2.75
1532259586508965 58.1875 5.125 -14.5625

1532259586611691 7.5625 -12.9375 -5.3125
1532259586731378 7.625 -6.25 -1.9375
1532259586791217 -2.625 -4.125 -4.3125
1532259586832107 1.875 -2.4375 -4.3125
1532259586852054 2.875 -2.875 -3
1532259586906907 8.375 3.3125 -4.1875
1532259586912904 35.8125 21.0625 -12.6875
1532259586989686 5.125 -4.625 -1
1532259587063488 -34.75 -17.3125 8
1532259587079446 -12.5 -19.3125 8.75
1532259587132304 -3.875 -15.75 5.5
1532259587182171 -7.75 -12.3125 10
1532259587212090 11.25 -10.4375 7.75
1532259587258966 -25.6875 8.1875 20.75
1532259587341744 -4.75 31.9375 57.6875
1532259587392608 -21.625 45.625 77.625
1532259587474390 -38.4375 63.1875 88.3125
1532259587529243 -54.1875 79 88.375
1532259587595067 -34 88.9375 78.75
1532259587648922 -25.0625 92.6875 72.9375
1532259587691808 -44.0625 96.9375 54
1532259587762619 -56 69 51.25
1532259587797526 -37.5625 24.25 25.0625
1532259587813482 -14.8125 23.5 23.0625
1532259587836423 1.75 21 17.4375
1532259587890277 19 6.0625 32.5625
1532259587949120 14.4375 -14.1875 33.5625
1532259587962098 20 -16.75 32.6875
1532259588023920 16.9375 -2.4375 36.0625
1532259588075782 2.3125 4.5 32.4375
1532259588142602 10.5 7.25 35.8125
1532259588173537 4.9375 5.125 35.0625
1532259588202443 5.5 -1.1875 34
1532259588242345 6.6875 -10.4375 37.25
1532259588355035 2 -25.875 33.25
1532259588390953 -0.5 -27.6875 21.375
1532259588442800 -5.8125 -26.0625 14.375
1532259588526589 -3.9375 -9.625 -8.125
1532259588655245 3.75 3.4375 -12.625
1532259588691149 -6.5 -4.5625 -17.1875
1532259588773937 -15.125 -4.75 -38.1875
1532259588946466 -5.625 -13.5625 -69.125
1532259589052184 -45.3125 -100.5 -48.6875
1532259589282567 58.75 118.938 105.188
1532259589346396 99.125 138.188 95
1532259589427181 81.9375 102.188 -1.5
1532259589499986 41.75 -4.1875 -68.5
1532259589566807 15.75 -79.0625 -97
1532259589607698 -83.5625 -186.75 -85.3125
1532259589706434 -43.9375 -105.188 2.0625
1532259589741341 -50 -71.75 3.4375
1532259589807172 -63.625 2.3125 43.0625
1532259589831108 -52.3125 25.1875 50.5
1532259589905908 48.75 116.313 100.188
1532259589958766 140.875 156.125 78.875
1532259590032568 106.438 142.25 50.6875
1532259590147263 103.5 128.688 34.125
1532259590183166 100.063 107.125 17.625
1532259590237031 -73.8125 -167.688 -71.3125
1532259590319801 -20.4375 -122.625 -32.875
1532259590441476 -72.875 -60.6875 33.25
1532259590520265 72.4375 134 111.688
1532259590535225 118.938 156.75 105.063
1532259590566143 147.25 170 95.5
1532259590596076 157.688 164.438 57.6875
1532259590724718 93.75 84.4375 -8
1532259590745662 62.6875 37.6875 -33.8125
1532259590797523 -39.3125 -147.688 -82.4375
1532259590867336 -49.9375 -162.438 -65.625
1532259591067801 -30.8125 23.0625 67.0625
1532259591144595 72 100.25 74.625
1532259591204435 106.375 123.313 39.125
1532259591218398 98.3125 111.688 35.125
1532259591248317 91.5 94.875 26.1875
1532259591354052 92.75 81.125 11.375
1532259591408889 -17.8125 -17.375 -41
1532259591556494 -43.4375 -41.0625 -8.0625
1532259591595391 -32 -20.8125 -1.6875
1532259591631294 39.875 35.125 16.4375
1532259591661214 46.4375 60.8125 28.125
1532259591771918 88.3125 106.313 40.6875
1532259591901571 121.813 136.875 54
1532259592237673 63.375 69.6875 40.75
1532259592454093 8.125 5.9375 7.875
1532259592607683 -19.0625 -19.375 -9.125
1532259592757283 -51.125 -53.9375 -28.1875
1532259592981699 -86.6875 -158.188 -111.688
1532259593296857 -16.25 -96.0625 -43.625
1532259593447437 -7.5 -13.5 -5.1875
1532259593507277 15.0625 13.625 -2.3125
1532259593574111 -38.125 13.5625 -5.25
1532259593655880 15.625 7.75 -1.25
1532259593686814 -4.5 8.5 -6.0625
1532259593728685 -19.6875 1.25 -5.1875
1532259593775559 7.8125 0.6875 -7.4375
1532259593789523 32.0625 14.5625 -8.25
1532259593829416 17.8125 0.5625 -6.6875
1532259593859335 54.25 -2.375 -16.8125

1532259593897238 -47.5625 -13.6875 -19.8125
1532259593926157 -46.9375 -16.9375 7.8125
1532259593949096 -4.8125 -20.1875 11.5625
1532259593977021 20.625 -18.5 0.1875
1532259594051821 15.5 -19.125 11.875
1532259594076755 21.625 -18.125 9.125
1532259594146568 -13.125 -11.125 -4.0625
1532259594249292 -5.5625 0.3125 -4.0625
1532259594309139 -3.75 3 -2.75
1532259594346040 0.375 2.6875 -2.8125
1532259594411864 -1.875 3.5 -1.4375
1532259594457741 -0.6875 3.1875 -1.5
1532259594473698 -0.4375 3.0625 -1.375
1532259594525587 -4.375 5.8125 -0.5
1532259594623355 -6.75 7.25 -2.375
1532259594684193 -6.0625 4.9375 -3
1532259594751778 -3.1875 -0.4375 0
1532259594834558 -2 -3.125 1.75
1532259594878442 4.5 -0.0625 4.25
1532259594909359 5.4375 2.125 2.9375
1532259595014079 -11.25 3.375 -3.25
1532259595050980 -11.25 2.9375 -3.875
1532259595079903 -7.5625 1.9375 -4.0625
1532259595216537 -0.875 -2.625 0.75
1532259595313279 2.375 0.75 0.5
1532259595339209 0 1.625 0.4375
1532259595373118 1 0.6875 0.25
1532259595389075 1.0625 -0.3125 0.3125
1532259595411024 1.5 -0.875 0.4375
1532259595463876 3.0625 -2.3125 1.375
1532259595502772 6.0625 3.1875 0.4375
1532259595553654 20.25 -1.625 -5.625
1532259595574579 21.8125 6.625 -6
1532259595634419 -25.5 -4.25 4.125
1532259595734153 5.1875 -7 5.875
1532259595755097 -1.8125 -7 1.375
1532259596273710 9.8125 0.8125 17.625
1532259596373444 -30.5 32.4375 46.9375
1532259596416329 -6.1875 68.5 66.9375
1532259596497113 -69.25 127.25 94.875
1532259596574920 -76.75 119 103.688
1532259596693588 -11.875 49.8125 86.375
1532259596744452 -16.6875 29.4375 71.5
1532259596874105 -11.9375 -10.8125 18.75
1532259596916989 -17.75 -15.6875 27.25
1532259597243117 1.25 -13.125 30.25
1532259597279022 -14 -14.75 27
1532259597316921 -11.5 -3.5625 14.1875
1532259597398702 -7.4375 5.3125 -7.9375
1532259597437609 2.75 4.25 -16
1532259597535336 -1.0625 -0.5 -9.5625
1532259597675960 -4.0625 3.875 -51.75
1532259597805614 -59.75 -50.875 -113.25
1532259598080878 60.0625 77.125 83.25
1532259598172632 77.375 105.563 98.8125
1532259598226488 116.5 111.25 69.875
1532259598230478 126.938 107.063 50.25
1532259598284333 93.4375 76.5 6.5625
1532259598345171 12.8125 -61.1875 -101.063
1532259598381078 -33.0625 -126.375 -123.938
1532259598515715 -67.125 -165.188 -81.3125
1532259598764051 95.9375 163.75 115.188
1532259598838861 175.313 191.25 91.1875
1532259598997427 0.5 -88.625 -85.1875
1532259599141043 27.875 -99.9375 3.25
1532259599203887 -77.4375 -74 34.875
1532259599250749 -70.875 -24.875 42.6875
1532259599324552 22.3125 94.75 102.438
1532259599387385 157.188 155.25 85.3125
1532259599414312 174.688 158.563 67.3125
1532259599492107 153.063 138.5 31.4375
1532259599628739 -22.1875 -115.063 -91.0625
1532259599694563 -102.563 -142.188 -57.875
1532259599820227 -47.8125 -76.75 22.9375
1532259599949880 29.75 63.6875 67.375
1532259599992765 77.3125 113.25 68.125
1532259600021688 100.375 126.188 60.3125
1532259600046621 131.563 132.313 34.5
1532259600086514 134.563 129.5 24
1532259600106461 123.625 120.563 18
1532259600149346 96.5 107.375 13.3125
1532259600188243 29.125 25 -19.25
1532259600323880 -38.3125 -91.625 -44.1875
1532259600384717 -24.5 -100.563 -44.3125
1532259600436578 -46.0625 -74.9375 -11.5625
1532259600483453 6.9375 -19 1.0625
1532259600503400 -15.0625 -10 11.75
1532259600580194 43.0625 53.0625 20.0625
1532259600652002 50.5 84.1875 33.4375
1532259600705858 94.375 113.375 46.0625
1532259600847479 129.625 138.938 56.8125
1532259600907320 124.063 138 44.1875
1532259600931256 118.5 132.875 43.9375
1532259600960178 125.438 128.75 43.5625
1532259601124738 95 92.6875 27.625
1532259601158648 70.4375 84.125 33.875
1532259601216493 70.625 76.4375 18.625
1532259601284311 58.8125 63.1875 15.875
1532259601336183 24.9375 50.6875 14.9375
1532259601409976 26.4375 32.25 15.625
1532259601493752 17.8125 8.3125 11.25
1532259601508711 12.125 6.3125 7.3125
1532259601559575 12 2.4375 1.1875
1532259601589495 -0.9375 0.125 -0.5
1532259601636370 -12 -4.875 -1.875
1532259601689229 -21.5625 -16.25 -1.9375
1532259601710173 -26.75 -23.5 -4.125
1532259601749069 -39.4375 -38.5625 -11.875
1532259601785970 -45.8125 -54.9375 -12.375
1532259601868759 -62.9375 -87.0625 -35.3125
1532259601898669 -67.9375 -94.9375 -45.6875
1532259601928607 -59.125 -111.313 -50.4375
1532259601981447 -67.4375 -120.125 -59.8125
1532259602062231 -75.8125 -148.813 -66.3125
1532259602085170 -63.0625 -210.625 -78.375
1532259602131047 -79.1875 -241.75 -71.9375
1532259602183906 -76.125 -254.188 -84.25
1532259602212839 -60.875 -262.875 -90.1875
1532259602228786 -51.3125 -259 -89.8125
1532259602267682 -56.875 -251.125 -91.9375
1532259602288625 -60.3125 -205.563 -70.8125
1532259602332508 -47.75 -168.313 -53.3125
1532259602431245 -37.4375 -69.25 -15.375
1532259602469143 -16.125 -37.9375 -11.25
1532259602550924 -16.5625 -18.5625 -11.25
1532259602595804 0.375 36.125 -1.0625
1532259602661628 -46.5 5.5 -25.75
1532259602680577 -9.0625 2.5 -14.4375
1532259602708503 17.3125 5.375 2.1875
1532259602731442 20.375 -1.75 2.3125
1532259602768355 26.1875 -3.4375 5.75
1532259602791282 22.75 -4.6875 5.0625
1532259602812225 16.25 -6.6875 4.0625
1532259602881049 2.75 -6.1875 1.125
1532259602933900 30.9375 4.875 -11.875
1532259602976786 60.375 9.3125 -9.75
1532259602993740 -35.75 -7.0625 -8

1532259603022663 -70.1875 -7.125 -3.75
1532259603053581 -16.6875 -6.125 9.9375
1532259603082503 2.625 -7.5 -3.4375
1532259603136359 -17.875 -6 5.9375
1532259603158300 -22 -2.8125 6.1875
1532259603210161 4.625 0.9375 0.5
1532259603293937 -9.8125 4.8125 0.3125
1532259603332833 0.75 4.5625 -1.5
1532259603359761 0.9375 4.125 -1.375
1532259603437553 -6.375 2.8125 -2.3125
1532259603458489 44.0625 20.5625 -12.1875
1532259603495392 31.9375 4.1875 -9.4375
1532259603633025 -11.9375 -12.3125 10.5
1532259603653975 -14 -11.875 11.375
1532259603713809 -0.375 -6.4375 18.8125
1532259603758689 0.375 4 22.0625
1532259603833489 20.3125 4.0625 44.1875
1532259603917264 -18.125 2.625 44.25
1532259603959159 -32.25 -10.25 66.75
1532259603989079 -17.5 -13.5625 64.625
1532259604035953 -4.375 3.1875 63.375
1532259604080834 -22.875 12.5625 62
1532259604117735 -19.125 17.1875 69.3125
1532259604199517 -20.9375 46.1875 50.8125
1532259604210487 -25.875 60.625 43.3125
1532259604240407 -37.1875 73.8125 37.5625
1532259604284300 -60.875 111.938 22.125
1532259604337149 -41.375 124.5 29.4375
1532259604395991 21.4375 118.75 60.625
1532259604441869 50.5625 109.688 67.375
1532259604665284 9.3125 11.8125 45.625
1532259604741082 -22 -12.125 22.1875
1532259604764019 -12.1875 -16.625 9.125
1532259604966478 -7.375 -41.5625 22.125
1532259605017342 -12.875 -30.3125 34.625
1532259605203843 -6 4.5 -8.375
1532259605506035 26.875 25.6875 -36.5
1532259605595799 -20.75 77.9375 29.0625
1532259605762350 35 -55.875 -82.5
1532259605933891 -55.3125 -179.438 -87.5625
1532259606000713 -25.1875 -144.75 -24.1875
1532259606204193 -8 74.6875 69.5
1532259606360750 153.875 136.875 47.1875
1532259606431560 56.25 55.1875 -9.125
1532259606464472 -7.875 -85.1875 -87.5625
1532259606633021 -43.4375 -136.938 -33.25
1532259606812542 -11.125 50.3125 74.3125
1532259606864403 103.125 161.813 92.6875
1532259606910281 147.313 161.563 75.4375
1532259606970120 149.375 127.25 50.125
1532259607037954 132.313 72.8125 8.625
1532259607172592 -62.0625 -168.063 -53
1532259607291262 -46.75 -77.75 41.625
1532259607448840 49 113.563 51.375
1532259607604424 105.938 71.25 -30.125
1532259607667256 53.1875 26.125 -49.375
1532259607778957 -8.75 -75.75 -23.4375
1532259607801896 -30.625 -79.4375 -12.3125
1532259607867720 -26.9375 -38 14.125
1532259607951503 -22.375 -14.5625 7.9375
1532259608026302 20.6875 33.1875 18.4375
1532259608304562 91.375 115 45.125
1532259608509005 101.688 102.938 40.0625
1532259608558871 92.25 89 35.875
1532259608649629 66.25 71.25 38.375
1532259608709469 64.4375 55.125 30.875
1532259608738391 66.5 51.8125 30.4375
1532259608814189 49.5625 41.125 23.1875
1532259608851105 61.9375 36.125 20.9375
1532259608986727 28.4375 15.0625 9.8125
1532259609106407 8.5 -11.0625 -4.3125
1532259609205144 -19.4375 -18.0625 2.5
1532259609332802 -42.5625 -26.9375 -15
1532259609397643 -54.3125 -29.875 -26.625
1532259609474424 -57.5 -43.875 -32.9375
1532259609818509 -29.375 -247.063 -113.313
1532259609892307 -12.625 -183.438 -40.4375
1532259609931202 -25.5 -114.688 -42.5
1532259610088792 -16.0625 66.6875 -15.875
1532259610171561 -22.3125 7.875 -37.8125
1532259610214454 5.625 9.375 2.6875
1532259610239378 -0.4375 7.5625 5.5
1532259610291239 29.6875 8.5625 2.9375
1532259610352076 -5.875 -1.625 1.4375
1532259610426885 13.8125 -2.625 -6.1875
1532259610439842 7.625 -4.875 -4.75
1532259610471757 11.25 -9.25 -0.6875
1532259610492700 34.6875 -10.1875 -0.75
1532259610507661 32.8125 -9.3125 3.875
1532259610568507 51.625 20.1875 -12.4375
1532259610591437 38.1875 1.6875 -19.875
1532259610621359 20.6875 10.25 1.375
1532259610651276 -30.8125 -6.625 -24.6875

1532259610694162 -75.6875 -25.3125 12.4375
1532259610719096 -22.8125 -6.75 6.6875
1532259610769959 7.125 -10.3125 -4.25
1532259610831036 6.6875 -8.875 8.375
1532259610853991 15.8125 -9.1875 2.8125
1532259610980638 -4.6875 -3.0625 -2.1875
1532259611011556 -2.5 1 -2.0625
1532259611094334 -12.0625 3 -4.625
1532259611122259 -8.8125 1.8125 -5.1875
1532259611154174 -2.375 1 -4.3125
1532259611199054 1.875 0.9375 -2.8125
1532259611259891 0 -2 -1.375
1532259611302777 0.6875 -3 3.75
1532259611333694 -1.4375 -2.125 -0.125
1532259611393548 -0.0625 -1.625 -2.3125
1532259611422457 -1.9375 -2.25 -0.75
1532259611453374 16.4375 10.5 -4.0625
1532259611499251 31.25 2.9375 -16.0625
1532259611595993 -32.9375 -6.1875 7.5
1532259611633891 -12.3125 -10.6875 4.75
1532259611655832 -4.625 -9.8125 4.4375
1532259611685752 2.375 -9.0625 5.5625
1532259611754569 0.625 -11.625 4.3125
1532259611807427 -42.5625 -17 15.5
1532259611880232 -18 11.5625 32.625
1532259611911149 -3.125 31.5625 41.8125
1532259612031830 -38.625 115.875 94.125
1532259612116600 -3.5 122.313 105.063
1532259612143528 10.375 111.313 107
1532259612244259 41 85 95.625
1532259612255230 32.875 77.6875 97.4375
1532259612311081 33.5625 67.375 93.875
1532259612434750 -20.75 11.3125 59.6875
1532259612495587 -2.8125 -11.0625 31.3125
1532259612543459 -4.875 -21.0625 30.875
1532259612738936 -23.75 -38.3125 48.1875
1532259612840664 -25.875 -29.4375 25
1532259612870597 -24.5 -23.75 18.4375
1532259612966328 2.4375 -1 -1.4375
1532259613067059 7.0625 6.8125 -20.5625
1532259613149846 -12.6875 10.25 -62.25
1532259613367256 -114.063 -78.625 -95.75
1532259613404158 -121.063 -67.5 -60.1875
1532259613442056 -67.75 -66.625 -41
1532259613554759 -7.75 51.3125 58.375
1532259613607614 70 132.625 97.375
1532259613674452 141.813 139 62.3125
1532259613758220 72.375 52 -24.1875
1532259613781149 56.5625 20.6875 -46.9375
1532259613907811 -59.75 -177.438 -93.125
1532259613949698 -72.8125 -162.188 -65.5625
1532259614087331 -75.6875 -59.1875 18.625
1532259614198034 14.9375 86.8125 86.125
1532259614226956 45.5 112.313 86.8125
1532259614249896 76.5625 135.5 77.125
1532259614303752 136.375 138.188 50.1875
1532259614347635 134.063 109.625 21.5625
1532259614423444 40.8125 -2.0625 -30.6875
1532259614505213 -25.25 -110.75 -82.5
1532259614535133 -16.6875 -133.438 -80.625
1532259614603949 -69.125 -162.563 -49.9375
1532259614723661 -27.8125 -56.6875 21.6875
1532259614865283 64.25 124.438 55
1532259614881247 100.75 143.813 45.25
1532259614911167 119.125 154.25 42.5
1532259614942078 123.063 151.25 43.0625
1532259614984963 117.625 115 24.1875
1532259615037840 82.25 60.0625 5.125
1532259615086690 15.3125 -31.8125 -27.75
1532259615091678 -33.3125 -49.5 -38.625
1532259615234296 -62.5 -121.563 -52.0625
1532259615270200 -34.625 -89.25 15.75
1532259615360958 -7.5 -39.6875 24.875
1532259615527512 23.1875 88.4375 24.4375
1532259615586355 66.875 113.563 46.4375
1532259615647192 57.625 86.3125 60.6875
1532259615706048 26.8125 29.8125 39.0625
1532259615726979 6.5 16.6875 32.25
1532259616051112 86.0625 61.6875 26.125
1532259616102973 88.8125 74.4375 26.4375
1532259616185759 107.563 82.1875 28.5625
1532259616268531 119.938 80.0625 34.6875
1532259616343331 117.625 89 47.625
1532259616366274 116.813 85.75 38.9375
1532259616494941 113.563 82.5625 38.625
1532259616554766 86.375 76.3125 42.625
1532259616576706 53.25 71.125 33.5
1532259616749245 27.8125 45.1875 20.3125
1532259616876904 5.5625 -13.5625 -5.4375
1532259616944723 -9.9375 -17.4375 -2.5
1532259616988616 -12.75 -8.6875 -10.9375
1532259617077368 -43.625 -19.6875 -18.25
1532259617251902 -82.25 -90 -36.125
1532259617319720 -95.0625 -123.563 -45.375
1532259617409479 -140 -254.625 -87.4375
1532259617461340 -174.938 -291.438 -105.875
1532259617536141 -67 -272.75 -123.75
1532259617657822 -50.1875 -103.563 -82.1875
1532259617692722 -23 -56 -50.125
1532259617731618 2.5625 -30 -35.125
1532259617851310 -13.75 -16 -7.5
1532259617917122 22.1875 25.8125 -17.0625
1532259617970978 -45.375 19.8125 -10.6875
1532259618008877 -66.25 15.8125 -13.5
1532259618059741 23.875 15.5625 -1.75
1532259618136536 -24.3125 7.5625 -0.375
1532259618188397 3.875 6.6875 2.1875
1532259618211335 11.875 11.8125 -3.6875
1532259618277175 7.625 21.875 -3.125
1532259618338994 55.0625 7.125 -9.375

1532259618370909 -35.0625 -9.625 -8.6875
1532259618399832 -1.8125 -9.3125 6.8125
1532259618418780 8 -3.5625 1
1532259618487597 -11.0625 -8.125 3.0625
1532259618542450 5.625 -4.375 -0.5
1532259618563394 3.875 -4.125 -3.25
1532259618599298 -6.0625 -4.6875 -2.4375
1532259618676093 -3.125 -6.125 -3.875
1532259618700029 -1.4375 -7.1875 -2.875
1532259618735933 -3.6875 -6.5625 -3.875
1532259618763858 -4.375 -6.875 -4.9375
1532259618795773 -4.4375 -6.875 -5.375
1532259618819709 -7.125 -7.5 -5.9375
1532259618839655 -6.1875 -8.1875 -5.625
1532259618879559 0.3125 -9.5625 -5.6875
1532259618924445 -4.375 -12.625 -6.6875
1532259618969308 -2.125 -12.8125 -6.8125
1532259618996236 0.5 -16 -8.1875
1532259619027154 1.4375 -16.5 -7.9375
1532259619044108 1.75 -18.75 -7.875
1532259619057073 4.9375 -21.375 -7.5625
1532259619080012 9.375 -23.4375 -7.6875
1532259619101954 13 -24.875 -7
1532259619164785 24.125 -29.6875 -6.125
1532259619231607 27.5625 -34.8125 -5.375
1532259619277581 32.75 -33.5625 -10.875
1532259619358371 23.3125 -26.5 -13.3125
1532259619785763 -11.4375 22.875 6.9375
1532259620057047 -20.125 26.9375 11.5
1532259620121864 -14.9375 24.3125 9
1532259620206637 -11.5 19 7.6875
1532259620310359 -11.375 14.1875 6.25
1532259620440013 15.5625 15.375 3.125
1532259620490877 -15.4375 9.8125 1.3125
1532259620567673 -1.125 8.6875 0
1532259620602578 -21.75 -5.3125 2.8125
1532259620639479 -4.375 -2.6875 4.375
1532259620686354 4.5 -1.375 -0.4375
1532259620717271 3.625 0 -4.6875
1532259620778108 -11.4375 -3.125 -0.5625
1532259620819997 2.6875 -4.75 2.1875
1532259620843947 0.4375 -2.5 5.125
1532259620886818 7.5 1.75 13.5
1532259620978572 -7.0625 1.5625 17.875
1532259621001512 -9.6875 -0.3125 22
1532259621031431 -7.125 0.6875 23.5
1532259621061352 1.875 0.75 27.8125
1532259621099250 8.3125 -4.8125 33
1532259621145129 -5.4375 -4.3125 45
1532259621181031 -14.8125 12.9375 43
1532259621203986 -13 20.75 40.4375
1532259621256828 0.375 27.625 40.1875
1532259621285765 -11.3125 34.875 48.1875
1532259621325645 -14.1875 43.0625 52.3125
1532259621382494 -25 63.6875 54.8125
1532259621444327 -43.9375 83.5 68.875
1532259621466269 -32.3125 87.375 72
1532259621517133 7.5625 105.75 65.375
1532259621569991 -1.5625 113.688 69.0625
1532259621591932 -4 112.813 72.5
1532259621698647 19.0625 59.1875 46.625
1532259621751506 19.375 41.9375 49
1532259621804365 -13.875 7.75 51.8125
1532259621847266 -6.8125 -25.375 48.0625
1532259621901107 -0.625 -35.0625 41.0625
1532259621953964 -21.8125 -43.9375 36.6875
1532259621997847 -12.3125 -53.9375 62.0625
1532259622021782 -7.875 -56.1875 76.5625
1532259622064668 -12.5625 -49.4375 78.25
1532259622103564 -10.5625 -40.3125 58.25
1532259622126503 -6.3125 -31.8125 46.25
1532259622156437 -2.3125 -24.0625 34.125
1532259622169388 -12.5625 -13.375 20.1875
1532259622224242 -1.125 19.6875 -19.6875
1532259622245186 2.3125 25.375 -30
1532259622306023 -8 21.6875 -57.4375
1532259622359879 -20.8125 29 -97.125
1532259622403776 -41.6875 27.75 -144.188
1532259622584279 -89.0625 -83.75 -53.9375
1532259622612204 -71.25 -71.6875 -16.9375
1532259622653101 -23.0625 -52.25 51.1875
1532259622717921 11.125 36.3125 79.6875
1532259622784743 114.438 121.875 94.5625
1532259622855553 112.938 118.813 71
1532259622906417 58.625 41.875 -36.625
1532259622934343 49.9375 19.4375 -59.0625
1532259622966257 25.9375 -44.1875 -87
1532259623004165 -45.625 -123.813 -116.188
1532259623064993 -71.875 -153.063 -113.75
1532259623087948 -55.125 -143.188 -100.375
1532259623206615 -55.5 -93.1875 -14.6875
1532259623259474 -47.9375 -39.25 26.1875
1532259623409073 118.813 139.5 133.375
1532259623445975 145.188 176.813 75.625
1532259623466919 134.625 168.688 47.5
1532259623506812 74.8125 113.563 -16.9375
1532259623534737 50.3125 68.75 -43.125
1532259623566651 28.375 -28.9375 -85.375
1532259623603553 -4.4375 -99.3125 -100.25
1532259623647435 -60.875 -158.375 -79.625
1532259623663393 -64.9375 -163.875 -67.625
1532259623707276 -17.8125 -153 -59.625
1532259623784070 -30.1875 -103.875 -8.25
1532259623813991 -53.3125 -79.8125 4.1875
1532259623865852 -84.9375 -28.125 27.3125
1532259623909734 -69.4375 23.875 44.5
1532259623948630 -1.75 82.3125 85.9375
1532259623977553 50.875 109.5 103.188
1532259623986529 82.6875 130.625 106.563
1532259624016449 106.25 147.25 99.5625
1532259624040385 126.063 152.75 88.1875
1532259624106210 126.5 120.438 36.25
1532259624182007 47.3125 6.25 -27.5625
1532259624248828 -51.875 -144.063 -70.3125
1532259624352550 -22.3125 -98.75 -23.3125
1532259624393441 -36.0625 -82.75 -7.75
1532259624497164 -24.875 4.1875 52.125
1532259624517110 -9.125 21.375 55.125
1532259624556006 26.625 59.4375 62.3125
1532259624602881 41.6875 72.5625 65.3125
1532259624631803 76.5625 85.625 41.8125
1532259624653744 80.4375 80.625 38.5625
1532259624668706 78.6875 71.75 30.1875
1532259624705607 64.125 61.0625 23.625
1532259624742508 43.3125 27.75 7.375
1532259624802348 20.75 -6.5625 -9
1532259624834262 6.25 -16.75 -11.25
1532259624873158 -13.1875 -33.8125 -11.1875
1532259624990844 -12.5625 -3.25 -2
1532259625019766 -9.875 4.8125 4.9375
1532259625065643 0.1875 13.3125 14.4375
1532259625149419 44.1875 53.5 32.5
1532259625318966 86.5 92.875 50.8125
1532259625378807 80.25 97.0625 59.625
1532259625604204 101.063 105.688 40.3125
1532259625637115 91.75 99.25 45.375
1532259625711915 79.875 93.625 49.25
1532259625839574 59.75 53.4375 32.125
1532259625904416 41.8125 44.1875 15.75
1532259625964240 25.4375 29.375 10.75
1532259626033057 16.875 15.125 3.5625
1532259626185649 -3.75 0.8125 -6.0625
1532259626295355 -17.5625 -14.1875 -10.3125
1532259626333254 -20.625 -15.5625 -11.5
1532259626372150 -27.625 -21.625 -11.0625
1532259626491839 -45.125 -30.3125 -25.5625
1532259626702267 -45.625 -98.125 -67
1532259626814966 -63.25 -186.25 -88.375
1532259626934656 -56.5 -214.188 -100.938
1532259626992491 -27.75 -212.625 -110.313
1532259627077265 -11.0625 -127.25 -60.75
1532259627218885 -28 -40.6875 -9.375
1532259627421360 -68.6875 0.4375 -3.5
1532259627442297 -20.8125 -7.4375 -3.6875
1532259627555984 5.125 -2.3125 6.5
1532259627578922 28.25 9.625 -0.625
