1532261051356188 4.8125 1.1875 0
1532261051375137 7.5625 0.5625 -0.9375
1532261051398075 3.25 0.4375 -1.5
1532261051421014 -2.625 0.125 -2.4375
1532261051485840 -0.25 1 -4.125
1532261051573606 -1.5 -0.375 -1.4375
1532261051633446 0.875 0.875 -0.5625
1532261051693302 -0.5 0.625 -0.625
1532261051762118 -0.125 -1.5625 -0.5625
1532261051822955 -3.0625 -2.5 -0.75
1532261051858859 -1.375 -2.1875 -1.3125
1532261051903767 -1.3125 -1.5625 -1.25
1532261051972590 -2 -0.625 -0.375
1532261052125174 -0.75 -0.3125 1.25
1532261052131158 -1 -0.5 1.375
1532261052158086 -1.1875 -0.5625 -0.75
1532261052203963 -0.1875 -0.75 -2.3125
1532261052297713 -2.5625 -0.6875 -2.8125
1532261052402432 -2.875 -0.125 -0.4375
1532261052424390 -2.625 -0.5 0.1875
1532261052468271 -2.25 -0.5 0.5
1532261052485227 -1.9375 -0.9375 0.25
1532261052672777 -2.8125 -1.0625 0.4375
1532261052693709 -2 0.875 1.375
1532261052740589 -1.375 -0.125 0.9375
1532261052805416 -2.25 -1.9375 0.4375
1532261052874232 -3.3125 -2.25 -0.5
1532261052893180 -1.25 -1.75 -0.25
1532261052956032 -11.0625 -4 -6.8125
1532261052970972 -21.25 -10.875 -41.3125
1532261053020840 -61.9375 69.875 -108.938
1532261053090653 -71.375 96.625 -120
1532261053167447 -20.5625 78.8125 -148
1532261053193378 -9.0625 42 -125.625
1532261053210333 -2.1875 24.0625 -107.75
1532261053254215 -81.625 15.375 -75.8125
1532261053359932 -17.625 -23.8125 -40.4375
1532261053434732 9.875 -26.5625 -7.6875
1532261053449693 12.125 -24.0625 -2.0625
1532261053472633 12.125 -21.5625 1.6875
1532261053509532 18.25 -11.5 7.75
1532261053615250 7.125 19.5 3.375
1532261053629213 -1 27.6875 3.3125
1532261053654146 -1.75 36.1875 0.5625
1532261053690049 0.9375 50.625 -4.9375
1532261053727949 -4.375 63.0625 -9
1532261053734930 4.5 80.1875 -16.125
1532261053763853 12.25 93.6875 -24.3125
1532261053773832 19.25 106.625 -16.8125
1532261053794770 18.3125 -245.75 47.75
1532261053832677 184.125 -0.4375 16.25
1532261053891510 15.75 -30.9375 -4.375
1532261053915461 -7.75 10.75 10.5625
1532261053984264 20.125 16.8125 -1.25
1532261053998226 2.4375 16.1875 6.625
1532261054049090 -17 9.5625 32.0625
1532261054094967 -44.6875 17.0625 93.5
1532261054115911 -75.9375 28.1875 130.375
1532261054154814 -72.3125 79.4375 192.688
1532261054193703 -68.875 82.3125 195
1532261054328344 -45.6875 -88.375 100.875
1532261054426082 80.375 -115.688 76.6875
1532261054620561 26.5625 -49.9375 12.375
1532261054661452 58.625 21.875 1.25
1532261054671425 54.5 8.125 7.625
1532261054773154 -9.875 7.125 0.375
1532261054862913 8.8125 6.5625 7.875
1532261055192033 -4.5625 5.875 -3.875
1532261055242898 0.8125 6.25 0.125
1532261055280796 6.75 6.8125 0.5
1532261055453334 5.1875 0.1875 -5.5
1532261055496220 5.6875 -5.4375 -10.625
1532261055535120 2.5 2.25 0.5625
1532261055558054 3.5625 2.875 -0.125
1532261055626871 5 4.375 -2.375
1532261055654796 5.1875 5.5625 -2.6875
1532261055693694 8.1875 8.1875 -2.5625
1532261055715633 8.0625 8.0625 -2.9375
1532261055737574 6.5 6.9375 -2.125
1532261055767495 6 5.625 -2.1875
1532261055790471 3.875 3.5625 -2.3125
1532261055863239 -1.8125 -3.25 -2.8125
1532261055905126 -4.125 -4.9375 -2.5
1532261055948053 -7 -6.75 -1.375
1532261055977933 -18.75 -8.4375 1.0625
1532261056051734 -14.3125 -9.3125 -0.8125
1532261056068689 -15.875 -9.6875 -2.875
1532261056136509 -16.0625 -7.1875 0.375
1532261056158449 -15.125 -6.8125 1.3125
1532261056228262 -0.75 -7.5 7.375
1532261056249206 1.4375 -8.75 7.125
1532261056269153 1.125 -8.9375 6.25
1532261056317025 -4.75 -10.1875 6.3125
1532261056328994 -7.75 -9.9375 6.0625
1532261056405788 -7.75 -8.625 3.125
1532261056503526 -8.3125 -7.625 3.0625
1532261056525468 -8.5 -4.0625 4.375
1532261056564364 3.9375 5.25 4.375
1532261056585308 4.5625 5.75 3.5625
1532261056624204 6.5 5.1875 2.375
1532261056646144 5.0625 4.6875 0.6875
1532261056842620 -4.875 1 -5.75
1532261056855585 -0.4375 1 -8.1875
1532261056922407 3.375 0.8125 0
1532261057064028 -0.8125 -0.3125 1.0625
1532261057112897 -1.25 -0.9375 0.9375
1532261057130849 -5.3125 2.5625 1.5625
1532261057153787 -4.5 0.125 3.375
1532261057162764 -2.375 -0.875 2.375
1532261057229585 0.625 -3 0.0625
1532261057386165 -0.9375 -2.625 -0.375
1532261057413095 -0.125 -2.5 -0.4375
1532261057458972 0.3125 2.6875 1.625
1532261057480913 2.125 3.9375 1
1532261057486897 1.3125 3.5 0.625
1532261057522801 -1.625 -0.4375 1.0625
1532261057570672 -2.5 -1.5 0.375
1532261057651480 -0.6875 -1.9375 -0.75
1532261057710337 0.25 -2.6875 -0.5
1532261057731281 -1.0625 -0.625 -1.3125
1532261057779153 -1.75 0.875 -1.25
1532261057826028 1.6875 4.9375 1.25
1532261057848967 2.5 0.6875 0.5625
1532261057868916 2.75 0.3125 -1.125
1532261057951705 1.375 -1.375 -1.75
1532261057965654 3.375 -1.75 -2.1875
1532261058012529 -3.9375 -0.3125 -0.75
1532261058101292 0.125 2.625 2.8125
1532261058166118 4.75 3 1.4375
1532261058214988 6.8125 4.6875 -0.625
1532261058236929 6.875 4.6875 -1.1875
1532261058287813 1.6875 1.0625 -1.4375
1532261058333671 -0.875 -0.6875 0.0625
1532261058355612 -1.125 -1.8125 0.25
1532261058377553 -0.25 -2.4375 0.0625
1532261058401489 -2 -2.125 0.25
1532261058512194 -6.625 -3.1875 2.0625
1532261058587997 -0.625 -2.75 0.625
1532261058609938 -2.75 -2.4375 1.1875
1532261058655815 -3.6875 -4.375 2.6875
1532261058723650 -3.1875 -5.0625 3.0625
1532261058781496 -1.875 -5.0625 2.625
1532261058827385 -0.9375 -5.5 2.8125
1532261058935086 -1.125 -0.625 1.75

1532261059032824 -0.1875 0.25 2.375
1532261059100649 0.25 -1.1875 1.4375
1532261059145522 -1.6875 -1.0625 -1.9375
1532261059256227 -2.3125 -1.75 -1.8125
1532261059299112 2.5 1.5 1.125
1532261059324045 2.625 2.25 1.3125
1532261059375907 2 2.75 -0.0625
1532261059418026 2.625 0.6875 -1.4375
1532261059541695 0.25 0 -2.4375
1532261059600538 -0.0625 0 -2.125
1532261059637440 3.0625 0.5625 -0.375
1532261059676335 0.0625 0.875 -1.25
1532261059727199 0.5625 -0.5 -1.3125
1532261059766096 -0.8125 -1.0625 -0.625
1532261059834911 -0.375 -0.5 0
1532261059855856 0.4375 -0.25 0
1532261059884777 -0.875 -0.25 -0.4375
1532261059908714 -0.375 -0.4375 -0.8125
1532261059953594 -0.5625 -0.375 -1.375
1532261060048341 -1.625 -0.5625 -1.0625
1532261060075269 -1.375 -1 -0.3125
1532261060155056 -0.75 -1.125 0.8125
1532261060229855 0.5 -0.5625 1.0625
1532261060297674 2.3125 -0.25 -0.4375
1532261060319616 2.1875 -0.0625 -1.0625
1532261060435306 1 0.0625 -1.625
1532261060448275 -1.25 -0.1875 -1.75
1532261060470213 -1.625 0.125 -1.125
1532261060507114 -1.875 0.1875 -0.75
1532261060603854 -3.3125 -0.5 1.75
1532261060711568 -1.375 -0.3125 2.125
1532261060732512 -1.375 -0.875 0.5
1532261060809308 -3.125 -2.5 -0.625
1532261060861167 -5.4375 -3.25 -0.125
1532261060920010 -4.375 -2.875 0.375
1532261060967882 0.125 -0.75 1.8125
1532261061173349 -0.75 -1.0625 -1.4375
1532261061265087 -0.5625 0 -0.625
1532261061283039 -0.3125 0.6875 0.1875
1532261061302985 0.5 1.375 0.5625
1532261061521419 -2.0625 -0.9375 -1.625
1532261061795668 1 -2.25 -2
1532261061910361 -78.5 62.5 -91.625
1532261061956241 -10.875 65.375 -110.875
1532261062066943 -27.125 -6 -108.875
1532261062104843 -59.8125 -12.125 -87
1532261062113818 -51.6875 -12.625 -78.875
1532261062134761 -28.8125 -18.6875 -74.8125
1532261062171663 -14.5625 -14.5 -56.0625
1532261062285359 9.1875 -4.9375 -18.125
1532261062375125 -0.5625 -2.375 0.3125
1532261062494799 -3.6875 31.4375 3
1532261062533695 -6.5 34.8125 2.1875
1532261062600516 -10.4375 39.625 2.0625
1532261062629440 -9.125 63 -8.0625
1532261062741140 -26.25 8.6875 0.0625
1532261062795993 9.0625 19.8125 0.125
1532261062818937 7.5 30.25 10.3125
1532261062878784 -0.3125 16.625 5.8125
1532261062905701 0.125 10.5625 7.75
1532261062951577 -20.3125 9.375 31.125
1532261062999449 -54.8125 21.3125 97.125
1532261063026377 -44.75 25.75 100.813
1532261063063278 -30.875 36.125 101.313
1532261063096205 -24 52.25 105.375
1532261063118132 -15.8125 59.5625 120.563
1532261063223849 -71.875 31.1875 128
1532261063245790 -96.0625 -28.0625 102.688
1532261063268729 129 -71.6875 53.375
1532261063305631 88.6875 -43.25 44.75
1532261063371454 -8.3125 -58.5 42.4375
1532261063463209 38.5 -44.75 22.4375
1532261063523049 16.4375 -3.9375 16.4375
1532261063718529 -18.6875 5.9375 5.875
1532261063780388 -5.3125 11.9375 1.4375
1532261063793346 17.6875 4.625 1.1875
1532261063800327 2.625 -2.8125 -5.75
1532261063884103 -0.0625 -4.6875 -7.5
1532261064068609 -5.75 -6 -8
1532261064122466 -19 -3.625 -6.125
1532261064214220 4.4375 3.0625 -1.5625
1532261064228182 4.9375 -2.125 -5.875
1532261064275057 2.1875 -11.1875 -12.6875
1532261064297996 -3.5 -11.375 -14.1875
1532261064334898 -27.6875 -11 -7.5625
1532261064393748 -18.125 -4.0625 -2.25
1532261064415681 -8.5 0.25 -2.125
1532261064505441 3 7 4.625
1532261064526385 7.25 11 7.625
1532261064596199 14.5 15.25 9.875
1532261064609164 11.75 17.75 12.875
1532261064635095 -3.5625 -0.6875 -2.6875
1532261064671996 -9.0625 -5.9375 -7
1532261064692940 -9.75 -10 -11.375
1532261064738817 -10.0625 -14.875 -17.375
1532261064805639 -11.625 -14.75 -13.6875
1532261064852513 -19.0625 -13.8125 -6.75
1532261064889418 -12.8125 -8 1.4375
1532261064911361 -0.3125 -3.75 9.25
1532261064956236 5.8125 -2.875 15.1875
1532261064972194 7.9375 -4.125 15.5625
1532261065023057 5.5 -7.375 11.25
1532261065045996 1.375 -8.25 10.1875
1532261065128774 -5.75 -10.5 7.3125
1532261065165676 -7.5625 -12.5625 3.5625
1532261065209558 -9 -11 3.4375
1532261065224518 -8.4375 -9 3.625
1532261065337217 -1.5 -0.75 4.4375
1532261065360156 1.0625 1.5625 3.8125
1532261065427974 10.4375 5.1875 1.8125
1532261065443931 7.25 7.6875 0.1875
1532261065502775 5.375 3.375 -4
1532261065524716 5.75 1.6875 -4.625
1532261065545660 4.25 -0.0625 -6.125
1532261065592535 -4.3125 -3.0625 -7.125
1532261065637414 -7.4375 -3 -6.75
1532261065660353 -9.1875 -2.5 -6.125
1532261065706230 -2.1875 0.25 -2.3125
1532261065780033 3.125 2.75 2.8125
1532261065802972 2.5625 3.4375 4.375
1532261065892731 1.625 -1.875 -0.125
1532261065983488 -3.375 -2.9375 -0.625
1532261066045323 1.4375 1.5625 0.625
1532261066237809 -1.375 1.8125 1.25
1532261066313606 2 -1.25 -0.6875
1532261066357489 1.625 2.4375 3.6875
1532261066471184 -0.875 1.5625 2.8125
1532261066515084 -6.5625 -3.5625 -3.3125
1532261066552966 -0.125 -3.5625 -2.6875
1532261066724507 -2.3125 2.5 3.75
1532261066815265 -2.1875 0.0625 2.375
1532261066868123 -2.5 -0.0625 -3.25
1532261066891063 -4.125 0 -1.5625
1532261067091526 -1.125 0.3125 -1.1875
1532261067131419 -3.25 -3.1875 0.0625
1532261067150368 -3.4375 -3.5625 -0.1875
1532261067190262 -4.5625 -4.5625 0.375
1532261067212203 -3.5625 -4.6875 0.4375
1532261067325899 -5.125 -5.0625 0.6875
1532261067383744 -3.875 -4.875 2.5
1532261067535339 1.0625 -0.0625 2.0625
1532261067566256 0.125 -0.9375 1.75

1532261067610139 -2.6875 -2 -2.4375
1532261067634075 -3.25 -2.8125 -3.125
1532261067654021 -4 -3.375 -3.4375
1532261067706881 -1.4375 -1.125 -1
1532261067745787 1.6875 0.25 0.9375
1532261067767718 2 2.125 2.1875
1532261067790657 2.0625 2.375 3.0625
1532261067926307 1.1875 0.875 2.75
1532261067963195 -2.75 -1.75 -4.25
1532261068044983 1.1875 0.1875 -0.375
1532261068090854 1.25 1.0625 1.5625
1532261068136731 2.5 1.9375 3.3125
1532261068180613 2.8125 1.5625 2.8125
1532261068232491 0.3125 0.3125 0.9375
1532261068368117 -0.375 -1.25 -0.5
1532261068391057 -0.8125 -1.125 -0.0625
1532261068434939 -0.375 -0.625 0.25
1532261068497771 0.3125 -0.25 0.0625
1532261068533677 0.6875 -0.1875 -0.1875
1532261068555622 -0.1875 -0.3125 -0.375
1532261068758075 -0.6875 -0.5625 -0.1875
1532261068833872 -1.4375 -1.0625 -0.375
1532261068838859 -1.875 -0.9375 -0.125
1532261068929616 -0.5 -0.875 0.125
1532261069013392 -1.0625 -0.6875 -0.3125
1532261069052288 -1.4375 -0.9375 -0.4375
1532261069095174 -0.4375 -0.625 0.1875
1532261069199893 -1.8125 -1.125 0.1875
1532261069247766 -1.1875 -1 1.9375
1532261069315584 2.0625 -0.6875 2.4375
1532261069319573 4.4375 0.375 2
1532261069373430 1.5 2.3125 2
1532261069478149 3 2.8125 0.25
1532261069603814 1.3125 1.75 -2
1532261069666646 -0.9375 0.8125 -1.75
1532261069761391 1.4375 1.3125 0.375
1532261069816260 0.6875 1.5625 0.875
1532261069846166 0.1875 1.625 1.375
1532261069869103 -3.0625 -2.3125 0.375
1532261069942910 -1.8125 -1.0625 1.0625
1532261070010737 0.375 -1.1875 1.9375
1532261070075552 2.0625 -0.5625 1.4375
1532261070181269 -0.1875 -0.625 0.25
1532261070221162 0.1875 -0.125 -0.375
1532261070310923 1.875 1.25 0.125
1532261070332881 1.875 1.5 0.4375
1532261070378742 0.5 0.8125 0.25
1532261070401680 1.1875 0.625 -0.625
1532261070423635 0.8125 -0.1875 -0.625
1532261070458528 -0.3125 -0.25 -1.0625
1532261070475483 -1.375 -0.4375 -1
1532261070520363 0.125 -0.125 -1.125
1532261070634059 -0.625 0.8125 0
1532261070655003 -0.125 -0.5625 -1.1875
1532261070678955 4.9375 -2 -9.4375
1532261070715840 -1.125 -1.4375 -13.0625
1532261070729802 -4.875 16.6875 -29.3125
1532261070760720 -61.3125 46.5 -65.6875
1532261070828539 -39.625 67.625 -101.688
1532261070903338 -8.25 82.6875 -102.688
1532261070925291 53.4375 6.1875 -122.125
1532261070941248 48.6875 -13.9375 -130.688
1532261070961184 36.5625 -19.8125 -124.063
1532261071000080 13.875 -3.125 -115.188
1532261071022035 -12.25 5.6875 -93.3125
1532261071059920 -65.5 2.6875 -58.1875
1532261071082858 -60.8125 -9.3125 -46.8125
1532261071097819 -41.125 -14.375 -35.9375
1532261071142706 -14.1875 -14.5 -23.5625
1532261071194560 8.25 -13.625 -10.75
1532261071202538 11.5625 -13.375 -4.3125
1532261071261381 6.625 3.25 -6.3125
1532261071300277 5.75 12.3125 -2.8125
1532261071321221 2.875 18.5625 -1.9375
1532261071360118 5 32.3125 3
1532261071389040 10.9375 39.0625 1.8125
1532261071419957 42.875 60.375 3.9375
1532261071463840 45.0625 86.875 1.1875
1532261071532656 -46.5 -93.9375 36.1875
1532261071547616 103 13.3125 -14.875
1532261071600474 -1.375 -10.375 26.3125
1532261071645355 35.4375 7.875 -0.8125
1532261071675274 18.875 11.625 12
1532261071719157 -1.5625 14.3125 24.6875
1532261071766032 -17.0625 22 67.4375
1532261071870751 -28.375 43.375 141.25
1532261071885712 -22.1875 56.0625 183.375
1532261071913637 16.1875 36.8125 168.375
1532261071932587 13 -42.625 102.313
1532261071976469 -79.6875 -134.313 43
1532261072043290 -91.625 -98.4375 87.0625
1532261072063236 -88.9375 -92.0625 84.125
1532261072140048 -45.1875 37.5625 -7.3125
1532261072162970 41.3125 22.9375 -1.25
1532261072184922 76.1875 4.25 -0.75
1532261072275668 -41.875 9.875 -6.4375
1532261072365429 -27.5625 13.8125 -8.1875
1532261072402330 15.8125 19.75 12.6875
1532261072424271 35.0625 21 13.5625
1532261072463176 29.25 15.8125 9.9375
1532261072506053 4.6875 6.9375 3.9375
1532261072532980 5.375 1.3125 -0.375
1532261072874069 5.375 -4 -5.625
1532261072920943 1.3125 -6.25 -7.6875
1532261072935903 11.1875 9 2.375
1532261072949866 -4.1875 -7.5 -4.4375
1532261072992762 -9.8125 -13.1875 -10.75
1532261073018682 -12.125 -12.5 -11.125
1532261073228128 -15.1875 -10.3125 -10.625
1532261073274005 -6.875 5.1875 8.125
1532261073476464 -6.1875 -4.9375 -4.75
1532261073515360 -10 -6.5 -0.375
1532261073551268 -5.5 -4.3125 5.0625
1532261073596144 -7.875 -3.25 10.9375
1532261073639036 -2.4375 -2.625 10.9375
1532261073791625 1.875 -1.75 9.8125
1532261073878389 -16.5625 -13.3125 5.25
1532261073965157 -10.5 -8.9375 5.5
1532261074010037 11.8125 9.75 5.875
1532261074035967 8.0625 10.125 1.625
1532261074261365 8.3125 3.75 -15
1532261074346139 -13.3125 -5.0625 -1.6875
1532261074359103 -12.0625 -4.75 -0.3125
1532261074472800 1.875 0.8125 2.3125
1532261074497733 0.3125 1.8125 2.75
1532261074584500 -2.875 2.6875 4.0625
1532261074614420 -2.3125 0 8.75
1532261074646343 -3.1875 -1.875 2
1532261074659301 -1.6875 -1.1875 -0.4375
1532261074727120 -0.1875 -2.5625 -3
1532261074842811 -3.25 -0.9375 -0.625
1532261074846800 -3.1875 -0.75 0
1532261074863757 -4.875 -1.625 -0.1875
1532261074939551 3.625 1.1875 0.5625
1532261075051252 -3.3125 0.875 1
1532261075073195 -4.25 -0.625 1
1532261075185907 1.4375 -2.625 -3.1875
1532261075237754 3.6875 1.5625 0.25
1532261075397327 1.0625 3.1875 3
1532261075440213 -1.5 -3.25 -1.25
1532261075470132 -1.9375 -3 -2.875
1532261075493072 -1.125 -2.4375 -1.8125
1532261075627711 3.5625 3.75 3.3125
1532261075695531 -3.75 -3.5 -0.125
1532261075710490 -1 -3.375 -1.25
1532261075739417 2.625 -1.3125 -3.625
1532261075839146 0 -0.3125 -2.5
1532261075988760 -1.4375 0.0625 -0.125
1532261076010687 -1.6875 -3.6875 1.5
1532261076048585 -5.0625 -5 2.3125
1532261076116404 -0.4375 -4.8125 3
1532261076181231 0.5625 -4.8125 3.375
1532261076266004 -0.0625 -4.5625 3.6875
1532261076301909 -4.1875 -3.75 -0.9375
1532261076348783 -3.1875 -2.875 -0.75
1532261076370724 -1.5625 -2.5625 -0.8125

1532261076543280 -3.625 -3.1875 0.5
1532261076591151 2.5 1 1.3125
1532261076606141 4.375 3.1875 2.125
1532261076648024 0.75 2.625 3
1532261076692904 0.8125 -0.8125 0.9375
1532261076716840 -0.25 -1.3125 0
1532261076761720 -1.625 -1.1875 -1.5625
1532261076812586 1.6875 1.0625 -2.75
1532261076835524 0.0625 1.8125 -1.6875
1532261076948221 2.8125 3.1875 1.0625
1532261076973154 2.25 2.5625 0.75
1532261077037981 2.75 2.25 0
1532261077061917 2.8125 1.4375 -1.5
1532261077121757 -1.3125 0.5625 -1.6875
1532261077180600 0.9375 0.6875 -0.75
1532261077202556 0.875 0.6875 -0.125
1532261077223485 0.5625 0.8125 0.0625
1532261077247421 0.375 0.875 0.1875
1532261077271357 0.6875 0.875 0.3125
1532261077293298 1.125 0.9375 0.3125
1532261077361116 0.8125 0.875 0
1532261077377087 0.25 0.5 0
1532261077398018 -0.0625 0.25 -0.25
1532261077412978 -0.25 -0.125 -0.375
1532261077435917 -0.0625 -0.5625 -0.75
1532261077457858 -0.875 -0.6875 -1
1532261077546621 -2.8125 -1.4375 0.1875
1532261077571563 -2.9375 -1.625 0.5625
1532261077617443 0.4375 -0.125 1.3125
1532261077639373 0.0625 0.375 1.625
1532261077721153 -0.5625 -1.0625 1.125
1532261077736114 -0.6875 -1.125 0.8125
1532261077780000 0.9375 0 -1.0625
1532261077802936 1.3125 0.3125 -1.5
1532261077847816 -0.25 -0.1875 -1.8125
1532261077893693 -2.5 -0.25 -2.125
1532261077930594 -4 -0.5625 -2.125
1532261077975474 -3.0625 -1.875 -2
1532261077997416 -3 -2.25 -1.5625
1532261078019357 -2.6875 -2 -1
1532261078058253 -0.5 -1.0625 0.9375
1532261078192893 -0.5625 -1.1875 1.75
1532261078237772 -1 -1.9375 1.3125
1532261078266695 -0.625 -1.9375 0.75
1532261078358450 -1.4375 -2.4375 0.5
1532261078447213 -1.8125 -2.5625 0.5625
1532261078508049 -0.875 -2.8125 -0.3125
1532261078531986 -1.875 -2 0
1532261078679591 0.6875 -0.125 0.25
1532261078756386 1 0.4375 0.1875
1532261078779325 0.875 0.5 -0.0625
1532261078801281 0.625 0.375 -0.5
1532261078868087 -0.0625 0.5625 -0.75
1532261078988764 0.0625 0.5625 -0.375
1532261079040626 -0.75 0.3125 0.25
1532261079062568 -1.375 -0.1875 0.125
1532261079077534 -2.375 -1.5 -1
1532261079168285 4.375 -3.25 -15.5
1532261079266023 27.1875 51.8125 -64
1532261079302924 -21.6875 84.9375 -120.5
1532261079324866 52.9375 -16.0625 -159.5
1532261079370742 -70.25 -40.25 -118.438
1532261079422609 -51.125 -26.9375 -90.1875
1532261079483441 -42.9375 -24.3125 -58.5
1532261079514359 -28.3125 -22.9375 -46.0625
1532261079558242 -7.6875 -13.625 -30.1875
1532261079564226 -4.75 -6.3125 -19.625
1532261079580183 -4.125 -0.8125 -13.0625
1532261079603121 3.375 4.625 -9.375
1532261079624065 8.25 10.4375 -5.9375
1532261079667948 5.375 31.375 -14.1875
1532261079702855 7.4375 41.875 -22.5625
1532261079735767 -10.75 56.9375 -27
1532261079759703 -20.3125 67.0625 -18.25
1532261079789623 -0.375 95.0625 -22.375
1532261079810566 6.4375 106.438 -23.5
1532261079828518 -9.5625 155.313 -15.1875
1532261079870407 -216 -187 53.0625
1532261079885366 141.063 -28.375 -1.75
1532261079930247 -0.375 -20.9375 -1.25
1532261079977127 22.125 -3.4375 4.4375
1532261080022999 17.875 12.0625 20.9375
1532261080050924 11.5 15.8125 33.375
1532261080089823 -4.75 19.1875 60.9375
1532261080135704 -34.625 23 96
1532261080147666 -48.9375 21.5625 122.813
1532261080173596 -48.5 23.4375 153.125
1532261080185564 -46.3125 34.4375 175.438
1532261080217479 -32.75 45.5625 183.25
1532261080302252 -30.9375 13.1875 115.688
1532261080413953 16.5 -22.1875 66.1875
1532261080429918 -2.3125 -144.188 19.625
1532261080470801 88.1875 -40.5625 16.625
1532261080645334 -9.4375 5.3125 6.875
1532261080706171 -22.5 17.8125 3.6875
1532261080721132 -18.6875 -2.125 0.8125
1532261080726118 8.4375 -0.375 -2.8125
1532261080765014 -4.625 -1.3125 -2.6875
1532261080984428 -11.1875 -1.0625 -4.6875
1532261081028310 -6.125 -0.25 -5.125
1532261081065212 7.3125 6.625 2.9375
1532261081088150 8.8125 6.4375 3.25
1532261081111089 10.9375 3.8125 3.6875
1532261081155970 2.5625 0.125 -0.5625
1532261081262684 -0.75 -1.0625 -2.4375
1532261081329505 -2.9375 -0.375 -3.625
1532261081454171 0.4375 1.875 0.0625
1532261081559889 -4.25 -4.625 1.0625
1532261081595793 -9.375 -7 -1.5
1532261081816204 -10.375 -7.25 -2.875
1532261081831163 -9.25 -6.625 -2.4375
1532261081986747 10.8125 -3.8125 10.5625
1532261082096454 2.5 6 4.9375
1532261082117406 -0.0625 5 3.3125
1532261082138352 -0.25 4.125 0.625
1532261082241067 5.875 3.125 -9.4375
1532261082267995 3.625 3.5 -10.8125
1532261082309884 0.1875 4.75 -10.625
1532261082354764 2.4375 4.125 -10.125
1532261082393659 1.1875 -0.875 -5
1532261082409616 -3 -2.3125 -2.125
1532261082475441 2.1875 -2.625 -0.1875
1532261082551238 3.5625 -2.25 0.75
1532261082631025 -1.6875 -1.875 1.1875
1532261082649974 -3.125 -0.375 1.3125
1532261082729772 1.625 -0.625 4.6875
1532261082752705 1 0.5625 3.375
1532261082888337 -2.0625 -0.4375 0.3125
1532261082926235 -6.5625 -4.625 0.75
1532261082948177 -1.1875 -2.375 -1
1532261082993074 3.4375 1.75 -0.625
1532261083037937 5.875 2.25 0.1875
1532261083104758 3.3125 1.6875 0.9375
1532261083188535 -4 -3.1875 1.3125
1532261083249371 4.5625 0.9375 0.625
1532261083261339 3.3125 1.9375 0.3125
1532261083309211 2.25 1.8125 1.0625
1532261083375036 -5.0625 -3.125 -0.25
1532261083443851 -5.8125 -3.25 -1.9375
1532261083465792 -5.1875 -3.125 -2.6875
1532261083481750 4.6875 1.3125 -1.8125
1532261083541590 3.625 2.4375 -0.5625
1532261083676230 0.25 2.375 0.75
1532261083721109 0.1875 -0.8125 3.25
1532261083764994 -3.25 -1.9375 2.5
1532261083779959 -2.5625 -2.875 1.8125
1532261083800896 -1.8125 -4 2.625
1532261083817851 -1.5 -3.5625 3.5
1532261083839794 -1.75 -3.5625 4
1532261084036280 4.125 -2.3125 3.8125

1532261084071174 -3.75 -3 -0.0625
1532261084098102 -2.375 -4.125 0.5
1532261084118048 -0.5 -4.75 -1.75
1532261084162929 -4.625 -5.5 -2.5625
1532261084253685 -10.4375 -5.875 -3.25
1532261084298565 -3.6875 -4 2.625
1532261084372368 -3.25 -0.1875 6.9375
1532261084418245 1.375 0.375 5
1532261084552885 -1.25 -0.1875 3
1532261084577833 -1.0625 -1.25 0.0625
1532261084595770 0.0625 -0.5 -0.4375
1532261084635664 1.9375 -0.1875 -1.3125
1532261084656608 1.9375 0 -1.5
1532261084695504 0.5 0.625 -2.5625
1532261084809200 0 1.125 -3.0625
1532261084839137 5.9375 2.6875 1.75
1532261084898960 -6.25 -2.625 -2.25
1532261085085461 4.4375 -9.3125 3.25
1532261085133333 -3.125 -4.0625 0.625
1532261085175260 9.0625 -1.25 3.6875
1532261085204182 13.1875 4 8.75
1532261085363760 13.0625 7.0625 3.75
1532261085387691 15.4375 4.75 -7
1532261085440549 -5.25 -3.3125 -10.125
1532261085482442 -20.3125 -0.875 -11
1532261085505377 -19.6875 2 -8.6875
1532261085602124 -10.375 7.0625 1
1532261085643015 -2.9375 7 7.0625
1532261085664956 11.9375 4.25 17.75
1532261085737761 -9.8125 -2.25 -1.5
1532261085759702 -3.8125 -2.9375 -4
1532261085782656 0.6875 -2.9375 -4.625
1532261085850460 2 -2.125 -4.4375
1532261085897335 -1.1875 0.0625 -3
1532261085916283 -1.5 1.3125 -1.5625
1532261085943212 3.125 1.9375 -1.1875
1532261086000062 2.875 -0.0625 -3.0625
1532261086015034 2 0.25 -4
1532261086059900 -1.25 -0.3125 -3.4375
1532261086107783 -3.25 -0.5625 -1.5625
1532261086255387 -0.9375 -0.5625 -1.25
1532261086277319 1.5625 1.5 0.9375
1532261086314223 0.5 0.75 1.25
1532261086390018 -0.3125 0.0625 0.8125
1532261086501719 -0.9375 -0.4375 0.25
1532261086533642 -2.25 -1.4375 0.8125
1532261086558575 -1.625 -0.8125 -0.875
1532261086580508 -0.625 -0.5 -1
1532261086645335 0.875 0 -0.8125
1532261086772993 1.0625 1.0625 1.75
1532261086795931 0.875 0.3125 0.5625
1532261086847793 -0.5 -0.75 -0.375
1532261086878711 0.0625 -1.1875 -1.375
1532261086962487 -0.75 0.1875 -1.625
1532261087088151 1.375 -2.9375 -12.25
1532261087127046 -40.75 148.625 -73.1875
1532261087191872 89.8125 1.0625 -159.438
1532261087255703 17.5625 -9.75 -151.188
1532261087296593 -61.625 -51.1875 -91.625
1532261087304571 -38.25 -57.875 -79.375
1532261087328508 -43.4375 -53.625 -67.5625
1532261087348454 -51.625 -37.75 -63.8125
1532261087364425 -41.4375 -24.4375 -55.6875
1532261087388348 -29.3125 -21 -47.8125
1532261087424251 7.125 -12.625 -24.625
1532261087532961 9.75 18.8125 -14.625
1532261087604768 -0.0625 43.4375 0.125
1532261087625713 12.3125 51.5625 0.125
1532261087685552 37.8125 114.438 11.25
1532261087732428 -115.75 -181.25 120.063
1532261087745393 11.125 -83.25 6.25
1532261087839159 -10.1875 10.1875 30.75
1532261087858091 -23.875 -8.5625 32.125
1532261087884022 21.3125 3.5625 16
1532261087896987 40.75 21.9375 32.4375
1532261087925910 -8.375 25.9375 64.75
1532261087965803 -24.1875 8.875 108.25
1532261087992731 -32.6875 1.9375 133.063
1532261088048582 -36.5 29.5 170.75
1532261088125377 -45.5625 11.875 128.063
1532261088184219 -41.9375 -30.875 80.0625
1532261088303900 40.5625 -33.25 30.3125
1532261088324843 -31.125 25.9375 25.5
1532261088378699 50.5 41.4375 -1.6875
1532261088466464 42.0625 -12.1875 4.625
1532261088557222 12.8125 2 -4.3125
1532261088628035 -9.875 5.5625 -2.4375
1532261088693858 -3.1875 6.4375 -3.5625
1532261088716795 10.5 4.75 -1.5
1532261088738737 5.9375 10.3125 2.9375
1532261088758683 10.3125 11.5625 2.3125
1532261088776636 14.0625 12.25 1.625
1532261088791595 14.0625 13.0625 1.5625
1532261088819521 10 13.625 3.75
1532261088857419 15.9375 10.625 1.875
1532261088902299 6.5 6.8125 2.875
1532261088970118 6.125 2.75 -0.125
1532261088994054 3.75 -0.4375 -5.0625
1532261089016993 1.25 -2.9375 -7.1875
1532261089032950 -9.1875 -8 -7.625
1532261089053894 -5.25 -0.9375 -3.875
1532261089089798 -2.25 -0.25 -3
1532261089143654 0.25 1.125 -0.3125
1532261089159611 -1.8125 -0.625 4.125
1532261089205491 8.75 1.9375 8
1532261089310208 5.875 7.1875 6.25
1532261089322193 6.625 9.0625 7.625
1532261089369051 -13 -7.625 -3.375
1532261089419923 -13.0625 -11.125 -7.125
1532261089433878 -13.0625 -12.5 -6.6875
1532261089458810 -13.6875 -12.3125 -5.25
1532261089480762 -12.375 -10.6875 -3.3125
1532261089576496 -9.5 -8.5 -0.75
1532261089601439 -7.5 -5.9375 7.9375
1532261089670245 7.25 -6.625 16.5
1532261089690193 9.5 -9.8125 17.25
1532261089735074 3.125 -12.3125 10.625
1532261089803889 -5.3125 -12.75 5.875
1532261089810869 -8.1875 -11.0625 6
1532261089861749 -1.375 -2.3125 5.125
1532261089884672 4.875 0.25 5
1532261089922571 8.9375 2.25 5.125
1532261089993383 10.4375 9.25 -0.5625
1532261090058208 9.75 9.3125 -2.25
1532261090083141 7.4375 9.1875 -7.3125
1532261090103088 2.25 6.375 -10.875
1532261090139999 -5.375 2.5 -12
1532261090169910 -7.625 0.3125 -10.6875
1532261090190854 -8.5 -0.9375 -9.6875
1532261090220773 -9.4375 -2 -8.125
1532261090245707 -8.1875 -2.375 -6.6875
1532261090290587 -2.5 -2.8125 1.3125
1532261090335467 -0.125 -0.25 3.375
1532261090380347 -0.25 0.375 3.75
1532261090431210 -4.5 0.8125 8.0625
1532261090448165 -1.25 -0.0625 7.625
1532261090471103 3.625 -0.0625 5.375
1532261090492048 6.75 -0.625 3.125
1532261090522966 4.8125 -1.625 3
1532261090552886 0 -2.125 2.375
1532261090590784 -4.1875 -2.1875 1.625
1532261090658603 1 -1.1875 -1.9375
1532261090683536 -4.8125 -0.5625 -0.875
1532261090695504 -5.5625 -0.6875 -0.1875
1532261090732405 -4.4375 -3 1.125
1532261090747365 -4.75 -2.25 0.875
1532261090770304 -2.375 -1.6875 -0.4375
1532261090823162 0.875 -2.25 -0.3125
1532261090845104 0.25 -2.1875 -0.4375
1532261090869040 1.375 -1.1875 -0.8125
1532261090891979 1.625 -0.1875 -0.5625
1532261090912923 0.5 1.0625 -0.125
1532261090936859 -7.125 3.375 1
1532261090957803 -4.4375 3.625 2.1875
1532261090986725 -4.375 1.875 3.375
1532261091010661 -2.1875 -1.5625 2.875
1532261091032609 1.9375 -1.25 -0.375
1532261091076485 -0.75 -1.0625 -0.625
1532261091125355 0.4375 -2.4375 -1.6875
1532261091170234 1.75 -1.125 -0.4375
1532261091215115 -1 0.75 0.3125
1532261091236058 -0.375 5.25 -3.4375
1532261091272960 -1.1875 2.375 2
1532261091293903 -0.75 1.6875 1.75
1532261091332800 2.125 1.5 -0.1875
1532261091377680 2.875 1.5625 -2.4375
1532261091518303 2.3125 0.5 -3.0625
1532261091551215 -4.125 -3.625 0.3125
1532261091573157 -3.0625 -2.75 0.4375
1532261091611055 -2.3125 -2.25 1.4375
1532261091723754 -2 -1.1875 2.375
1532261091826479 1.875 -1.875 3.6875
1532261091846426 -3.25 -3.9375 2.6875
1532261091910255 -3.875 -5.6875 -0.5625

1532261092083793 -4 -4.875 0.3125
1532261092108725 -3.8125 -2 -0.75
1532261092142646 -1.125 -1.875 -1
1532261092211450 1.1875 -1.125 0.3125
1532261092232395 1 -0.6875 0.6875
1532261092256332 0.0625 -0.9375 0.75
1532261092324149 -1.4375 -1.3125 0.375
1532261092361050 -3.6875 -4.625 0.0625
1532261092382992 -1.3125 -3.9375 -1.0625
1532261092395957 -1.4375 -2.875 -1.5
1532261092418895 -1.6875 -1.75 -1.375
1532261092442832 -1.6875 -0.6875 -0.5625
1532261092487712 0.3125 2 1.0625
1532261092538575 2.3125 3 1.6875
1532261092557525 3.3125 3.4375 2
1532261092587445 3.75 3.125 1.875
1532261092600410 3 2.3125 1.375
1532261092628336 1.9375 1.0625 -0.5625
1532261092676208 -0.0625 -0.9375 -2.125
1532261092743029 -0.5 -0.375 -0.1875
1532261092812842 3.4375 0.8125 0.875
1532261092900630 3.25 2.4375 0
1532261092997371 -0.5 1.625 -2.75
1532261093020310 -1.625 1.6875 -2.5
1532261093065202 -1.625 1.5 -1.625
1532261093134006 -1.125 1.8125 -1.75
1532261093155947 -1.5 1.6875 -0.8125
1532261093191851 1.625 1.1875 -0.625
1532261093214790 0.375 0.1875 -0.25
1532261093258673 -1.4375 -1.3125 0.0625
1532261093298566 -2.6875 -3.6875 0
1532261093318512 -2.8125 -4.1875 -0.3125
1532261093343446 -3.5 -4.875 -1
1532261093365387 -3.5 -4.9375 -1.0625
1532261093434203 -3.6875 -5 -0.8125
1532261093462129 -3.625 -4.375 -0.0625
1532261093486064 -1.1875 -2.3125 0.4375
1532261093514987 -1.75 1.25 3
1532261093529946 -1.5625 2.5 4.375
1532261093547899 1.4375 3.4375 5.3125
1532261093688522 3.5 3.3125 4.0625
1532261093755345 1 -0.125 1.0625
1532261093765317 -0.3125 -2.4375 -1.4375
1532261093785265 0.125 -2.25 -2.6875
1532261093940860 -0.75 0 -1.8125
1532261094040582 1.1875 0.875 -0.5625
1532261094061525 1.5 0.3125 -0.375
1532261094265979 -1.875 -3.1875 -8.5
1532261094289915 1.5 34 -72.75
1532261094303878 -19.8125 55.125 -91.1875
1532261094324821 -32.1875 73.8125 -98.5
1532261094444502 -40.4375 -66.1875 -117.25
1532261094557200 -11.25 -18.3125 -66.5
1532261094586122 -36.1875 16.75 -48.4375
1532261094712784 -3.4375 62.9375 -32.375
1532261094772624 -0.375 82.5625 -22.1875
1532261094820496 7.8125 99.0625 -26.0625
1532261094833461 9.875 108.125 -22.8125
1532261094860390 -26.8125 125.688 5.125
1532261094962117 34.0625 -26.625 23
1532261094976080 -20 -22.25 12.375
1532261094985073 39.375 -1.1875 4.5
1532261095077808 13.0625 18.75 17.6875
1532261095097755 6.5625 22.6875 19.75
1532261095172555 -13.25 28.75 42.5625
1532261095400944 -48.625 51.375 138.75
1532261095414907 -53.8125 43.1875 105.313
1532261095463776 7.3125 -83.875 45.9375
1532261095495698 70.5625 -42.25 29.5625
1532261095518629 65.9375 -38.875 28.5625
1532261095568496 34 -33.4375 23.75
1532261095631328 48.4375 43.6875 4
1532261095690171 63.625 4.25 2.625
1532261095750011 -9.875 10.875 -5.4375
1532261095773947 7.375 4.625 -9.25
1532261096005327 -10.375 0.5625 -4.75
1532261096027269 16.6875 9.9375 7.375
1532261096049210 18.625 9.3125 6.9375
1532261096098080 16.125 7.8125 6.375
1532261096119034 11.5 6.5625 4.375
1532261096142960 6.1875 1.6875 0.125
1532261096246683 -2.6875 -3.1875 -3.4375
1532261096283584 -5.4375 -7.8125 -1.25
1532261096327466 -5.0625 -5.75 -0.875
1532261096351409 -1.9375 -0.3125 2.1875
1532261096373344 0.75 2.125 4.5
1532261096395285 3.75 4.1875 7.625
1532261096486044 6.125 6.8125 9.25
1532261096524939 7.125 8.625 9.875
1532261096539899 6.9375 0.3125 4.75
1532261096589765 -7.125 -9.4375 -3
1532261096801200 -10.625 -9.3125 -8.4375
1532261096836106 12 4.8125 16.9375
1532261096869018 13.1875 4.625 16.9375
1532261096881984 13.375 3.4375 15.4375
1532261096905920 9.375 0.5625 9.6875
1532261096997674 6.6875 -1.5 7.6875
1532261097063498 2.8125 -2.8125 5.625
1532261097077461 -3.5625 -5 0.875
1532261097098405 -1 -2.1875 0.375
1532261097189175 3.375 3.0625 1.625
1532261097273936 3.75 3.9375 0.8125
1532261097295877 5.1875 4.3125 -0.4375
1532261097446474 -4.625 0.4375 -4.75
1532261097596074 -5.5625 0.625 -1.75
1532261097633973 -2.1875 -0.25 2.375
1532261097647936 -2.125 0.3125 1.75
1532261097694810 -5.5625 1.1875 3.75
1532261097737695 1.5625 0.0625 3.75
1532261097781578 4.3125 -1.1875 0.5
1532261097828453 -5.5625 2.375 0.5
1532261097872353 1 -2.1875 -1.375
1532261097895274 2.0625 -0.6875 -3.6875
1532261097911231 -3.3125 -1.75 -1
1532261097955114 -5.375 -1.1875 0.75
1532261097993012 -3.875 -2.5 2
1532261098059834 -0.375 -2.4375 -1.1875
1532261098113690 -0.1875 -1.625 -1.25
1532261098156575 3.25 1 -0.375
1532261098189487 2.0625 2.4375 1.875
1532261098193476 0.375 1.9375 3.125
1532261098232372 -4.75 0.5 3.75
1532261098300190 3.6875 -1.5625 -1
1532261098317145 4.25 -0.6875 -3.125
1532261098382970 0.5 -0.6875 -3.125
1532261098463754 -2 0.8125 0.6875
1532261098472729 -2.375 0.0625 2
1532261098532569 0.375 0.5625 2.25
1532261098593408 2.5 3 -1.125
1532261098727050 2.1875 1.1875 -0.375
1532261098779908 1.3125 -4 0.25
1532261098800852 -0.5625 -3.6875 -0.625
1532261098848724 -2.5625 -2.625 -0.875
1532261098870666 -0.0625 -2.375 0.0625
1532261098894602 -0.25 0.0625 1.1875
1532261099023258 -0.625 0.5 2.75
1532261099035225 -1.5 0.5625 3.3125
1532261099125983 -5.0625 -4 0.25

1532261099269599 -3.3125 -4.1875 -0.3125
1532261099298521 -3.4375 -4.4375 -0.125
1532261099311486 50.3125 43.5625 -28.3125
1532261099374319 -102.813 239.938 23.5
1532261099493002 -100.813 285.688 14.5625
1532261099559828 -153.125 261.375 -29.9375
1532261099620660 -70.3125 167.625 -48.8125
1532261099657575 -48.1875 140.938 -61.75
1532261099719427 -39.125 150.313 -39
1532261099852072 -5.25 172.875 -17.375
1532261099913907 -18.1875 134.375 -11.5625
1532261100030595 43.125 -59.4375 -46.1875
1532261100132322 -9.5 -1.125 -8.75
1532261100154264 -0.3125 52.75 12.5
1532261100198146 -46.9375 111.25 63.3125
1532261100257986 -29.25 35.4375 69.6875
1532261100365698 43.875 -142.563 10.375
1532261100391629 -2.25 -327.188 39.3125
1532261100437506 110.438 -332.625 -43.8125
1532261100458456 117.563 -318.563 -38.125
1532261100565171 107.5 -310.375 -29.875
1532261100603614 110.438 -313.938 -34.625
1532261100683401 4.875 -209.313 1.3125
1532261100706339 68.6875 -177.438 -17.4375
1532261100746232 23.8125 -93.875 4
1532261100768174 54.5 -61.9375 -11.375
1532261100880872 -65.0625 17.875 22.125
1532261100925752 68.125 -5.8125 6.6875
1532261100947694 49.0625 -17.375 0.625
1532261101000188 -67.75 -8.75 -6.3125
1532261101023126 -62.3125 -3.5 -7.6875
1532261101090651 7.125 -4.9375 0.4375
1532261101158468 8.625 -3 2.8125
1532261101209334 9.0625 1.9375 1.3125
1532261101225294 4.8125 2.6875 2.875
1532261101301087 2.1875 1.625 2.125
1532261101367909 0.9375 -1 1.8125
1532261101399823 0.375 -1.9375 1.125
1532261101478613 -1.375 -2.6875 0.625
1532261101519504 -0.625 -2.5 0.1875
1532261101553413 -0.8125 -0.5 -1
1532261101712986 -1.375 0.3125 -1.0625
1532261101797760 1.375 1.1875 -1.1875
1532261101811722 0.4375 0.75 0.3125
1532261101906469 1.5625 -0.875 2.375
1532261102079007 -0.5 -0.1875 -0.1875
1532261102092970 2.4375 1.1875 -1.3125
1532261102154804 1.8125 1.375 -0.6875
1532261102179743 2.9375 0.875 -0.625
1532261102351279 0.125 0.3125 -0.9375
1532261102395161 1.375 0.8125 -1.625
1532261102432070 2.0625 1.75 -1.125
1532261102456004 2.1875 1.6875 -0.375
1532261102630533 2.4375 1.75 -0.4375
1532261102643498 2.375 1.625 -0.4375
1532261102712324 -2.875 0.5 -0.75
1532261102758191 2.0625 0.6875 0.6875
1532261102801077 0.3125 0.375 0.625
1532261102891833 -0.125 -0.5625 -0.125
1532261102904799 -0.5625 -1.75 -2.3125
1532261102925742 -1.1875 -1.5625 -14.4375
1532261102966634 53.875 34.75 -35.0625
1532261102989573 61.3125 48 -43.5
1532261103031461 55.5 62.625 -58.125
1532261103085328 16.1875 78.0625 -65.25
1532261103155153 33.0625 -32 -134.313
1532261103183055 46.875 -49.0625 -132.063
1532261103205994 -48.5625 -58.125 -111.5
1532261103225940 -111.375 -43 -103.438
1532261103243893 -113.75 -28.625 -87.4375
1532261103310714 -22.4375 -30.375 -64.1875
1532261103357589 -26.875 -21.125 -52.375
1532261103370554 -37.6875 -14.4375 -43
1532261103425407 -3.5 -1.5 -26.1875
1532261103450340 6.125 20.375 -16.6875
1532261103465300 5.6875 30.0625 -11.8125
1532261103506211 13.1875 49.3125 -15.4375
1532261103566030 10.8125 72.3125 -17.3125
1532261103588974 3.1875 73.3125 -19
1532261103609913 5.5625 81.1875 -30.25
1532261103678730 19.8125 99.5 -33.1875
1532261103700670 161.875 -9.4375 -59.25
1532261103723609 89.4375 -69.25 10.5
1532261103736574 79.5625 24 -19
1532261103767492 44.1875 -20.75 22.1875
1532261103819353 43.875 16.0625 19.5625
1532261103956985 -18.6875 34.75 33.4375
1532261104038767 -47.75 43 98.6875
1532261104058714 -70.5 67.125 120.688
1532261104096612 -111.688 -101.813 35.875
1532261104120548 -106.688 -123.625 35.6875
1532261104166434 -91.1875 -124.813 30.3125
1532261104210316 23.125 -104.313 51.75
1532261104255203 32.6875 -74.8125 26.6875
1532261104278139 32 -66.5 29.5625
1532261104308046 58.1875 -65.6875 23.875
1532261104328991 26.375 -20.1875 32
1532261104350931 -4.9375 24.3125 17.8125
1532261104397807 61.75 36.875 4.625
1532261104443684 52.3125 -5.0625 6.9375
1532261104571384 -30.1875 9.1875 0.5625
1532261104608244 24 8.125 -4
1532261104631192 -12.6875 1.125 0.1875
1532261104750863 -1.125 1.8125 0.5625
1532261104790769 5.375 8.0625 4.375
1532261104848601 9.5625 9.0625 4.4375
1532261104870543 12.625 9.625 5.75
1532261104883507 6.375 5.625 3.375
1532261104908452 1.25 1.375 -0.125
1532261104952323 0.125 -0.75 -2.0625
1532261105006180 -1.5 -2.5 -3.625
1532261105087977 -3.0625 -3.375 -3.9375
1532261105126857 0.375 -2.3125 -4.75
1532261105141817 -5 1 0.875
1532261105186698 7 6.8125 2.1875
1532261105208644 2.125 4.0625 3.875
1532261105230585 -1.6875 1.625 3.9375
1532261105299396 -6.8125 -2.75 1.1875
1532261105350260 -2.875 -4.6875 -1.5625
1532261105390152 -3.375 -5.3125 -1.125
1532261105403118 -4.625 -6 -0.25
1532261105432041 -6.0625 -8 0.9375
1532261105528782 -4.3125 -6.5 2.8125
1532261105553715 -2.375 -5.25 3.75
1532261105598595 -1.0625 -0.75 5
1532261105622532 -1.25 -0.5 7.5625
1532261105644472 0.3125 -0.3125 8.1875
1532261105666415 2.4375 -0.75 8.625
1532261105687358 4.125 -2.9375 7.875
1532261105717290 3.625 -3.875 7.5
1532261105748196 0.25 -4.75 5.1875
1532261105786095 -2.5625 -4.4375 4.875
1532261105830974 -4.5 -2.875 3.75
1532261105875854 4.625 0.5625 2.6875
1532261105897795 5.6875 2.1875 3.125
1532261105920734 3.875 3.25 6.9375
1532261105942677 4.4375 4.25 8.0625
1532261105957636 8.1875 4.6875 8.25
1532261105980574 11.875 4.5 7.875
1532261106005511 13.1875 4.125 6.4375
1532261106070334 -1.5 4.1875 -5.625
1532261106177049 7.75 5 -11.5
1532261106196995 1.625 5.5625 -9.75
1532261106236889 -2.875 2.9375 -8.6875
1532261106293737 -2.125 -1.8125 -4.6875
1532261106310692 -5.8125 -2.8125 -3.6875
1532261106362568 -6.3125 -2.625 -2.375
1532261106385492 -3.375 -1.75 -1.625
1532261106431382 -1.6875 -1.375 0.125
1532261106453311 -4.4375 -0.8125 1.5
1532261106476249 -8.4375 1 3.5625
1532261106514147 -0.25 1.0625 4.4375
1532261106541075 -1.75 -1 7.0625
1532261106550066 0.3125 -1.8125 5.75
1532261106574984 3.875 -1.9375 3.125
1532261106615875 -0.125 -2.375 -0.5625
1532261106639811 -4 -1.5 -0.75
1532261106686700 2.1875 -0.1875 -2.375
1532261106731566 1.125 0.0625 0.0625
1532261106753507 -1.0625 0.375 0.8125
1532261106792403 -4.75 -1.5625 2.0625
1532261106835292 -3.5625 -2.9375 -1.1875
1532261106895129 -0.5 -1.9375 -2.375
1532261106939012 0.75 -0.75 -1.875
1532261106985885 2.875 1.5 1.125
1532261107029768 -1 2.3125 3.75
1532261107075646 -1.4375 -0.5625 1.125
1532261107112547 -2.8125 -2 -1.625
1532261107135486 -2.625 -1.1875 -2.4375
1532261107172388 2.875 -2.625 -2.5625
1532261107263144 1.6875 -0.375 -1.4375
1532261107309023 2.4375 1.4375 2.6875
1532261107343928 -2.5625 2 2.125
1532261107352904 -3.125 0.625 2.875
1532261107426706 6.625 4.125 -1.375
1532261107616200 1.25 0.8125 -2.125
1532261107659086 0.25 -2.8125 1.5
1532261107704963 -2.375 -3.375 3.6875
1532261107893458 -4.5625 -3 5.875
1532261107983218 -4.375 -4.3125 -0.5

1532261108097918 -3.5 -3.3125 -0.1875
1532261108118872 -5.3125 -3.9375 0.8125
1532261108329326 1.125 -5.8125 3.3125
1532261108498872 1.0625 4.125 -0.375
1532261108542755 -2.125 -1.75 0.875
1532261108628525 -5.375 2.0625 3.5
1532261108720280 -4.4375 0.5625 1.8125
1532261108745214 4.875 -2.3125 -11.0625
1532261108882845 -0.1875 3.25 -8.6875
1532261108937716 -4.1875 2 -11
1532261108971621 -5.625 7.5 -10
1532261108981581 0.1875 7.4375 -12.5
1532261109023470 9.5 8.875 2
1532261109117235 0.75 3.9375 2.8125
1532261109168083 -4.4375 -0.75 3.25
1532261109184040 1.75 -0.6875 4.9375
1532261109273800 -1.1875 -1.0625 10.625
1532261109308720 2.8125 -3.375 9.5625
1532261109348600 8.875 -5.75 4.875
1532261109390487 -3 -4.625 0
1532261109438367 -7.0625 -1.8125 -1.6875
1532261109488234 -3.1875 -0.0625 -1.0625
1532261109529124 4.0625 4.75 2.875
1532261109565027 5.5625 1.375 -1.9375
1532261109610905 -10.8125 0.1875 -5.4375
1532261109762499 0.875 1.5625 2.3125
1532261110060702 -5.0625 -2.4375 -7.875
1532261110105583 -3.125 -0.75 -1.875
1532261110125529 0.0625 -0.125 1.1875
1532261110398810 -4.6875 -3.25 1
1532261110411764 -1.8125 1 0.8125
1532261110546403 -4.5625 0.25 8.125
1532261110658105 -2.6875 -0.5625 7.8125
1532261110712958 -0.3125 -3.1875 0
1532261110782772 1.1875 -0.4375 4.125
1532261110818676 5 0.25 5.3125
1532261110869539 5.6875 2.125 4.5625
1532261110954313 7.8125 1.875 3.25
1532261110966281 2 0.125 -1.6875
1532261111100921 -4.5 -1.5 -5.375
1532261111193673 9.9375 -4.75 -18.3125
1532261111231572 -32.125 62.1875 -75.5625
1532261111253513 -40.625 71.8125 -77.875
1532261111329314 -46.125 72.1875 -84.1875
1532261111372200 87.5625 21.9375 -123.563
1532261111404110 79.8125 2.625 -122.5
1532261111461956 -80.75 3.75 -85.1875
1532261111490900 -49.5 -3.0625 -72.9375
1532261111528797 -20.1875 3.5625 -51.75
1532261111567694 -9.375 20 -42.5625
1532261111645486 14.8125 29 -28.4375
1532261111680392 18.4375 42.4375 -31.375
1532261111703331 14.0625 56.6875 -31.3125
1532261111772148 24.9375 101.125 -29.625
1532261111786110 16.9375 133.938 -5.5625
1532261111808068 201.063 -32.75 8.75
1532261111867891 -14.1875 -23.125 46.875
1532261111936708 27.875 25.625 47.625
1532261112024472 7.125 30.8125 65.75
1532261112071348 -18.125 39.375 92
1532261112131187 -53.9375 38.1875 131.563
1532261112192025 -107.125 -150.125 43.9375
1532261112280787 -97.0625 -134.813 62.75
1532261112340626 50.5 -70.0625 30.25
1532261112350600 43.375 4.3125 30.625
1532261112368552 46.75 38.25 5.75
1532261112643816 2.9375 13.5 -5.9375
1532261112678723 24.5 12.75 -4.0625
1532261112768483 0.25 2.3125 -5.0625
1532261112896142 7.4375 5.5625 -0.75
1532261112962963 10 7 0.5625
1532261112998867 0.6875 -2.9375 -4.25
1532261113097603 -7.75 -5.6875 -5.1875
1532261113173401 -11.6875 -6.125 -4.125
1532261113187363 -7.9375 -4.6875 -0.3125
1532261113216286 -7.3125 -2.125 4.3125
1532261113330979 -0.125 2.0625 6.5625
1532261113392814 -1.875 1.125 6.6875
1532261113436695 -9.5625 -8.3125 -2
1532261113450659 -7.125 -8.125 -3.5
1532261113501522 -7.6875 -6.625 -2.0625
1532261113533438 -8.4375 -6.4375 1.0625
1532261113577320 -7.3125 -7.5 4.5625
1532261113600258 -4.3125 -8.0625 5.5625
1532261113646148 -0.625 -7.875 6.6875
1532261113693011 1.5 -7.375 7.9375
1532261113786763 2.4375 1.875 14.25
1532261113898461 13.0625 3.0625 15.25
1532261114036093 0.75 -0.4375 -12
1532261114157767 -4.5625 -3.8125 -11.5
1532261114267474 -7.1875 -4 -8.875
1532261114284429 3.1875 2 3.75
1532261114312354 -3.375 2.5 6
1532261114350253 -4.125 0.5625 7.9375
1532261114372194 -3.25 -0.875 7.875
1532261114476915 -1.125 -3.125 1.625
1532261114499855 -1.9375 -2.75 0.375
1532261114546728 2.125 -1.375 -2.75
1532261114575650 -5.125 -1.4375 -1.6875
1532261114613550 -8.1875 -3.4375 -1
1532261114761154 5.6875 2.5 -0.5625
1532261114778109 4.9375 2.4375 0.9375
1532261114839943 -1.4375 2.125 3.9375
1532261115010487 -0.1875 0.6875 -2.1875
1532261115109223 2.0625 1.25 -0.9375
1532261115116205 -0.625 1.25 -0.1875
1532261115136151 -1.9375 0.375 0.4375
1532261115197986 0 0.125 2.25
1532261115288754 -3.0625 -2.5625 2.875
1532261115333623 -3.5 -3.5 2.9375
1532261115378503 1.125 -4.0625 2.625
1532261115475244 -0.875 -3.375 1.125
1532261115588942 -2 -3.625 -0.125
1532261115634818 -3.5625 -3.5 -1.125

1532261115656759 -3.9375 -3.375 -0.8125
1532261115668727 -3.8125 -3.625 -1
1532261115706628 -4.0625 -4.5625 -1.6875
1532261115754498 -4.3125 -3.375 -1.75
1532261115780463 -0.5625 -8.625 -1.25
1532261115866233 0.75 -11.3125 -2.875
1532261115889172 -4.25 -19.1875 -3.5625
1532261115946020 -17.125 -19.5 -14.5
1532261116005860 -20.125 -14.5 -15.625
1532261116051738 -20.5 -9 -11.875
1532261116096617 -22.125 -8.0625 -5.125
1532261116212319 17 20.1875 14.375
1532261116226270 39.25 17.4375 24.125
1532261116286111 3.8125 30 39.875
1532261116307056 2.9375 32.875 46.125
1532261116353929 -3.625 43.875 49.3125
1532261116443689 -14.625 48.75 52
1532261116779842 -12.125 85 42.6875
1532261116818734 -4.25 88.625 35.5
1532261116862607 1.375 16.4375 9.25
1532261116997258 10.1875 1.0625 13.125
1532261117023175 14.5625 -22.1875 18.5625
1532261117045116 5.875 -155.188 31.6875
1532261117059078 -11.25 -144.25 31.1875
1532261117063068 -10.75 -130 24.875
1532261117093985 -0.625 -129.188 17.5625
1532261117125906 -3.0625 -93.9375 30.6875
1532261117337334 4.8125 -58.3125 27.875
1532261117604620 -26.375 -1.625 -11.1875
1532261117680417 6.75 34.875 -43.125
1532261117808076 15.3125 27.125 -51.0625
1532261117833008 13.6875 18.6875 -48.5625
1532261117891852 -13.6875 -43 -19.75
1532261117897835 -23.75 -46.4375 -15.5625
1532261117928753 7.1875 5.25 1.6875
1532261117973632 48 6.4375 -3.3125
1532261117995574 47.625 1.375 -8.1875
1532261118110268 -25.0625 -3.875 9.5
1532261118131212 -21.875 0.875 10.125
1532261118154150 3.375 0.875 -2
1532261118183072 -4.6875 1.375 -2.1875
1532261118205015 1.5625 1.5625 -3.3125
1532261118227953 5.3125 1.3125 -4.6875
1532261118249894 2.9375 1.3125 -4.4375
1532261118347633 -2.125 2.6875 -11.1875
1532261118408470 3.375 5.5625 -27.25
1532261118445372 1.75 22.125 -27.6875
1532261118469308 2.4375 34 -32.6875
1532261118484282 -11.1875 37.4375 -39.0625
1532261118506219 10.4375 31.125 -27.8125
1532261118528150 30 28.875 -19.625
1532261118550103 24.5 26.75 -17.25
1532261118723628 4.25 31.25 -11.75
1532261118745569 -8.0625 -20.25 11.9375
1532261118766513 8.5625 -26.8125 11.4375
1532261118805409 2.75 -39.375 16.6875
1532261118834336 -9.4375 -42.125 27.1875
1532261118874225 -16.6875 -42.875 34.3125
1532261118961990 -18.6875 -39.4375 32.9375
1532261119001886 -2.125 -21.125 24.5
1532261119038785 -11.5 10.875 13.375
1532261119065713 4.625 -7.6875 2.1875
1532261119126550 -4.875 -7.1875 0
1532261119279142 -13.4375 -4.875 -0.6875
1532261119291111 -14.625 -3.375 -4.6875
1532261119388854 2.375 -12 9.875
1532261119495563 1.75 -10.875 8.3125
1532261119557398 -4.8125 0.6875 3.5
1532261119576346 -3.4375 1 2.4375
1532261119601281 0.4375 0.9375 1.6875
1532261119644166 2 1.0625 2.375
1532261119795760 2.8125 0.875 2.3125
1532261119834657 3.375 0.4375 1.1875
1532261119857595 1.6875 2.0625 -3.1875
1532261119870561 2.4375 1.875 -3.3125
1532261119892502 0.6875 1 -1.8125
1532261119945372 -0.375 0.625 -2
1532261119968299 -1.9375 -0.75 -1.6875
1532261120051078 -1.75 -1.8125 -1.0625
1532261120133856 -1.25 -2.4375 -0.4375
1532261120433056 -1.9375 -1.4375 1.1875
1532261120663440 -0.4375 1.75 -0.1875
1532261120694357 -0.3125 0.9375 -0.6875
1532261120733253 -2.0625 0 0.8125
1532261120799077 -0.875 -0.4375 0.6875
1532261120955668 -1.25 -0.375 0.6875
1532261120980592 -1.3125 -0.25 0.875
1532261121002533 -0.8125 0.9375 0.1875
1532261121137173 0.3125 0.625 -0.4375
1532261121245882 63.5625 40.6875 -84.1875
1532261121496213 72.4375 60.125 -112.25
1532261121513168 75.625 85.0625 -130.688
1532261121558048 -50.25 -60.4375 -56.25
1532261121716624 10.4375 27.875 -23.0625
1532261121763498 -9.875 56.25 -24.25
1532261121858245 -249.813 -133.813 108.875
1532261122016820 5.625 12.3125 40.125
1532261122060703 -53.0625 16.4375 80.125
1532261122083642 -60 18.875 95.4375
1532261122293083 -73.875 53.5 77.625
1532261122328986 79.8125 -66.625 23.625
1532261122337962 113.313 -58.75 26.875
1532261122380861 41.625 -49 48.3125
1532261122440688 1.6875 -45.25 44.8125
1532261122608240 -65 -7.8125 -66.375
1532261122720938 42.3125 -16.625 -11.6875
1532261122758836 28.6875 -8.4375 -7.9375
1532261122887493 5.375 0.1875 -7.25
1532261122915418 -0.625 2.3125 -0.875
1532261122937360 0.1875 1.875 -0.25
1532261122975259 0.75 1.5625 0.75
1532261123012159 -2.5625 1.4375 2.125
1532261123101919 -2.6875 0.125 0.375
1532261123125856 -5 -1.875 -0.3125
1532261123148794 -9.3125 -4.625 -0.5625
1532261123162758 -17.5 -6.0625 0.0625
1532261123200655 -27.25 1.1875 7.4375
1532261123224591 -22.8125 2.1875 4.9375
1532261123381173 4.75 -0.6875 3.3125
1532261123424057 11.625 -1.1875 1.875
1532261123442010 0.3125 -3.125 -6.6875
1532261123463951 -7.4375 -0.6875 2.75
1532261123485900 -10.375 -3.3125 2.9375
1532261123517807 -14.6875 -5.25 4.8125
1532261123538752 -18.0625 -5.875 4.25
1532261123719269 -19.9375 -4.0625 2.25
1532261123741210 -10.125 -4.8125 4.8125
1532261123817007 -10.375 -3.5 4
1532261123935689 -6.4375 -2.75 6.6875
1532261123982565 2.5 1.5 5.1875
1532261124041407 11.125 -1.6875 0.625
1532261124100250 14.125 -2.75 -1.9375
1532261124146127 22.125 -1.5625 -8
1532261124189012 21.625 -1.25 -10.1875
1532261124273786 21.875 -0.3125 -10.5
1532261124295742 7.875 -0.1875 -10.125
1532261124377509 2.5 3.625 -3.625
1532261124445327 4.9375 3.125 -0.3125
1532261124513146 3.4375 0 -1.4375
1532261124538079 4.125 -0.0625 -1.9375
1532261124550047 2.6875 -0.3125 -2.3125
1532261124570991 2.1875 0.4375 -1.875
1532261124640804 -3.6875 0.9375 4.875
1532261124677706 -0.3125 0.8125 4.75
1532261124829300 0.375 0.25 5.0625
1532261124864207 -7.4375 -2.125 -4
1532261124910084 -11.625 -2.125 -4
1532261124928036 -14.0625 -1.1875 -0.6875
1532261125106572 -9.0625 -0.5625 3.3125
1532261125111545 -6.3125 -0.875 4
1532261125160415 0.9375 -0.375 -2.0625
1532261125181359 3.8125 1.625 -4.9375
1532261125299043 7.625 0.875 -6
1532261125328979 6.3125 -0.0625 -3.5625
1532261125368869 -3.4375 -0.625 3.1875
1532261125405759 -5.1875 -2.1875 -2.25
1532261125420719 -5.1875 -2 -3.375
1532261125465598 -3.5 -1.75 -1.875
1532261125510478 -0.8125 -1.625 2.6875
1532261125534415 0.25 -1.6875 4.5625
1532261125623177 -1.375 -1.1875 5.9375
1532261125646116 -0.625 -1.5 7.5625
1532261125661076 -12.5625 -2.5625 3.375
1532261125690996 -10.6875 -2.4375 3.375
1532261125743866 -6.5 -2.25 2.1875
1532261125788735 -2.0625 -1.0625 -0.375
1532261125810677 0.5625 -0.375 -1.4375

1532261125908415 4.1875 0.4375 -2.25
1532261125923375 5.875 0.125 -2.6875
1532261125945316 -2.5 -0.1875 -4.6875
1532261126013135 -2.75 -1.375 -2.9375
1532261126110873 -6.25 -1.9375 2.25
1532261126133811 -7.75 -1.5625 0.75
1532261126177694 -2 -1 0.375
1532261126201630 1.1875 -0.875 1.375
1532261126213598 3.5 -0.625 2.8125
1532261126245513 4.25 -1.1875 3.9375
1532261126273438 2.875 -1.4375 3.8125
1532261126290394 0 -1.375 4.0625
1532261126326297 -3.625 -0.6875 2
1532261126381150 -5.875 -1.9375 -1.5625
1532261126412068 -7.125 -2.4375 -2.875
1532261126454953 -6.375 -2.75 -4.5625
1532261126479886 -7.375 -3.25 -5.875
1532261126499833 -6.1875 1.375 -3.5
1532261126590591 6.8125 -0.125 3.625
1532261126626495 7.125 -0.0625 6.3125
1532261126687331 2.1875 -1.625 2.6875
1532261126756148 2.75 -0.625 2.75
1532261126771107 5.0625 1 3.5625
1532261126793051 7.625 3.4375 2.4375
1532261126852889 14.625 2.25 -1.9375
1532261126920708 11.4375 0.75 -4.3125
1532261127010468 6.1875 1.0625 -2.8125
1532261127032422 5.625 0.75 -3.75
1532261127053352 5.3125 0.375 -4.8125
1532261127085267 4.4375 0 -5.125
1532261127145107 2.625 0.75 -2.75
1532261127176025 1.875 0.875 -1.875
1532261127218910 0.25 1.125 0.75
1532261127265785 -0.1875 0.375 3.1875
1532261127310665 4.25 0.3125 4.125
1532261127325625 4.6875 0.25 3.6875
1532261127368510 6.3125 0.4375 1.125
1532261127392446 5.25 0.4375 -0.25
1532261127476222 -2.9375 -0.25 -1
1532261127503149 -3.6875 -0.6875 -0.75
1532261127523096 -3.75 -0.75 0.0625
1532261127565981 -2.75 -0.5 0.6875
1532261127608867 0.9375 -0.125 1.6875
1532261127647764 0.3125 -0.125 0.8125
1532261127685662 -1.4375 -0.125 -2.125
1532261127848227 -7.625 -1.75 -2.8125
1532261127876152 -1.5625 -1.375 2.375
1532261127925022 2.3125 -0.1875 1.8125
1532261127947961 0.25 0.1875 0.9375
1532261128159395 -1.5 -0.8125 0.0625
1532261128165379 -1 -0.1875 0.625
1532261128239182 -2.4375 -1.25 -1.3125
1532261128398755 -0.125 -0.4375 -0.0625
1532261128608195 5.375 1.3125 1.3125
1532261128698969 4.4375 -0.3125 1.5625
1532261128976211 -1.5625 -0.8125 -0.25
1532261129163709 -67.375 38.625 -28.4375
1532261129210584 -3.375 36.5 -53.4375
1532261129231534 6 52.875 -50.0625
1532261129255464 14.5625 79.125 -68.3125
1532261129267432 4.6875 87.4375 -75.6875
1532261129289374 -15.125 84.8125 -90.625
1532261129313323 -14.8125 68.9375 -101.875
1532261129335251 -0.6875 52.6875 -99.25
1532261129381128 25 25.9375 -84.0625
1532261129396088 45.75 2 -64.1875
1532261129475875 8.125 -58.3125 -86.625
1532261129546685 -77.25 -30 -45.625
1532261129567630 -21.1875 -33.1875 -48.0625
1532261129657406 -5.5625 0.75 -20.25
1532261129755128 11.125 27.0625 -19.625
1532261129822946 9.9375 40.25 -21
1532261129830925 -4.625 69.6875 -21.9375
1532261129883795 11.125 101.25 -17.6875
1532261129935645 -182.563 -216.875 166.625
1532261129960579 130.438 14.1875 4.25
1532261130017427 -12.5625 -15.5 6.0625
1532261130040366 34.1875 3.875 6.125
1532261130062307 9.625 11.9375 8.75
1532261130085246 14.6875 15.5625 3.75
1532261130115165 -13.6875 20.1875 18.5
1532261130146083 -23.125 20.6875 31.1875
1532261130164034 -34.6875 20.5625 43.625
1532261130168024 -43.4375 15.875 53.5625
1532261130205939 -57.5 0.6875 79.125
1532261130227864 -60.0625 -0.125 82.25
1532261130273742 -86.3125 -0.75 100.625
1532261130348540 -103.563 -6.625 85.75
1532261130365496 -116.875 -95.1875 11.375
1532261130384444 -60.875 -137.25 -12.6875
1532261130398408 -33 -125.125 8.6875
1532261130420349 -15.25 -90.375 43.5
1532261130444285 -38.75 -63.4375 57.625
1532261130458248 -45 -51.5625 34.875
1532261130480188 4.9375 -49.125 22.5625
1532261130528065 53.375 -26.0625 44.875
1532261130552995 50.125 -23.875 54.5
1532261130594883 52.1875 -19.6875 56.125
1532261130616824 60.0625 -14.9375 58.875
1532261130639763 49.6875 -11 61.0625
1532261130683645 43.5 -7.125 37.5
1532261130792361 30.5 -11.5 11.875
1532261130805340 153.188 -10.75 37.3125
1532261130828268 80.75 -22.625 -3.9375
1532261130851197 54 -11.125 -17.625
1532261130902061 -2.5625 -5.5625 -5.8125
1532261130919033 -12.125 -6.1875 -5.125
1532261130924002 -28.3125 0.1875 6.8125
1532261130960904 -26.4375 -10.875 4.25
1532261130991821 32.25 -4.75 -4.375
1532261131043682 7.125 0.1875 1.1875
1532261131059640 9.4375 2.125 -2.9375
1532261131107512 9.0625 3.625 -3.3125
1532261131127458 6.875 3.75 1.5
1532261131174333 9.1875 3.1875 2.25
1532261131211235 13 2.8125 1.6875
1532261131231181 3.8125 -2.875 -4
1532261131261101 -6.0625 -3.1875 -4.75
1532261131313959 -9.25 -3 -3.5
1532261131430647 -12 -3.375 -2.8125
1532261131472535 -19.3125 -4.375 -1.875
1532261131497468 0 -0.1875 1.1875
1532261131594210 14.5625 -0.9375 -0.3125
1532261131621138 8.4375 -1.5 -1.4375
1532261131764754 -14.375 -1.8125 3.25
1532261131800659 -4.125 -2.1875 -1.625
1532261131830590 -3.375 -2.375 -1
1532261131864487 -6.75 -3 -0.5625
1532261131900392 -8.8125 -3.3125 -0.25
1532261131985165 -11.75 -3.5625 -0.75
1532261132026055 -14.6875 -4 -0.75
1532261132045005 6.875 -1.3125 6.1875
1532261132062957 3.8125 -2.5 11.9375
1532261132080924 10.5625 0.4375 6
1532261132118808 21 0.6875 1.5625
1532261132167677 12.25 -1.9375 -0.375
1532261132216562 10.5625 -0.5625 2.8125
1532261132240482 10.8125 0.3125 4
1532261132261426 20.75 3.0625 2.0625
1532261132306306 32.3125 4.4375 -0.3125
1532261132363160 32.125 4.25 -6
1532261132479846 4.4375 3.875 -7.875
1532261132540680 0.0625 2.3125 -0.9375
1532261132565612 5 -0.0625 -2.1875
1532261132603511 5.375 -1.4375 -3.125
1532261132620465 5.625 -0.6875 -3.75
1532261132642406 6.1875 0.625 -4
1532261132680306 5 1.375 -0.875
1532261132703245 3.1875 1.5 1.375
1532261132792007 0.0625 1.5625 3.9375
1532261132815943 -2.875 0.5 5.5
1532261132861821 -6.875 -1.625 2.125
1532261132867804 -2.375 -0.875 1.1875
1532261132926647 5.6875 -1.25 0.25
1532261132942605 2.375 -1.375 0.1875
1532261132979505 -0.8125 -0.9375 0
1532261133002444 -5.5625 -0.5 -0.8125
1532261133025383 -7.125 -0.9375 -0.5
1532261133077245 -9.25 -1.5 0.0625
1532261133101180 -8.9375 -1.0625 0.3125
1532261133117138 -5.5625 -0.4375 -0.75
1532261133138088 -1.0625 -1.25 -0.8125
1532261133160038 3.4375 -0.4375 -1.25
1532261133204903 3.4375 -1.25 -0.375
1532261133348519 -2.5625 0.0625 0.5
1532261133372455 -2.75 -0.1875 1.5
1532261133393399 -1.5625 -0.25 2.5
1532261133430300 1.875 -0.6875 -1.25
1532261133483159 5.875 0.375 0.0625
1532261133511085 5.375 -0.125 0.125
1532261133678636 0.3125 -1.3125 -0.0625
1532261133738488 3.875 1 0.625
1532261133945933 9.75 0.4375 -1.4375
1532261134010747 -9.75 -2.4375 4.75
1532261134028700 -10.1875 -2.75 4.4375
1532261134090535 -15.4375 -3.1875 1.6875
1532261134181300 -15.0625 -3.125 0.375
1532261134209217 -13.9375 -3.125 1.0625
1532261134265068 -1.875 -1.625 0.6875

1532261134540332 -0.8125 -0.4375 -1.125
1532261134554295 8.5625 1.5625 1.5625
1532261134585224 7.5625 1.125 -0.9375
1532261134763734 2.6875 0.875 -5.1875
1532261134855495 4.375 0 -0.6875
1532261135066925 -1.4375 -0.6875 -1.8125
1532261135110806 -3.5625 -0.625 1.1875
1532261135163665 0 0 0.4375
1532261135273371 0.375 -0.5 -0.5
1532261135358144 0.5 -0.4375 -1
1532261135395054 -0.75 -0.5 -0.1875
1532261135454886 0 -0.4375 -0.125
1532261135550630 0.625 -0.1875 0.0625
1532261135651376 0.8125 -0.3125 -0.25
1532261135664326 0 -0.125 0.1875
1532261135687264 -0.0625 -0.25 0.25
1532261135710203 0.125 -0.1875 0.125
1532261135731147 0.625 -0.1875 0
1532261135778022 1.375 -0.125 -0.1875
1532261135821905 1.25 -0.125 0.125
1532261135846839 -0.4375 -0.3125 1.125
1532261135898699 -2.625 -0.5 1.375
1532261135919644 -3.5625 -0.9375 1
1532261135950560 0.375 0 2.25
1532261135971505 -0.25 -0.125 1.9375
1532261136010401 -2.1875 -0.5625 1.6875
1532261136123099 -6.375 -0.625 2.5
1532261136204881 -5.5 -1 -2.25
1532261136288657 -7.3125 -1.875 -1.625
1532261136293649 -9.25 -2.125 -1.375
1532261136446246 -12.3125 -2.625 -0.125
1532261136471169 -8.6875 -2.1875 1.875
1532261136484134 -9.3125 -2.6875 2.375
1532261136527020 -10.5 -2.375 4
1532261136579878 -9.3125 -2.5 4.6875
1532261136761392 -7.9375 -2.375 3.75
1532261136776352 -7.1875 -2.3125 2.4375
1532261136843174 -0.0625 -0.5625 -0.1875
1532261136956870 0.0625 -0.375 -1.875
1532261137000753 0.25 -0.25 -2
1532261137039648 3.3125 0.375 -0.4375
1532261137060593 4.1875 0.625 -0.875
1532261137323897 5.0625 0.8125 -1.875
1532261137348830 0.6875 -0.3125 1.375
1532261137443568 -1.25 -0.75 0.5625
1532261137533329 -17.75 1.8125 -4.5
1532261137556267 -48.375 13.0625 -10.125
1532261137595173 -41.3125 66.0625 -84.5
1532261137659990 -12.6875 102.125 -115.625
1532261137742783 24.5 94.3125 -83.3125
1532261137864444 33 -8.6875 -72.1875
1532261137885387 91.375 -57.9375 -83.875
1532261137905333 -80.0625 -31.3125 -49.375
1532261137955201 -104.75 -11.375 -15.25
1532261137976144 -74.25 -16.9375 0.3125
1532261138111782 19.875 -1.5 -5.625
1532261138133722 21.3125 11.5 -14
1532261138148683 12.9375 28.9375 -9.25
1532261138168646 15.6875 47.5 -7.4375
1532261138198549 37 69.5625 -1.375
1532261138253402 45 87.625 0.5
1532261138274347 45.3125 103.688 -1.125
1532261138297286 51.25 141.375 -3.5625
1532261138368096 88.625 -98.4375 38.4375
1532261138389040 105.125 -13.1875 -36.5625
1532261138425942 -29 -19.4375 20
1532261138463840 20.875 -0.375 16.3125
1532261138484784 27.625 12.3125 16.8125
1532261138533653 -27.9375 20.9375 34
1532261138556593 -32.4375 24.9375 41.5625
1532261138598480 -41.0625 28.5625 57.3125
1532261138621423 -46.5 31.5625 63.6875
1532261138666299 -93 65.6875 101.625
1532261138748080 -124.938 1.375 38.1875
1532261138764037 -96.75 -112.938 2.625
1532261138807930 -99.6875 -148.688 11.625
1532261138942560 -96.5 -150.25 31.625
1532261138981472 -39.625 -106.563 53.4375
1532261139023344 26.4375 -52.25 7.8125
1532261139060245 46.0625 -19.5 20.0625
1532261139093157 19.4375 1.5 32.6875
1532261139175935 61.75 24.9375 27.3125
1532261139258715 4.0625 -1.0625 8.1875
1532261139277664 -29.625 -0.25 -0.75
1532261139430255 -15.875 -2.5625 -3.75
1532261139535973 7.125 3.875 0.5
1532261139543951 -2.25 4.125 -0.1875
1532261139603791 6.9375 -0.9375 1.1875
1532261139631717 6 -1.1875 1
1532261139686570 -4.5625 -0.75 1.9375
1532261139708512 -8.125 -3.0625 1.875
1532261139755387 -15.75 -4.0625 2.0625
1532261139776330 -22.8125 -3.5625 1.8125
1532261139798276 -26 -3.5 0.5625
1532261139822208 -11.125 -0.4375 -0.5
1532261139867088 -1.125 -0.3125 -0.4375
1532261139916954 11.125 -1 -2.625
1532261140031648 2.8125 -1.25 -4.875
1532261140076530 -3.625 -1 -3.0625
1532261140092485 -10.4375 -2.3125 1.8125
1532261140143349 -10.375 -3.3125 0.375
1532261140175264 -16.1875 -4.1875 0.5625
1532261140209173 -17.5 -3.75 0.6875
1532261140285968 -16.3125 -2.8125 2.25
1532261140307908 -10.125 -0.6875 5.3125
1532261140353795 -2.375 -0.1875 3.0625
1532261140367748 -10.8125 -3.4375 10.125
1532261140420608 -5.5 -1.1875 8
1532261140442549 1.25 -1.3125 7.625
1532261140541284 14.5625 -0.5 8.875
1532261140586165 9.3125 0.625 5.75
1532261140631045 8.75 1.1875 3.625
1532261140650992 24.0625 2.5 -3.5
1532261140750725 32 6.25 -10.8125
1532261140796602 24.6875 3.75 -9.8125
1532261140863423 3.5 2.125 -10.8125
1532261140885365 2.875 1.8125 -10.0625
1532261141025989 5.25 0.3125 -1.4375
1532261141049924 3.125 -0.375 -1.4375
1532261141140682 1.1875 -0.5625 -1.5
1532261141185562 -5.6875 -0.4375 3.125
1532261141252383 3.375 -0.75 2.375
1532261141284314 8.1875 -0.8125 -0.3125
1532261141328188 4.5 -1.4375 -1.5625
1532261141373068 -0.5 -0.5 -0.375
1532261141417948 -9.6875 -2.125 -0.9375
1532261141442880 -14.6875 -2.5625 -0.9375
1532261141462828 -12.75 -1.0625 -2.75
1532261141522667 -1.75 -0.8125 1.9375
1532261141596469 9.5625 -0.375 0.5625
1532261141674262 4.25 -0.1875 2.1875
1532261141754048 -12.4375 -1.75 0.9375
1532261141805920 -0.0625 -0.5625 -2.625
1532261141851787 1.125 -1.5625 -1.1875
1532261141950523 0.875 -0.5625 0.9375
1532261141972484 -2.5 -1.125 3.0625
1532261141995403 -6.0625 -1.1875 3
1532261142055244 -1.0625 -0.0625 -1.6875
1532261142108115 0.25 -0.875 1.1875
1532261142273660 1.875 -0.75 -1.8125
1532261142392341 -7.125 -2.125 2.8125
1532261142588834 -7.25 -1.4375 4.125
1532261142617742 -16.25 -3.9375 4.6875
1532261142653643 -7.0625 -3.875 2.125

1532261142866075 -3.4375 -2.1875 1.1875
1532261142910955 -9.75 -1.0625 -1.8125
1532261142933894 -4.75 -0.875 -3.4375
1532261143106432 -2 -0.5 -2.25
1532261143128374 1.625 0 -1.8125
1532261143173259 3.5625 1 -5.25
1532261143195195 0.875 0.75 -5.6875
1532261143338820 4.5625 1.75 -1.8125
1532261143366745 10.3125 1.875 -1.875
1532261143406638 13 1.375 -0.1875
1532261143429576 5.75 1.1875 -3.1875
1532261143502381 1.4375 0.125 -2.625
1532261143526318 -0.5 0.0625 -1.875
1532261143617075 -2.625 -0.3125 -0.1875
1532261143638019 -1.875 -0.3125 0.3125
1532261143660958 0.875 0 1.1875
1532261143697859 3.8125 -0.3125 1.25
1532261143718803 2.6875 -0.625 0.75
1532261143750717 0.5625 -1 -1.1875
1532261143795597 -2.1875 -0.375 -1.8125
1532261143849454 -4.25 -0.375 -1
1532261143870398 -4.75 -0.375 -0.5625
1532261143938250 -1.8125 -0.625 -0.875
1532261143963184 3.375 0.3125 0.5
1532261144005072 2.9375 -0.3125 -0.375
1532261144035006 0.6875 -0.25 -0.1875
1532261144078874 1.375 -0.3125 0
1532261144126746 1 -0.3125 0.25
1532261144147689 0.6875 -0.1875 0.1875
1532261144194572 0.8125 -0.125 -0.125
1532261144236452 0.9375 -0.1875 -0.1875
1532261144273354 0 -0.1875 -0.125
1532261144298297 0.375 -0.625 -0.0625
1532261144334192 0.4375 -0.375 -0.375
1532261144493769 -0.25 -0.375 -0.375
1532261144536650 -0.3125 0 -0.6875
1532261144552613 -1.75 -0.5 0.4375
1532261144590506 -1.125 -0.5 -0.3125
1532261144659322 -1.125 -0.25 1.4375
1532261144702218 0.3125 -0.4375 1.125
1532261144726144 0.5 -0.625 -0.75
1532261144773018 -0.1875 -0.5 -1.4375
1532261144792974 -2.0625 -0.4375 -1.5
1532261144805929 -2.125 -0.3125 -0.9375
1532261144883722 -0.875 -0.1875 0.1875
1532261145027338 -2.5625 -0.8125 -0.375
1532261145049279 -2.0625 -0.6875 0.875
1532261145094159 -1.5625 -0.6875 2.6875
1532261145158986 -1.9375 -0.0625 4.25
1532261145235781 -2.1875 -0.3125 4.6875
1532261145363439 -3.9375 -1.1875 0.625
1532261145386377 -12.6875 -2.75 -4
1532261145536981 -8.5625 -1.9375 1.0625
1532261145603796 -9.375 -1.25 -0.5
1532261145639700 0.75 -0.0625 2.5625
1532261145663636 3.5 0.0625 1.9375
1532261145705533 3.0625 0 0.875
1532261145843156 1.625 -0.125 0.25
1532261145888036 1.5625 -0.1875 0.9375
1532261145920948 -2.875 -0.125 -0.8125
1532261145985775 1.9375 -0.125 0.625
1532261146031652 2.0625 0.25 1.1875
1532261146196212 1.4375 0.25 0.875
1532261146203193 0.5 0 0.5
1532261146239098 -0.0625 -0.375 0.5
1532261146276996 -0.8125 0 0.25
1532261146315891 -1.25 0.0625 -0.1875
1532261146368751 -2.1875 -0.5 -0.875
1532261146459508 -20.4375 4 0.3125
1532261146479454 -0.875 81.4375 -56.5
1532261146577193 2.1875 76.75 -72.75
1532261146691887 12.3125 33.125 -68.6875
1532261146712830 10.3125 7.6875 -51.6875
1532261146736766 -63.125 -65.125 -46.4375
1532261146787643 -66.25 -33.625 -43.5625
1532261146860436 30 -6 -39.5625
1532261146924265 -3.375 -5.5 -19.75
1532261146970143 -4.875 1.375 -29.4375
1532261147012031 -8.625 12.3125 -22.125
1532261147072868 4.5625 25.5625 -25.1875
1532261147237427 -7.75 64.0625 -40
1532261147267347 -5.5625 70.375 -41.75
1532261147284303 -3.9375 80.4375 -38.5625
1532261147364099 -7.3125 -43.75 31.5625
1532261147408969 0.5 -35.3125 -3.8125
1532261147430910 7.625 -20.5 15.4375
1532261147478782 36 10.25 -4.4375
1532261147483769 21.25 18.3125 8.8125
1532261147530644 3.4375 26.1875 15.5625
1532261147599460 -6.75 17.5 14.875
1532261147621401 -10.8125 15.8125 20.625
1532261147642345 -35.9375 15.5625 55.6875
1532261147688222 -66 45.3125 112.625
1532261147792942 -76.1875 64.0625 95
1532261147822867 -85 28.375 70
1532261147845801 -99.9375 -37.3125 43.3125
1532261147896665 -29.25 -121 43.125
1532261147942541 62.625 -108.938 -0.625
1532261148033299 22.875 -82.375 13.375
1532261148101118 70.4375 -54.625 16.625
1532261148126068 51.5 -22.5 28.5
1532261148144003 62.625 -8.875 35.1875
1532261148425252 -103.938 -16.625 20.5625
1532261148444201 23.1875 4.5 -4.4375
1532261148498057 5.25 4.1875 -3.875
1532261148608761 5 6.125 -4.5
1532261148695529 9.5 7.125 -4.125
1532261148713481 -11.75 -5.6875 4.75
1532261148740408 -18.125 -6.3125 6.1875
1532261148806232 -28.125 -11.4375 6.625
1532261148938878 -17.3125 -1.625 10.625
1532261148994737 -2.125 -3.875 -1.5
1532261149021657 -26.1875 -4.8125 0.25
1532261149129369 -11.75 -2.5625 1.875
1532261149211166 -14.25 -9.625 2.8125
1532261149256029 -8.125 -0.1875 -1.1875
1532261149277971 -3.6875 0.125 1.625
1532261149298915 3.125 2 8.625
1532261149337811 18.3125 2.3125 8.5
1532261149427571 16.625 1.4375 5.25
1532261149465470 9.625 0.625 1.375
1532261149510349 -3.875 1 -2.5
1532261149539273 4.875 0.8125 3.1875
1532261149584152 6.8125 0.6875 3.4375
1532261149630030 5.5625 0.8125 3.125
1532261149788606 35.875 4.9375 -3.1875
1532261149825507 13.375 1.875 -6.8125
1532261149954163 2.3125 0.75 -5.3125
1532261150042932 -1.6875 1.125 -3.5625
1532261150066862 -6.0625 2.625 -1.0625
1532261150078830 -2.9375 4.125 2.4375
1532261150110760 10.125 -0.625 -3.8125
1532261150132685 0.625 -1.3125 0.8125
1532261150170584 -11.5 -2.0625 -0.3125
1532261150273310 -18.375 -4.1875 2.125
1532261150345117 -23.3125 -4.3125 4.25
1532261150394984 5.75 -1.25 1.375
1532261150411939 -1.1875 -1.9375 1.3125
1532261150486738 -18.125 -3.25 -0.3125
1532261150551566 -19 -2.5625 0.125
1532261150636339 8.3125 0 -1.125
1532261150658280 7 -0.375 -1.375
1532261150689211 -1.0625 -1.625 1.1875
1532261150710141 -6.625 -1.5 2.9375
1532261150733080 -10.25 -1.625 3.3125
1532261150786935 -8.625 -1.75 0.9375
1532261150808878 -4.5625 -0.6875 -0.8125
1532261150830819 0.1875 -0.1875 0
1532261150899639 6.125 2.25 0.1875
1532261150913597 10.875 -3.5625 2.875
1532261150918584 5.625 -1.5 -0.625
1532261150950499 -3.3125 -0.8125 -0.5
1532261150988397 -3 -3.75 -0.375
1532261151017319 -7.3125 -1.25 -1.875
1532261151114068 -6.5 -2.125 -2.9375
1532261151154952 -2 -0.9375 -4.1875
1532261151192850 13.75 3.3125 1.125
1532261151221773 -1.375 -1.3125 -0.875
1532261151257693 -10.1875 -2.125 0
1532261151454152 -7.375 -1.4375 1.625
1532261151534935 -15.6875 -4.5625 3.875
1532261151617714 -19.4375 -4.9375 3
1532261151730413 -9 -2.9375 1.25
1532261151755347 -2.8125 -1.8125 0.8125
1532261151798232 3.625 0.4375 0.8125

1532261151915917 2.4375 0.125 0
1532261151985730 1.3125 -0.375 -0.5
1532261152043575 4.75 -0.4375 -0.3125
1532261152058536 1 -0.625 -1.8125
1532261152088455 -1.9375 -0.8125 -3.6875
1532261152128349 -6.5 -0.75 -5.0625
1532261152174226 -7.875 -0.9375 -3.125
1532261152218109 -8.8125 0.375 -0.8125
1532261152264984 10.9375 0.125 -1.1875
1532261152436525 -4.5 -1.3125 -2.4375
1532261152473427 -5.1875 -0.75 -2.4375
1532261152495367 -3.625 -0.3125 -2.5625
1532261152578146 0.375 -0.6875 -0.1875
1532261152586125 2 0.125 1.25
1532261152636989 3.75 0.9375 2.0625
1532261152775617 -0.625 0.625 -0.25
1532261152796573 0.8125 0.5 -0.875
1532261152819517 4.4375 0.625 -0.6875
1532261152856402 5.8125 0.375 2.1875
1532261152909261 2.1875 -2.375 -0.125
1532261152916242 0.5 -2 -1.625
1532261152984061 -3.875 0.1875 -0.375
1532261153027944 -2.5625 0.8125 -0.125
1532261153050881 -0.3125 1.5625 0
1532261153097757 2.75 1.8125 1.125
1532261153118701 5.0625 2.125 2.5625
1532261153160588 -4.375 -3.3125 -3.125
1532261153216443 -9.9375 -0.75 -0.9375
1532261153329139 5.4375 2.625 2
1532261153396957 2.6875 -1.0625 2.4375
1532261153409922 -2 -4.25 -3.0625
1532261153470765 -1.125 0.9375 -1.4375
1532261153544562 10.75 3.1875 2.625
1532261153568498 10.375 1.1875 2.875
1532261153651286 7.6875 -1.25 2
1532261153673218 2.8125 -2.875 1.3125
1532261153689175 -11.25 -2.5625 2.375
1532261153725079 -14.1875 -2.8125 0.8125
1532261153746023 -15.0625 -2.6875 0.125
1532261153929533 -7.125 -2.4375 -1.125
1532261153949479 -3.125 -2.1875 -0.75
1532261153968428 2.25 -0.1875 1.3125
1532261153996354 -9.125 -1 1.6875
1532261154047218 -9.1875 -1.25 0.375
1532261154184850 0.125 -0.5 0.4375
1532261154207788 0.4375 -0.125 0
1532261154233719 2.6875 0.25 -1.0625
1532261154266630 5.25 0.5 -0.75
1532261154318492 4.75 0.4375 -0.25
1532261154483052 -1.75 -0.1875 0.4375
1532261154520950 -0.6875 0.1875 2.125
1532261154549873 -9.0625 -0.0625 1.8125
1532261154579793 -94.75 17.1875 -12.0625
1532261154647611 -12.9375 35.875 -60.75
1532261154693490 -6.5625 57.1875 -65.25
1532261154761318 -17 69.4375 -88.75
1532261154843090 34.875 18.8125 -80.875
1532261154858052 76.375 -19.3125 -93.25
1532261154947811 -47.125 -83.4375 -34.6875
1532261155031590 35.25 -37 -16.9375
1532261155060508 30.5625 -7.75 1.4375
1532261155081452 -3.375 -3.75 7.5625
1532261155127329 12.625 2.5 0.75
1532261155181186 11.75 22.5 -10.5
1532261155254989 12.1875 46.3125 -16.75
1532261155290892 11.375 58.9375 -20.8125
1532261155314828 7.0625 62.1875 -16.25
1532261155360706 21.5 69.5625 -21.75
1532261155383644 32.5625 72.3125 -20.3125
1532261155458452 -122.125 -92.1875 61
1532261155480385 159.063 4.1875 -15.875
1532261155632977 9.0625 26.375 13.9375
1532261155692817 -34.125 26.25 41.5625
1532261155804518 -80.375 11.3125 72.9375
1532261155848414 -84.8125 -77.25 15.0625
1532261155923202 -91.3125 -138.5 -0.4375
1532261155945142 -26.0625 -130.625 49.875
1532261156170540 38.875 -103.75 14.5625
1532261156195473 48 -18.6875 31.5
1532261156222402 19.75 -3.1875 25.125
1532261156312161 17.3125 11.625 -6.1875
1532261156360043 11.3125 6.375 -12.125
1532261156433836 3 5.1875 -2
1532261156463755 8.375 4.25 -1.3125
1532261156508636 11.375 0.25 -3.625
1532261156644273 -2 -6.3125 -12.875
1532261156688156 -6.75 -8.375 -16.5625
1532261156709100 -17.4375 -4.4375 -13.75
1532261156733035 -10.9375 2.375 -6.9375
1532261156746998 3.1875 8.0625 2.3125
1532261156784896 8.75 11.25 11.125
1532261156823805 13.625 10.5625 14.5625
1532261156853713 19.5625 8.1875 14.125
1532261157004310 18 5.375 13
1532261157018272 16.3125 1.75 11.8125
1532261157048205 -11.75 -3.25 -3.9375
1532261157070134 -9.875 -3.8125 -2.625
1532261157165878 -5.8125 -3.875 -1.0625
1532261157237686 -2.6875 -3.3125 0.625
1532261157282566 5 8.125 8.0625
1532261157296531 6.9375 9.25 9.125
1532261157317472 6.5625 9.0625 12.3125
1532261157340412 6.4375 6.9375 14.8125
1532261157406236 23 5.4375 6.6875
1532261157425185 13.5625 -1.5625 20.75
1532261157533894 -15.875 -10.1875 -4.0625
1532261157574790 -3.1875 -12.625 -11.125
1532261157625649 2.5625 1.5625 3.1875
1532261157791206 3.4375 7.5625 11.5625
1532261157858027 23.4375 7.875 12.5625
1532261157910886 -14.6875 -5.5 4.875
1532261157978705 -7.375 -3.9375 5
1532261158089408 9.3125 -0.75 4.6875
1532261158150246 14 3.1875 -10.3125
1532261158211083 18 4.0625 -10.5
1532261158368662 16.375 5.4375 -7.5625
1532261158405563 -11.3125 -1.6875 -2.75
1532261158435483 -8.9375 -1.25 0.375
1532261158471387 2.8125 1.125 -1
1532261158556161 8.8125 2 0.6875
1532261158683819 6.5625 2.9375 2
1532261158735680 5.5625 0.125 -1.0625
1532261158749642 8.6875 1.1875 -1.25
1532261158810480 7.3125 2.125 -2.5
1532261158900240 2.1875 0.125 -1.375
1532261158923179 -1.125 -0.3125 -1.4375
1532261158960080 -4.1875 -1.0625 -0.9375
1532261158990000 3.375 1.6875 -0.125
1532261159012940 6.3125 1.3125 -1.5
1532261159040864 5.75 0.0625 -0.875
1532261159200437 -2.6875 -1.0625 0.1875
1532261159268260 -4.8125 -2.0625 0.3125
1532261159297179 -4.875 -2.375 0.3125
1532261159351041 -2.625 -1.375 -0.625
1532261159393920 0.4375 -0.6875 -1.1875
1532261159475702 2.1875 -0.25 -0.3125
1532261159518601 4.1875 1.4375 -2.5
1532261159628293 -2.1875 -0.9375 -1.375
1532261159778891 6.5625 1.875 0.0625
1532261159830752 -20.0625 -6.5 5.9375
1532261159855686 -19.75 -5.875 7.1875
1532261160058144 -16.375 -4.6875 10
1532261160072113 -14.0625 -4.0625 9.4375
1532261160123968 -11.8125 -9 1.1875
1532261160152890 -2.6875 -8.375 -0.25
1532261160184805 -0.875 -5.6875 2.125

1532261160355349 -0.875 -3.25 2.4375
1532261160383274 12.6875 4.5 -4.1875
1532261160505951 21.625 6.625 -3.5
1532261160613747 7.3125 3.3125 -3.4375
1532261160631698 13.25 5 -5.5
1532261160645661 18.8125 6.3125 -6.4375
1532261160683560 26.3125 7 -6.25
1532261160705523 28.0625 8.3125 -6.5625
1532261160864479 17.3125 8.9375 -1.9375
1532261160887418 12.625 6.25 -2.125
1532261160918335 8.625 4.75 2.8125
1532261160956233 3.5625 -4.0625 -2.375
1532261161050980 -0.5 1.5625 -1.75
1532261161077908 1.4375 2.5625 -2.25
1532261161181631 3.9375 3.625 -2.0625
1532261161211551 0.9375 -5.9375 -3.0625
1532261161226511 -8.75 -4.625 -1.375
1532261161248452 -15.375 -3.625 -1
1532261161398052 -12 -0.4375 -1.125
1532261161462879 -8.125 -4.5 -1.4375
1532261161542666 -14.1875 -0.6875 -0.75
1532261161562612 -10.5 2.4375 0.8125
1532261161723183 3.125 2.8125 2.8125
1532261161779033 -2.5625 2 -1.9375
1532261161794991 2.0625 3.5 0.25
1532261161998447 6.8125 3.5625 1.875
1532261162558947 -5.375 -2.25 -1.4375
1532261162569928 -6.625 -2.625 -0.5625
1532261162620782 2.6875 0.0625 0.25
1532261162748440 -3.875 -1 -1
1532261162785343 -2.375 0 -3.0625
1532261162809278 1.6875 2.375 1
1532261162832217 4.5 3 0.6875
1532261162847183 9 1.6875 0.4375
1532261162883082 6.8125 0.625 2.0625
1532261162927961 -1.5625 -2 1.9375
1532261163003758 -3.75 -1.5 1.375
1532261163108478 -4.1875 -1 0.6875
1532261163160340 -6.375 -1.6875 2.1875
1532261163252094 -0.5 -0.125 1.375
1532261163296975 -0.6875 1.4375 3.4375
1532261163341854 -0.9375 0.6875 4.9375
1532261163362803 -1.5625 -0.125 4.0625
1532261163386734 -5.5625 -2.75 3.125
1532261163423636 -9.5 -2.1875 3.25
1532261163452564 -7.5625 -3.3125 1.25
1532261163484473 -7.5 -2.8125 2.25
1532261163662996 -9.25 -2.8125 1.6875
1532261163737796 -1.125 -1.5 -1.6875
1532261163761732 0.125 -0.75 -1
1532261163856478 1.4375 -0.3125 -0.3125
1532261163943246 0.4375 -1.0625 -0.75
1532261163963192 -6.125 -2.625 -0.9375
1532261163985134 -5.625 -1.625 -1
1532261164023033 -1.0625 -0.5625 -1.25
1532261164060931 2.1875 0.25 -1.0625
1532261164083871 4 1.3125 -0.0625
1532261164148697 4.75 1.375 0.875
1532261164197566 5.25 1.4375 1.625
1532261164234467 4.5625 1.375 2.625
1532261164285331 -2.3125 -0.9375 0.25
1532261164314253 -1.3125 -0.5625 0.25
1532261164359134 0.6875 0.0625 -0.25
1532261164450888 2 -0.0625 -0.625
1532261164473828 1.9375 0.25 -0.625
1532261164495768 0.25 0.0625 -0.5625
1532261164510728 -3.4375 0 3
1532261164533667 -21.5625 4.5 6.4375
1532261164593507 -84.6875 21.625 -14
1532261164617457 -86.8125 27 -65.375
1532261164750089 -32.3125 145.125 -101.438
1532261164788984 126.688 96.5625 -95.25
1532261164847827 18.375 -36 -79.4375
1532261165029341 5.0625 -43.5 -91.1875
1532261165051283 -75.875 -27.1875 -69.875
1532261165066243 4.375 20.1875 -14.6875
1532261165088185 9.0625 38.75 -20.75
1532261165148024 -0.5 54.6875 -23.9375
1532261165214845 25.0625 93.5625 -31.0625
1532261165237800 28.1875 104.438 -32.25
1532261165283662 93 20 -81.125
1532261165330551 146.688 -2.6875 -33.3125
1532261165349486 42.125 0.625 -9.75
1532261165364446 -11.75 1.5625 17.9375
1532261165426281 1.1875 4.0625 2.9375
1532261165448222 8.625 15.125 12.75
1532261165516040 -31.3125 2 26
1532261165583859 -89.375 -11.3125 78.3125
1532261165643703 -92 -12.1875 79.5625
1532261165663646 -109.688 -57.875 31.3125
1532261165679603 -96.0625 -118.063 9.125
1532261165740441 -65.5 -191.938 25.75
1532261165792301 -57.0625 -129.438 71.625
1532261165818236 -38.4375 -116.25 51.0625
1532261165860121 66.1875 -96.625 17.875
1532261165884056 69.125 -73.125 31.375
1532261165920973 38.5625 -37.5 36.75
1532261165942899 38.125 -34.375 35.25
1532261166025677 70.125 -12.9375 42.8125
1532261166098483 53.125 2.25 34
1532261166177272 61.6875 15.4375 33.5625
1532261166205198 -25.75 -8.3125 -14.75
1532261166368759 -24.625 -10.875 -22.5625
1532261166415635 -31.75 -5.875 -25.5
1532261166453533 16.25 7.625 2.3125
1532261166497416 15.5 4.625 2.8125
1532261166589178 4.9375 0.9375 2.4375
1532261166692893 -2 -1.9375 2.3125
1532261166718823 -27.25 -7.75 0.3125
1532261166757720 0.625 0.1875 0.625
1532261166780659 12.125 2.5625 2.1875
1532261166971149 7.6875 3.9375 2.25
1532261167008050 -33.6875 -8.5625 3.4375
1532261167036973 -18.4375 -7.125 1.625
1532261167060919 -0.375 -5.625 0.5
1532261167083848 4.9375 -5 0.875
1532261167246413 -2.3125 -3.5 0.875
1532261167272344 -7 -2.6875 0.5625
1532261167306253 8.1875 0.9375 3.875
1532261167331187 7.1875 1.25 3.25
1532261167386040 5.6875 0.75 1.8125
1532261167406994 5.5625 1.0625 1.875
1532261167436904 9.25 3 1.375
1532261167480786 13.625 3.5625 1.875
1532261167504723 19.0625 3.625 3.375
1532261167598471 26.0625 4.4375 -1
1532261167620413 19.25 4.1875 -3
1532261167841836 6.6875 4.625 -6.6875
1532261167863762 5.8125 3.1875 -2.5625
1532261167974466 -2.875 -1.6875 -4.6875
1532261168119086 -4.4375 -1.3125 -4.0625
1532261168141022 -0.5625 0.4375 3.6875
1532261168252722 2.875 -0.0625 4.1875
1532261168380381 -1.125 -0.875 1.8125
1532261168469143 7.9375 1.4375 -1.75
1532261168501058 12.3125 1.8125 -2.1875
1532261168577853 7.375 -0.1875 -0.8125
1532261168634701 0.1875 -1 0.1875
1532261168673596 -11.375 -2.5 3.125
1532261168745405 9.1875 0.5625 0.9375
1532261168831176 10.4375 1.1875 -0.5625
1532261168957837 11.9375 1.8125 -1.9375
1532261168975788 4.75 0.3125 -3.5
1532261169085496 5.5625 1.4375 1.1875
1532261169229111 -3.4375 -1.25 1.875
1532261169294935 -15.5625 -6.375 9
1532261169341810 -23.125 -6.75 9.8125
1532261169425586 -28.8125 -8.9375 9.375
1532261169505374 -26.5 -8.5 8.25
1532261169550252 -11.75 -4.5625 3.3125
1532261169588162 -5.625 -2.25 1.1875

1532261169635026 -2.25 -1.4375 -0.375
1532261169677911 -3.1875 -0.875 -2.375
1532261169699852 -7.0625 -1 -3.625
1532261169743735 -7.25 -0.75 -4
1532261169770664 -4.8125 0 -4.1875
1532261169784636 -0.0625 0.75 -3.9375
1532261169827510 17 3.5625 -4.375
1532261169836499 18.9375 3.5625 -4.3125
1532261170002044 2.875 1.875 -3.5
1532261170045939 6.3125 0.125 -2.3125
1532261170061902 9.4375 2.6875 -0.375
1532261170082828 10.0625 2.3125 -1.0625
1532261170103772 9.875 1.5 -2.1875
1532261170120727 9.3125 1.25 -2.1875
1532261170142685 7.8125 1.4375 -1.375
1532261170188547 3.5625 2.625 2.6875
1532261170278316 1.375 1.5625 3.25
1532261170301244 1.3125 -1.1875 0.25
1532261170347122 -1.8125 0.25 -3.5
1532261170369063 -0.9375 2.125 -1.4375
1532261170397985 8.5 4.25 -2.3125
1532261170419927 12.8125 4.5625 -0.5625
1532261170533635 15.125 3.25 0.125
1532261170602455 15.5625 0.9375 -0.1875
1532261170616418 -2.6875 -0.1875 -0.4375
1532261170637362 0.8125 3 2.4375
1532261170697202 3 0.75 1.625
1532261170787958 5.25 -2.5625 -0.75
1532261170856775 1.5 -3.25 -0.6875
1532261170893676 6.3125 4.125 2.125
1532261170938563 11.375 -1 1.9375
1532261171096136 -3.75 -2.6875 1.25
1532261171172929 2.125 1 -0.5625
1532261171222796 -3.5 -1.5625 -1.875
1532261171349458 -4 -1.75 -2.3125
1532261171386359 -3.4375 -1.5 -2
1532261171449191 2.9375 0.9375 1.5625
1532261171485094 -1 -0.8125 -0.4375
1532261171576850 2.3125 0.5625 0.5625
1532261171665612 3.875 0.875 0.75
1532261171693537 5.375 1.1875 0.125
1532261171711499 -2.1875 0.0625 -0.125
1532261171747393 -3.5 -0.5625 1.625
1532261171762353 -1.4375 -0.0625 2.25
1532261171809228 3.75 0.9375 1.1875
1532261171853111 4.5625 0.4375 -0.0625
1532261171940876 -1.875 -0.6875 -0.1875
1532261171967804 -4.75 -0.75 0.0625
1532261171988748 -6 -0.6875 -0.375
1532261172046593 -3.6875 -1.25 -3.375
1532261172266007 -4.125 -0.4375 -1.1875
1532261172309889 -0.8125 -0.4375 -0.5625
1532261172347788 -1.6875 -0.5 -0.125
1532261172544262 -1.9375 -0.3125 -0.125
1532261172557228 -1.0625 0.125 -0.375
1532261172588146 2.75 0.25 0.8125
1532261172610087 4.1875 0.5625 1.125
1532261172796588 5.25 0.875 0.5
1532261172844460 -0.6875 -0.5625 -0.375
1532261172916268 6.25 1.0625 -0.25
1532261173113740 4.1875 0.6875 -0.0625
1532261173133686 -5.25 -1.5 1
1532261173283286 -130.688 18.875 -37.1875
1532261173356092 23.25 129.813 -123.875
1532261173449841 112.625 47.75 -74.6875
1532261173668257 70.4375 -34.6875 -57.9375
1532261173691195 -5.3125 1.6875 -13
1532261173712140 -0.1875 7.25 -6.125
1532261173727099 7.625 18.25 -12
1532261173818854 -2.0625 86.0625 -29
1532261173885675 9.1875 118.688 -36.0625
1532261173929558 91.125 -14.75 -71.625
1532261173943521 -213.625 -151.375 97.625
1532261173980422 101.375 31.4375 -37.25
1532261174025302 -28.5625 -0.25 3.875
1532261174075168 -31.9375 -4.875 0.3125
1532261174097127 12.5625 -4.0625 20.875
1532261174120049 12.4375 5.4375 13.8125
1532261174184875 -26.4375 -0.0625 27.8125
1532261174209809 -31.125 -2.5 40.625
1532261174229755 -50.75 -8.5 79.9375
1532261174260673 -42.125 5.4375 84.5
1532261174441190 -116.875 -95.8125 5.75
1532261174487067 41.375 -126.563 7.6875
1532261174523969 8.0625 -92.5 39.6875
1532261174582811 -37.8125 -67.4375 71
1532261174630683 81.875 -37.9375 52.5
1532261174673569 61.5625 -23.25 57.625
1532261174717451 32.5 -23.1875 47.9375
1532261174784272 25.9375 -15.25 32.5625
1532261175055547 24.4375 7.5 9.8125
1532261175078494 15.75 2.875 15.1875
1532261175151291 9.125 0 11.875
1532261175333803 -0.0625 -4.3125 5.4375
1532261175356742 -7.4375 2.25 10.1875
1532261175417579 21.25 2.375 4.3125
1532261175438523 22.9375 2.625 0.8125
1532261175528283 9.6875 -0.3125 -0.875
1532261175596102 -24.1875 -5.625 -1.6875
1532261175612058 -15.375 -6.5 -1.4375
1532261175698826 -3.3125 -5.25 1.1875
1532261175873360 -4.25 -7.0625 0.9375
1532261175919238 4.5625 -0.875 6.125
1532261176062854 -8.0625 -1.875 10.5625
1532261176130673 -10.3125 -4.3125 13.3125
1532261176151632 9.4375 -3 8
1532261176187520 24.625 2.875 -10.5
1532261176239383 17.125 0.8125 -13.25
1532261176277280 11.875 1.4375 -12.5625
1532261176405939 8.0625 1.375 -10.625
1532261176428874 6.9375 2.125 -9
1532261176450815 2.3125 3.9375 -5.8125
1532261176465782 2.875 2.8125 -2.1875
1532261176706134 7.25 0.5625 -1
1532261176723088 7.3125 0.5625 -0.25
1532261176743035 -3 -0.1875 2.375
1532261176796890 -2.8125 -0.875 0.25
1532261176870693 -2.1875 -1.6875 -0.1875
1532261176960454 -14.1875 -3.125 -2.5625
1532261176985387 -10.125 -0.9375 2.5
1532261177021291 2.0625 -1.0625 0.8125
1532261177035253 1.9375 -1.375 -0.4375
1532261177065173 -0.625 -1.25 0.3125
1532261177177872 -1.5625 -0.625 1.375
1532261177240704 -7.1875 -1.125 1.5625
1532261177275611 -11.5625 -2.125 1.5
1532261177306528 -9.5625 -1.6875 0.9375
1532261177492032 8.1875 1.3125 -3.1875
1532261177515967 15.8125 2.5625 -5
1532261177550874 21.0625 3.125 -5.375
1532261177597750 -7.625 -2.5625 6.5
1532261177680528 -7.75 -4.375 8.125
1532261177751358 -14.8125 -4.1875 7.75
1532261177794242 -13.6875 -3.5 6.9375
1532261177816184 -7.0625 -3 1
1532261177839123 1.3125 -0.0625 -2.125
1532261177860066 9.4375 1.9375 -1.375
1532261177897965 13.375 1.9375 -1.1875
