1532259653395450 0.0602417 -0.0523682 -0.243103 0.966675
1532259653408416 0.0578003 -0.0540771 -0.24176 0.967102
1532259653439332 0.0536499 -0.0526733 -0.239136 0.968079
1532259653477248 0.0426025 -0.0456543 -0.222961 0.972778
1532259653522112 0.031311 -0.0386353 -0.213989 0.975525
1532259653566992 0.0200195 -0.0209351 -0.164429 0.985962
1532259653596912 0.0150757 -0.0202026 -0.148682 0.988525
1532259653641792 -0.00848389 -0.0253296 -0.112915 0.993225
1532259653677695 -0.0258179 -0.0422363 -0.0760498 0.99585
1532259653716591 -0.0325317 -0.0576782 -0.0479126 0.996643
1532259653783413 -0.052063 -0.0775757 -0.0224609 0.995361
1532259653814330 -0.0577393 -0.078125 -0.019165 0.995056
1532259653909077 -0.050293 -0.0101318 -0.0339966 0.998047
1532259654045711 0.022522 0.128723 -0.113037 0.984924
1532259654128490 0.0634155 0.176758 -0.168945 0.967529
1532259654169388 0.0697632 0.184326 -0.181213 0.96344
1532259654270123 0.0787354 0.198486 -0.22644 0.950317
1532259654289061 0.0805664 0.199036 -0.232483 0.948547
1532259654338928 0.0814819 0.19989 -0.246155 0.944824
1532259654426692 0.0641479 0.209595 -0.256348 0.941345
1532259654479551 0.0546875 0.21051 -0.25061 0.943298
1532259654534405 0.0367432 0.208374 -0.231384 0.949524
1532259654584271 0.0166016 0.210022 -0.194824 0.957886
1532259654916383 -0.00933838 0.186584 -0.00604248 0.982361
1532259654954285 -0.0405273 0.188171 -0.00708008 0.981262
1532259655089919 -0.0667114 0.192444 0.043335 0.978027
1532259655209599 -0.0559082 0.184937 0.0474243 0.97998
1532259655270449 -0.0997314 0.186035 0.0571289 0.975769
1532259655323308 -0.083252 0.186157 0.050415 0.977661
1532259655398094 -0.0894165 0.185364 0.0502319 0.977295
1532259655453946 -0.0806274 0.189392 0.03302 0.977966
1532259655546698 -0.0797119 0.199097 0.0185547 0.976501
1532259655606538 -0.0953369 0.213379 0.0067749 0.972229
1532259655626484 -0.11792 0.222534 0.0175781 0.96759
1532259655824953 -0.129822 0.184814 0.0484009 0.9729
1532259655868837 -0.126282 0.182312 0.046875 0.973938
1532259656026415 -0.118225 0.161743 0.0495605 0.978455
1532259656104207 -0.103821 0.141235 0.0394897 0.983704
1532259656183994 -0.0997314 0.150818 0.0106201 0.983459
1532259656288713 -0.0742188 0.171021 -0.0177002 0.9823
1532259656394431 -0.0319214 0.178528 -0.0397339 0.982605
1532259656455293 0.0248413 0.176697 -0.0611572 0.981995
1532259656478247 0.0344238 0.176514 -0.0661621 0.981445
1532259656543068 0.0687866 0.178223 -0.0913086 0.977295
1532259656580957 0.0732422 0.17926 -0.0938721 0.976563
1532259656656754 0.0874634 0.185547 -0.0966797 0.973938
1532259656785410 0.101685 0.192993 -0.0964355 0.97113
1532259656836280 0.112793 0.175598 -0.110229 0.971741
1532259656850236 0.113098 0.169495 -0.114868 0.972229
1532259656984877 0.121094 0.150269 -0.132568 0.972168
1532259657121512 0.0650635 -0.0136108 -0.278503 0.95813
1532259657136471 0.0623779 -0.0280762 -0.291992 0.953918
1532259657212268 0.0615845 -0.0455322 -0.308228 0.948181
1532259657266152 0.0628662 -0.0408325 -0.302002 0.950317
1532259657323000 0.0701294 -0.0392456 -0.298035 0.951172
1532259657336963 0.0700684 -0.0375366 -0.297241 0.951477
1532259657398797 0.0715942 -0.0330811 -0.294128 0.952454
1532259657631176 0.0842896 0.0122681 -0.199951 0.976074
1532259657749858 0.107971 0.0181274 -0.17511 0.978394
1532259657817677 0.17041 0.0447998 -0.0889893 0.980286
1532259657999192 0.320129 0.0477905 0.0170288 0.945984
1532259658154776 0.330078 0.0608521 -0.0490723 0.940674
1532259658255506 0.312256 0.104431 -0.14679 0.932739
1532259658365212 0.291199 0.0401611 -0.262634 0.919006
1532259658577659 0.327087 -0.0325928 -0.418823 0.846497
1532259658651447 0.31427 -0.0264893 -0.47821 0.819641
1532259658694333 0.307617 -0.0563354 -0.515259 0.797974
1532259658762151 0.301331 -0.0855103 -0.542236 0.779663
1532259658786087 0.295837 -0.0912476 -0.551025 0.774902
1532259658838954 0.294006 -0.0863647 -0.585388 0.75061
1532259658874850 0.280029 -0.072998 -0.608887 0.738586
1532259658934690 0.265015 -0.0567017 -0.642517 0.716675
1532259659062348 0.204163 -0.0634766 -0.708618 0.672424
1532259659332625 0.148743 -0.0646973 -0.717773 0.677124
1532259659357560 0.156555 -0.0414429 -0.692261 0.703247
1532259659461303 0.188416 0.00897217 -0.592651 0.78302
1532259659505165 0.187134 0.026123 -0.542786 0.818298
1532259659560018 0.188232 0.0314331 -0.491028 0.849976
1532259659641805 0.175537 0.0302734 -0.410156 0.894409
1532259659666738 0.165466 0.0228882 -0.361023 0.917419
1532259659686685 0.161682 0.0161133 -0.340149 0.926208
1532259659761485 0.139526 -0.0335083 -0.266357 0.953125
1532259659820337 0.127869 -0.0598755 -0.248474 0.958252
1532259659836285 0.121582 -0.0657349 -0.245605 0.959412
1532259659934038 0.101746 -0.0796509 -0.240173 0.962036

1532259660039756 0.123291 -0.0825806 -0.234619 0.960693
1532259660157440 0.108887 -0.0728149 -0.228394 0.964661
1532259660181377 0.109436 -0.0750732 -0.226807 0.964844
1532259660256176 0.101318 -0.0823364 -0.220642 0.966553
1532259660277120 0.101257 -0.0837402 -0.219604 0.966675
1532259660338955 0.0930786 -0.0841675 -0.219849 0.967407
1532259660376866 0.0886841 -0.0831909 -0.222229 0.967346
1532259660412758 0.0843506 -0.0762329 -0.228149 0.966919
1532259660441680 0.0817871 -0.0732422 -0.230469 0.966858
1532259660496534 0.0801392 -0.0696411 -0.234375 0.966309
1532259660524459 0.0797119 -0.0696411 -0.234009 0.966431
1532259660540416 0.0791016 -0.069519 -0.233276 0.966675
1532259660592278 0.081604 -0.0705566 -0.231628 0.966797
1532259660671067 0.0858765 -0.0733643 -0.230042 0.966553
1532259660706970 0.0861816 -0.0740356 -0.229553 0.966614
1532259660720934 0.0860596 -0.0737915 -0.229431 0.966675
1532259660751868 0.0864868 -0.0734253 -0.229309 0.966675
1532259660869542 0.0846558 -0.0720215 -0.229858 0.966858
1532259661049100 0.0844727 -0.0734253 -0.230896 0.966492
1532259661104951 0.0946655 -0.0699463 -0.232849 0.965332
1532259661262530 0.0791626 -0.067627 -0.233582 0.966736
1532259661281478 0.0788574 -0.0697632 -0.233093 0.966736
1532259661307416 0.0789795 -0.071106 -0.232605 0.966736
1532259661349298 0.0751953 -0.069397 -0.230591 0.967651
1532259661382210 0.0604248 -0.0623169 -0.226685 0.970093
1532259661402156 0.0552979 -0.0565796 -0.223816 0.971375
1532259661424098 0.052002 -0.0495605 -0.219666 0.9729
1532259661485933 0.0362549 -0.0163574 -0.204407 0.978027
1532259661551756 0.0253296 0.0216675 -0.186584 0.981873
1532259661764189 0.0488892 0.160339 -0.141602 0.975586
1532259661837991 0.0551758 0.19458 -0.145447 0.968445
1532259661862924 0.0576782 0.203796 -0.148865 0.965881
1532259661971633 0.0738525 0.223022 -0.17334 0.956421
1532259662043441 0.0560913 0.22345 -0.177429 0.956787
1532259662208002 0.0438843 0.219543 -0.174866 0.95874
1532259662341654 -0.0681763 0.224854 -0.105286 0.966248
1532259662409474 -0.114136 0.213684 -0.0444946 0.969177
1532259662484263 -0.120911 0.207764 -0.0257568 0.970337
1532259662618902 -0.109375 0.202759 0.0280151 0.972656
1532259662670765 -0.0997314 0.218201 -0.0345459 0.970154
1532259662926095 -0.101929 0.208679 0.0409546 0.971741
1532259663031799 -0.136047 0.189575 0.0300293 0.971924
1532259663085655 -0.120483 0.200256 0.00524902 0.97229
1532259663224284 -0.150818 0.206482 0.0214233 0.966492
1532259663244230 -0.149658 0.202393 0.03479 0.967163
1532259663384862 -0.146179 0.194641 0.0560913 0.968262
1532259663459655 -0.142517 0.188293 0.0535278 0.970215
1532259663519494 -0.0439453 0.17218 0.0360107 0.983398
1532259663554402 -0.0238647 0.172791 0.026123 0.984314
1532259663602273 -0.015686 0.171448 0.0236206 0.984741
1532259663773815 0.107788 0.0720215 -0.0134888 0.991455
1532259663796759 0.117188 0.0625 -0.0180664 0.990967
1532259663841647 0.137878 0.0482178 -0.027832 0.988831
1532259663914438 0.165161 0.0386353 -0.0490723 0.984253
1532259663934385 0.172058 0.0389404 -0.0534058 0.982849
1532259663953334 0.177795 0.0403442 -0.057373 0.981506
1532259663982257 0.193726 0.0533447 -0.067749 0.977234
1532259664008188 0.202637 0.0634155 -0.0737915 0.974365
1532259664050076 0.210205 0.0550537 -0.0811157 0.972717
1532259664065045 0.216248 0.0611572 -0.0891724 0.970276
1532259664079995 0.22229 0.0687256 -0.0999146 0.967346
1532259664109915 0.224487 0.069397 -0.110535 0.965637
1532259664133851 0.229065 0.0733643 -0.123169 0.962769
1532259664170753 0.231201 0.0585938 -0.149353 0.959534
1532259664286443 0.215942 0.00506592 -0.215149 0.952332
1532259664304411 0.215637 -0.00183105 -0.233582 0.94812
1532259664331324 0.211853 -0.0286255 -0.260376 0.941528
1532259664365233 0.194458 -0.0438232 -0.28125 0.93866
1532259664381190 0.190308 -0.0463257 -0.284302 0.938477
1532259664484913 0.190247 -0.0615845 -0.28894 0.936218
1532259664508849 0.188599 -0.0620117 -0.289124 0.936462
1532259664553744 0.186768 -0.0611572 -0.287109 0.9375
1532259664582651 0.188782 -0.0602417 -0.282349 0.938599
1532259664612571 0.188477 -0.0595703 -0.278748 0.939819
1532259664839964 0.267517 -0.0338745 -0.124023 0.954895
1532259664904790 0.311707 -0.034668 -0.0891724 0.945313
1532259664949670 0.413818 -0.0496216 -0.0405273 0.908081
1532259664988566 0.403992 -0.0507202 -0.0272217 0.912903
1532259665094283 0.403992 -0.0517578 -0.0328369 0.912659
1532259665116224 0.402344 -0.0247192 -0.0575562 0.913269
1532259665191024 0.361023 0.0117188 -0.117798 0.924988
1532259665266826 0.345703 0.0345459 -0.172241 0.921753
1532259665311702 0.339661 0.00860596 -0.206543 0.91748
1532259665447339 0.377136 -0.0770874 -0.246765 0.889282
1532259665536102 0.344971 -0.0323486 -0.330078 0.878052
1532259665595943 0.339966 -0.0192871 -0.381287 0.859436
1532259665640821 0.336975 -0.0280762 -0.402161 0.85083
1532259665932043 0.306335 -0.0488892 -0.567871 0.76239
1532259665948000 0.297668 -0.0494385 -0.582214 0.754944
1532259665993895 0.277832 -0.0551758 -0.608459 0.741272
1532259666014821 0.268982 -0.0629883 -0.619995 0.734375
1532259666053718 0.258362 -0.085022 -0.638245 0.720154
1532259666136504 0.24469 -0.100464 -0.656738 0.706177
1532259666151466 0.225342 -0.0966797 -0.668701 0.701904
1532259666255195 0.215332 -0.0961914 -0.678406 0.695801
1532259666315028 0.214783 -0.0823975 -0.667725 0.708008
1532259666353916 0.218689 -0.074646 -0.654175 0.720154
1532259666427717 0.218933 -0.0544434 -0.621643 0.750122
1532259666458647 0.224731 -0.0443115 -0.59082 0.773621
1532259666533435 0.231506 -0.032959 -0.513184 0.825806
1532259666615216 0.222107 -0.0317993 -0.420959 0.878845
1532259666633168 0.218628 -0.0335693 -0.398132 0.890259
1532259666735894 0.196899 -0.0473633 -0.297241 0.933044
1532259666773792 0.189453 -0.0571289 -0.268921 0.942566
1532259666854576 0.175171 -0.0718994 -0.234131 0.953552
1532259666901451 0.164917 -0.0767822 -0.226257 0.956909
1532259666954316 0.149536 -0.0814819 -0.218384 0.960876
1532259667014155 0.148254 -0.0866089 -0.212585 0.961914
1532259667036096 0.150452 -0.0889893 -0.211426 0.961609
1532259667124859 0.159546 -0.088562 -0.211304 0.960205

1532259667156773 0.155945 -0.0778809 -0.20929 0.962158
1532259667187697 0.141724 -0.0755615 -0.204163 0.965637
1532259667261493 0.155334 -0.0866699 -0.201416 0.963196
1532259667281440 0.149048 -0.088562 -0.197205 0.964844
1532259667328315 0.126953 -0.0919189 -0.194641 0.968262
1532259667442010 0.114075 -0.103394 -0.195557 0.968506
1532259667464949 0.113586 -0.1026 -0.197266 0.968323
1532259667506837 0.113831 -0.0917969 -0.203552 0.968079
1532259667536761 0.108459 -0.088501 -0.20575 0.968506
1532259667566677 0.0957642 -0.0829468 -0.209595 0.969543
1532259667739260 0.101135 -0.0723267 -0.212524 0.969177
1532259667800098 0.100952 -0.0708618 -0.213074 0.969177
1532259667867928 0.101929 -0.0700073 -0.213745 0.968994
1532259667918780 0.10199 -0.0701904 -0.213989 0.968933
1532259667979618 0.103882 -0.0713501 -0.213867 0.968689
1532259668039457 0.105042 -0.0733032 -0.213928 0.968384
1532259668087329 0.109619 -0.0718994 -0.214478 0.967896
1532259668139191 0.114746 -0.071106 -0.217102 0.966736
1532259668182076 0.11377 -0.0731201 -0.217957 0.966492
1532259668218977 0.110352 -0.0734253 -0.215637 0.967407
1532259668286799 0.0996094 -0.0773315 -0.214417 0.968567
1532259668339655 0.0821533 -0.0785522 -0.210632 0.970886
1532259668363591 0.0782471 -0.078064 -0.207031 0.972046
1532259668439389 0.0545654 -0.0635986 -0.18158 0.979797
1532259668567047 0.0349121 -0.020752 -0.132141 0.990356
1532259668619906 0.0250854 0.00323486 -0.111328 0.993408
1532259668641847 0.0276489 0.0109863 -0.105713 0.993896
1532259668791446 0.0321045 0.0606079 -0.104675 0.992126
1532259669181404 -0.123901 0.208923 -0.11615 0.963074
1532259669332001 -0.17865 0.167603 0.0151367 0.96936
1532259669399820 -0.180359 0.155579 0.00372314 0.971191
1532259669481601 -0.200195 0.184143 -0.031189 0.961731
1532259669667105 -0.170532 0.173462 0.0234375 0.969666
1532259669767836 -0.167419 0.161011 0.00970459 0.972595
1532259669869564 -0.199768 0.185913 -0.0020752 0.962036
1532259669961318 -0.164368 0.171082 0.0390015 0.970642
1532259670007196 -0.141907 0.165222 0.0377808 0.97522
1532259670111915 -0.144409 0.156921 0.0414429 0.976074
1532259670184721 -0.085144 0.179504 0.00476074 0.980042
1532259670299414 -0.0803223 0.184937 -0.00012207 0.979431
1532259670455995 0.0553589 0.179993 -0.0750122 0.979187
1532259670722301 0.104919 0.0704956 -0.191284 0.973328
1532259670879862 0.0845337 -0.0474243 -0.286133 0.953247
1532259670942694 0.110168 -0.0592041 -0.278442 0.952271
1532259671019489 0.110962 -0.0686035 -0.276733 0.952026
1532259671072361 0.114258 -0.0568848 -0.27594 0.952637
1532259671122214 0.123413 -0.0592651 -0.272278 0.952393
1532259671199008 0.120361 -0.0585938 -0.266174 0.954529
1532259671296747 0.108704 -0.0375366 -0.253845 0.960388
1532259671364566 0.108459 -0.0236816 -0.217529 0.969666
1532259671446359 0.113953 -0.00146484 -0.171875 0.978455
1532259671484246 0.110901 0.00531006 -0.157837 0.981201
1532259671544086 0.151184 0.0343628 -0.0941162 0.983398
1532259671618886 0.192688 0.0465088 -0.0628052 0.978088
1532259671723606 0.27771 0.0425415 -0.022644 0.959412
1532259671753526 0.286682 0.0375977 -0.0200806 0.957031
1532259671955984 0.347473 0.0519409 -0.141113 0.925537
1532259672082645 0.357056 0.00360107 -0.231628 0.904846
1532259672465638 0.335022 -0.067688 -0.515625 0.785645
1532259672509505 0.316772 -0.052124 -0.544983 0.774536
1532259672646150 0.273743 -0.0568848 -0.622375 0.731079
1532259672705979 0.255188 -0.0623169 -0.635681 0.725891
1532259672772800 0.244812 -0.0782471 -0.641418 0.722839
1532259673029114 0.255432 -0.0209351 -0.449768 0.85553
1532259673110896 0.25 -0.0167236 -0.34668 0.90387
1532259673208634 0.227661 -0.0374146 -0.244446 0.941772
1532259673359232 0.169861 -0.111877 -0.193542 0.959778
1532259673411096 0.155884 -0.132019 -0.188171 0.960632
1532259673432037 0.149109 -0.133423 -0.187561 0.961609
1532259673492886 0.135559 -0.133118 -0.18811 0.963562
1532259673568672 0.122681 -0.116394 -0.199097 0.965271
1532259673591611 0.114075 -0.113159 -0.200806 0.96637
1532259673621530 0.108887 -0.11084 -0.202209 0.966919
1532259673695349 0.115173 -0.107483 -0.201599 0.966675
1532259673719269 0.113647 -0.105835 -0.201538 0.967041
1532259673830970 0.105896 -0.0973511 -0.206604 0.967773
1532259673836954 0.105042 -0.0966797 -0.20697 0.967834
1532259673896794 0.107971 -0.0921021 -0.210632 0.967163
1532259673918735 0.115295 -0.0904541 -0.211731 0.966248
1532259673986555 0.123901 -0.0864868 -0.212646 0.965332

1532259674039413 0.113159 -0.0838013 -0.213318 0.966736
1532259674099253 0.102356 -0.0822144 -0.21344 0.968079
1532259674124186 0.100769 -0.0825195 -0.21344 0.968201
1532259674167072 0.098999 -0.0842285 -0.212646 0.968445
1532259674199984 0.100464 -0.085083 -0.211487 0.968445
1532259674278832 0.101929 -0.0830078 -0.212036 0.968384
1532259674339683 0.0977173 -0.0803223 -0.213196 0.96875
1532259674376571 0.0974121 -0.0793457 -0.213562 0.968811
1532259674579029 0.0889893 -0.0719604 -0.217346 0.96936
1532259674604960 0.0880127 -0.071106 -0.217896 0.96936
1532259674638869 0.0859985 -0.0692749 -0.218872 0.969482
1532259674699711 0.0836792 -0.0678711 -0.220154 0.969482
1532259674766528 0.0819702 -0.0668335 -0.220581 0.969604
1532259674805424 0.0817261 -0.0661011 -0.220703 0.969666
1532259674822386 0.0818481 -0.0656738 -0.220764 0.969666
1532259674841328 0.081665 -0.0651855 -0.220947 0.969666
1532259674856288 0.0811157 -0.0647583 -0.221069 0.969666
1532259674879227 0.0803833 -0.064209 -0.221252 0.969727
1532259674923998 0.0797729 -0.0635376 -0.221436 0.969788
1532259674956922 0.0797729 -0.0634766 -0.221436 0.969788
1532259675009769 0.0791626 -0.0632935 -0.221558 0.969849
1532259675024729 0.0791016 -0.0632935 -0.221558 0.969849
1532259675137429 0.0791016 -0.0631714 -0.221558 0.969849
1532259675300990 0.0856934 -0.0656738 -0.222046 0.968994
1532259675337891 0.0897217 -0.0637207 -0.222778 0.968628
1532259675358836 0.0947266 -0.0637207 -0.222839 0.96814
1532259675561311 0.0811768 -0.0647583 -0.223206 0.969177
1532259675659032 0.0559692 -0.059021 -0.220032 0.972046
1532259675736825 0.0211792 -0.0393066 -0.202881 0.978149
1532259675939283 0.00567627 0.0738525 -0.172241 0.982239
1532259676238483 -0.0535889 0.207825 -0.179443 0.960022
1532259676320264 -0.11145 0.222717 -0.130249 0.959656
1532259676342206 -0.123047 0.220032 -0.107056 0.961731
1532259676471859 -0.14679 0.19635 0.0336304 0.968872
1532259676515742 -0.135681 0.208557 0.0349121 0.967896
1532259676621460 -0.129761 0.198792 0.0114746 0.971313
1532259676711219 -0.168762 0.219849 -0.0411987 0.9599
1532259676749118 -0.174805 0.225586 -0.0446167 0.957336
1532259676889742 -0.144714 0.193726 0.0645142 0.96814
1532259676973518 -0.126526 0.189941 0.0665894 0.971313
1532259677027373 -0.122559 0.176147 0.0383911 0.975891
1532259677102174 -0.171692 0.202026 0.0078125 0.964172
1532259677183955 -0.175659 0.198914 0.0305176 0.963623
1532259677228835 -0.148315 0.186035 0.0621338 0.969238
1532259677259752 -0.125305 0.174927 0.0507202 0.97522
1532259677334552 -0.122803 0.161072 0.0633545 0.977173
1532259677387417 -0.108521 0.140015 0.0488892 0.98291
1532259677574923 -0.101624 0.170044 -0.0113525 0.980103
1532259677640734 -0.0908203 0.170044 -0.0180054 0.981018
1532259677729496 -0.0800171 0.176453 -0.0198975 0.980835
1532259677746458 -0.0776978 0.179932 -0.0189819 0.980408
1532259677820253 -0.067749 0.194092 -0.0153198 0.978455
1532259677934947 -0.0266724 0.226257 -0.0193481 0.97345
1532259678014733 -0.00305176 0.24292 -0.0266724 0.969604
1532259678159347 0.0422363 0.19928 -0.0933838 0.974548
1532259678203230 0.0360107 0.113525 -0.14325 0.982483
1532259678264067 0.031189 0.0194702 -0.221497 0.974426
1532259678286008 0.0332642 0.00866699 -0.234192 0.971558
1532259678361806 0.0346069 0.00384521 -0.236023 0.97113
1532259678390728 0.0494995 0.00793457 -0.22229 0.973694
1532259678438600 0.0574341 0.00549316 -0.220642 0.973633
1532259678512410 0.0505371 0.00604248 -0.219604 0.974243
1532259678557283 0.0522461 0.00964355 -0.216431 0.974854
1532259678622109 0.0600586 0.0198364 -0.199097 0.977905
1532259678633080 0.0571289 0.0266113 -0.189331 0.979858
1532259678692920 0.0574341 0.0317993 -0.177979 0.981812
1532259678766723 0.0898438 0.0509644 -0.11145 0.988342
1532259678953223 0.179993 0.0376587 0.00469971 0.98291
1532259679042984 0.237549 -0.00213623 0.0531616 0.969849
1532259679126760 0.288879 -0.0126953 0.0583496 0.955444
1532259679237463 0.325623 0.0266724 0.017395 0.944946
1532259679336203 0.308044 0.100464 -0.081665 0.942505
1532259679389058 0.304504 0.10614 -0.139343 0.936218
1532259679516717 0.308105 0.0151978 -0.193542 0.931274
1532259679546637 0.318604 -0.0177002 -0.211426 0.923828
1532259679568578 0.324036 -0.0263672 -0.223572 0.918823
1532259679650360 0.307251 0.00549316 -0.301331 0.902649
1532259679876754 0.318481 -0.0356445 -0.458008 0.829163
1532259680010397 0.273254 -0.00683594 -0.565613 0.778015
1532259680279677 0.195129 -0.0613403 -0.641052 0.739746
1532259680408340 0.184387 -0.0228271 -0.544739 0.817749
1532259680497095 0.18512 -0.0136108 -0.441528 0.877808
1532259680625751 0.164673 -0.013916 -0.279724 0.94574
1532259680685591 0.1521 -0.0289307 -0.236816 0.959106
1532259680724488 0.143982 -0.0371704 -0.215027 0.96521
1532259680916972 0.106384 -0.0787964 -0.190857 0.972595

1532259681265042 0.072998 -0.0629883 -0.201294 0.974731
1532259681336850 0.0800171 -0.0591431 -0.203735 0.973938
1532259681464508 0.0828857 -0.0548096 -0.204956 0.973694
1532259681548284 0.0765381 -0.050354 -0.206543 0.974121
1532259681696886 0.0714722 -0.0446167 -0.20575 0.974915
1532259681824546 0.0737915 -0.0400391 -0.204224 0.975281
1532259681855463 0.0748291 -0.0414429 -0.203735 0.975281
1532259682096818 0.0701904 -0.0442505 -0.209412 0.974304
1532259682337176 0.0727539 -0.0493164 -0.217407 0.972107
1532259682384049 0.0727539 -0.0496216 -0.217834 0.971985
1532259682517692 0.0800781 -0.0449829 -0.219238 0.971313
1532259682577533 0.0996704 -0.0406494 -0.220886 0.969299
1532259682756056 0.0640259 -0.0376587 -0.219238 0.972839
1532259682942556 0.0352783 -0.0415649 -0.203674 0.977478
1532259683079191 -0.00964355 -0.0131226 -0.19043 0.981567
1532259683146012 -0.0281372 0.0297852 -0.197266 0.979492
1532259683153005 -0.0315552 0.0403442 -0.201111 0.97821
1532259683346993 -0.0142822 0.130066 -0.266724 0.954834
1532259683408828 -0.0304565 0.16095 -0.27832 0.946411
1532259683459691 -0.0563965 0.183777 -0.265869 0.944641
1532259683489611 -0.0671997 0.188843 -0.254944 0.945923
1532259683558428 -0.109741 0.200073 -0.189819 0.954895
1532259683626246 -0.138367 0.203186 -0.150696 0.95752
1532259683686086 -0.194824 0.210022 -0.0675659 0.955688
1532259683814742 -0.171997 0.203613 -0.00476074 0.963806
1532259683835686 -0.176758 0.207703 0.0010376 0.962036
1532259683880566 -0.184692 0.202515 -0.02771 0.961304
1532259683955366 -0.189209 0.209778 -0.0631104 0.957153
1532259683987319 -0.19635 0.212585 -0.0693359 0.954651
1532259684128902 -0.169678 0.180298 0.0247192 0.968506
1532259684158822 -0.161438 0.194031 0.00671387 0.96759
1532259684324379 -0.186829 0.188843 -0.0245361 0.963745
1532259684473979 -0.206726 0.190308 0.00195313 0.959656
1532259684578699 -0.165588 0.156677 0.0372925 0.9729
1532259684812075 -0.127197 0.176025 -0.0415039 0.97522
1532259684923786 -0.0945435 0.204468 -0.0783081 0.97113
1532259684961675 -0.0878906 0.21283 -0.0837402 0.969482
1532259685037485 -0.0836792 0.216614 -0.0870972 0.968689
1532259685157152 -0.0554199 0.226624 -0.0996094 0.967285
1532259685231952 -0.0355225 0.235168 -0.0981445 0.966309
1532259685335674 0.0167236 0.225342 -0.118042 0.966919
1532259685427429 0.032959 0.187256 -0.162659 0.96814
1532259685441392 0.0280151 0.171265 -0.174805 0.969177
1532259685800438 0.0558472 0.0136719 -0.281494 0.957825
1532259685861270 0.0507813 0.0267944 -0.265137 0.962463
1532259685906149 0.055603 0.0452271 -0.219543 0.972961
1532259685965993 0.0992432 0.0648804 -0.168396 0.978516
1532259686069712 0.160767 0.0713501 -0.0802002 0.981079
1532259686107611 0.184265 0.0708008 -0.0544434 0.97876
1532259686326027 0.311157 0.0265503 0.0143433 0.949829
1532259686385866 0.336853 0.0261841 -0.0116577 0.941101
1532259686486597 0.341003 0.0655518 -0.0875854 0.933655
1532259686551424 0.342163 0.09021 -0.168579 0.919922
1532259686626224 0.341492 0.0447388 -0.217163 0.91333
1532259686686064 0.363159 -0.0292969 -0.228027 0.902893
1532259686828682 0.347778 -0.0543823 -0.333313 0.874573
1532259686956364 0.34021 -0.0377808 -0.443848 0.828125
1532259687493927 0.208801 -0.0738525 -0.614136 0.757446
1532259687772199 0.178772 -0.055481 -0.277588 0.942261
1532259687871933 0.172058 -0.0630493 -0.219482 0.958252
1532259687922780 0.160217 -0.076355 -0.203125 0.962891
1532259687974642 0.136047 -0.0891724 -0.198486 0.966492
1532259687996582 0.130432 -0.0921021 -0.198914 0.966919
1532259688074383 0.11615 -0.101257 -0.19989 0.96759
1532259688101303 0.116028 -0.102722 -0.201233 0.967163
1532259688151169 0.123657 -0.103638 -0.204102 0.965515
1532259688171119 0.125244 -0.105408 -0.202637 0.965454
1532259688199041 0.116211 -0.103394 -0.205933 0.966125

1532259688273841 0.0884399 -0.102234 -0.207214 0.968872
1532259688553101 0.0900269 -0.0710449 -0.213196 0.970215
1532259688651837 0.0900269 -0.0690918 -0.217224 0.969482
1532259688693780 0.0917969 -0.0692139 -0.217773 0.969177
1532259688754618 0.0932617 -0.0696411 -0.219055 0.96875
1532259688814457 0.100403 -0.0668945 -0.221069 0.967712
1532259688874320 0.109863 -0.0596924 -0.224243 0.966431
1532259688959094 0.100037 -0.0628052 -0.222839 0.967651
1532259689010955 0.0859375 -0.0679321 -0.221985 0.968872
1532259689053845 0.0861206 -0.069397 -0.220642 0.969055
1532259689114695 0.085022 -0.0758057 -0.217712 0.969299
1532259689294198 0.0673218 -0.0703735 -0.20636 0.973572
1532259689452774 0.0413208 -0.0675659 -0.174683 0.981384
1532259689550526 0.034729 -0.0656128 -0.158875 0.984497
1532259689716073 -0.00280762 0.00909424 -0.169922 0.985352
1532259689851707 -0.00360107 0.0883179 -0.182556 0.979187
1532259690271584 -0.184082 0.203674 0.0227051 0.961304
1532259690309482 -0.197449 0.193481 0.0684814 0.958557
1532259690421184 -0.200134 0.20343 0.034668 0.957764
1532259690563811 -0.229614 0.22998 0.00756836 0.945679
1532259690676514 -0.19574 0.219727 0.036377 0.955017
1532259690713403 -0.187195 0.219299 0.0479126 0.956299
1532259690781238 -0.173584 0.197144 0.0257568 0.964539
1532259690834095 -0.1875 0.202209 0.00878906 0.961182
1532259690899904 -0.212952 0.21521 -0.0045166 0.953003
1532259690985680 -0.210266 0.21936 0.03479 0.952026
1532259691104357 -0.203491 0.187378 0.0510254 0.959595
1532259691126299 -0.195679 0.190735 0.0542603 0.960388
1532259691283877 -0.171753 0.166443 0.0595093 0.969116
1532259691360672 -0.14209 0.149353 0.0516357 0.977112
1532259691472373 -0.125244 0.139099 0.0286255 0.981873
1532259691546175 -0.11438 0.133728 -0.0182495 0.984192
1532259691599034 -0.0995483 0.129822 -0.0449219 0.985474
1532259691748634 -0.0664673 0.127563 -0.0827026 0.986084
1532259691808474 -0.0564575 0.130615 -0.090271 0.985657
1532259691861333 -0.0446167 0.131958 -0.0966187 0.985474
1532259691950096 -0.0316772 0.134399 -0.0947266 0.98584
1532259692003964 -0.0145264 0.138306 -0.0899658 0.986145
1532259692161531 0.0300903 0.146545 -0.0999756 0.983643
1532259692252287 0.0467529 0.135132 -0.115173 0.982971
1532259692305146 0.0587158 0.110535 -0.141724 0.981934
1532259692357013 0.0582886 0.0645142 -0.176453 0.980408
1532259692378949 0.0540771 0.0461426 -0.188782 0.979431
1532259692460730 0.0615234 -0.0169067 -0.233704 0.970154
1532259692603348 0.0869751 -0.0581665 -0.278503 0.954712
1532259692791858 0.052063 -0.00628662 -0.218994 0.974304
1532259693188787 0.29657 -0.00366211 0.0420532 0.954041
1532259693414180 0.267639 0.106323 -0.169312 0.942505
1532259693444104 0.273499 0.071228 -0.216248 0.934509
1532259693474020 0.274719 0.0479736 -0.222107 0.934265
1532259693525884 0.290466 -0.0372925 -0.237366 0.926208
1532259693563783 0.324097 -0.0744019 -0.251221 0.908997
1532259693744298 0.311096 0.00592041 -0.457947 0.832703
1532259694034521 0.28595 -0.0401001 -0.668701 0.685181
1532259694350676 0.187073 -0.0921631 -0.746277 0.632141
1532259694514239 0.206299 -0.0219116 -0.557373 0.803894
1532259694648879 0.201416 -0.0279541 -0.302734 0.931091
1532259694703732 0.196045 -0.0299683 -0.256836 0.945862
1532259694762574 0.181213 -0.0550537 -0.220581 0.956787
1532259694800473 0.166687 -0.0750122 -0.212158 0.959961
1532259694912174 0.127075 -0.113831 -0.205933 0.963562
1532259694972014 0.137756 -0.120117 -0.201599 0.962219

1532259695053809 0.137085 -0.0946045 -0.199463 0.965637
1532259695151535 0.10907 -0.0912476 -0.189758 0.971436
1532259695192425 0.104736 -0.0917969 -0.187317 0.972351
1532259695211375 0.0999756 -0.0915527 -0.187256 0.9729
1532259695279193 0.098999 -0.0760498 -0.192749 0.973267
1532259695311107 0.0887451 -0.0666504 -0.195068 0.974487
1532259695400868 0.0891724 -0.0575562 -0.198975 0.974243
1532259695421812 0.0894775 -0.0557251 -0.200378 0.973999
1532259695483647 0.0865479 -0.0499878 -0.20282 0.97406
1532259695492622 0.0859375 -0.0485229 -0.203247 0.974121
1532259695545482 0.0847778 -0.0460205 -0.203979 0.974182
1532259695618286 0.0819092 -0.0406494 -0.206421 0.974182
1532259695672160 0.0809937 -0.0380859 -0.208679 0.973877
1532259695739961 0.078186 -0.0359497 -0.210205 0.973816
1532259695784855 0.0777588 -0.0353394 -0.210876 0.973755
1532259695819756 0.0774536 -0.0269775 -0.21228 0.973755
1532259695849676 0.076416 -0.0292358 -0.212341 0.973755
1532259695920488 0.076355 -0.0202637 -0.215027 0.973389
1532259695991297 0.0777588 -0.019043 -0.216187 0.973022
1532259696045153 0.0861816 -0.0150146 -0.218811 0.971802
1532259696060114 0.090332 -0.013855 -0.219604 0.971252
1532259696112972 0.0899048 -6.10352e-05 -0.223022 0.970642
1532259696172812 0.0767212 -0.00646973 -0.219788 0.972473
1532259696269553 0.0531616 -0.0213013 -0.214111 0.975098
1532259696308452 0.0452271 -0.0244141 -0.207275 0.976929
1532259696390231 0.0239868 -0.0252686 -0.186401 0.981812
1532259696452066 0.00823975 -0.0172119 -0.170715 0.985107
1532259696542823 -0.00213623 0.000732422 -0.158752 0.987305
1532259696774204 -0.0386963 0.129517 -0.18457 0.97345
1532259696855985 -0.0408936 0.16394 -0.203369 0.964417
1532259697027526 -0.0880127 0.208557 -0.183044 0.956665
1532259697200065 -0.201599 0.219788 -0.0350342 0.953796
1532259697230983 -0.220337 0.212952 0.00793457 0.951843
1532259697283841 -0.209045 0.196838 0.0443115 0.956848
1532259697336700 -0.206238 0.209534 0.0332642 0.9552
1532259697417483 -0.19281 0.202759 0.00274658 0.960022
1532259697456380 -0.197754 0.214355 -0.0256348 0.956177
1532259697477324 -0.206299 0.22113 -0.0340576 0.952515
1532259697516220 -0.21698 0.233948 -0.0406494 0.946838
1532259697537164 -0.217529 0.237732 -0.036377 0.945923
1532259697584038 -0.211853 0.236084 -0.0112915 0.948242
1532259697650859 -0.18457 0.214233 0.0480957 0.957947
1532259697679782 -0.171631 0.214294 0.0714111 0.958862
1532259697914162 -0.218933 0.23938 -0.0118408 0.945801
1532259697995944 -0.217896 0.242676 0.0294189 0.944824
1532259698064759 -0.184021 0.216797 0.0871582 0.954712
1532259698093682 -0.172241 0.219971 0.0683594 0.957703
1532259698138563 -0.1745 0.204285 0.0863037 0.959351
1532259698192418 -0.18335 0.183411 0.0808716 0.962341
1532259698206381 -0.164001 0.180725 0.0742798 0.966858
1532259698236301 -0.141479 0.179749 0.0567627 0.971802
1532259698266221 -0.141968 0.1828 0.0471191 0.97168
1532259698319079 -0.142395 0.196716 0.00866699 0.969971
1532259698393880 -0.132324 0.2099 -0.0301514 0.968201
1532259698446738 -0.119385 0.214661 -0.0539551 0.967834
1532259698461698 -0.115051 0.213928 -0.0596313 0.968201
1532259698519544 -0.0964355 0.212402 -0.0700684 0.969849
1532259698611301 -0.0811157 0.209473 -0.0765381 0.971436
1532259698679117 -0.0732422 0.209045 -0.0741577 0.97229
1532259698762893 -0.0577393 0.208374 -0.0717773 0.973694
1532259698866615 -0.0177002 0.215454 -0.0702515 0.973816
1532259698918476 0.0205688 0.206604 -0.086853 0.974304
1532259698941415 0.0296631 0.199951 -0.0953369 0.97467
1532259698978316 0.0263672 0.184448 -0.108521 0.97644
1532259699022199 0.0300293 0.170959 -0.120544 0.977356
1532259699077052 0.0221558 0.125305 -0.156616 0.97937
1532259699181772 0.0101929 0.0335083 -0.215942 0.975769
1532259699226652 0.0101929 -0.0298462 -0.269104 0.962585
1532259699317410 0.0177002 -0.0357056 -0.27478 0.960693
1532259699352316 0.036499 -0.0390015 -0.270996 0.96106
1532259699437090 0.0256958 -0.0184937 -0.244995 0.968994
1532259699450055 0.0288696 -0.0111084 -0.231384 0.972351
1532259699501916 0.0955811 0.00561523 -0.170715 0.980652
1532259699848988 0.393311 0.0272217 0.102173 0.913269
1532259699901847 0.373779 0.076355 0.0350342 0.923645
1532259699931767 0.364868 0.0928955 0.0102539 0.926331
1532259699983642 0.346558 0.125977 -0.0635986 0.927307
1532259700006567 0.346619 0.125732 -0.0854492 0.925537
1532259700058429 0.34021 0.0907593 -0.131104 0.926697
1532259700141207 0.363159 -0.0310059 -0.153198 0.918518
1532259700186087 0.384583 -0.0913086 -0.151367 0.906006
1532259700201053 0.39502 -0.106445 -0.155579 0.899109
1532259700260887 0.391296 -0.0823364 -0.216614 0.890564
1532259700328705 0.364136 -0.026123 -0.302795 0.88031
1532259700381564 0.374695 -0.0108643 -0.389282 0.84137
1532259700463345 0.347046 -0.0335693 -0.444275 0.825256
1532259700485287 0.344971 -0.0448608 -0.452881 0.820862
1532259700552108 0.347046 -0.0854492 -0.481628 0.800171
1532259700612945 0.332397 -0.0723267 -0.539429 0.770264
1532259700686748 0.311218 -0.0285034 -0.605286 0.732117
1532259700754573 0.298584 -0.0308838 -0.651123 0.697083
1532259700914147 0.246704 -0.0838013 -0.715576 0.648071
1532259700971985 0.208618 -0.101807 -0.717529 0.656738
1532259700989937 0.21167 -0.104553 -0.712097 0.661194
1532259701228300 0.2052 -0.0664673 -0.45697 0.862915
1532259701287145 0.184082 -0.0708008 -0.364685 0.909973
1532259701368924 0.174866 -0.0705566 -0.273376 0.943237
1532259701466663 0.144409 -0.0712891 -0.222046 0.961609
1532259701549441 0.117188 -0.0895996 -0.206848 0.967163

1532259701788803 0.122498 -0.0883179 -0.180542 0.971863
1532259701849638 0.113281 -0.0941162 -0.171936 0.973999
1532259701871580 0.116699 -0.0960693 -0.169922 0.973755
1532259701940396 0.105225 -0.100281 -0.164917 0.975525
1532259701972310 0.101807 -0.0895996 -0.170959 0.975891
1532259702010209 0.0993652 -0.0786133 -0.173767 0.976563
1532259702037160 0.0889282 -0.0739136 -0.176636 0.977417
1532259702088999 0.0915527 -0.0647583 -0.180725 0.977112
1532259702111937 0.0908203 -0.0618286 -0.182678 0.97699
1532259702150833 0.088623 -0.0581055 -0.184998 0.97699
1532259702189729 0.0881348 -0.0554199 -0.186584 0.976868
1532259702227627 0.0877075 -0.053772 -0.18811 0.976746
1532259702276497 0.0872192 -0.0515747 -0.189087 0.976685
1532259702329355 0.0869141 -0.0480347 -0.190735 0.976563
1532259702369249 0.0875244 -0.046936 -0.192017 0.976318
1532259702407147 0.0865479 -0.0460815 -0.192688 0.976318
1532259702481947 0.0863037 -0.0452881 -0.193787 0.976135
1532259702508875 0.086792 -0.0446777 -0.194153 0.976074
1532259702546774 0.0841064 -0.0574951 -0.192749 0.975891
1532259702610604 0.0875244 -0.0490723 -0.194153 0.97583
1532259702697371 0.0831909 -0.0639648 -0.192566 0.975647
1532259702749597 0.0834351 -0.0635376 -0.192993 0.975525
1532259702786517 0.083374 -0.0627441 -0.193726 0.975464
1532259702849349 0.0831299 -0.0587769 -0.194824 0.975525
1532259702907201 0.0837402 -0.0576782 -0.195984 0.975281
1532259702968032 0.0839233 -0.0574951 -0.196411 0.97522
1532259703027874 0.0853882 -0.0564575 -0.196716 0.975098
1532259703057792 0.085144 -0.0561523 -0.197021 0.975037
1532259703148549 0.0901489 -0.0477905 -0.200073 0.974426
1532259703229333 0.0968628 -0.0485229 -0.202698 0.973206
1532259703268229 0.0913086 -0.0496826 -0.202209 0.973816
1532259703289173 0.0825806 -0.0495605 -0.201599 0.97467
1532259703328069 0.0667114 -0.0508423 -0.201233 0.975952
1532259703349013 0.0632935 -0.0545654 -0.199707 0.976257
1532259703411845 0.0355835 -0.0566406 -0.18573 0.980286
1532259703462709 0.019043 -0.0490723 -0.174011 0.983337
1532259703514570 0.0114136 -0.0241089 -0.14856 0.988525
1532259703531525 0.00653076 -0.0145874 -0.140808 0.989868
1532259703636245 -0.0248413 0.0352783 -0.10968 0.992981
1532259703755934 -0.0352783 0.090271 -0.0941772 0.990784
1532259704020233 -0.0621948 0.199707 -0.124207 0.96991
1532259704108981 -0.0854492 0.211304 -0.123962 0.965698
1532259704253599 -0.177612 0.219055 -0.0670776 0.957031
1532259704394218 -0.191284 0.18457 0.0724487 0.961243
1532259704498938 -0.1521 0.196838 0.0678101 0.966125
1532259704573738 -0.157043 0.193176 0.0192261 0.968262
1532259704844015 -0.158997 0.199585 0.0877686 0.962891
1532259705097337 -0.202393 0.224854 -0.00469971 0.953125
1532259705204052 -0.186523 0.210083 0.059021 0.957886
1532259705361631 -0.147705 0.176758 0.0994263 0.967957
1532259705490288 -0.107605 0.1521 0.0505981 0.98114
1532259705577055 -0.0774536 0.162842 -0.019104 0.983398
1532259705599994 -0.0654297 0.16272 -0.0250854 0.984131
1532259705631909 -0.0574341 0.16217 -0.0268555 0.98468
1532259705757572 0.0268555 0.135193 -0.046936 0.989319
1532259705835364 0.0641479 0.124146 -0.0502319 0.988892
1532259705916149 0.112366 0.103516 -0.0546265 0.986694
1532259705998927 0.142334 0.0836792 -0.0756836 0.983337
1532259706035828 0.144287 0.067627 -0.0894165 0.983154
1532259706186426 0.149414 0.0388184 -0.122803 0.980347
1532259706239284 0.137573 -0.0682373 -0.233093 0.960205
1532259706358964 0.130432 -0.0934448 -0.259277 0.952332
1532259706388884 0.129089 -0.0933228 -0.25531 0.953613
1532259706501583 0.166504 -0.0665283 -0.151489 0.972046
1532259706710026 0.354492 0.0112915 0.120728 0.927124
1532259706719001 0.369324 0.0170288 0.137939 0.918823
1532259706784825 0.397156 0.0166626 0.177246 0.900269
1532259706951380 0.406433 0.0239868 0.149536 0.901001
1532259707002244 0.353882 0.102661 0.0152588 0.929443
1532259707121924 0.373779 0.0447388 -0.0686646 0.923828
1532259707161817 0.383972 0.017395 -0.0733032 0.920227
1532259707198728 0.424805 -0.0644531 -0.0794678 0.899414
1532259707438079 0.402039 -0.0198364 -0.345398 0.847717
1532259707789140 0.356628 -0.0375977 -0.597229 0.717407
1532259707828046 0.338745 -0.0333862 -0.621521 0.705566
1532259707848979 0.333069 -0.0362549 -0.631714 0.699036
1532259708044457 0.265381 -0.0650635 -0.674988 0.685364
1532259708167129 0.245728 -0.0333252 -0.588562 0.76947
1532259708329694 0.212952 -0.0448608 -0.354126 0.909485
1532259708434414 0.196716 -0.06427 -0.235107 0.949646
1532259708511209 0.192932 -0.0748291 -0.19458 0.958801
1532259708603960 0.168396 -0.0955811 -0.166809 0.966736
1532259708737612 0.170776 -0.0961914 -0.157837 0.967773

1532259708821388 0.15979 -0.0774536 -0.159546 0.971069
1532259709014861 0.109924 -0.0599365 -0.175049 0.976563
1532259709067727 0.112427 -0.0595703 -0.174805 0.976318
1532259709094649 0.115479 -0.0595703 -0.174438 0.976013
1532259709155486 0.112549 -0.0588379 -0.174866 0.976318
1532259709214328 0.112549 -0.0588379 -0.176086 0.976135
1532259709294116 0.111206 -0.0584717 -0.176208 0.976257
1532259709307081 0.109375 -0.0570679 -0.177673 0.976318
1532259709344979 0.107605 -0.055542 -0.179443 0.976257
1532259709366925 0.106689 -0.0547485 -0.180176 0.976257
1532259709387864 0.106018 -0.0540161 -0.180969 0.976257
1532259709410803 0.105469 -0.0531616 -0.181885 0.976196
1532259709441721 0.104736 -0.0523682 -0.182861 0.976135
1532259709486607 0.101746 -0.050354 -0.184814 0.976135
1532259709509545 0.101563 -0.0501709 -0.185303 0.976135
1532259709523509 0.101624 -0.0499268 -0.185791 0.976013
1532259709546447 0.101868 -0.0498047 -0.186218 0.975891
1532259709583348 0.102844 -0.050354 -0.18634 0.975769
1532259709614266 0.102905 -0.0509033 -0.186951 0.975647
1532259709650179 0.104553 -0.0507813 -0.187927 0.975281
1532259709695050 0.111694 -0.0507202 -0.188904 0.974304
1532259709717989 0.118591 -0.0492554 -0.18927 0.97345
1532259709794782 0.126404 -0.046936 -0.192749 0.971924
1532259709831684 0.124084 -0.0473633 -0.192444 0.972229
1532259709846644 0.117737 -0.0484619 -0.192383 0.973022
1532259709935411 0.0942993 -0.0551147 -0.190002 0.975647
1532259709989263 0.0878906 -0.0605469 -0.188599 0.976196
1532259710063065 0.0695801 -0.0587158 -0.176819 0.97998
1532259710146841 0.045105 -0.026123 -0.14563 0.987915
1532259710551759 -0.0521851 0.187683 -0.0777588 0.977722
1532259710673434 -0.0811157 0.202698 -0.062561 0.973816
1532259710904815 -0.162659 0.201782 0.0498047 0.964539
1532259710992580 -0.141541 0.185425 0.0957642 0.967651
1532259711024495 -0.150574 0.193726 0.0904541 0.965149
1532259711052419 -0.157959 0.196716 0.0839233 0.963989
1532259711159134 -0.156799 0.220642 0.0395508 0.961792
1532259711308734 -0.169006 0.230042 0.0700073 0.955811
1532259711368574 -0.140076 0.201416 0.127197 0.960999
1532259711436393 -0.125122 0.212341 0.101746 0.963745
1532259711519171 -0.134155 0.203979 0.06604 0.967468
1532259711571049 -0.157227 0.220093 0.0331421 0.962097
1532259711638851 -0.173218 0.238281 0.0168457 0.955444
1532259711713669 -0.178345 0.232971 0.057373 0.954224
1532259711736601 -0.172607 0.22522 0.0765991 0.955811
1532259711773491 -0.155762 0.205994 0.118835 0.958679
1532259711802414 -0.147888 0.196533 0.139587 0.959167
1532259711872228 -0.149719 0.204102 0.126587 0.959106
1532259711916110 -0.141296 0.179138 0.128357 0.965088
1532259711939049 -0.124634 0.177734 0.120544 0.968628
1532259712013866 -0.088501 0.18219 0.0857544 0.975464
1532259712094632 -0.0574341 0.193848 0.0284424 0.978882
1532259712291108 0.02771 0.18219 -0.0283813 0.982422
1532259712394830 0.064209 0.167603 -0.0348511 0.983093
1532259712486589 0.0858154 0.15979 -0.0437012 0.982422
1532259712530467 0.104614 0.147156 -0.0731812 0.980835
1532259712561384 0.110352 0.139404 -0.0857544 0.980286
1532259712606270 0.111206 0.120972 -0.11615 0.979492
1532259712665107 0.0971069 0.0756226 -0.177795 0.976318
1532259712704003 0.085144 0.053772 -0.197937 0.974976
1532259712779800 0.0601807 -0.00671387 -0.239868 0.968872
1532259712830665 0.0564575 -0.0278931 -0.261475 0.963135
1532259712876548 0.0531616 -0.0249023 -0.246277 0.967407
1532259712960318 0.0604248 -0.0170288 -0.203735 0.97699
1532259713043097 0.148743 0.00958252 -0.106567 0.983032
1532259713100941 0.275696 0.0446777 0.0169067 0.960022
1532259713191698 0.352966 0.0736694 0.114868 0.925598
1532259713243560 0.363831 0.0648804 0.158752 0.915466
1532259713296419 0.396118 0.0553589 0.156616 0.903015
1532259713475939 0.321045 0.128662 -0.00579834 0.938232
1532259713559715 0.316895 0.118286 -0.0370483 0.940308
1532259713603598 0.353333 0.0430298 -0.0681152 0.931946
1532259713654471 0.381042 -0.0127563 -0.0748901 0.921387
1532259713724274 0.43811 -0.0498657 -0.10022 0.891907
1532259713799075 0.409668 0.00701904 -0.192444 0.891602
1532259713879858 0.408691 0.0341797 -0.294861 0.863037
1532259713941694 0.413879 0.00488281 -0.337463 0.845459
1532259713984579 0.414368 -0.0506592 -0.360901 0.833923
1532259714089299 0.413208 -0.0543213 -0.432007 0.799805
1532259714201998 0.395325 0.0327759 -0.532532 0.747681
1532259714277794 0.376465 0.0536499 -0.572449 0.726379
1532259714429391 0.344116 -0.0199585 -0.64624 0.680847
1532259714441357 0.343506 -0.0300293 -0.650513 0.676697
1532259714502212 0.335144 -0.0152588 -0.640991 0.690308
1532259714564029 0.333313 0.00115967 -0.621277 0.709106
1532259714583975 0.335083 0.0177002 -0.589905 0.734436
1532259714764493 0.282837 0.0375977 -0.347961 0.893005
1532259714924066 0.240662 -0.00469971 -0.173706 0.954895
1532259714984919 0.221497 -0.0280151 -0.147949 0.96344
1532259715036765 0.1875 -0.0539551 -0.139587 0.970764
1532259715177389 0.162354 -0.0961304 -0.1474 0.970886
1532259715206311 0.168579 -0.0949707 -0.148438 0.969788
1532259715260183 0.18396 -0.0918579 -0.147522 0.967407

1532259715446669 0.114319 -0.0789795 -0.150146 0.978821
1532259715506532 0.0958252 -0.0571899 -0.158386 0.981018
1532259715584343 0.0803223 -0.0385132 -0.168701 0.981628
1532259715645170 0.067749 -0.0283203 -0.175537 0.981689
1532259715723958 0.0575562 -0.0176392 -0.180298 0.98175
1532259716034130 0.0383911 -0.00164795 -0.187134 0.981567
1532259716123890 0.0313721 0.00384521 -0.19165 0.980957
1532259716153823 0.0304565 0.0043335 -0.192139 0.980835
1532259716174753 0.0299072 0.00469971 -0.192566 0.980774
1532259716206677 0.0293579 0.00500488 -0.193298 0.980652
1532259716245564 0.0288696 0.00524902 -0.19342 0.980652
1532259716273490 0.0283813 0.00512695 -0.193665 0.980591
1532259716303410 0.0287476 0.00476074 -0.194214 0.98053
1532259716371229 0.0285034 0.00402832 -0.195313 0.980286
1532259716461006 0.0281982 -0.003479 -0.197632 0.979858
1532259716506882 0.0272217 -0.00665283 -0.197876 0.979797
1532259716574700 0.0244141 -0.0167847 -0.197449 0.979858
1532259716626562 0.0247192 -0.0238647 -0.197083 0.979736
1532259716656482 0.0250244 -0.0241089 -0.197388 0.979675
1532259716707346 0.024353 -0.0221558 -0.198853 0.979431
1532259716746242 0.0235596 -0.0195923 -0.199768 0.979309
1532259716767186 0.0236816 -0.0183716 -0.200134 0.979309
1532259716827025 0.024292 -0.0149536 -0.200073 0.97937
1532259716849964 0.0245972 -0.0132446 -0.199707 0.979431
1532259716887863 0.0263062 -0.0102539 -0.198975 0.979553
1532259716911799 0.0275879 -0.00921631 -0.198792 0.979614
1532259716926759 0.0281982 -0.00817871 -0.19873 0.979614
1532259716993588 0.0266724 -0.00445557 -0.19873 0.979675
1532259717023500 0.0285034 -0.00476074 -0.199036 0.979553
1532259717046439 0.0288086 -0.00549316 -0.199646 0.97937
1532259717067383 0.0286865 -0.00616455 -0.200012 0.979309
1532259717084338 0.0290527 -0.00689697 -0.19989 0.97937
1532259717106292 0.02948 -0.00769043 -0.200073 0.979309
1532259717129218 0.0302124 -0.00793457 -0.200989 0.979065
1532259717166125 0.0410767 -0.00427246 -0.206177 0.9776
1532259717189057 0.0481567 -0.00238037 -0.208923 0.976685
1532259717225959 0.0462036 -0.00140381 -0.21405 0.975708
1532259717248898 0.0418091 -0.000671387 -0.214417 0.97583
1532259717262860 0.038208 -0.00152588 -0.212708 0.976318
1532259717287794 0.0356445 -0.00390625 -0.210327 0.976929
1532259717316717 0.0355225 -0.00787354 -0.207947 0.977417
1532259717329681 0.0372314 -0.0117798 -0.206116 0.977722
1532259717368578 0.039978 -0.0175171 -0.204163 0.977966
1532259717389522 0.038208 -0.0199585 -0.204651 0.977844
1532259717450359 0.0323486 -0.0236206 -0.206543 0.9776
1532259717495238 0.0318604 -0.0246582 -0.208557 0.977173
1532259717556090 0.0289917 -0.0294189 -0.210815 0.976624
1532259717593975 0.0218506 -0.0339355 -0.210754 0.976685
1532259717646834 0.0180664 -0.0457764 -0.204529 0.9776
1532259717668775 0.0065918 -0.0466919 -0.203064 0.978027
1532259717728623 -0.0119629 -0.0413818 -0.186157 0.981567
1532259717757538 -0.0163574 -0.0368042 -0.179871 0.982849
1532259717788455 -0.0305176 -0.0254517 -0.170166 0.984558
1532259717870236 -0.043396 0.00897217 -0.16156 0.98584
1532259718049756 -0.0292358 0.120789 -0.158569 0.979492
1532259718111597 -0.0345459 0.15509 -0.158447 0.974487
1532259718299090 -0.0938721 0.215088 -0.14209 0.961609
1532259718463650 -0.207031 0.243469 -0.043457 0.946533
1532259718537452 -0.215454 0.228943 0.052124 0.947815
1532259718568369 -0.197815 0.218384 0.0878296 0.951538
1532259718697025 -0.168579 0.228577 0.0396729 0.957947
1532259718739910 -0.15564 0.233337 -0.00140381 0.959839
1532259718807729 -0.161987 0.254517 -0.0609741 0.951416
1532259718859591 -0.185242 0.282227 -0.0890503 0.937012
1532259719004204 -0.175659 0.257568 0.0372314 0.949402
1532259719108924 -0.145142 0.197998 0.0842896 0.965698
1532259719182727 -0.143311 0.19873 0.0367432 0.968811
1532259719214650 -0.140076 0.201782 0.0174561 0.969177
1532259719264508 -0.158997 0.221069 -0.039978 0.961365
1532259719302406 -0.177124 0.24176 -0.0645752 0.951782
1532259719341317 -0.192871 0.257874 -0.0623779 0.944641
1532259719394162 -0.188782 0.257324 -0.0140991 0.947571
1532259719454002 -0.175171 0.23291 0.0567627 0.954895
1532259719506860 -0.171509 0.223328 0.0774536 0.95636
1532259719534785 -0.172546 0.205566 0.111572 0.956787
1532259719574678 -0.177185 0.199341 0.0942383 0.959106
1532259719650476 -0.185303 0.177063 0.11322 0.9599
1532259719686380 -0.143005 0.162292 0.103333 0.970825
1532259719703334 -0.132751 0.160278 0.0982056 0.973145
1532259719799078 -0.0953979 0.163086 0.0581055 0.980225
1532259719851936 -0.0706177 0.161743 0.0410767 0.983398
1532259719873878 -0.0418701 0.152832 0.0279541 0.986938
1532259719896817 -0.027771 0.147217 0.0223389 0.988403
1532259719933718 -0.0057373 0.138123 0.00915527 0.990295
1532259719956657 0.00299072 0.133484 0.00274658 0.991028
1532259720054402 0.0331421 0.108215 -0.0258179 0.993225
1532259720105259 0.0560913 0.0949097 -0.0393677 0.993103
1532259720136176 0.0680542 0.0933228 -0.0435181 0.99231
1532259720196017 0.0931396 0.0986328 -0.0476685 0.989563
1532259720233916 0.11731 0.100403 -0.0564575 0.986328
1532259720346614 0.152954 0.0776978 -0.0928345 0.980774
1532259720392505 0.155457 0.0414429 -0.138489 0.977173
1532259720442358 0.131042 -0.00653076 -0.19342 0.97229
1532259720606918 0.106506 -0.0696411 -0.250488 0.959717
1532259720719617 0.11554 -0.0454712 -0.171997 0.977234
1532259721020819 0.383972 0.0213623 0.18573 0.904175
1532259721088629 0.391907 0.0159912 0.180359 0.901978
1532259721127526 0.388062 0.0443726 0.13092 0.911133
1532259721185371 0.346497 0.0830688 0.057312 0.932556
1532259721199334 0.336792 0.0931396 0.0314331 0.936401
1532259721230250 0.331482 0.0990601 0.0065918 0.938171
1532259721261168 0.326172 0.0933838 -0.0344849 0.940002
1532259721298085 0.324646 0.0823364 -0.0465698 0.94104
1532259721404785 0.381775 -0.0614624 -0.071106 0.919434
1532259721439691 0.414673 -0.0782471 -0.0853271 0.902527
1532259721521473 0.387573 -0.0304565 -0.181458 0.903259
1532259721552389 0.383057 -0.0153198 -0.210693 0.899231
1532259721581312 0.385071 0.00427246 -0.271484 0.882019
1532259721627190 0.385071 0.00738525 -0.323303 0.864319
1532259721704983 0.381775 -0.0410767 -0.369934 0.845947
1532259721723931 0.385742 -0.0652466 -0.374817 0.840454
1532259721904448 0.385132 -0.0692749 -0.486145 0.781372
1532259721929390 0.383179 -0.0487671 -0.506348 0.770935
1532259722002186 0.386536 -0.00836182 -0.585876 0.712219
1532259722047066 0.362183 0.0055542 -0.615723 0.699768
1532259722101920 0.33551 -0.0123291 -0.656189 0.675781
1532259722122864 0.329102 -0.0214844 -0.665405 0.669678
1532259722181707 0.296997 -0.0429077 -0.690369 0.658325
1532259722282437 0.269836 -0.0472412 -0.708252 0.650635
1532259722301387 0.262878 -0.0361938 -0.707214 0.655273
1532259722362233 0.239136 0.00939941 -0.69104 0.682007
1532259722425057 0.227661 0.0340576 -0.644287 0.729309
1532259722451984 0.22522 0.0379028 -0.622742 0.748291
1532259722503847 0.220032 0.0358887 -0.540039 0.811584
1532259722550720 0.214355 0.0258179 -0.473389 0.854004
1532259722691344 0.196045 -0.010437 -0.262451 0.944763
1532259722730240 0.192444 -0.0162964 -0.224304 0.955139
1532259722783099 0.17572 -0.0367432 -0.183594 0.966431
1532259722932698 0.153564 -0.0900879 -0.141663 0.973755
1532259722963616 0.150879 -0.0993042 -0.137756 0.973816
1532259723001515 0.151062 -0.0948486 -0.138367 0.974121
1532259723045397 0.154541 -0.0916138 -0.140259 0.973633

1532259723209957 0.119812 -0.0794678 -0.140442 0.979553
1532259723292766 0.0987549 -0.0575562 -0.142883 0.983093
1532259723383524 0.0921021 -0.0435791 -0.149841 0.983398
1532259723421424 0.0899048 -0.0374756 -0.152405 0.983459
1532259723519162 0.0888062 -0.0307617 -0.157593 0.982971
1532259723585983 0.0843506 -0.0286255 -0.160583 0.982971
1532259723645822 0.0829468 -0.0273438 -0.161865 0.98291
1532259723667765 0.0821533 -0.0266724 -0.16217 0.982971
1532259723727604 0.0802002 -0.0244751 -0.163269 0.982971
1532259723758522 0.0775146 -0.0239868 -0.163635 0.983154
1532259723809391 0.0759888 -0.0231934 -0.164246 0.983154
1532259723842304 0.0760498 -0.0123901 -0.166626 0.982971
1532259723864246 0.0748901 -0.0106201 -0.167236 0.982971
1532259723923088 0.0702515 -0.0213013 -0.167053 0.983215
1532259723960986 0.069519 -0.0212402 -0.166931 0.983276
1532259723996891 0.0697021 -0.0209961 -0.166931 0.983276
1532259724042778 0.0679321 -0.0264893 -0.166077 0.983398
1532259724058743 0.0684814 -0.0263062 -0.165833 0.983398
1532259724120571 0.067627 -0.0322266 -0.166077 0.983215
1532259724139509 0.0675049 -0.0316162 -0.166504 0.983215
1532259724162448 0.0678711 -0.0310059 -0.166809 0.983154
1532259724200347 0.0682373 -0.0303345 -0.166992 0.983093
1532259724260202 0.0666504 -0.0291138 -0.16748 0.983154
1532259724299084 0.0652466 -0.0279541 -0.167908 0.983215
1532259724341968 0.0648193 -0.0265503 -0.168579 0.983154
1532259724402805 0.0643921 -0.0249023 -0.169617 0.983032
1532259724463643 0.0631104 -0.0248413 -0.169739 0.983154
1532259724644160 0.0673828 -0.0244141 -0.168335 0.983093
1532259724771819 0.0662842 -0.0219116 -0.173828 0.982239
1532259724846618 0.0697021 -0.0247803 -0.177002 0.981384
1532259724868560 0.0707397 -0.0257568 -0.177612 0.981201
1532259724883519 0.0713501 -0.0269165 -0.178101 0.981018
1532259724906458 0.0715942 -0.0281372 -0.178467 0.980896
1532259724928400 0.0717773 -0.0294189 -0.178772 0.980774
1532259724951339 0.0719604 -0.0305786 -0.179138 0.980713
1532259724972282 0.0722656 -0.0316772 -0.179565 0.98053
1532259725003217 0.0734863 -0.0336914 -0.180237 0.980286
1532259725034116 0.0744019 -0.0344238 -0.180298 0.980164
1532259725049077 0.0754395 -0.0351563 -0.180359 0.980042
1532259725087973 0.0783081 -0.0369263 -0.179871 0.979858
1532259725108917 0.079834 -0.0376587 -0.17926 0.979797
1532259725122880 0.0806274 -0.0387573 -0.178833 0.979797
1532259725145818 0.0804443 -0.039917 -0.179199 0.979675
1532259725168758 0.0799561 -0.0410767 -0.179077 0.979675
1532259725205658 0.0853271 -0.0411987 -0.178833 0.979309
1532259725249542 0.0982056 -0.0371094 -0.183411 0.977356
1532259725266496 0.102173 -0.0355225 -0.186157 0.976501
1532259725309381 0.0984497 -0.0354614 -0.188538 0.97644
1532259725326336 0.0963745 -0.0370483 -0.187134 0.976868
1532259725377200 0.0886841 -0.0390015 -0.186646 0.9776
1532259725409115 0.0825806 -0.0437012 -0.187073 0.977844
1532259725437046 0.0809326 -0.0471191 -0.186035 0.978027
1532259725512837 0.0508423 -0.0531006 -0.178406 0.981201
1532259725589632 0.0323486 -0.0300293 -0.163086 0.985596
1532259725611573 0.0308838 -0.0186768 -0.158325 0.986694
1532259725709312 0.00445557 0.0488281 -0.128174 0.990479
1532259725731254 -0.00213623 0.0619507 -0.124023 0.990295
1532259725791093 -0.0182495 0.100281 -0.118713 0.987671
1532259725812037 -0.0231934 0.112671 -0.118652 0.986206
1532259725871877 -0.0331421 0.134644 -0.118652 0.983154
1532259725992554 -0.043457 0.177917 -0.128845 0.974548
1532259726091301 -0.0580444 0.188171 -0.12793 0.971985
1532259726412431 -0.179688 0.188232 0.0820313 0.962036
1532259726474266 -0.169006 0.177734 0.121887 0.961731
1532259726496207 -0.158936 0.17688 0.107117 0.965332
1532259726511184 -0.164246 0.183777 0.0983276 0.964111
1532259726573002 -0.161499 0.18396 0.0913696 0.96521
1532259726717615 -0.151001 0.227295 -0.0375977 0.961304
1532259726764490 -0.162598 0.25354 -0.0635376 0.951416
1532259726849266 -0.179688 0.257751 -0.0231323 0.949036
1532259726901124 -0.176758 0.225281 0.0511475 0.956726
1532259726967946 -0.170654 0.190735 0.113831 0.959961
1532259726991894 -0.171326 0.190125 0.123718 0.95874
1532259727034767 -0.180786 0.192261 0.103577 0.958923
1532259727052719 -0.176208 0.189209 0.100525 0.960693
1532259727141482 -0.155396 0.192444 0.0324707 0.968323
1532259727186378 -0.170349 0.209106 -0.00494385 0.962891
1532259727215284 -0.187256 0.231018 -0.0321045 0.954163
1532259727291082 -0.212036 0.252625 -0.0142212 0.943909
1532259727378848 -0.196838 0.206238 0.09729 0.953491
1532259727401786 -0.19281 0.193604 0.11554 0.954956
1532259727461626 -0.168823 0.172058 0.119629 0.963074
1532259727584298 -0.13501 0.144226 0.126587 0.972046
1532259727622197 -0.127686 0.141235 0.117798 0.974548
1532259727740879 -0.100281 0.145813 0.0701904 0.981689
1532259727806703 -0.0639038 0.141235 0.0456543 0.986816
1532259727846597 -0.0558472 0.140442 0.0408325 0.98761
1532259727892474 -0.0444946 0.138306 0.0272827 0.988953
1532259727950319 -0.0228882 0.135315 0.0117798 0.990417
1532259728259492 0.0844727 0.0872192 -0.0754395 0.989685
1532259728339278 0.0899658 0.012207 -0.132507 0.987
1532259728389145 0.0883789 -0.0055542 -0.148376 0.984924
1532259728514809 0.0755615 -0.0604248 -0.197632 0.975464
1532259728603571 0.086792 -0.0562134 -0.176941 0.97876
1532259728740207 0.169617 -0.0228882 -0.0528564 0.983765
1532259728865871 0.326538 0.0413208 0.156067 0.931274
1532259728878836 0.359375 0.0415649 0.197998 0.91095
1532259728932691 0.377014 0.0354614 0.225281 0.897644
1532259729045405 0.404114 0.0372925 0.212891 0.888733
1532259729062345 0.39624 0.0497437 0.195984 0.895569
1532259729137161 0.365723 0.0977783 0.130371 0.916321
1532259729187012 0.342224 0.127441 0.0621338 0.928772
1532259729208953 0.338623 0.128662 0.0420532 0.931091
1532259729289737 0.34259 0.09729 0.00219727 0.934387
1532259729360563 0.42157 -0.0770874 0.0165405 0.90332
1532259729381492 0.448792 -0.105713 0.0258789 0.886963
1532259729399443 0.473511 -0.121887 0.0301514 0.871765
1532259729600905 0.419495 0.046814 -0.221375 0.879089
1532259729827299 0.437378 -0.198669 -0.265076 0.835999
1532259729901108 0.424683 -0.165283 -0.328186 0.827393
1532259730051699 0.398865 0.00482178 -0.499756 0.768799
1532259730328958 0.30603 -0.0794067 -0.649231 0.691711
1532259730380820 0.281799 -0.0793457 -0.657043 0.694702
1532259730471577 0.281372 -0.0498657 -0.609375 0.739563
1532259730599235 0.28186 -0.0142822 -0.458252 0.842773
1532259730725897 0.248047 -0.0178223 -0.24585 0.936829
1532259730803690 0.214539 -0.0340576 -0.168091 0.961487
1532259730884473 0.205566 -0.0457153 -0.142273 0.967163
1532259730951306 0.178589 -0.0811157 -0.115173 0.973755
1532259730981215 0.16095 -0.0935059 -0.116821 0.975525
1532259731183673 0.145752 -0.0969849 -0.131409 0.975708

1532259731280414 0.109497 -0.0969238 -0.129761 0.980652
1532259731341251 0.115845 -0.100708 -0.129089 0.979675
1532259731363193 0.113037 -0.0916138 -0.12915 0.980896
1532259731438990 0.102112 -0.0847168 -0.132568 0.982239
1532259731506809 0.101013 -0.0750122 -0.136719 0.982544
1532259731567646 0.101196 -0.071167 -0.13855 0.982544
1532259731633470 0.101135 -0.0693359 -0.139709 0.982544
1532259731694309 0.101379 -0.0680542 -0.14093 0.982422
1532259731784067 0.102966 -0.0661011 -0.142273 0.982178
1532259731820969 0.104248 -0.0646973 -0.143311 0.981995
1532259731866846 0.103455 -0.0635986 -0.14386 0.982117
1532259731926686 0.102417 -0.0621338 -0.14447 0.982178
1532259731947630 0.102966 -0.0614624 -0.144897 0.982117
1532259731979545 0.10376 -0.0604248 -0.145264 0.982056
1532259732023427 0.104248 -0.059021 -0.145996 0.981995
1532259732054345 0.103638 -0.05896 -0.146179 0.982056
1532259732113187 0.10437 -0.0581665 -0.145752 0.982056
1532259732240846 0.11853 -0.0489502 -0.15155 0.980042
1532259732257800 0.11499 -0.0483398 -0.153198 0.980286
1532259732391442 0.0880737 -0.0498047 -0.150452 0.983398
1532259732412387 0.0846558 -0.0510254 -0.150391 0.983643
1532259732450285 0.0709229 -0.0511475 -0.149597 0.984863
1532259732468238 0.0662842 -0.0505371 -0.14856 0.985352
1532259732549022 0.0318604 -0.0362549 -0.13562 0.989563
1532259732629810 0.00640869 -0.00634766 -0.1203 0.992676
1532259732652744 0.000610352 0.00280762 -0.117004 0.993103
1532259732809325 -0.0256958 0.102173 -0.100952 0.989258
1532259733284056 -0.154968 0.238892 -0.00292969 0.958557
1532259733307992 -0.165527 0.236877 0.0162354 0.957153
1532259733396755 -0.187195 0.215698 0.10968 0.952026
1532259733411715 -0.185303 0.208557 0.122803 0.952393
1532259733432659 -0.180054 0.201233 0.133667 0.953491
1532259733484520 -0.176514 0.20752 0.120483 0.95459
1532259733552339 -0.150574 0.212952 0.0692749 0.962891
1532259733584253 -0.142761 0.21936 0.0465698 0.963989
1532259733614173 -0.140564 0.235535 -0.00341797 0.961609
1532259733688984 -0.152771 0.269714 -0.0837402 0.947021
1532259733838572 -0.181946 0.275391 -0.00372314 0.943909
1532259733891432 -0.186951 0.235962 0.0845337 0.949829
1532259733914370 -0.186829 0.22406 0.109131 0.950256
1532259733972216 -0.181946 0.192322 0.158508 0.951172
1532259734032055 -0.184265 0.20166 0.126648 0.953552
1532259734079928 -0.177063 0.199341 0.0755005 0.960815
1532259734133784 -0.177185 0.210938 0.0303955 0.960815
1532259734206589 -0.187927 0.238525 -0.0283203 0.952332
1532259734281389 -0.212769 0.274963 -0.0352783 0.936951
1532259734342226 -0.207336 0.259033 0.0444336 0.942261
1532259734407053 -0.197083 0.226318 0.115173 0.946899
1532259734460909 -0.18512 0.209595 0.154602 0.947571
1532259734484845 -0.180847 0.199524 0.144592 0.952087
1532259734543690 -0.167419 0.172852 0.158325 0.957581
1532259734620482 -0.118469 0.151917 0.155029 0.968933
1532259734633448 -0.107788 0.150146 0.148621 0.971436
1532259734746146 -0.017395 0.153381 0.0780029 0.984863
1532259734779058 -0.00628662 0.148804 0.0667725 0.986572
1532259734798010 0.0236816 0.139221 0.0477295 0.98877
1532259734856850 0.05896 0.124023 0.0302734 0.990051
1532259734878791 0.0695801 0.119202 0.0262451 0.990051
1532259735002460 0.135681 0.105164 0.0119019 0.985046
1532259735048351 0.142639 0.105286 0.0108032 0.98407
1532259735067287 0.157471 0.105591 0.0055542 0.981812
1532259735119149 0.181335 0.104309 -0.0117188 0.977783
1532259735174999 0.193604 0.0985107 -0.031311 0.975586
1532259735218882 0.200439 0.0866699 -0.0545654 0.974304
1532259735301661 0.200012 0.0469971 -0.112305 0.972168
1532259735392417 0.184631 -0.00726318 -0.174683 0.967102
1532259735429320 0.154114 -0.017334 -0.200684 0.967285
1532259735444280 0.146179 -0.0206299 -0.204163 0.967712
1532259735539026 0.150269 -0.0405884 -0.215515 0.963989
1532259735583905 0.147522 -0.0441895 -0.211914 0.965027
1532259735660701 0.138733 -0.0374756 -0.181396 0.972839
1532259735668680 0.138306 -0.0332031 -0.163757 0.976135
1532259735727522 0.166016 -0.0233154 -0.120728 0.978394
1532259735923000 0.36499 0.00543213 0.173157 0.914673
1532259735937969 0.374207 0.00177002 0.191528 0.907288
1532259735958903 0.380676 -0.000671387 0.205627 0.901489
1532259735997799 0.395081 -0.00274658 0.223938 0.890869
1532259736019740 0.400391 -0.000854492 0.225281 0.888184
1532259736157372 0.364136 0.0924072 0.120422 0.918823
1532259736195271 0.355164 0.107117 0.0977173 0.923462
1532259736222199 0.339966 0.125061 0.0546265 0.93042
1532259736298993 0.33551 0.111816 0.00286865 0.935303
1532259736319938 0.341736 0.0736694 -0.0148926 0.936707
1532259736396732 0.394836 -0.0625 -0.0228271 0.91626
1532259736418673 0.409302 -0.0933228 -0.0222778 0.907288
1532259736499457 0.445313 -0.11322 -0.0739746 0.885071
1532259736560295 0.402405 -0.0641479 -0.163757 0.898376
1532259736679975 0.373718 -0.0181885 -0.325806 0.868225
1532259736718871 0.372314 -0.0544434 -0.348267 0.858521
1532259736778710 0.375305 -0.130554 -0.360413 0.843872
1532259736838550 0.37677 -0.17627 -0.384094 0.824219
1532259736906375 0.367798 -0.13446 -0.444397 0.805664
1532259737019068 0.33374 -0.0457153 -0.567139 0.751587
1532259737115810 0.313843 -0.0443726 -0.630615 0.708374
1532259737260423 0.260193 -0.0874634 -0.702759 0.656372
1532259737527718 0.219666 0.00872803 -0.542053 0.811035
1532259737843863 0.176941 -0.0794067 -0.147095 0.96991
1532259737888744 0.160645 -0.0935669 -0.13678 0.972961
1532259737941601 0.164856 -0.106201 -0.129089 0.972046
1532259737962554 0.163879 -0.109863 -0.128174 0.971924

1532259738084220 0.167236 -0.0928955 -0.130554 0.972778
1532259738129100 0.140564 -0.0886841 -0.127014 0.977844
1532259738180961 0.137512 -0.0960083 -0.119324 0.978577
1532259738224843 0.138977 -0.0979004 -0.116516 0.978516
1532259738269724 0.128662 -0.0852051 -0.119873 0.980713
1532259738323583 0.117554 -0.0741577 -0.127625 0.981995
1532259738376438 0.113892 -0.0706177 -0.129395 0.982483
1532259738405361 0.108643 -0.0673828 -0.129639 0.983276
1532259738444263 0.109009 -0.0664673 -0.129395 0.983337
1532259738496118 0.109863 -0.0641479 -0.129456 0.983398
1532259738525193 0.107544 -0.0625 -0.130188 0.983643
1532259738549129 0.107849 -0.0616455 -0.130493 0.983582
1532259738585033 0.108765 -0.0600586 -0.13147 0.983459
1532259738608969 0.108826 -0.0592651 -0.131775 0.983459
1532259738645871 0.108337 -0.0582275 -0.132507 0.983521
1532259738704713 0.106873 -0.0569458 -0.133606 0.983582
1532259738721668 0.105957 -0.0566406 -0.133972 0.983643
1532259738782505 0.104858 -0.0561523 -0.134644 0.983704
1532259738796468 0.104858 -0.0559082 -0.134949 0.983704
1532259738833368 0.104248 -0.0529785 -0.136963 0.983643
1532259738856308 0.104858 -0.0515747 -0.137207 0.983582
1532259738932105 0.101501 -0.0543823 -0.137695 0.983704
1532259739012904 0.101807 -0.0523071 -0.138367 0.983704
1532259739036840 0.102356 -0.0531616 -0.138245 0.983643
1532259739072729 0.102905 -0.0549927 -0.138306 0.983459
1532259739102649 0.102783 -0.0460205 -0.139587 0.983765
1532259739134563 0.10083 -0.0341187 -0.141479 0.984192
1532259739169471 0.101379 -0.0354004 -0.141907 0.984009
1532259739202382 0.101685 -0.036377 -0.142029 0.983948
1532259739239283 0.101624 -0.0374756 -0.142517 0.983826
1532259739276185 0.102234 -0.0385742 -0.1427 0.983704
1532259739305108 0.102417 -0.0393066 -0.142822 0.983643
1532259739337042 0.101807 -0.0405273 -0.142761 0.983643
1532259739381902 0.100891 -0.0418091 -0.142883 0.983643
1532259739441742 0.10083 -0.0425415 -0.143066 0.983643
1532259739463684 0.100647 -0.0426636 -0.143005 0.983643
1532259739515545 0.100769 -0.0429077 -0.142944 0.983643
1532259739538484 0.10083 -0.0429077 -0.142944 0.983643
1532259739553443 0.100281 -0.0430298 -0.142822 0.983704
1532259739613283 0.0997314 -0.043335 -0.142822 0.983704
1532259739650185 0.0997925 -0.043335 -0.142883 0.983704
1532259739666142 0.100037 -0.0432129 -0.142944 0.983704
1532259739687086 0.100464 -0.0432739 -0.142883 0.983643
1532259739725982 0.101685 -0.0437012 -0.142883 0.983521
1532259739763881 0.102234 -0.0441284 -0.143188 0.983398
1532259739807763 0.102173 -0.0442505 -0.143433 0.983337
1532259739846660 0.106079 -0.0447388 -0.143555 0.98291
1532259739906545 0.118591 -0.0374756 -0.145935 0.981445
1532259739966371 0.121765 -0.0376587 -0.149536 0.980469
1532259740010293 0.114807 -0.0378418 -0.147583 0.981628
1532259740049189 0.107239 -0.0401611 -0.146484 0.982544
1532259740070133 0.104919 -0.0412598 -0.146545 0.982727
1532259740086091 0.102966 -0.0421143 -0.146301 0.98291
1532259740122992 0.10083 -0.0446777 -0.145264 0.983215
1532259740145930 0.0993042 -0.0463257 -0.144653 0.983398
1532259740213764 0.0875854 -0.0492554 -0.144348 0.984375
1532259740236688 0.0856934 -0.0507202 -0.143921 0.984558
1532259740249653 0.0787354 -0.050354 -0.144287 0.985107
1532259740296528 0.0591431 -0.0457764 -0.144531 0.986633
1532259740349391 0.0338745 -0.0308838 -0.130493 0.990356
1532259740430171 0.003479 0.0100708 -0.111267 0.993713
1532259740588747 -0.0449829 0.111938 -0.0774536 0.989624
1532259740648586 -0.0459595 0.14624 -0.0736694 0.985413
1532259740708426 -0.0580444 0.178772 -0.0717773 0.979492
1532259740834090 -0.0979614 0.224243 -0.0531616 0.968079
1532259740887947 -0.110229 0.219971 -0.0402832 0.968384
1532259741003646 -0.158386 0.203918 0.0214844 0.96582
1532259741036549 -0.177795 0.199646 0.0835571 0.959961
1532259741205098 -0.135803 0.155945 0.158325 0.965454
1532259741253968 -0.124878 0.155396 0.132935 0.970825
1532259741313807 -0.108154 0.173279 0.0664063 0.976624
1532259741344725 -0.10968 0.18219 0.0426025 0.976196
1532259741479365 -0.147156 0.248535 -0.0485229 0.956116
1532259741535216 -0.157227 0.242737 -0.00494385 0.957214
1532259741621983 -0.15741 0.197021 0.0951538 0.962952
1532259741681823 -0.149048 0.159973 0.151794 0.963867
1532259741734682 -0.123657 0.136353 0.160339 0.969727
1532259741758617 -0.123779 0.133179 0.149963 0.971802
1532259741833418 -0.106506 0.135986 0.102844 0.979553
1532259741904230 -0.125549 0.154297 0.0406494 0.979126
1532259741917205 -0.131042 0.163147 0.0199585 0.9776
1532259741977034 -0.165955 0.202332 -0.0164185 0.964966
1532259742054826 -0.177673 0.206482 0.00494385 0.962158
1532259742089733 -0.172302 0.184814 0.0651855 0.965332
1532259742094720 -0.170105 0.172607 0.0869751 0.966248
1532259742184479 -0.156799 0.128174 0.146362 0.968262
1532259742239333 -0.158691 0.10199 0.150635 0.970398
1532259742342058 -0.125366 0.0892334 0.159851 0.975037
1532259742451764 -0.0668335 0.109192 0.141724 0.981567
1532259742472709 -0.0498047 0.112671 0.132996 0.983398
1532259742517589 0.0088501 0.112915 0.110596 0.987366
1532259742544516 0.0274048 0.108093 0.105408 0.988098
1532259742591391 0.0679932 0.0950928 0.0948486 0.988586
1532259742635274 0.1026 0.0750122 0.0814209 0.988525
1532259742735007 0.15033 0.0525513 0.0610352 0.985291
1532259742854694 0.197693 0.0435791 0.0400391 0.978455
1532259742957412 0.221497 0.0559082 0.0160522 0.973389
1532259743019247 0.231445 0.0552368 -0.0110474 0.971191
1532259743094047 0.232971 0.039978 -0.0576172 0.96991
1532259743154884 0.225403 0.0229492 -0.0880127 0.969971
1532259743197769 0.216675 -0.0150146 -0.135193 0.966675
1532259743236666 0.213806 -0.0375977 -0.161255 0.962708
1532259743274564 0.207336 -0.0435791 -0.17157 0.962097
1532259743349364 0.194458 -0.0548706 -0.1828 0.962158
1532259743401235 0.201111 -0.0599976 -0.177185 0.961487
1532259743476026 0.189026 -0.0547485 -0.144287 0.969727
1532259743504963 0.187012 -0.0513306 -0.128662 0.972534
1532259743582746 0.234253 -0.0285645 -0.0465698 0.970581
1532259743626623 0.26239 -0.0105591 -0.00177002 0.964844
1532259743784202 0.353271 0.0350342 0.166504 0.919861
1532259743956740 0.407593 0.0276489 0.245117 0.879211
1532259744067444 0.396545 0.0541992 0.187317 0.897034
1532259744127284 0.35498 0.104126 0.115906 0.921753
1532259744204079 0.314758 0.140503 0.0479126 0.937439
1532259744338719 0.370361 -0.0195313 -0.0136108 0.928528
1532259744398558 0.422119 -0.0698242 -0.0293579 0.90332
1532259744473358 0.401001 -0.0336914 -0.0919189 0.910767
1532259744579076 0.376526 0.0276489 -0.246216 0.892639
1532259744675817 0.393066 -0.0550537 -0.306824 0.865051
1532259744862318 0.395752 -0.0782471 -0.406494 0.819763
1532259744961055 0.368103 0.00341797 -0.507263 0.779175
1532259745021892 0.357788 0.00146484 -0.553894 0.75177
1532259745058793 0.348999 -0.0151367 -0.577148 0.738159
1532259745088713 0.347839 -0.0244751 -0.586426 0.731079
1532259745141572 0.318237 -0.0513916 -0.61792 0.717102
1532259745162515 0.301758 -0.0629272 -0.629211 0.713501
1532259745207396 0.280273 -0.0785522 -0.645935 0.705688
1532259745222356 0.274109 -0.076355 -0.6474 0.707031
1532259745282195 0.266907 -0.052063 -0.633362 0.724487
1532259745344030 0.266541 -0.0300903 -0.591431 0.760437
1532259745364974 0.269836 -0.0241089 -0.571655 0.774475
1532259745462713 0.263123 0.0067749 -0.440186 0.858459
1532259745515571 0.253845 0.0109863 -0.374084 0.891846
1532259745538510 0.237915 0.0128784 -0.308411 0.920898
1532259745567433 0.232361 0.0103149 -0.277588 0.932068
1532259745644228 0.211182 -0.00854492 -0.175781 0.961426
1532259745665172 0.205139 -0.0141602 -0.15802 0.965759
1532259745681129 0.201477 -0.0220947 -0.143311 0.968689
1532259745718030 0.198059 -0.0291748 -0.131531 0.970825
1532259745740969 0.185852 -0.0452881 -0.117798 0.974426
1532259745801806 0.162231 -0.0717773 -0.110596 0.977905
1532259745844691 0.14624 -0.0861206 -0.109619 0.97937
1532259745861646 0.140564 -0.0900269 -0.109131 0.979858
1532259745996286 0.136475 -0.0898438 -0.112 0.980164

1532259746092030 0.127441 -0.0620117 -0.113342 0.983337
1532259746137925 0.117188 -0.0667725 -0.106689 0.985046
1532259746161843 0.121521 -0.0740967 -0.102234 0.984497
1532259746191763 0.121216 -0.0770874 -0.101135 0.984436
1532259746243625 0.115662 -0.0633545 -0.104004 0.985779
1532259746264569 0.109558 -0.0609131 -0.106873 0.986328
1532259746324423 0.105286 -0.0579224 -0.111572 0.98645
1532259746364302 0.104675 -0.0548706 -0.112793 0.986511
1532259746402201 0.104004 -0.053894 -0.113464 0.986572
1532259746506921 0.104309 -0.050354 -0.115723 0.98645
1532259746521881 0.10321 -0.0496216 -0.116089 0.986572
1532259746566761 0.101807 -0.0483398 -0.11731 0.986633
1532259746603665 0.10022 -0.046936 -0.118713 0.986694
1532259746626601 0.0988159 -0.0462036 -0.119568 0.986755
1532259746664499 0.0953979 -0.0444946 -0.12146 0.987
1532259746686441 0.09375 -0.0432739 -0.122559 0.987061
1532259746712372 0.0921021 -0.0420532 -0.123779 0.987122
1532259746737305 0.0889893 -0.0393066 -0.125854 0.987244
1532259746753262 0.0896606 -0.0404053 -0.126892 0.987
1532259746776201 0.0887451 -0.0322876 -0.128845 0.987122
1532259746815097 0.0888062 -0.0375977 -0.13031 0.986755
1532259746836040 0.0892944 -0.0305176 -0.131836 0.986755
1532259746880921 0.0859375 -0.0292969 -0.133057 0.986938
1532259746903859 0.0869751 -0.0305786 -0.133057 0.986755
1532259746955721 0.088501 -0.0321655 -0.133179 0.986572
1532259746978659 0.088562 -0.0326538 -0.132935 0.986572
1532259747022542 0.0881958 -0.0332031 -0.132813 0.986633
1532259747075401 0.0924072 -0.0252686 -0.134766 0.986206
1532259747100334 0.0931396 -0.0252075 -0.135376 0.986084
1532259747175134 0.0942383 -0.0267334 -0.135437 0.985901
1532259747248936 0.0935669 -0.0281372 -0.135498 0.985901
1532259747256915 0.09375 -0.0280762 -0.136719 0.985718
1532259747308776 0.0950928 -0.0259399 -0.138489 0.985413
1532259747376595 0.109131 -0.019104 -0.145386 0.983093
1532259747398550 0.104126 -0.0187988 -0.148132 0.983276
1532259747509240 0.083252 -0.020813 -0.14624 0.985474
1532259747630914 0.0287476 -0.0175171 -0.143005 0.989136
1532259747654851 0.0128784 -0.0114746 -0.138672 0.990173
1532259747675795 0.00158691 -0.00335693 -0.134033 0.990967
1532259747990952 -0.0474243 0.171082 -0.0597534 0.982239
1532259748071736 -0.0549927 0.199585 -0.0586548 0.976563
1532259748142546 -0.074585 0.206787 -0.0549927 0.973938
1532259748157507 -0.0839233 0.208801 -0.0518188 0.972961
1532259748193411 -0.0986938 0.212341 -0.0429688 0.971191
1532259748237305 -0.114746 0.218262 -0.0250244 0.96875
1532259748274195 -0.138733 0.219238 0.00488281 0.965698
1532259748371934 -0.168152 0.198425 0.108521 0.959412
1532259748431773 -0.17157 0.179382 0.16449 0.95459
1532259748499592 -0.151917 0.165894 0.184937 0.956604
1532259748568408 -0.129944 0.166138 0.154053 0.965271
1532259748619272 -0.129272 0.178467 0.0913696 0.971069
1532259748652184 -0.134216 0.1922 0.0396729 0.971313
1532259748694072 -0.14325 0.208618 -0.00811768 0.967407
1532259748748925 -0.165527 0.231934 -0.0391846 0.957703
1532259748762888 -0.176453 0.24292 -0.0452271 0.952759
1532259748914482 -0.194519 0.227905 0.0610352 0.952087
1532259748934429 -0.193176 0.189758 0.141602 0.952148
1532259748952381 -0.190857 0.179443 0.161682 0.951416
1532259748979309 -0.18573 0.171143 0.176453 0.951355
1532259749041143 -0.154663 0.146912 0.166626 0.962646
1532259749088035 -0.151367 0.15155 0.150696 0.965088
1532259749182765 -0.144653 0.173767 0.0475464 0.9729
1532259749334360 -0.189758 0.228271 -0.019043 0.954712
1532259749379240 -0.193481 0.213196 0.052002 0.956238
1532259749455037 -0.178894 0.164246 0.149109 0.958496
1532259749475981 -0.174683 0.154175 0.169006 0.957642
1532259749612620 -0.149963 0.118896 0.197144 0.961487
1532259749633567 -0.11908 0.0946045 0.194641 0.968994
1532259749663480 -0.101196 0.0953979 0.188782 0.972107
1532259749716338 -0.0834351 0.107544 0.159607 0.977722
1532259749790141 -0.0435181 0.132507 0.113037 0.983704
1532259749823053 -0.0331421 0.139282 0.0985718 0.984741
1532259749935752 0.03302 0.140137 0.0419312 0.988647
1532259749964674 0.0457153 0.135193 0.0383301 0.989014
1532259750053437 0.0928345 0.114746 0.0214844 0.98877
1532259750084355 0.0967407 0.113708 0.019104 0.988586
1532259750135218 0.120728 0.111023 0.00823975 0.986389
1532259750158157 0.128174 0.10791 0.00311279 0.98584
1532259750233954 0.141968 0.0982666 -0.0110474 0.984863
1532259750302779 0.153076 0.0739136 -0.0360718 0.984741
1532259750359618 0.155457 0.00799561 -0.0983276 0.982849
1532259750437426 0.152283 -0.0354614 -0.142761 0.977295
1532259750563074 0.145691 -0.0603027 -0.173889 0.972046
1532259750616930 0.145569 -0.0597534 -0.16394 0.973816
1532259750715666 0.143372 -0.0380859 -0.104553 0.983337
1532259750766530 0.205688 -0.0186768 -0.0306396 0.977905
1532259750797447 0.226624 -0.0131226 -0.003479 0.973877
1532259750841346 0.278381 0.00494385 0.0753784 0.957458
1532259750916130 0.345886 0.0134277 0.169861 0.922607
1532259751004902 0.404053 0.00305176 0.225281 0.886475
1532259751120596 0.419922 0.0131836 0.176147 0.890137
1532259751141528 0.413208 0.0280151 0.151611 0.8974
1532259751200369 0.38092 0.0712891 0.0692139 0.919189
1532259751253229 0.361267 0.0831909 -0.00598145 0.92865
1532259751337005 0.371399 0.0383911 -0.0529175 0.926147
1532259751456685 0.491272 -0.141785 -0.0762329 0.855957
1532259751560407 0.424927 -0.0769653 -0.202942 0.878784
1532259751599312 0.409546 -0.0418701 -0.259705 0.873474
1532259751659143 0.402161 -0.0239258 -0.328125 0.85437
1532259751838666 0.413269 -0.172729 -0.419434 0.789612
1532259751898502 0.392639 -0.135376 -0.482117 0.771362
1532259751919446 0.385437 -0.11792 -0.505066 0.763184
1532259752079021 0.332214 -0.0380859 -0.641541 0.690369
1532259752099964 0.328003 -0.0443726 -0.652405 0.681702
1532259752167783 0.308167 -0.0727539 -0.678406 0.662964
1532259752221639 0.281189 -0.10791 -0.696472 0.651306
1532259752281479 0.266357 -0.107178 -0.699219 0.654724
1532259752303420 0.263 -0.1026 -0.695801 0.6604
1532259752319378 0.261719 -0.0980835 -0.690186 0.66748
1532259752370242 0.264954 -0.0892944 -0.670776 0.68689
1532259752431079 0.278931 -0.0626831 -0.619995 0.730652
1532259752452022 0.281433 -0.0511475 -0.598206 0.748535
1532259752498898 0.284302 -0.0245972 -0.521057 0.804382
1532259752521837 0.283508 -0.0210571 -0.492737 0.822388
1532259752542779 0.281799 -0.0200195 -0.463013 0.840088
1532259752581676 0.275513 -0.0181274 -0.401123 0.873352
1532259752602620 0.270691 -0.019043 -0.370056 0.888489
1532259752657473 0.259705 -0.0218506 -0.310547 0.914124
1532259752716319 0.241516 -0.0289307 -0.232117 0.941772
1532259752800092 0.216736 -0.0516968 -0.149597 0.963257
1532259752858935 0.200317 -0.0715942 -0.123291 0.969238
1532259752909799 0.186707 -0.0825806 -0.112488 0.972412
1532259752987591 0.164917 -0.102051 -0.0987549 0.976013
1532259753022497 0.170715 -0.109436 -0.0930786 0.974792
1532259753082337 0.183533 -0.104309 -0.0877075 0.973511
1532259753121248 0.174561 -0.0922241 -0.086853 0.97644

1532259753204026 0.138306 -0.0835571 -0.0878296 0.98291
1532259753323692 0.126831 -0.0837402 -0.0863647 0.984558
1532259753352615 0.127625 -0.0770264 -0.0888062 0.984802
1532259753391511 0.123962 -0.06604 -0.0930786 0.985657
1532259753404476 0.114258 -0.0617676 -0.0964355 0.986816
1532259753428412 0.108948 -0.0577393 -0.098999 0.987366
1532259753466311 0.107422 -0.0509644 -0.102722 0.987549
1532259753481289 0.106506 -0.0479126 -0.104614 0.98761
1532259753541111 0.102478 -0.0429077 -0.108337 0.987854
1532259753578012 0.101868 -0.0413208 -0.109802 0.987854
1532259753639846 0.10144 -0.0404663 -0.111267 0.987732
1532259753661788 0.101379 -0.0396118 -0.112488 0.987671
1532259753691708 0.101074 -0.0391235 -0.113098 0.98761
1532259753743569 0.0997925 -0.0375977 -0.115723 0.987488
1532259753825381 0.100586 -0.0377808 -0.118347 0.987122
1532259753896191 0.101563 -0.0408325 -0.119019 0.986816
1532259753953039 0.100708 -0.0375366 -0.119202 0.987
1532259753967002 0.10498 -0.0380249 -0.119934 0.98645
1532259754051776 0.109253 -0.0328979 -0.124878 0.985535
1532259754072719 0.0991821 -0.0386963 -0.12384 0.986511
1532259754096655 0.0974731 -0.0405273 -0.12262 0.986816
1532259754118611 0.0953369 -0.0426636 -0.121582 0.987061
1532259754163477 0.0911255 -0.0447388 -0.122925 0.987183
1532259754238276 0.0767212 -0.053772 -0.12439 0.987793
1532259754253236 0.0699463 -0.0546875 -0.123779 0.988281
1532259754291143 0.0552979 -0.0537109 -0.118164 0.98999
1532259754312079 0.0476685 -0.050415 -0.112427 0.991211
1532259754348980 0.0331421 -0.0392456 -0.101318 0.99353
1532259754386879 0.0198975 -0.024292 -0.0872192 0.995667
1532259754432756 0.00518799 -0.00567627 -0.0720825 0.997314
1532259754456692 -0.00506592 0.00384521 -0.0648804 0.997864
1532259754506560 -0.0355835 0.0339355 -0.0475464 0.99762
1532259754791796 -0.0964355 0.15625 -0.0480957 0.981812
1532259754814735 -0.106445 0.162537 -0.0495605 0.979675
1532259754934414 -0.15863 0.185486 -0.0151978 0.969604
1532259755011210 -0.168518 0.185974 0.0150757 0.967834
1532259755057097 -0.184204 0.171021 0.10498 0.962158
1532259755136873 -0.175049 0.147217 0.179138 0.956848
1532259755169786 -0.171753 0.138916 0.189575 0.956665
1532259755249572 -0.158508 0.148865 0.127563 0.967651
1532259755312404 -0.145142 0.159607 0.0841064 0.972778
1532259755355289 -0.147095 0.180603 0.0166016 0.972351
1532259755434079 -0.165344 0.208618 -0.0292969 0.96344
1532259755452031 -0.179932 0.223389 -0.0307007 0.957458
1532259755516858 -0.18634 0.227234 -0.00689697 0.955811
1532259755565727 -0.183716 0.208008 0.0592041 0.958862
1532259755704356 -0.18103 0.161926 0.165222 0.955872
1532259755768185 -0.154541 0.149597 0.166077 0.962341
1532259756129220 -0.188171 0.155396 0.173584 0.954041
1532259756152171 -0.171692 0.137512 0.165649 0.961304
1532259756197039 -0.165588 0.143188 0.173584 0.960144
1532259756368580 -0.110107 0.116394 0.113892 0.980469
1532259756405492 -0.102295 0.117737 0.104065 0.982239
1532259756482276 -0.0822754 0.122009 0.081543 0.985718
1532259756600975 -0.0516357 0.126587 0.0645752 0.988464
1532259756788458 0.0444946 0.148132 0.0338135 0.987366
1532259756832340 0.0612793 0.143127 0.0159912 0.98761
1532259757013854 0.0641479 -0.00494385 -0.123535 0.990234
1532259757154478 0.0911865 -0.0443115 -0.147156 0.983887
1532259757209334 0.0910034 -0.0444336 -0.140503 0.984863
1532259757239252 0.0892944 -0.0429077 -0.134155 0.985962
1532259757372894 0.134521 -0.00567627 -0.0222778 0.990601
1532259757417774 0.233643 0.0258179 0.0901489 0.967773
1532259757441710 0.251709 0.0328979 0.115173 0.960327
1532259757522495 0.332642 0.0418091 0.203064 0.919922
1532259757553412 0.354858 0.0361938 0.229065 0.90564
1532259757592308 0.366333 0.0337524 0.235229 0.899597
1532259757642174 0.370728 0.0133057 0.235046 0.898376
1532259757733929 0.357849 0.0653687 0.167847 0.916199
1532259757794766 0.347595 0.085144 0.148315 0.921875
1532259757870564 0.314209 0.146667 0.0622559 0.935852
1532259757996227 0.363159 0.0146484 -0.0131836 0.931458
1532259758017171 0.375732 -0.0258789 -0.00683594 0.92627
1532259758056067 0.420532 -0.100403 0.0122681 0.901611
1532259758116905 0.486633 -0.145325 0.0289917 0.860901
1532259758153806 0.475647 -0.126099 0.00177002 0.870483
1532259758176745 0.463989 -0.104492 -0.0219116 0.879333
1532259758377208 0.381287 0.0537109 -0.260315 0.885376
1532259758409124 0.384949 0.0341797 -0.266846 0.882813
1532259758618574 0.395813 -0.108032 -0.363525 0.836365
1532259758656462 0.368652 -0.0706787 -0.411133 0.830688
1532259758679400 0.359314 -0.0544434 -0.433044 0.824829
1532259758752206 0.339783 -0.0245972 -0.488464 0.803284
1532259758776141 0.320557 -0.0144653 -0.518555 0.792542
1532259758813045 0.308777 -0.0245972 -0.546143 0.77832
1532259758969625 0.273315 -0.0974121 -0.579895 0.761292
1532259758978600 0.269165 -0.0938721 -0.577698 0.764832
1532259759060382 0.253479 -0.0548706 -0.544312 0.797791
1532259759218959 0.213684 0.012146 -0.339294 0.916016
1532259759404462 0.156799 -0.0286255 -0.131714 0.978333
1532259759444355 0.152344 -0.0477295 -0.11377 0.980591
1532259759480259 0.144531 -0.0650024 -0.105774 0.981628
1532259759540099 0.131409 -0.090271 -0.0979614 0.9823
1532259759585976 0.125854 -0.0997925 -0.0906372 0.982788
1532259759599948 0.135864 -0.0996094 -0.0897217 0.981567
1532259759646814 0.147827 -0.0891113 -0.0951538 0.980347
