1532260714242856 -2.875 -0.375 2.375
1532260714265794 -17.5 -0.875 -6.9375
1532260714310674 -21 1.125 -6.3125
1532260714355554 -5.9375 -0.4375 -0.0625
1532260714430354 -2.3125 -3.5 -1.0625
1532260714550034 -7.9375 -9.5 8.0625
1532260714617853 48.1875 17.4375 47.25
1532260714700632 28.75 78.8125 89.25
1532260714739528 10.5625 89.9375 96
1532260714799367 -8.125 108.688 109.563
1532260714865191 24 95.625 91.75
1532260714903089 62.125 68.3125 75.5
1532260714933009 76.875 59.4375 55.125
1532260714954951 77.3125 54.6875 45.8125
1532260714992851 62.6875 46.5625 39.125
1532260715037730 46.625 44 33.6875
1532260715082610 48.5 44.75 27.0625
1532260715120509 67.8125 41.0625 7.8125
1532260715187330 34.25 15.125 29.125
1532260715233207 39.8125 -8.8125 15.25
1532260715285069 2.25 -9.1875 22
1532260715344909 0.6875 1.1875 7
1532260715382807 -19.9375 8.9375 -4.5625
1532260715420706 -10.0625 10.0625 -10.6875
1532260715442647 -20.75 5.4375 -10.5
1532260715487527 -37.375 -5.5 -2.5625
1532260715547367 -35.0625 -29.1875 12.375
1532260715704946 -61.6875 -57.4375 20.25
1532260715787725 -101.438 -141.625 -7.375
1532260715840583 -96.5 -139.688 -18.3125
1532260715885463 -93.25 -122.313 -21.9375
1532260715930343 -53.25 -51.125 -13.125
1532260715998162 -25.3125 -25.4375 -9.875
1532260716072962 -24.625 12.75 -0.125
1532260716103879 -30.625 19.6875 4.375
1532260716140780 -21.875 31.125 0.3125
1532260716237522 8.125 70.625 4.5625
1532260716359196 101.625 160.5 59.3125
1532260716388119 99.375 156.688 65.5
1532260716404077 99.0625 151.75 72.8125
1532260716477878 89.5625 143.813 81.375
1532260716627479 13.5 35.25 51.875
1532260716672359 -9.75 -7.3125 16.125
1532260716740177 -36.125 -71.3125 -54.8125
1532260716913713 66.875 137.438 115.625
1532260716957596 79.4375 162.063 143.063
1532260716995495 85.4375 153 130.063
1532260717093233 53.625 104.5 79.0625
1532260717147090 35.5 -11.5625 -23.75
1532260717169031 -45.4375 -175.688 -129.875
1532260717212913 -123.375 -176.563 -118.938
1532260717242833 -88.625 -143.125 -113.5
1532260717302673 32.25 -65.125 -54.3125
1532260717385452 53.25 140.563 149
1532260717469227 53.375 143.375 115.938
1532260717505132 30.125 122.188 97.25
1532260717535052 0.5625 92.3125 75.3125
1532260717550012 -10.9375 53.25 43.625
1532260717625826 9.3125 -22.375 -52.1875
1532260717745489 -119.438 -159.938 -107.125
1532260717843228 33.6875 -33.875 -61.3125
1532260717954929 43.75 54.4375 20.5
1532260718037707 -19.3125 38.0625 -48.6875
1532260718067628 -40.6875 33.75 -68.125
1532260718172347 -51.125 58.4375 -73.375
1532260718203264 -52.5 68.9375 -22
1532260718225207 -37.125 69 -15
1532260718248145 -29.4375 61.5 4.5
1532260718294023 -61.375 37.5625 35.5625
1532260718314966 -35.875 37.4375 39
1532260718367825 -20 39 38.375
1532260718390768 -19.125 38.5 36.1875
1532260718557319 -1.625 20.25 -11.5625
1532260718638107 -9.75 7.375 11.375
1532260718780721 34.25 -0.5625 11.5625
1532260718871479 111.438 -72 -29.8125
1532260718915360 120.25 -78.4375 -50.0625
1532260719020081 161.25 -81.75 -88.4375
1532260719036038 159.438 -85.875 -89.5625
1532260719064960 147.063 -120.125 -84.125
1532260719087900 150.875 -128.063 -79.1875
1532260719193616 102.75 -113.75 -40.125
1532260719380118 -80.375 -29.75 -15.3125
1532260719403057 -81.4375 -58.1875 2.125
1532260719454918 -60.125 -104.75 28.625
1532260719522737 -9.9375 -191.875 52.625
1532260719560636 4.9375 -202.125 64.25
1532260719612505 -57.75 -38.625 5.375
1532260719627457 -60 -24.1875 1.5
1532260719689292 2.1875 7.5625 -2.875
1532260719733174 -15.9375 8.4375 2.3125
1532260719770076 -15.0625 12.3125 7.875
1532260719793014 26.25 17.8125 7.1875
1532260719814955 22.6875 20.0625 6.125
1532260719837894 10.6875 18.1875 8.75
1532260719890753 3.9375 7.875 3.5625
1532260719958571 -21 -2 -2.75
1532260719987493 -2.4375 -8.625 -9.8125
1532260720048331 -0.3125 -17.0625 -24.3125
1532260720093212 -9.5625 -26.4375 -21.6875
1532260720182971 -28.125 -8.3125 -5.6875
1532260720227850 -10.3125 8 11.3125
1532260720257771 -13.25 3.9375 11.625

1532260720304675 -7.3125 -4.1875 10.8125
1532260720392439 64 34.625 6.625
1532260720513176 31.875 -14.875 -7.5
1532260720580994 -30.6875 -27.6875 -6.4375
1532260720632855 28 -21.75 -14.0625
1532260720655803 48.75 -1.75 -28.75
1532260720700674 -14 30 -85.875
1532260720798413 -109.313 -3.625 -159.313
1532260720858253 -99.0625 -16.5 -149.313
1532260720969954 25.5 -55.6875 -58.0625
1532260721014834 54.1875 -46.6875 -24.25
1532260721097613 -30.0625 5 -6
1532260721165431 11.25 43.3125 6.3125
1532260721255198 4.3125 -7.5 13.625
1532260721309048 13.25 2.75 4.5
1532260721389831 -4.3125 -5.625 4.8125
1532260721472610 -19.25 -5.0625 -2
1532260721609803 1.75 -0.6875 3.5625
1532260721652689 8 3.375 0.4375
1532260721780348 -1.875 1.25 -1.4375
1532260721863126 -0.75 -4.625 -1.9375
1532260721914988 1.5 -2 -1.625
1532260722020370 -3.0625 -0.375 -1.625
1532260722058263 1.5625 -0.4375 -1.9375
1532260722148021 -1.9375 0 -1.125
1532260722222820 1 -0.625 -1.875
1532260722297620 4.1875 -0.5625 -1.75
1532260722395359 2.3125 0 -2.5
1532260722433272 7.875 -2.375 -1.8125
1532260722456197 4.5 -2.875 -3.6875
1532260722559918 -13.0625 -2.8125 -1.8125
1532260722612778 -8.3125 -2.9375 -1.8125
1532260722635716 1.25 -3.625 -2.1875
1532260722687578 2.375 -2.75 -1.5
1532260722696553 -2.5625 -1.8125 0
1532260722734452 5.5 0.9375 0.5
1532260722762377 11.0625 0.9375 -1.6875
1532260722800276 -5.3125 -0.125 -0.4375
1532260722830196 -8.25 -0.5 0.5
1532260722912975 0.8125 -0.75 -1.25
1532260722949876 -4.8125 -0.875 -1.875
1532260723017695 -6.875 -6.375 7.4375
1532260723055594 -20.25 -3.5625 11.0625
1532260723152335 -36.8125 52.5625 50.6875
1532260723207188 59.6875 61.625 110.625
1532260723295805 54.5 26.5 80.125
1532260723317748 50.0625 23.125 49.6875
1532260723340687 36.5 18.125 17.4375
1532260723377589 14.625 8.3125 -11.0625
1532260723407508 -11.9375 -3.3125 -35
1532260723452388 -115.563 -13.5625 -83.875
1532260723505247 -60 -26.6875 -103.875
1532260723550127 -70.9375 -32.25 -81.875
1532260723565087 -65.75 -28.6875 -63.3125
1532260723677786 -38.625 -32.625 -50.9375
1532260723827393 29.5625 -2.3125 10.5625
1532260723873270 26.3125 -10.75 1.3125
1532260723933110 34.625 -7.375 -2.625
1532260723955053 27.3125 -6.375 1.3125
1532260724054786 17.25 17.25 0.3125
1532260724112630 16.25 10.125 4.25
1532260724150529 12.375 7.125 3.75
1532260724187446 -1.3125 5.4375 7.4375
1532260724278204 4.875 2.625 0
1532260724353004 3.125 6 -1.5625
1532260724382923 5.9375 8.25 -0.125
1532260724397884 6.1875 8.5 -1.625
1532260724442780 0.3125 6.5625 -2.0625
1532260724502620 -2 4.5 0.25
1532260724676156 5.4375 3.125 -1.5625
1532260724713057 4.1875 3.3125 -0.6875
1532260724749959 3.5625 3.5 -1.5625
1532260724772898 4.25 2.75 -1.5
1532260724796841 4.3125 2 -3.375
1532260724877617 5.6875 5.8125 -4.3125
1532260724900556 6 6.625 -7.8125
1532260724930476 17.125 1.5625 -1
1532260724975356 -3.9375 -3.25 0.875
1532260724997297 -5.6875 -3.3125 1.25
1532260725020236 -1.5625 -2.625 1.9375
1532260725035283 4 -2.3125 0.875
1532260725065204 -0.8125 -3 2.125
1532260725140004 -7.5 -0.9375 1.375
1532260725230761 -0.9375 0 2.375
1532260725261678 0.4375 0.5625 1.375
1532260725319872 0.8125 1.4375 0.1875
1532260725365751 -0.8125 2.4375 -0.25
1532260725387693 -3.125 2.3125 0.0625
1532260725440551 -0.875 5.625 -5.3125
1532260725455513 4.25 9.6875 -0.25
1532260725485441 -6.5625 -0.3125 7
1532260725522332 -10.4375 -2.75 4.125
1532260725562225 9.125 -7.9375 3.75
1532260725679911 -3.0625 -2.25 1.4375
1532260725717809 -0.3125 1.9375 0.75
1532260725732768 -1.6875 3.375 0.25
1532260725771664 -1.375 6.25 2.125
1532260725793606 -0.875 5.9375 2.5625
1532260725839484 -3.375 -2.0625 -1.8125
1532260725861425 -15.5 -4.0625 2.1875
1532260725905308 -22.125 -7.625 6.6875
1532260725973127 29.4375 -7.375 8.5625
1532260726039948 -13.75 5.6875 -9.875
1532260726062885 3.8125 4.125 -4.375
1532260726077846 10.8125 -1 0.5625
1532260726092806 2.75 -5.5625 5.5625
1532260726137686 -2.625 -6.5625 8
1532260726160625 -3.5 -5.4375 5.875
1532260726182566 1.9375 -5.125 6.1875
1532260726227446 0.25 -2.4375 -1.625
1532260726250385 -9.875 0.5 -3.125
1532260726295265 -3.375 3.5 -4
1532260726327180 -1.75 4.1875 -3.125
1532260726363083 -4.75 2.25 0.625
1532260726407970 -1.75 1.625 1.25
1532260726482769 -3.6875 -0.75 -2.6875
1532260726572532 1.625 -1.3125 -1.375
1532260726670268 1.875 -0.8125 -3.1875
1532260726693207 1.375 -1 -4.25
1532260726774988 0.0625 0.5 -2.25
1532260726791943 1.8125 0.8125 -3.125
1532260726850786 -2 -1 -2.3125
1532260726872727 -2.375 -0.625 -1.4375
1532260726880705 -2.5 -0.4375 -0.5625
1532260726896672 -1.125 -0.3125 -1
1532260726962487 1.1875 0.9375 -0.5
1532260726985430 1.5625 0.8125 -1.4375
1532260727030306 0.75 -0.1875 -1.875
1532260727069201 -1.25 0.5 -1.75
1532260727149985 0.0625 2.5 -2.0625
1532260727172943 -0.6875 2.8125 -1.375
1532260727196861 -1.125 2.1875 -1.25
1532260727247724 -0.75 1.125 -1.0625
1532260727270663 -0.75 0.375 0.375
1532260727307563 -2.5625 -0.375 0.75
1532260727352444 -1.8125 -0.875 0.875
1532260727428241 -1.3125 0.75 1.0625
1532260727458161 -1.125 0.8125 0.625
1532260727511264 2.8125 1.3125 -1.3125
1532260727593054 -3.3125 0.5625 0.0625
1532260727646911 -3.4375 1 -0.5625
1532260727697758 0.9375 -0.375 0.1875
1532260727727677 -3.1875 -1.375 -0.0625
1532260727780536 -4.8125 -4.1875 0.4375
1532260727893249 4.6875 0.625 5.3125
1532260727975016 -4.8125 3.125 -2.375
1532260728013912 -1.875 -0.875 -3.3125
1532260728088130 -2.6875 -10 -4.1875
1532260728169911 4.5625 -7.875 -4.0625
1532260728207811 6.625 -4.6875 -5.625
1532260728222770 1 1.5 -4.5625
1532260728290589 -4.25 2.375 -2.25
1532260728418247 1.3125 -1.4375 -0.5625
1532260728522967 2.8125 -1 0.875
1532260728740388 -3.0625 -1.375 -1.5
1532260728823177 -8 9.4375 -2.6875
1532260728912925 -1.3125 9.0625 -0.0625
1532260728934866 -5.6875 5 1.4375
1532260728980743 -5.25 4.0625 0.75
1532260729086461 4 -1.125 1.5
1532260729117377 0.8125 -0.25 1.125
1532260729153282 -0.5625 -1 0.0625
1532260729183202 0.125 -1.1875 0.8125
1532260729220103 -2.875 -3 1.5
1532260729250023 -4.4375 -2.0625 0.9375
1532260729302882 3.0625 -0.25 -0.6875
1532260729333799 1.5625 0.75 -1
1532260729362721 2.75 -0.3125 -0.375
1532260729385660 3.5625 -1.25 -1.5
1532260729437522 1.5 -1.0625 -0.6875
1532260729490381 0.5 0.25 -0.0625
1532260729505349 1.375 1.3125 -1.0625
1532260729618039 0.1875 0.5625 -1.1875
1532260729677878 0.0625 0.3125 0.5
1532260729767638 0.6875 1.5 0.25
1532260729805538 1.9375 1.6875 -0.5
1532260729979073 -0.875 -1.375 0.9375
1532260730044903 0 -2.125 0.4375
1532260730105738 -1.6875 -1.75 0.1875
1532260730218154 -0.4375 0.9375 -0.9375
1532260730240096 -0.25 1.3125 -1.5
1532260730284975 0.6875 1.625 -1.25
1532260730405654 0 1.625 -1.5625
1532260730427593 -0.25 1.375 -1.3125
1532260730511381 0.3125 0.375 -0.125
1532260730555223 1.3125 0.625 -0.125
1532260730623042 -0.5 0.4375 -0.4375
1532260730689863 -0.3125 -0.625 -0.0625
1532260730750700 -0.9375 -1.6875 -0.3125
1532260730772643 -1.375 -0.6875 -1.0625
1532260730817521 -0.625 -0.875 1.0625
1532260730900301 -0.5625 0.1875 -0.25
1532260730945180 0.5 0.3125 0
1532260730983179 0.5625 0.375 0.4375
1532260731013099 -1.4375 -0.3125 0.875
1532260731043018 -0.875 -0.25 1.25
1532260731079922 -1.5625 -0.1875 0.9375
1532260731094880 -1.25 -0.375 0.625
1532260731177659 -1.4375 -0.25 0.5
1532260731237499 -0.4375 0.75 0.125
1532260731260437 -0.25 1.0625 -0.4375
1532260731344213 0 0.625 0.5
1532260731388096 0.6875 0.25 0.875
1532260731492816 0.875 -0.5 0.9375
1532260731576592 -0.4375 0.0625 -0.75
1532260731627455 -0.125 1 -0.375
1532260731650395 1.1875 1.25 -0.5625
1532260731748134 0.25 0.25 -0.4375
1532260731829915 -0.625 -0.3125 0.125
1532260731859835 -1.3125 -0.3125 0.0625
1532260731905711 -0.5625 -0.3125 -0.3125
1532260731942613 0.0625 0.125 -0.5625
1532260732025392 0.4375 0.25 -0.125
1532260732176987 -0.9375 -1.375 0.6875
1532260732257772 -0.5625 -0.625 0.875
1532260732280709 -0.4375 -0.6875 0.375
1532260732296667 0.3125 0.125 -0.25
1532260732415246 -0.1875 0.5 0.5625
1532260732512984 -0.5625 -0.375 0.625
1532260732677698 1.75 0.1875 0.3125
1532260732775437 -0.5625 -0.75 1
1532260732880156 -0.4375 -0.0625 0.5
1532260732954985 0.1875 -0.0625 -0.375
1532260733022800 1.6875 -0.1875 0.5625
1532260733054709 3.5625 -1.25 1.1875
1532260733135493 -0.8125 -1 0.8125
1532260733188367 -2.5625 -0.3125 1
1532260733210293 -2.1875 0.125 0.3125
1532260733287087 0.9375 1.0625 -0.5
1532260733309028 -0.75 0.625 -0.6875
1532260733367879 -0.5625 0.9375 -0.0625
1532260733451647 0 -0.4375 0.75
1532260733564346 -1.125 0.5625 0.375
1532260733587284 -0.6875 0.8125 -0.625
1532260733690010 -0.9375 1.4375 -0.75
1532260733780767 -0.4375 -0.75 0.25
1532260733802708 0.3125 0.125 -0.1875
1532260733825647 0.0625 0.125 -0.0625
1532260733847588 -1.0625 0 0
1532260733915407 -1.6875 0.0625 -0.5625
1532260734035087 0.8125 -0.125 -0.125
1532260734079967 1.5 -0.8125 1.1875
1532260734200644 -0.3125 -0.5 0.4375
1532260734275444 0 -0.0625 0.1875
1532260734350244 -0.0625 1.125 -0.75
1532260734403103 -1.125 1.0625 -0.8125
1532260734530779 0.0625 -0.9375 0.3125
1532260734590603 1.625 -1.875 1.4375
1532260734666399 4.125 0.1875 1.1875
1532260734778101 -0.5 0.625 0.3125
1532260734950639 -1.1875 1.3125 -0.0625
1532260735445403 -1 -0.6875 -0.25
1532260735529179 -0.3125 0.125 -0.375
1532260735565083 -0.125 0.5 -0.25
1532260735655847 -0.125 -0.25 -0.3125
1532260735700720 -0.375 0.8125 -0.25
1532260735783500 4.4375 0.375 -0.25
1532260735805440 3.375 -0.375 0.3125
1532260735918139 -1.6875 -1.4375 0.75
1532260735955040 -0.0625 -0.875 0.375
1532260736045797 0 -0.125 0.125
1532260736082699 -0.0625 -0.1875 0.4375
1532260736232947 0.25 -0.4375 0.1875
1532260736367587 1.875 -1.375 0.8125
1532260736495836 -1.875 -1.1875 0.375
1532260736555679 -0.8125 -0.1875 0.1875
1532260736616515 0.5 -0.4375 0.375
1532260736683336 0.125 -0.3125 0.0625
1532260736907737 1.3125 0 0.125
1532260736982537 0.8125 0.125 -0.3125
1532260737035395 -0.25 0.5 -0.1875
1532260737155076 -2.4375 0.125 -0.125
1532260737178014 -1.4375 0.1875 0.375
1532260737297694 1.4375 0.3125 0
1532260737365512 -0.125 -0.125 -0.375
1532260737403414 -1.25 0.5625 -0.375
1532260737425352 0.0625 0.625 -0.3125
1532260737508131 -0.375 0 -0.4375
1532260737538051 -2.0625 0 -0.125
1532260737597891 0 -0.3125 -0.1875
1532260737657731 -1.25 1.0625 -0.875
1532260737740509 -0.5625 -0.6875 1.1875
1532260737777411 1.0625 -0.5 0.4375
1532260737853208 -2.4375 -0.875 -0.125
1532260737920030 1.125 -0.1875 0
1532260737950255 -6.6875 -0.625 1.5
1532260737988154 1.5 -1.125 0.6875
1532260738025856 1.125 -0.0625 0.625
1532260738070738 -0.5625 0.4375 0.5625
1532260738182445 3.625 4 -0.625
1532260738214354 9.625 13.375 4.0625
1532260738265217 9.6875 -5.125 2.9375
1532260738303116 5.8125 -5.5625 -0.125
1532260738340018 -4.125 -5.9375 0.875
1532260738369938 -7 -6.75 4.5
1532260738415815 -1.6875 -6.875 -4.75
1532260738460694 -10.625 -6.4375 -4.25
1532260738527516 -1.8125 -2.125 0.625
1532260738558721 -2.9375 -1.6875 -0.5625
1532260738580662 -4.8125 -1.625 -0.6875
1532260738611586 -4.8125 -1.8125 1.9375
1532260738656475 -2.125 -2.0625 3.1875
1532260738715302 -1 -2.125 2.4375
1532260738753200 -4.625 -1.875 2.5625
1532260738834981 -2.25 -1.25 1.125
1532260738925330 -6.125 -1.6875 0.125
1532260738970205 -3.9375 -1.5625 -0.9375
1532260738985164 -3.375 -1.5625 -0.5625
1532260739015104 -0.3125 -0.125 1.5
1532260739038042 -1.0625 2.9375 5.625
1532260739104864 -0.75 -0.5 1.5625
1532260739150741 8.5625 -3.1875 1.625
1532260739180661 12.0625 -4.25 0.1875
1532260739217562 -16.875 -20.5 8.875
1532260739255020 -33.3125 24.4375 18.8125
1532260739284940 -15.8125 60.125 36.3125
1532260739405618 -14.25 53.875 156.25
1532260739697835 -21.1875 -8.25 16.6875
1532260739780615 -25.25 -9.875 3.1875
1532260739862395 -15.1875 -6.625 -3.75
1532260739892316 -1.6875 -12.4375 -3.875
1532260739908273 4.625 -14.625 -0.8125
1532260739953153 7.625 -8.625 -3
1532260740027953 6.75 -3.75 -0.875
1532260740298230 -6.125 -8.25 -5.875
1532260740447830 -8.5 -0.6875 -6.375
1532260740479745 -8.875 0.5625 -7.0625
1532260740493708 -6.4375 0.1875 -6.75
1532260740567510 -5.625 5.5625 -10.875
1532260740590449 -7.375 2.875 -8.625
1532260740635329 -4.375 -1.125 -6.1875
1532260740786924 1.4375 -10.375 -4.375
1532260740814849 8.0625 -10.6875 -5.0625
1532260740950486 4.625 -5.0625 -10
1532260741033195 -0.5625 -2 -7.375
1532260741205733 -1.25 0.3125 -7.0625
1532260741257595 -1.0625 1.625 -3.8125
1532260741400214 6.4375 5.3125 0
1532260741482992 25.875 16.0625 -7.6875
1532260741512913 -7.6875 8.25 -7.25
1532260741760251 -18.875 7.1875 36.0625
1532260741835051 -0.4375 37.375 70.5625
1532260741866966 -5.0625 45.375 73
1532260741917829 -16.75 48.5 74.6875
1532260741970688 -6.8125 46.5 76.625
1532260742052469 44.8125 52.4375 63.1875
1532260742150208 57.0625 47.3125 46
1532260742188107 58.25 45.75 44.375
1532260742234001 56.625 39.5625 30.6875
1532260742292827 49.1875 34.8125 23.375
1532260742405526 24.25 7.0625 18.25
1532260742422480 24.5625 3.8125 15.5625
1532260742450405 26.25 1.3125 13.8125
1532260742593024 27.3125 2.9375 14.125
1532260742622944 30.0625 4.875 16.5
1532260742659846 20.125 14.5625 -0.8125
1532260742682784 9.75 14.8125 3.8125
1532260742697744 9.8125 12.1875 7.1875
1532260742742624 5.375 12.8125 3.25
1532260742787504 6 11.1875 2.5
1532260742825403 10.125 7.5 -2.125
1532260742855322 6.6875 0.9375 -2.6875
1532260742909179 -11.5625 2.0625 0
1532260742945082 -5.375 1.5 -0.125
1532260742968021 -11.4375 -1.1875 1.625
1532260742989963 -15.5 -3.5 5.6875
1532260743042821 -23.375 -6.1875 6.8125
1532260743125600 -32.875 -13.0625 8.5
1532260743276197 -128.813 -111.563 -3.9375
1532260743350997 -141.875 -112 -12.4375
1532260743447738 -103.625 -117.25 -23.875
1532260743492619 -99.0625 -123.25 -29.125
1532260743545477 -27.3125 -5.25 -20.5625
1532260743567418 -32.5625 1.125 -9.8125
1532260743613295 -18.125 5.5625 -9.8125
1532260743680117 -13.4375 25.0625 -3.25
1532260743724997 -14.0625 33 -0.6875
1532260743754917 4.5625 52.5 0.375
1532260743762896 14.3125 66.75 0.125
1532260743792815 19.6875 87.375 5.0625
1532260743807775 19.8125 100.563 6.875
1532260743830714 33.0625 111 13.125
1532260743897549 71.375 129.438 28.8125
1532260743920488 73.8125 137.563 34.9375
1532260743972349 94.1875 153.25 51.125
1532260744070086 104.313 143.188 76.0625
1532260744107986 105.813 131 65.8125
1532260744174807 97.8125 121.375 67
1532260744242626 64.9375 91.8125 49.375
1532260744402199 -25.4375 -112.438 -99.625
1532260744423143 -32 -133.188 -96
1532260744445092 -101.125 -143.75 -61.625
1532260744497943 -36.0625 -30.25 -0.25
1532260744519884 58.5625 43.625 52.625
1532260744542831 28 110.75 92.9375
1532260744602667 49 108.188 62.1875
1532260744656519 7.375 16.125 7.8125
1532260744694418 5.75 -21.5625 -35.875
1532260744730322 20.625 -60.1875 -80.75
1532260744820082 -38.3125 -170.875 -119.875
1532260744902860 83.5625 118.188 104.688
1532260744962700 50.6875 160.125 102.563
1532260744977660 55.4375 139.313 75.0625
1532260745022541 -8 72.625 49.0625
1532260745158177 5.8125 4 -29.75
1532260745219015 -121.625 -138.375 -87.3125
1532260745239959 -40.25 -78.9375 -68.25
1532260745330716 76.0625 45.5625 73.125
1532260745345676 24.25 93.0625 102.188
1532260745397537 63.875 152.5 100.625
1532260745442417 10.8125 88.1875 62.9375
1532260745510236 28.1875 -34.8125 -40
1532260745555116 24.9375 -70.9375 -67.375
1532260745585036 -13.0625 -131.063 -97.1875
1532260745675793 -29.125 -153.25 -110.688
1532260745900193 -28.125 129 25.5625
1532260745939090 -18.3125 124.313 36.6875
1532260745960033 -48.75 104.875 49.5
1532260745974993 -57.375 92.875 47.5625
1532260745997932 -37.0625 84.3125 44
1532260746034834 -47.625 68.125 30.3125
1532260746057771 -58.4375 57.1875 26.1875
1532260746104646 -69.375 52.3125 7.125
1532260746162492 -79.1875 47.1875 -8.5
1532260746364950 -7.9375 -8.4375 -12.9375
1532260746582369 179.813 -79.9375 -6.4375
1532260746643206 194.25 -81.9375 -17.125
1532260746673126 207.188 -84.4375 -27.9375
1532260746777846 192.188 -118.875 -81.625
1532260746816742 174.063 -146.375 -72.3125
1532260746875585 104.938 -119.688 -31.75
1532260747040156 77.625 -50.75 -4.875
1532260747055122 38.3125 -29.875 -1.9375
1532260747295462 -43.75 -163.563 38.9375
1532260747438080 -54.8125 30.75 -2.25
1532260747474982 26.9375 34.9375 -8.0625
1532260747497921 38.875 37.8125 -8.8125
1532260747595659 -1.9375 30.625 1.25
1532260747640539 -1.75 13 16.375
1532260747671457 -6.0625 -0.8125 16.0625
1532260747700379 2.375 -8.625 12.5
1532260747738278 0.9375 -9.0625 8.0625
1532260747798118 -3.4375 -5.6875 8.5
1532260747971666 -19.1875 -12.3125 -4.0625
1532260748037478 -17.375 -18.3125 -2
1532260748128235 27.3125 -21.8125 -10.8125

1532260748188075 -21.5 -5.4375 -13.4375
1532260748285814 26.25 -18.4375 7.8125
1532260748420454 -17.1875 -22.9375 -0.8125
1532260748435415 0.4375 8.5 -10.3125
1532260748488273 -31.5625 4.5625 -0.6875
1532260748542129 11.375 3.875 -2.125
1532260748578032 24.125 1.0625 -2.4375
1532260748607953 8.8125 -1.0625 -0.25
1532260748742592 -2.6875 5.5 2.1875
1532260748819387 -2.1875 3.9375 -0.125
1532260748870251 32.0625 14.4375 -4.875
1532260748915131 31.0625 21.125 -3.125
1532260748953030 -9.3125 1.4375 4.625
1532260749057750 25.0625 4.3125 37.625
1532260749096646 5.9375 16.4375 37.125
1532260749118587 -11.4375 21.875 40.3125
1532260749162470 -26.25 23.25 41.5625
1532260749177429 -25.5625 22.25 38.6875
1532260749200369 -24.5 12.25 37.625
1532260749230288 -27.875 12.375 34.625
1532260749253228 -18.4375 16.125 32.4375
1532260749387867 -28.0625 50.125 40.5
1532260749552443 -17.75 102.063 61.4375
1532260749569382 -12.1875 100.063 62.0625
1532260749605289 -4.375 95.75 65.1875
1532260749822704 50.375 37.8125 58.0625
1532260749905483 27.9375 4.3125 22.5625
1532260749920443 23.9375 5.3125 18.875
1532260750070042 36.625 11.4375 17.25
1532260750122905 32.0625 14.4375 15.625
1532260750175759 -6.125 -6.5 -3.625
1532260750197706 -1.625 -5.875 -1.4375
1532260750228619 -2.3125 -3.9375 2.3125
1532260750257542 -4.1875 -1.5 1.875
1532260750295440 -1 -0.0625 2.75
1532260750340320 -1.8125 -2 -1
1532260750393179 -15.9375 -12 2.25
1532260750430088 -30.375 -40.0625 0.5625
1532260750491914 -68 -96.875 -2.75
1532260750512858 -84.4375 -109 -0.0625
1532260750595637 -119.063 -154.563 -10.25
1532260750617578 -138.625 -161.188 -16.375
1532260750662459 -103.313 -162.438 -44.0625
1532260750730277 -69.6875 -86.5 -55.1875
1532260750746234 -55.9375 -61.8125 -45.6875
1532260750760197 -55.6875 -42.0625 -30.25
1532260750783136 -43.0625 -25.5625 -19.125
1532260750798096 -25.25 -10.4375 -15.6875
1532260750820036 -15.1875 4.875 -11.5625
1532260750842976 -12.75 19.625 -1.875
1532260750872896 -6.375 33.5625 5.9375
1532260750925755 3.375 48.5 13.25
1532260750962656 13.9375 75.5625 10.5625
1532260750985594 24.5 111 31.8125
1532260751007536 39.9375 123.625 29.8125
1532260751022496 50.3125 131.688 33.125
1532260751045434 53.9375 131.375 41.75
1532260751075354 55.5625 135.438 51.25
1532260751150154 78.625 140.688 70.875
1532260751217972 72.5625 148.5 115.688
1532260751256869 102.75 140.375 104.563
1532260751345631 41.1875 71.9375 71
1532260751518170 -23.1875 -63.8125 -52.8125
1532260751584991 -20.5625 -161.688 -124.375
1532260751622894 -41.625 -186.5 -122.938
1532260751652810 -101.313 -123.75 -49.5625
1532260751705669 74.3125 67.75 69.4375
1532260751727610 20.0625 105.125 95.75
1532260751780469 0.5 140 119.813
1532260751795429 44.625 141.063 112.25
1532260751810388 69.625 131.063 94.9375
1532260751840309 -8.75 33.25 30.9375
1532260751863248 9.0625 -2.75 -8.5
1532260751885189 19.1875 -41.6875 -62.5625
1532260751915109 4.1875 -82.75 -104.625
1532260751959988 -8.625 -120.813 -118.875
1532260752042767 -105.125 -201.688 -143.188
1532260752080666 -75.875 -72.4375 -90.9375
1532260752117568 26.6875 90.0625 109.25
1532260752140506 21.25 148.25 146.813
1532260752177408 51.75 161.25 147.438
1532260752394826 -12.1875 -143.688 -146.375
1532260752425743 -122.75 -201.313 -131.813
1532260752455664 -157.125 -158.188 -127.938
1532260752477605 -70.1875 -89.5 -89.25
1532260752500543 33 -23.6875 -26.3125
1532260752613241 51.5 31.0625 42
1532260752643162 4.625 117.625 120.813
1532260752689056 28.25 79.625 69
1532260752724943 19.625 45.1875 40.0625
1532260752754863 17.1875 6.3125 -7.25
1532260752822681 -2.375 -68.625 -79.625
1532260752920421 -94.875 -128.625 -142.813
1532260752935382 -83.375 -71.625 -155.063
1532260752967295 -56 51.0625 -56.625
1532260753003199 -46.0625 101.938 19.4375
1532260753033119 -26.6875 113.75 42.4375
1532260753092959 -29 115.688 62.25
1532260753107919 -21.5 102.813 70.1875
1532260753137839 -36.375 62.125 44.625
1532260753205658 -74.125 37.0625 26.0625
1532260753259514 -62.625 28.3125 -0.8125
1532260753280458 -65.1875 24.3125 -11.375
1532260753310378 -68.6875 17.25 -19.25
1532260753341295 -68.3125 25 -21
1532260753504857 -30.5 -1.4375 10.125
1532260753542757 14.875 2.6875 2.3125
1532260753580655 21.6875 2.875 2.8125
1532260753602596 8.6875 0.5625 0.25
1532260753799071 186.125 -74.125 -33.25
1532260753820015 192.625 -75.3125 -37.5
1532260753925732 188.375 -78.125 -46.6875
1532260753955652 188.813 -83.75 -47.1875
1532260754174068 -1.4375 -31.9375 -3
1532260754247871 -18.6875 -54.1875 10.5625
1532260754322687 -47.0625 -124.375 18.4375
1532260754369555 -48.5 -131.188 14.4375
1532260754397470 -37.75 -119.188 12.5
1532260754435369 -14.8125 -92.1875 23.75
1532260754465289 -15.75 -71.875 17.8125
1532260754488242 -26.375 -28.3125 17
1532260754622868 -7.9375 18.25 -18.1875
1532260754646817 -8 11.0625 -22.875
1532260754675727 -15.375 -9.6875 -31.8125
1532260754735566 -23.75 -19.875 -33.3125
1532260754924063 0.8125 -4.3125 0.8125
1532260755012826 3.5 -16.0625 7.6875
1532260755057705 19.5625 -3.6875 8.125

1532260755080644 35.75 13.25 6.6875
1532260755162425 -38.6875 -16.125 -2.8125
1532260755202319 33.9375 -19.4375 -4.9375
1532260755245204 24 -27.8125 -5.125
1532260755260163 -0.8125 -33.625 -4
1532260755313022 -19.5 -35.3125 -5.0625
1532260755372862 5.75 13.125 -9.3125
1532260755440681 -28 -5 -0.25
1532260755492542 26.1875 -5.4375 3.625
1532260755500521 5.1875 -5.375 5.4375
1532260755523460 -16.375 0.75 3.75
1532260755567342 1.25 11.75 2.375
1532260755613234 8.5625 12.1875 0.5
1532260755635180 2.75 13.625 -0.25
1532260755709980 13.5625 4.375 5
1532260755756855 11.625 3.25 1.5625
1532260755793756 18.5625 50.8125 -2.5625
1532260755822679 -30.1875 55.0625 0.9375
1532260755845618 -113.938 15.5 15.1875
1532260755867559 -86.1875 26.875 21.1875
1532260755912445 -27.25 30.9375 27.25
1532260756063036 -31.625 20.625 90.25
1532260756099938 -23.0625 11.6875 77.25
1532260756114898 -13.4375 3.1875 76.5625
1532260756137836 -12 -5.625 72.625
1532260756220615 18.375 7.9375 59.9375
1532260756242557 34.125 21.3125 55.1875
1532260756280455 39.375 55.75 40.9375
1532260756295415 40 63.4375 33.8125
1532260756317356 49.375 68.8125 26.8125
1532260756355254 58.875 69.0625 20.9375
1532260756385174 60.75 66.25 19.125
1532260756445025 44.0625 51.5625 25.125
1532260756519815 18.5625 40 34.6875
1532260756550747 27.875 34.4375 29.875
1532260756572687 28.5625 32.3125 27.8125
1532260756640492 9.625 21.6875 20.125
1532260756708311 3 16.125 15.0625
1532260756768151 9.6875 13.3125 6.875
1532260756864892 4.1875 7.5625 -0.25
1532260756895810 1.4375 5.375 0.9375
1532260756917765 6.5 2.5 1.0625
1532260756940689 -3.6875 -0.625 1.1875
1532260756985585 -10.9375 -3.0625 0.375
1532260757105267 -42.25 -27.9375 -7.4375
1532260757135169 -49.3125 -56.875 -5.5625
1532260757165089 -63.625 -72.4375 -5.625
1532260757195009 -75.4375 -86.9375 -9.875
1532260757232915 -85.8125 -102.688 -13.9375
1532260757337627 -106.063 -175.125 -43.5625
1532260757382507 -81 -164.938 -44
1532260757443360 -72.4375 -112.25 -32.3125
1532260757458305 -38.6875 -73.9375 -30.625
1532260757518145 -40.9375 4.1875 -10.25
1532260757570007 -10.75 33.6875 -8.6875
1532260757629847 17.9375 74.375 15.3125
1532260757667745 32.0625 88.9375 19
1532260757697665 52.1875 116.063 30.625
1532260757751521 79.625 145.625 38.375
1532260757810363 82.25 161.563 45.3125
1532260757855243 89.375 169.938 57.5625
1532260757872199 96.4375 185.25 63.75
1532260757938022 132.063 156.375 78.25
1532260757998861 74.4375 116 54.0625
1532260758020801 39.4375 96.1875 53.5
1532260758117542 9.875 41 47.4375
1532260758185361 -9.3125 -6.1875 3.5625
1532260758245201 -24.6875 -87.75 -73.5625
1532260758327980 -20.6875 -107.313 -102.313
1532260758417739 -40.875 -148.063 -98.6875
1532260758485558 -1.8125 133.188 110
1532260758507500 46.0625 125.813 98.625
1532260758537419 40.375 90.25 64.75
1532260758567340 6.1875 55.6875 48.1875
1532260758598258 -2.0625 21.0625 20.5625
1532260758732897 -17.375 -112.75 -115.125
1532260758794731 -92.125 -100.75 -93.4375
1532260758816673 -18.875 -38.3125 -44.75
1532260758860556 59.5 36.9375 36.25
1532260758912417 73.3125 91.375 89.75
1532260759018134 87.5625 142.75 113.813
1532260759063013 -2.0625 5.5625 -0.0625
1532260759077974 -2.0625 -38.5 -52.125
1532260759152774 -1.625 -77.625 -88.6875
1532260759220592 35.875 -131.125 -128.875
1532260759282427 -9.75 -157.688 -132.688
1532260759363211 -38.6875 103.563 94.8125
1532260759378171 15.4375 124.125 112.188
1532260759430033 58.875 137.563 116.75
1532260759559686 -2.8125 -5.8125 1.5
1532260759580629 -24.375 -63.8125 -50.375
1532260759626507 7.0625 -114.563 -104.188
1532260759640469 -0.125 -136.125 -125.25
1532260759760150 -55.625 -158.5 -133.125
1532260759805043 -77.75 0.375 -107.688
1532260759902777 -27.6875 125.688 66.25
1532260759940667 -28.9375 111 69.6875
1532260760075323 -7.125 61.6875 62.9375
1532260760195984 -56.625 -6.3125 -23.375
1532260760247846 -50.1875 -2.5 -21.9375
1532260760330624 -41.0625 1.5625 -25.125
1532260760474240 46.4375 -17.375 3.9375
1532260760496182 65.8125 -23.75 12.6875
1532260760555042 84.5625 -26.5625 13.6875
1532260760750502 174.688 -104.25 -77.9375
1532260760863200 138.5 -104.188 -82.75
1532260761051697 -2.6875 -20.75 -6.1875
1532260761132480 -2.75 17.875 -5.9375
1532260761253157 -52.4375 -30.5625 15.0625
1532260761357877 -12.375 -153.75 66.25
1532260761462597 -30.5625 -40.0625 31
1532260761560336 -4.125 3.5 0.625
1532260761584272 3.625 3.25 3.25
1532260761613195 -3.25 5.25 1.25
1532260761680016 -12.1875 9.3125 0.375
1532260761702954 -10.25 12 -0.5
1532260761725893 -12.3125 7.8125 -8.4375
1532260761762795 -20.0625 -7.25 -11.1875
1532260761800693 2.5625 -14.375 -7.4375
1532260761861531 -12.875 -14.0625 4.5625
1532260761890453 -11.5 -13 8.125
1532260761950293 -24.875 -11.5 9.8125
1532260762122832 25.1875 -6.1875 -3.9375
1532260762145771 16.125 -0.5625 -4.25
1532260762167712 -1.5625 -2.4375 12.625

1532260762197632 10.3125 5.5625 -0.0625
1532260762212831 22.375 51 4.875
1532260762227791 -1.875 45.8125 9.5625
1532260762310570 -62.625 -2.1875 5.625
1532260762416286 -34.6875 -26.5625 -7.125
1532260762430250 -13.75 -22.5 -8.5
1532260762445210 5.1875 -20.25 -6.375
1532260762527988 -13.875 -14.0625 -3.625
1532260762580853 -9.125 -12.125 -4.3125
1532260762602788 5.1875 16.0625 -4.75
1532260762850127 -10.25 0.25 2.875
1532260763219140 -19.125 56.4375 70.125
1532260763233103 -18.125 56.125 76.5
1532260763270004 -23.375 53.9375 80.0625
1532260763286959 -23.9375 53.6875 78.3125
1532260763322863 -17.25 53.75 78.3125
1532260763382702 -7 51 78
1532260763412623 -12.125 46.8125 77.6875
1532260763465486 35.9375 46.875 66.1875
1532260763578181 50.9375 47.75 47.3125
1532260763615081 45.8125 53.9375 42.75
1532260763674921 32.4375 58.0625 34.5
1532260763727780 22.125 45.1875 14.9375
1532260763742740 21.125 45.0625 15
1532260763780639 9.6875 22.75 17.75
1532260763803577 2.75 13.3125 7.875
1532260763832500 1.5625 7.5625 1.3125
1532260763855441 6.125 2.25 0.1875
1532260763923257 -1.375 -3.0625 -4.375
1532260763960159 -8.75 -17.875 -7
1532260764020998 -0.875 -27.1875 -1.75
1532260764042937 4.25 -19.875 -6.125
1532260764102777 7.8125 15.0625 1.125
1532260764132696 6.4375 21.4375 2
1532260764155635 2.6875 24.625 1.9375
1532260764215475 1.8125 24.6875 2.0625
1532260764275328 -8.375 5.8125 -1.75
1532260764358095 -75 -104.563 -4.1875
1532260764388014 -85.75 -124.875 -8.1875
1532260764424915 -97.4375 -145.25 -16.4375
1532260764440873 -110.25 -165.25 -18.75
1532260764477774 -137.063 -195.125 -36.6875
1532260764500713 -128.25 -190.938 -56.0625
1532260764522655 -102.313 -182.313 -65.625
1532260764545593 -83.9375 -167.625 -69
1532260764590473 -102 -98 -37.6875
1532260764636350 -46.75 -39.9375 -17.375
1532260764665273 -53 -21.1875 -11.75
1532260764688241 -32.75 -1.5 -9.4375
1532260764725143 2.8125 20.125 -7.25
1532260764853798 13.625 49.375 18.6875
1532260764882721 29.25 78.75 28.875
1532260764905660 30 99.0625 38.9375
1532260764935580 27.8125 121 45.375
1532260764980459 60.8125 146.813 59.3125
1532260765010379 79.375 158.813 72.3125
1532260765055260 81.625 167.938 95.6875
1532260765115099 94.875 172.563 100.688
1532260765152998 78.625 151.625 106.688
1532260765182918 84.5625 140.313 98.125
1532260765212838 82.5 127.5 97.875
1532260765227798 70.3125 112.188 88.4375
1532260765265697 62 104.625 78.75
1532260765295617 62.6875 93.125 71.6875
1532260765347478 27.625 44.6875 55.6875
1532260765377398 22.0625 34.125 40.375
1532260765423275 -16.125 -21.125 -11.5
1532260765438249 -31.9375 -41.75 -33.1875
1532260765460177 -33.875 -65.4375 -63.0625
1532260765490096 -33.0625 -97.375 -93.6875
1532260765527995 -31.6875 -135.938 -122.438
1532260765617755 -109.875 -146.375 -91.6875
1532260765670614 51.625 89.8125 90.125
1532260765686571 -0.25 125.813 117
1532260765709509 9.5625 147.438 132.5
1532260765737435 68.5 148.313 120.688
1532260765768353 76.25 135.375 108.125
1532260765790294 66.6875 116.438 89.5
1532260765821212 29.9375 81.875 63.6875
1532260766030650 -119.563 -146.313 -117.25
1532260766037633 -65.6875 -96.1875 -103.813
1532260766060572 2.0625 -36.125 -53.5625
1532260766097472 74.0625 73.1875 63.6875
1532260766150331 5.25 108.688 97.25
1532260766210180 62.875 179.375 157.375
1532260766255052 45.75 119.125 90.6875
1532260766270011 -31.1875 76.1875 70.375
1532260766292950 -44 27.6875 41
1532260766367750 17.375 -59.125 -58
1532260766427590 21.8125 -103.313 -99.625
1532260766502390 24.625 -186.5 -160.313
1532260766534304 -156.313 -175.875 -120.063
1532260766570208 79.5625 55.25 32.25
1532260766578187 -3.625 83 69.25
1532260766645008 67.75 155.125 146.563
1532260766712838 90.9375 163.563 145.938
1532260766825526 -4.5 -32.625 -99.5
1532260766841483 4.5625 -62.875 -117.875
1532260766930245 -84.25 -77 -123.25
1532260766968144 -137.938 -59.5 -124.813
1532260767134699 -93 11.125 -27.625
1532260767185562 -58.0625 13.875 -25.625
1532260767222464 -50.375 11.875 -22.75
1532260767373062 -25.25 5.3125 15.4375
1532260767417942 1.9375 18.9375 14.25
1532260767439883 -0.5625 22.4375 21.25
1532260767508699 2.125 22.75 23.375
1532260767590479 -4.8125 -6.4375 12.3125
1532260767635360 30.9375 -5 -0.6875
1532260767689217 46.3125 -40.0625 15.625
1532260767777979 174.813 -65.1875 -2.6875
1532260767807899 211.188 -56.625 -19.3125
1532260767897659 278.438 -35.5625 -64.9375
1532260767967472 101.813 -51.375 -70.0625
1532260768025317 100.625 -40.0625 -69.125
1532260768093136 99.125 -29.75 -29.125
1532260768235755 -49.1875 -75.1875 18.9375
1532260768272656 -44.5625 -166.375 58.375
1532260768310554 -43.6875 -188.875 59.375
1532260768377375 -47.875 -184.125 57.6875
1532260768542933 -18.875 27.4375 -2.125
1532260768564875 -9.4375 28.6875 3.875
1532260768610752 -5.6875 26.6875 9.375
1532260768820192 6.6875 -22.75 3.75
1532260768873050 4.125 -21.8125 -7
1532260769091467 27 -18.8125 5.4375
1532260769105429 45.625 -10 11.3125
1532260769150308 42 -4.3125 13.8125

1532260769218127 -2.5 2.1875 12
1532260769367728 -9.0625 -26.6875 -1
1532260769405626 -17.125 3.8125 -0.1875
1532260769480425 -10.5 -1.0625 0.75
1532260769525306 4.125 -4.1875 -1.1875
1532260769652965 -7.375 6.6875 5.75
1532260769705824 -9.5 1.3125 6
1532260769772673 34.625 7.75 -0.6875
1532260769795599 4.25 19.25 8.25
1532260769915279 12.75 25 46.6875
1532260769930239 -9.3125 21.3125 55.125
1532260769975119 -45.6875 21.8125 63.0625
1532260770027978 -65.0625 18.875 70.375
1532260770057898 -45.5625 6.9375 79.9375
1532260770110757 -32.1875 -21.25 61.0625
1532260770140676 -42 -51.4375 43
1532260770147669 -65.625 -53.0625 21.6875
1532260770192538 -33.3125 -66.4375 2.6875
1532260770207497 -53.9375 -69.375 -10.5
1532260770238428 -74.375 -78.5625 -20.125
1532260770530634 -45.375 63.1875 27.9375
1532260770575514 21.5 91.0625 49.5625
1532260770726111 67.0625 111.125 93.875
1532260770749049 74 103.188 93.3125
1532260770777972 88.25 94.4375 90.8125
1532260770792932 99.6875 77.25 81.25
1532260770814873 92.625 67.8125 74.0625
1532260770860751 87.375 56.75 57.1875
1532260770980431 91.5 61.125 36.25
1532260771018340 47.6875 39.5625 26.4375
1532260771063209 36.5 26.4375 28.9375
1532260771093129 13.8125 18.125 24.875
1532260771159951 -3.25 4.0625 22.25
1532260771205851 1.625 -7.5625 18.25
1532260771272649 3.5625 7 -1.125
1532260771317529 -3 13.9375 0.4375
1532260771348447 -6.4375 12.375 -3.1875
1532260771453167 -24.25 -25.4375 -7.625
1532260771534948 -85.1875 -125.125 -1.875
1532260771557887 -98.9375 -145.313 -6.8125
1532260771595785 -90.6875 -191.063 -14.125
1532260771640665 -93.125 -217.125 -8.5625
1532260771707487 -129.375 -242.688 -22.375
1532260771730425 -120.438 -226.375 -33.75
1532260771783284 -97.25 -35.375 -19.4375
1532260771805234 -61.9375 -5.6875 -18.25
1532260771836143 -19.75 18.1875 -14.4375
1532260771850105 -15.75 23.5625 -10.9375
1532260771880032 -2.75 24.5625 -5.6875
1532260771917924 5.1875 24.625 -3.3125
1532260771970782 11.1875 25.875 -6.5
1532260771992724 6.5625 27.5 -9.25
1532260772037603 -7.125 45.875 3.625
1532260772091472 -17.1875 74.3125 13.25
1532260772120382 -7.1875 85.1875 18.0625
1532260772135342 0.0625 95.5625 26.5625
1532260772158281 17.75 110.813 36
1532260772203161 75.125 153.75 55.1875
1532260772375700 95.25 159.5 101.25
1532260772390660 78.3125 144.438 95.0625
1532260772435540 36.375 109.438 84.125
1532260772450500 27.5625 93.0625 76.1875
1532260772510340 25.25 70.875 65.1875
1532260772593119 6.125 33.0625 50.0625
1532260772617054 -24.3125 -92.5625 -71.9375
1532260772690857 -30.875 -158.625 -120.125
1532260772712797 -68.875 -178.438 -106.188
1532260772750697 -92.5 -140.313 -83.875
1532260772908276 24.6875 139 126.313
1532260772969113 3.8125 15.6875 23.1875
1532260773027956 5.625 -31.3125 -24.9375
1532260773177555 -124.188 -141.313 -109.625
1532260773207475 66.125 37.125 31.875
1532260773231412 71.5 87.3125 77.75
1532260773290254 -15.125 142.625 132.188
1532260773313193 15.25 159.313 145
1532260773380014 76.4375 155.5 120.438
1532260773470772 15.1875 -10.9375 -23.9375
1532260773522650 -24.375 -129.5 -121.5
1532260773560531 -31.25 -164.25 -146.875
1532260773627360 -107.125 -199.938 -144.563
1532260773793907 26.4375 119.813 123.375
1532260774025288 -2.0625 -28.625 -125.063
1532260774078147 -96.5 -40.8125 -137.875
1532260774100088 -128.063 -33.625 -130.813
1532260774250686 -62 24.5 -19.625
1532260774454143 -37.6875 18.5 -12.375
1532260774512984 -5.9375 15.5625 -6.6875
1532260774557864 11.75 -11.375 6.1875
1532260774595763 37.75 -35.1875 15
1532260774692504 100.188 -58.8125 14.75
1532260774753344 165.563 -63.1875 7.3125
1532260774798225 205.625 -52.5 -15.625
1532260774820167 211.813 -49.5625 -32.0625
1532260774858065 171.5 -54.875 -64.4375
1532260774926882 139.938 -89.875 -71.625
1532260774977746 118.063 -92.3125 -63.125
1532260775188182 -29 -106.125 30.5
1532260775225084 -43 -152.063 49.75
1532260775248022 -41.375 -168.25 68.6875
1532260775322823 -28.375 -184.875 72.5625
1532260775473420 -27.8125 11.0625 0.5625
1532260775510321 -10.3125 12.1875 3.0625
1532260775555202 1.625 14.1875 5.4375
1532260775736728 -3.8125 -15.4375 -6.1875
1532260775772620 12.4375 -34.8125 0.4375
1532260775847420 7.25 -48.5 -1.5

1532260776042897 -99.3125 11.4375 1.375
1532260776066861 -87.25 15.4375 -12.5
1532260776155624 -35.625 13.9375 -72.25
1532260776343122 -61.25 -25.8125 -138.938
1532260776380024 -54.1875 -27.1875 -129.625
1532260776424904 3.25 -34.25 -59.1875
1532260776455820 53.3125 -35.9375 -23.375
1532260776552562 33.875 -1 6.5625
1532260776567522 37.25 30.25 12.8125
1532260776650301 -29.75 5 10.625
1532260776710141 7.8125 4.5 19.25
1532260776769981 13.5 -2.75 14.8125
1532260776792920 7.375 11.75 4.8125
1532260776822840 4.5625 8.5625 5.375
1532260776837800 9.375 6.6875 7.5625
1532260776897640 22.8125 1.25 8.3125
1532260776965458 22.875 3.625 2.0625
1532260777093116 -5.5 4.375 -1.25
1532260777152957 -3.125 4 -1.6875
1532260777197837 0.0625 2.1875 -0.4375
1532260777251693 -5.5 1.6875 -0.0625
1532260777287603 -0.9375 -0.1875 -0.5625
1532260777340455 -3.5625 1.0625 -0.1875
1532260777378365 -3 -0.9375 -1.5
1532260777430215 -6.0625 -0.3125 -0.5
1532260777498034 -1.75 -1.5 -1.75
1532260777558373 -1.4375 -1.25 -1.1875
1532260777595274 -2.375 -0.125 -1.75
1532260777648133 -0.1875 -1.3125 -0.6875
1532260777685033 2.25 -0.875 -5.0625
1532260777761829 -0.5 -1.625 -7.75
1532260777971271 5.125 1.625 -3.4375
1532260778030112 11.5625 1.0625 0.5
1532260778074991 4.4375 4.1875 2.1875
1532260778134872 -9.875 -3.0625 6.0625
1532260778157812 -25.125 -5.1875 5.8125
1532260778247571 43.125 50.0625 88.5625
1532260778277491 73.5625 43.9375 132.563
1532260778292806 50.75 39.25 139.75
1532260778315743 36.875 32 146.063
1532260778352645 27.125 15.125 132.125
1532260778382565 32.8125 10.25 118.688
1532260778427445 39.3125 -0.875 87.375
1532260778518202 -20.25 -22.6875 22
1532260778556101 -9.75 -22.1875 13.5625
1532260778599983 -1.5 -18.5 5.4375
1532260778667802 -10.0625 -15.5625 -0.75
1532260778795460 14.625 -4.5625 -0.0625
1532260779042799 -17.4375 -13.125 37
1532260779066736 7.625 -19.375 29.5
1532260779087680 3.125 -15.875 26.375
1532260779155499 -11.25 -19.4375 14.6875
1532260779185418 -16.0625 -12.875 6.3125
1532260779200378 -25.9375 -3.625 3.1875
1532260779215338 -30.75 4.5625 -6.625
1532260779253237 -21 5.75 -10.1875
1532260779283157 -23.75 2.875 -7
1532260779329034 -8.625 -7.6875 -8.1875
1532260779388257 7.75 -6.6875 -2.375
1532260779410215 13.5625 1.625 1.1875
1532260779455078 6.875 16.1875 -3.3125
1532260779522897 7.125 15.875 -15.3125
1532260779537857 15.875 14.0625 -16.125
1532260779636593 28.8125 17.5 -59.6875
1532260779665515 17.0625 22.8125 -98.5625
1532260779687457 -2.8125 20.6875 -117.625
1532260779740729 -51.1875 18.0625 -150.5
1532260779800570 -86.0625 -0.875 -160.813
1532260779867391 -12.4375 -33.6875 -100.438
1532260779914265 28.3125 -32.125 -54.25
1532260779988068 40.375 -37.5 -17.625
1532260780017987 49 -29.3125 -11.875
1532260780100766 -30.9375 -7 -2.1875
1532260780182548 -0.6875 6.5 -3.125
1532260780236404 -2 7.375 0.4375
1532260780265327 -3.3125 2.3125 2.4375
1532260780363065 -5.5 -3.0625 0.4375
1532260780399966 13.3125 -0.6875 -2.9375
1532260780482749 7.3125 0.9375 -2.25
1532260780527629 -0.5625 -1.0625 0
1532260780542588 -6.6875 0 2.8125
1532260780610408 1.125 -4.5625 4.5625
1532260780700188 -14.875 20.8125 24.375
1532260780716145 4.1875 30.5 37.125
1532260780753046 18.75 45.25 74.5
1532260780774988 28.375 43.0625 83.9375
1532260780910667 54.4375 11.1875 120.125
1532260781068246 -5.0625 -23.8125 23.3125
1532260781165009 -15.1875 -8.25 10.3125
1532260781211884 -5.125 -1.125 5.0625
1532260781307627 3.4375 -1.0625 -1.75
1532260781337548 17.1875 0.375 1.1875
1532260781405366 -7.375 -1.25 -0.625
1532260781428305 -16.4375 -3.0625 -2.75
1532260781473185 -6.3125 -1.5625 -2.875
1532260781540006 10 0.5 0.3125
1532260781564939 6.875 1.1875 0.5625
1532260781607825 3.5 2.5 -1.1875
1532260781652704 6.25 1.9375 0
1532260781727504 -5.125 0.3125 -2.25
1532260781750443 -3.0625 -0.875 -2.9375
1532260781795323 -5.4375 1.1875 -2.6875
1532260781842209 -6.4375 2.3125 -3.9375
1532260781929963 6.5 1.9375 0.0625
1532260781975841 18.1875 7.5 -0.4375
1532260782027701 11.25 15.375 -14.4375
1532260782087542 -33.0625 -17.8125 13.25
1532260782164337 15 1.0625 8.3125
1532260782186278 4.4375 0 4.1875
1532260782223179 -9.9375 0.8125 13.125
1532260782290001 -1.0625 8.75 24.375
1532260782342859 4.0625 4.75 9.1875
1532260782396715 10.5625 1.8125 -0.4375
1532260782417659 0.8125 0.9375 -4.875
1532260782447579 -13.3125 -5.1875 -11.1875
1532260782485477 -15.3125 -4.625 -12.625
1532260782507418 -13.6875 -2 -12.3125
1532260782538339 -9.5 1.625 -6.4375
1532260782583216 -10.875 -1.0625 -0.75
1532260782613136 3.9375 2.4375 1.6875
1532260782674976 5 0.75 1.4375
1532260782702901 -0.875 -0.3125 2.0625
1532260782740800 -0.1875 0.1875 2.0625
1532260782837541 0.25 -2.125 1.375
1532260782920320 -2.4375 -1.1875 -2.875
1532260782973179 9.3125 -7.0625 -13
1532260782995800 21.75 -2.1875 -11.8125
1532260783017741 32.4375 4.125 -15.5
1532260783085763 -4.5625 22.25 -73.6875
1532260783167544 -46 11.875 -112.063
1532260783220016 -63.5 -10.3125 -113.813
1532260783234976 -42.9375 -16.375 -108.625
1532260783280853 -5.9375 -27.125 -91.3125
1532260783295813 4.125 -31.8125 -79.4375
1532260783430453 1.3125 -39.375 -53.875
1532260783452394 12.1875 -40.5625 -45
1532260783467354 34.3125 -42.125 -34.6875
1532260783498271 24.375 -21.8125 -25.5
1532260783558111 -36.25 -7.5625 -12.1875
1532260783595013 -48.875 -5.0625 -10.6875
1532260783707711 5.4375 1.0625 -0.9375
1532260783873159 -3.875 0.0625 -2.6875
1532260783932999 0.3125 0 -1.25
1532260784045697 4.5625 1.1875 -2.5
1532260784067639 4.0625 1 -3.125
1532260784150417 -1.5 -0.875 -1.4375
1532260784248156 -1.6875 0.0625 -0.6875
1532260784339911 -9.3125 -0.5 3.5
1532260784367836 -2.8125 -1.375 -0.5
1532260784495494 -4.375 -3.8125 5
1532260784645094 -6.5625 7.75 4.125
1532260784704939 -12.8125 3.125 3.75
1532260784734854 -17.375 -1.5625 4.875
1532260784900818 57.75 52.125 106.875
1532260784930738 63.875 48.4375 121
1532260784945698 53 43.75 126.75
1532260784990578 33.125 28.1875 121
1532260785005538 35.3125 23.8125 107.5
1532260785178077 -1.5 -21.875 32.25
1532260785200018 13.25 -18.5 18.375
1532260785260861 -18 -9.625 5.6875
1532260785327752 -16.625 -1.4375 -3
1532260785387591 -6.5625 -2.625 -4
1532260785478355 31.8125 23.1875 -9.25
1532260785583069 31.4375 3.875 -3.25
1532260785605041 -40.625 13.5625 1.4375
1532260785732669 -31.75 -5.8125 -3.875
1532260785792509 10.125 -3.125 -4.3125
1532260785822429 -0.9375 -5.125 -2.1875
1532260785920167 36.4375 27.75 -11.625
1532260786003944 21.3125 1.6875 -2.75
1532260786026883 1 2.0625 -0.125
1532260786077746 -17.75 -6.375 -3.375
1532260786212386 -1.375 -5.5 1.3125
1532260786250285 -0.8125 -1.75 -0.25
1532260786303731 -5 -0.0625 0.25
1532260786400472 31.9375 25.5625 1.4375
1532260786460312 -22.5 14.3125 -1.625
1532260786483251 1.3125 7 -0.4375
1532260786513171 -16.125 -7.9375 -1.6875
1532260786587971 3 -6.125 0.3125
1532260786617891 -1.9375 -3.625 -1.9375
1532260786647811 -8.5 -3.0625 -1.4375
1532260786692691 0.3125 -1.5625 0.5
1532260786745550 2.125 -2.6875 -2.25
1532260786782932 -0.25 -0.875 -0.8125
1532260786880671 -0.9375 -0.625 -0.0625
1532260786925550 0.5625 -0.375 0.125
1532260787120037 0.6875 0.3125 -0.75
1532260787210795 -3.125 0.125 -0.6875

1532260787353358 10.5625 16.625 6.3125
1532260787413200 -1.4375 34.375 -4.625
1532260787532879 15.375 12.75 -0.5
1532260787675498 -4.375 -2.9375 -1.375
1532260787884938 -6 -1.5 -1.125
1532260787922837 3.875 -0.625 0.0625
1532260787952756 -3.125 -1.125 -0.8125
1532260788020575 -1.1875 -0.5625 0.125
1532260788118329 -1.625 0.25 0.3125
1532260788155227 -0.5625 -0.25 -0.625
1532260788178154 -3.25 0 -0.3125
1532260788244976 0.4375 0.5 -0.5625
1532260788259936 3.125 -0.125 -0.0625
1532260788320773 -1.9375 0.25 0.0625
1532260788387594 -0.375 -0.0625 -0.25
1532260788417514 1.125 0.25 -0.125
1532260788508272 -1.0625 1.4375 0.1875
1532260788553151 1.875 -1 -1.3125
1532260788680810 -4.4375 -0.125 0.75
1532260788702752 5 0 -1.875
1532260788725690 0.25 -1.3125 2.8125
1532260788779546 0.5 0.0625 -0.125
1532260788822432 1 -0.0625 0.1875
1532260788876298 0.8125 -0.3125 0.0625
1532260788950090 0.8125 -0.5 -0.0625
1532260789062788 -0.9375 0.3125 -0.0625
1532260789100687 -0.625 -0.125 -0.0625
1532260789152549 0.125 0 0
1532260789167508 0.75 0.0625 -0.3125
1532260789190447 -0.1875 0.1875 -0.3125
1532260789235328 -0.4375 0.0625 -0.5625
1532260789340047 -0.5625 -0.25 -0.1875
1532260789445765 0.5 -0.1875 -0.0625
1532260789490645 -0.125 -0.0625 0.0625
1532260789527546 0.125 -0.25 -0.1875
1532260789550485 0.0625 0.0625 0
1532260789565445 0 0.0625 0.25
1532260789588400 0.25 -0.25 0.5
1532260789618303 0.0625 -0.5625 0.125
1532260789723023 -0.9375 -0.375 0.3125
1532260789744964 -0.5625 0 -0.125
1532260789790858 -60.875 -10.875 24.125
1532260789842703 -19.875 23.0625 40.75
1532260789888580 16.4375 64.8125 62.9375
1532260789955409 -7 83.875 69.875
1532260790008260 -6.8125 98.3125 72.8125
1532260790030202 -9.875 94.375 75.375
1532260790083061 55.5 79.25 64.6875
1532260790112980 42.625 71 62.1875
1532260790174815 22.5625 55.5625 60.4375
1532260790285519 0 46.875 39.0625
1532260790345367 10.6875 23 21.75
1532260790450079 -4.375 -57.3125 3
1532260790487977 11.4375 -43.625 -22.125
1532260790555797 -0.3125 -25.125 -21.8125
1532260790585716 17.375 -5.1875 -20.6875
1532260790622618 12.6875 26.625 -13.125
1532260790645557 16 27.6875 -5.875
1532260790675476 -0.5 16.6875 -0.9375
1532260790728335 -18.8125 -18.125 -3.5
1532260790750276 -29.125 -29 -10.25
1532260790788175 -41.25 -44.6875 -9.4375
1532260790833054 -43.4375 -93.875 -12.5
1532260790862975 -44.0625 -127.438 -10.5625
1532260790907855 -102.813 -204.375 1.5625
1532260790930793 -103.125 -230.125 -2.3125
1532260790975674 -73 -212.25 -19.875
1532260791005594 -73.25 -134.063 -22.8125
1532260791020553 -49.0625 -92.5625 -24.25
1532260791042495 -39.5 -55.125 -25.1875
1532260791065433 -42.75 -25.375 -22.3125
1532260791110313 -43 -3.125 -16.375
1532260791193092 4.9375 49.0625 8.8125
1532260791238970 6.5 69.9375 14.3125
1532260791305793 24.8125 102.125 14.75
1532260791342692 27.6875 109.875 23.0625
1532260791447412 56.625 124.063 50.1875
1532260791500270 63.125 117.188 66.5625
1532260791539167 78.0625 124 76.5625
1532260791560111 81.625 126.625 80.5625
1532260791605992 81.5625 127.938 86.9375
1532260791649871 82.375 129.875 93.4375
1532260791672809 83.875 128.688 91.3125
1532260791710708 91.4375 120.063 84.625
1532260791807449 -10.125 2.5625 11.8125
1532260791838367 -15.75 -0.9375 7.625
1532260791860308 -18.4375 0.375 8.1875
1532260791920148 -16.375 4.3125 6.1875
1532260791951065 -23.5 4.4375 6.375
1532260791987966 -12.5 -11.625 -6.375
1532260792009908 -30.875 -26.0625 -16.3125
1532260792085705 -33.0625 -107.625 -77
1532260792220345 -87.5625 -177 -117.313
1532260792318083 -2.9375 16.3125 -0.6875
1532260792362964 15.8125 2.75 -1
1532260792369945 21.9375 -2.625 -3.125
1532260792437767 -1.8125 28.1875 -4.9375
1532260792573401 -10 65.0625 -16.125
1532260792729982 -32.6875 88 1.5
1532260792850660 -70.4375 27.8125 40.5625
1532260792940420 -70.0625 -41.5 6.5625
1532260792970340 -54.5 -41.625 -0.125
1532260793045140 -44.6875 -30.375 -3.625
1532260793262558 115.375 -3.9375 6.875
1532260793315417 142.813 -3.625 12.25
1532260793502915 155.563 -109.313 -23.375
1532260793585693 125.375 -86.6875 -15.375
1532260793607635 102.25 -76.125 2.0625
1532260793667475 54.625 -47.9375 3.375
1532260793765213 -58.25 -77.375 9.1875
1532260793997592 -68.5 -15.875 -14.625
1532260794065412 -40.3125 5.8125 -10.25
1532260794110291 0.1875 8.75 1.1875
1532260794193070 -4.625 6.5625 5.375
1532260794267870 -2.625 4.5625 6.5
1532260794350649 -16.1875 1.125 16.6875
1532260794425449 -4.5 1.8125 16.875
1532260794485289 -19.6875 -2.3125 19.375
1532260794562083 -30.4375 -8.1875 27.9375
1532260794627907 -55.125 -13.3125 42.75
1532260794650846 -53.875 -14.0625 46.375
1532260794672787 -42.9375 -14 47.75
1532260794717667 -52.6875 -25.0625 38.125
1532260794785486 -72.75 -45.5625 21.5625
1532260794853321 -58.9375 -77.375 -27.3125
1532260794883242 -67 -77.625 -30.6875
1532260794905185 -75.125 -79.375 -31.6875
1532260794920142 -92.9375 -76.5 -37.9375
1532260795062761 -7.6875 14.75 19.875
1532260795079717 -62.375 3.9375 21.625
1532260795101658 -40.1875 9.375 12.875
1532260795137562 8.8125 37.1875 14.75
1532260795175460 7 51.5625 29.125
1532260795235300 34.9375 90.6875 53.9375
1532260795295140 54.625 141.875 75.5
1532260795318080 62.625 147.375 79.6875
1532260795340020 81.6875 152.188 78.25
1532260795377919 105.563 149.25 62.4375
1532260795527518 101.25 78.375 -8
1532260795565417 38.8125 18.25 -16.625
1532260795603316 -1.8125 13.5625 5.4375
1532260795655178 28.6875 28.5 -0.0625
1532260795715017 11.0625 15.75 12.875
1532260795744937 0.375 11.25 20.0625
1532260795805775 -6.8125 7 29.4375
1532260795910494 2.25 7.8125 49.8125
1532260795985295 -3.3125 7.4375 28.3125
1532260796023193 -2.875 6.75 18.3125
1532260796045134 -0.0625 2.5625 0.3125
1532260796060094 -0.625 -3.4375 -19.1875
1532260796172794 -2.875 -27.5 -84.9375
1532260796240612 20.8125 -252 -126.313
1532260796255583 13.1875 -248.938 -110.438
1532260796277513 -3.4375 -193.438 -112.25
1532260796315411 0.0625 -163.688 -85.5
1532260796353324 2.9375 -125.438 -45.8125
1532260796413150 14.3125 -56.5625 -16.125
1532260796450052 -17.3125 -25.375 3.5625
1532260796472991 -24.875 -16.0625 7.1875
1532260796494931 -13.1875 -2.0625 11.875
1532260796525849 -12.0625 -5.375 9.4375
1532260796547791 -6.375 -11.1875 9.0625

1532260796615609 12.125 -9.875 7.125
1532260796720329 22.4375 36.875 -6.4375
1532260796773188 5 31.8125 0.4375
1532260796788147 -72.125 10.5 21.0625
1532260796803108 9.5 -29.375 1.9375
1532260796825049 24.5 18.625 -11.9375
1532260796847988 15.375 12.8125 7.9375
1532260796893401 -2.0625 1.5625 7.9375
1532260796953222 -19.125 -3.125 -5.9375
1532260796983142 23.625 -6.125 3.4375
1532260797005083 -3.4375 -2.5625 2.875
1532260797035004 5.6875 -4.875 0.25
1532260797065920 8.8125 -5 2
1532260797095841 11.875 -5.875 3
1532260797200560 3.3125 2 -3.375
1532260797305281 24.875 49.6875 -1.4375
1532260797350160 -97.9375 -7.6875 19.0625
1532260797373099 -45.25 -2.875 20.25
1532260797388059 29.375 -0.3125 34.8125
1532260797424960 38.1875 14.8125 54.625
1532260797455878 1.875 13.75 58.4375
1532260797477819 -24.9375 15.0625 65.375
1532260797500758 -27.3125 15.1875 68.625
1532260797552619 -26.75 10 59.4375
1532260797644374 -39.0625 34.625 53.125
1532260797703216 -29.75 42.6875 50.9375
1532260797725158 -11.875 47.6875 51.375
1532260797814918 19 74.125 48.8125
1532260797845840 29.4375 75.125 49.1875
1532260797882736 38.9375 71.1875 41.6875
1532260797912656 43.75 69.5 36.5
1532260798040315 38.3125 65.25 24.375
1532260798100167 34.6875 52.375 8
1532260798123093 44.4375 49.3125 4.75
1532260798189915 16.4375 28.625 -2.3125
1532260798227813 9.5625 15.75 -2.3125
1532260798242773 6.625 9.5 -4.125
1532260798265712 13.3125 1 -9
1532260798295647 21.5625 0.625 -19.6875
1532260798332533 27.625 -14 -23.625
1532260798355472 8.875 -20.125 -8.1875
1532260798392374 -14.0625 -23.8125 1
1532260798409328 -23.625 -23.125 -1.875
1532260798445232 6.75 -3.1875 -1.75
1532260798477147 0.25 3.25 2.5
1532260798498091 -1.375 8.75 3
1532260798542971 1.375 12.3125 3.9375
1532260798580869 -2.625 14.375 1.0625
1532260798625749 -5.0625 10.3125 5.8125
1532260798685589 -17.0625 -23.4375 9.125
1532260798737451 -44.75 -82.875 8.4375
1532260798843168 -79.75 -127.563 6.375
1532260798858130 -85.25 -143.688 3.75
1532260798888048 -104.563 -164.938 6.3125
1532260798932927 -96.5 -201.688 -8.5625
1532260799000747 -62.9375 -123.5 -48.3125
1532260799022689 -58.875 -103 -44.75
1532260799067567 -63.125 -60.375 -36.875
1532260799143366 -31.25 -11.875 -22.125
1532260799225146 33.0625 117.438 29.1875
1532260799308922 92.0625 205.688 70.5
1532260799367765 110.063 217.875 95.4375
1532260799397685 124.25 221.5 100.938
1532260799457525 144.813 222.938 105.375
1532260799502405 150.125 214.375 107.188
1532260799615103 -10.4375 19.9375 33.75
1532260799780661 -5.75 -10.8125 15.4375
1532260799908319 40.9375 35.5625 56.25
1532260799998080 79.8125 145.375 96.375
1532260800028000 54.5 122.625 72.4375
1532260800080859 39.875 67.9375 35.1875
1532260800110778 47.375 27.4375 -5
1532260800147680 -17 -101.938 -100.438
1532260800185578 -33.9375 -164.313 -135.125
1532260800222479 -39.0625 -188.438 -152.5
1532260800409978 6.875 123.188 119.875
1532260800462837 62.125 161.688 151.063
1532260800537637 52.1875 124.938 106.75
1532260800628406 -18.5 -48.5625 -64.0625
1532260800643354 -30 -88.4375 -91.5625
1532260800695215 -28.9375 -185.813 -149.313
1532260800770015 -127.625 -164 -119.188
1532260800890692 -32.3125 49 59.6875
1532260800942554 64.125 72.0625 38.75
1532260800980453 16.5 78.125 21.8125
1532260800995413 -17.25 88 9.1875
1532260801018351 -7.3125 101.813 -15
1532260801033311 -4.0625 102.438 -19.75
1532260801063231 -30.25 101.563 -27.125
1532260801085172 -55.9375 92.4375 -21.875
1532260801130053 -69.75 86.875 -12.9375
1532260801159972 -26 74.5625 -12.625
1532260801182912 -21.5625 52.375 -10
1532260801212831 -86.375 28.4375 1.1875
1532260801235770 -98.875 19.4375 7.875
1532260801250730 -98.375 7.875 7.8125
1532260801272671 -90.1875 5 3.8125
1532260801317551 -98.625 4.4375 4.8125
1532260801385370 -128.938 6.875 -9.5
1532260801468148 -43.0625 38.6875 -45.0625
1532260801507045 -36.9375 7.875 -15.5625
1532260801534970 20.5 -11 -7.25
1532260801557908 13.6875 -12.1875 -4.875
1532260801572869 5.625 -8.625 -1
1532260801602789 18.4375 -7.4375 3.5625
1532260801640687 32.25 -10.625 4.6875
1532260801715487 138.5 -63.8125 -13.75
1532260801805256 193.313 -71.8125 -41.4375
1532260801820207 189.25 -64.5 -53.75
1532260801843145 184.313 -62.75 -65.0625
1532260801888026 176.563 -68.375 -87.875
1532260801939887 184.875 -83 -83.0625
1532260802030644 103.25 -62.75 -61.375
1532260802052586 97.9375 -49.3125 -51.5625
1532260802090484 35.4375 -16.125 -19.75
1532260802120404 22.1875 -14 -9.5
1532260802143343 5 -17.5 -2.4375
1532260802210164 -12.4375 -48.5 18.375
1532260802249067 -39.375 -95.4375 30.5
1532260802277983 -16.875 -149.688 55.6875
1532260802316879 -22.125 -180.375 71.5
1532260802352783 -52.5625 -116.625 53.5
1532260802375721 -44.3125 -86.625 37.75
1532260802399657 -31.875 -56.4375 24.875
1532260802427583 -35.6875 -28.875 15.6875
1532260802465481 -43 -6.9375 3.875
1532260802674921 1.1875 12 -8.5
1532260802720798 -8.3125 9.75 -8.875
1532260802736756 -15.8125 6.3125 -7.3125
1532260802787620 -5.3125 2.1875 -12.375
1532260802832500 -1.4375 -18.25 -18.875
1532260802946196 -4.9375 -12.75 -13.3125
1532260803005039 -4.375 -8.5 -6.875
1532260803042937 -12 -5.6875 -7.8125
1532260803072857 -17.1875 1.0625 -8.9375
1532260803140676 45.0625 -16.3125 -4.8125

1532260803209492 -45.75 -5.125 -4.6875
1532260803260356 -13.6875 19.8125 5.5
1532260803298255 -50.9375 -5.9375 15.625
1532260803373055 -22.0625 -38.625 -3.5
1532260803395011 24.875 -34.4375 -9.5625
1532260803462816 -5.8125 -1.0625 13.3125
1532260803486751 -31.375 0.6875 -4.3125
1532260803560553 10.0625 -0.625 2.125
1532260803620393 -12.25 -1.5625 -1.4375
1532260803643332 -5.25 0.375 -0.375
1532260803703171 2.1875 0.6875 -1.1875
1532260803792932 0.5625 0.5625 -2.0625
1532260803838052 -2.125 -0.125 -2.125
1532260803905855 0.8125 0.25 -0.1875
1532260804002595 -0.3125 -0.25 -0.625
1532260804017556 -5.125 0.875 -1.375
1532260804183260 -4.5625 1.75 0.8125
1532260804273020 2.6875 -0.9375 0.6875
1532260804385718 2.375 -4 0.9375
1532260804437591 -5.4375 -2.1875 0.5625
1532260804475489 -4.6875 -0.625 0.125
1532260804550289 1.9375 6.375 -0.875
1532260804565249 4.0625 5.3125 0.5
1532260804640081 27.9375 12 -2.25
1532260804670002 23.9375 23.75 -9.875
1532260804685489 8.625 12.6875 -6.875
1532260804745329 -46.375 -0.4375 19.75
1532260804798187 44 20.6875 31.4375
1532260804820129 47.5 20.4375 35.8125
1532260804850049 18.5 16.4375 54.625
1532260804872988 -20 26.0625 67.0625
1532260804902907 -42.5625 38.4375 72.3125
1532260804925846 -30.625 48.1875 72.9375
1532260804962747 -16.125 51.875 74.375
1532260805007628 -13.875 56.8125 74.4375
1532260805030566 -23.375 64.125 73.0625
1532260805045526 -15.75 71.25 78.5625
1532260805082427 11.9375 96.6875 73.3125
1532260805105366 14.6875 99.9375 75.5625
1532260805150246 40.3125 99.5625 73.875
1532260805173185 47.9375 95.875 70
1532260805195126 51.5 91.9375 67.25
1532260805218065 49.9375 89.25 63.375
1532260805247984 44.6875 84.9375 58.5
1532260805269926 49.625 82 51.9375
1532260805285883 66.375 77.9375 43.1875
1532260805337777 83.1875 61 18.8125
1532260805390603 18.625 34.625 18.5625
1532260805435486 22.3125 33.4375 14.0625
1532260805457424 29.625 34.125 6.5625
1532260805488342 20.6875 31.25 0.1875
1532260805510283 13.5 24 -0.9375
1532260805525243 8 15.8125 -6.5
1532260805578102 -15.5 0.4375 -8.3125
1532260805615003 14.4375 -16.3125 -5.625
1532260805644923 -3.1875 -19.6875 1.75
1532260805675840 -9.625 -10.4375 4.25
1532260805705760 3.6875 -0.125 -0.8125
1532260805750640 -0.3125 9.8125 0.6875
1532260805780560 -6.1875 11.3125 0.9375
1532260805795520 -4.5 10.75 2.125
1532260805825441 -6.125 3 -1.125
1532260805870320 -21.5625 -15.875 1.5
1532260805893259 -25.125 -32.875 5.4375
1532260805938139 -50.5 -77.6875 8.9375
1532260805960080 -62.9375 -99.875 6.625
1532260806065798 -102.625 -166 -5.625
1532260806095718 -128.625 -213.063 -22.9375
1532260806147591 -112.688 -242 -51
1532260806223376 -85.4375 -42.9375 -28.125
1532260806238336 -63.875 -15.0625 -24.3125
1532260806283216 -21.1875 15.1875 -17.75
1532260806313138 -16.5625 23.8125 -13.5
1532260806343056 3.8125 29.125 -2.25
1532260806364997 9.1875 29.5 1.5
1532260806477696 55.5 105.125 23.375
1532260806537536 60.125 139.438 52.125
1532260806575434 91.6875 161.625 66.4375
1532260806605355 117.063 166.688 70.75
1532260806658214 114.375 167.25 88.375
1532260806703094 116.375 163 82.25
1532260806725034 113.75 160.75 74.75
1532260806769915 100.688 141.5 66.9375
1532260806822774 47.625 95.8125 49.375
1532260806852693 43.125 72.625 43.1875
1532260806921531 -2.5 17.8125 28.25
1532260807018251 -18.625 -16.1875 -15.1875
1532260807055152 -39.5625 -43.8125 -51.6875
1532260807078091 -46.8125 -72.625 -68.4375
1532260807137931 -63.625 -150.438 -114.375
1532260807190789 -70.375 -177.563 -128.188
1532260807317451 -5.5625 102.375 81.1875
1532260807355349 48.625 148.625 109.563
1532260807415189 53.25 159.063 107.813
1532260807527888 18.5625 52.75 31.375
1532260807588725 -17.4375 -71.875 -62.375
1532260807625626 -17.25 -165.875 -119.5
1532260807647568 -18 -181.813 -124
1532260807677487 -20.8125 -192.875 -124.563
1532260807715387 -56.25 -209.875 -117.563
1532260807745306 -113.563 -154.813 -97.625
1532260807805147 19.1875 11.6875 14.8125
1532260807835067 32.875 62.375 61.375
1532260807879946 2 142 124.625
1532260807910872 54.0625 186.313 137.188
1532260807932805 65 167.25 111.125
1532260807977685 52.25 138.313 93
1532260808015584 25.6875 100.313 77.3125
1532260808090384 6.6875 -38.1875 -29.625
1532260808165183 -25.9375 -182.125 -143.75
1532260808233016 -64.375 -211.938 -133.313
1532260808300821 -17.375 -147.063 -140.063
1532260808444437 29.4375 181.875 143.438
1532260808480341 65.4375 166.5 116.688
1532260808510261 68.9375 146.188 98
1532260808533200 45.0625 118.625 81.6875
1532260808607999 5.875 49.375 35.625
1532260808637919 19.25 13.5 7.5
1532260808660861 5.875 -29.875 -34.1875
1532260808675818 -21.1875 -111.5 -104.938
1532260808705738 -45.4375 -143.563 -132.875
1532260808720698 -87.1875 -135.625 -124.375
1532260808787519 -119.25 -113.875 -125
1532260808833415 -134.625 -80.0625 -117.063
1532260808915178 -128.625 -38.125 -104.25
1532260809012917 -69.125 71.25 47.625
1532260809036870 -57.0625 62.875 39.375
1532260809050816 -52.4375 55.875 34
1532260809080735 -56.5625 46 33.9375
1532260809238314 -4.3125 22.1875 -5.875
1532260809313113 -14.8125 3.75 -23.5625
1532260809328074 -13.9375 4.375 -23.875
1532260809410853 0.875 3.25 1.8125
1532260809462713 15.625 -0.375 18.1875
1532260809598351 129.625 -72.0625 2.5625
1532260809620293 137.5 -84.3125 -5.1875
1532260809665172 153.125 -95.125 -14.875
1532260809725028 189.438 -105.063 -48.3125
1532260809892564 146 -93.875 -91.75
1532260810010250 115.75 -52.125 -86.625
1532260810093029 29.0625 -4.6875 -10.875
1532260810131925 1.9375 -8.125 -6.75
1532260810160853 -17.3125 -26.75 2.9375
1532260810242628 -33.625 -42.875 6
1532260810280527 -48.6875 -50.9375 7.6875
1532260810317428 -55.1875 -61.75 15.3125
1532260810385247 -14.8125 -77.5 35
1532260810423146 -58 -12.375 8.6875
1532260810475007 -57.1875 4.875 -1.875
1532260810528864 -41.875 14.25 -7.75
1532260810670484 -10.9375 0.5625 6.875
1532260810715364 -10.9375 1.625 7.8125
1532260810730324 -7.3125 0 9.3125
1532260810745284 -1.9375 -1.6875 10.0625
1532260810805124 26.875 -8.75 15.125
1532260811007583 -22.375 -2.625 -3.5625
1532260811045482 -22.625 -4.5 1.875

1532260811150202 6.8125 -20.875 9.9375
1532260811225001 -34.5625 -11.3125 4.1875
1532260811300799 17.3125 -18.125 -8.6875
1532260811316756 17.375 -23.1875 -5.4375
1532260811435439 -29.125 -40.0625 -6.625
1532260811473337 52.9375 32.625 -18.25
1532260811540160 33.625 1.5625 0.5
1532260811585039 -10.375 -1 -4.9375
1532260811614958 -5.75 -2 -1.8125
1532260811637897 10.5625 -3.375 0.375
1532260811811433 5.0625 16.75 -3.125
1532260811840356 -7.0625 22.6875 -2.375
1532260811900197 -7.375 23.6875 -1.3125
1532260811960036 -7.1875 16 -1.375
1532260812111631 -54.125 24.3125 14.75
1532260812223333 -77.25 15.0625 17
1532260812245273 -25.4375 29.25 28.1875
1532260812275193 -40.3125 11.375 72.5
1532260812313091 -24.75 -3.0625 76.1875
1532260812372934 -37.3125 -8 69
1532260812417812 -13.5625 -13.375 71.1875
1532260812485630 -43.375 -18.5625 62.875
1532260812500591 -46.375 -14.375 49.4375
1532260812575390 22.8125 42.6875 32
1532260812606308 20.1875 52.0625 32.4375
1532260812621268 8 59.125 31.9375
1532260812635230 -1.5 61.0625 31.75
1532260812673129 36.0625 71.1875 34.125
1532260812695071 54.5625 74.5625 34.4375
1532260812822729 73.9375 75.9375 25.5625
1532260812882569 43.875 73.375 13.625
1532260812935427 51.375 61.0625 6.25
1532260812973326 55.625 50.25 0.5
1532260813010228 56.75 45.5625 4.3125
1532260813063086 46.4375 27.8125 9.5
1532260813161822 10.3125 4.125 21.1875
1532260813183764 6.125 -6.125 20.375
1532260813250585 2.6875 -5.5625 20.5625
1532260813287486 0.25 -3.75 14
1532260813340345 1.0625 -1.75 11
1532260813385224 -1.0625 4.1875 4.5625
1532260813408164 -0.1875 6.3125 -5.375
1532260813439083 -6.625 4.0625 -5.375
1532260813462019 -9.8125 -3.375 -7.1875
1532260813482963 -18.5625 -7.375 -8.125
1532260813542804 -23.6875 -22.5 -8.3125
1532260813595662 -28.5625 -31.8125 -3.8125
1532260813672481 -90.125 -96.9375 0.9375
1532260813731299 -91.5625 -135.313 -13.375
1532260813843000 -127.5 -151.563 -30.1875
1532260813971658 -39.625 -36.875 -32.1875
1532260813994595 -22.4375 -12.5625 -19.5
1532260814016536 -20.75 2.875 -10.875
1532260814053437 -13.5 41.5625 8.8125
1532260814082360 2.0625 65 12.75
1532260814120259 30.125 111.625 35
1532260814165139 41.75 128.188 37.5
1532260814241934 134.75 173.75 75.4375
1532260814263884 151.125 185.438 69.9375
1532260814292798 109.625 185.625 90.375
1532260814315736 99.8125 180.688 85.1875
1532260814337677 114.188 176.25 86.1875
1532260814392531 121.5 159.5 74.75
1532260814413475 82.1875 148 75.25
1532260814428449 58 136 81.5
1532260814450376 59.875 120.938 75.4375
1532260814614936 -35.5 -47.4375 -36.6875
1532260814631891 -42.5625 -73.125 -62.4375
1532260814682754 -24.3125 -135.813 -115.875
1532260814750574 -71.5 -171.875 -108.25
1532260814795453 -102.625 -167.25 -109
1532260814840333 16.0625 -33.375 -30.0625
1532260814885214 9.5 93.25 77.625
1532260814938076 46.0625 161.313 131.313
1532260815020850 56.125 149.5 98
1532260815065748 25.1875 12.5 -24.1875
1532260815087678 12.0625 -32.0625 -71.625
1532260815104627 -14.4375 -73.625 -102.063
1532260815132552 -22.4375 -116.688 -108.313
1532260815193390 -35.3125 -187.063 -118.813
1532260815238270 -77.6875 -205.25 -122.188
1532260815260211 -71 -125 -130.875
1532260815328030 26.3125 -10.5 1.5625
1532260815381886 -6.9375 69.6875 76.5625
1532260815404824 -43.625 92.125 103.563
1532260815440728 91.6875 170.5 137.5
1532260815485608 35.6875 162.875 120.25
1532260815507549 58.9375 154.063 101.063
1532260815537469 56.25 132.375 84.6875
1532260815598307 4.375 60.375 52
1532260815650168 -3.9375 -61.3125 -62.5
1532260815673107 -19.9375 -136.688 -123.063
1532260815703026 -60.3125 -184.188 -152.688
1532260815732947 -83.125 -191.375 -126.188
1532260815785805 -76.125 -116.813 -126.625
1532260815815725 18.25 -76 -98.125
1532260815845661 26.6875 -35.5625 -39.5625
1532260815882547 15.25 16.875 13.1875
1532260815935405 -14.875 31.8125 2.25
1532260816018184 -10.75 47.0625 -4.0625
1532260816152825 -15.8125 107.813 15.875
1532260816214659 -77.3125 38.375 23.875
1532260816325366 -87.25 8.0625 11.875
1532260816355282 -96.4375 5.8125 2.875
1532260816497901 -28.6875 19.25 -13.5625
1532260816557741 -21.125 11.625 -5.4375
1532260816587661 -20 7.8125 -9.25
1532260816670440 1.1875 6.75 15.4375
1532260816708338 5.75 2.0625 17.6875
1532260816730280 16.4375 1.3125 16.125
1532260816798098 27.625 -20.25 5.875
1532260816815053 36.0625 -35.8125 5.25
1532260816857938 50.3125 -56 4.125
1532260816903833 69.6875 -79.3125 4.1875
1532260816992579 172.75 -108.5 -48.5
1532260817075357 198.438 -85.8125 -105.625
1532260817090316 193.375 -76.75 -99.0625
1532260817128216 197.375 -47.8125 -112.938
1532260817240914 136.5 -47.25 -63.9375
1532260817307736 64.6875 -24.25 -29.75
1532260817367575 26.875 -14.625 -3.8125
1532260817382536 -4.3125 -16.9375 0.25
1532260817458334 -30.1875 -20.875 2.8125
1532260817533132 -26.875 -30.375 6.1875
1532260817584994 -40.0625 -155.25 68.5
1532260817623890 -35.75 -166.5 80.5625
1532260817667773 -22.1875 -146.75 64.25
1532260817697693 -16.875 -107.75 49
1532260817757533 -53.5 -0.6875 -6.8125
1532260817840312 -28.75 9.625 1.5
1532260817908130 -15.3125 17.625 -4.0625
1532260817923090 -20.375 16.625 -8.0625
1532260818005869 -11.9375 12 -13.4375
1532260818075683 1.25 11.125 -26.125
1532260818200349 -32.8125 -13.4375 -6.9375
1532260818283127 -13.125 -15.8125 -6.125
1532260818313048 -3.1875 -24.9375 0.8125

1532260818448210 -22.25 -31.5625 2.75
1532260818470151 23.0625 -26.875 -12.5625
1532260818508050 52 12.8125 -24.6875
1532260818545961 19.25 14.875 6.0625
1532260818582850 -29.375 -0.625 9.4375
1532260818695247 -0.0625 0.5625 2.1875
1532260818734154 -1.9375 -0.375 1
1532260818755089 -0.1875 -0.9375 0.25
1532260818799967 1.1875 -2.5 -0.8125
1532260818882745 -2.75 -2.8125 0.375
1532260818927625 -5.375 4.625 2.3125
1532260819048303 -38.8125 -1.125 1.4375
1532260819160004 -90.4375 -1.6875 -0.3125
1532260819205888 -109.688 24 2.4375
1532260819265721 -98.5625 26.9375 64.125
1532260819325561 15.4375 -34.1875 75
1532260819347502 36.3125 -48.4375 74.9375
1532260819438273 -33.6875 -67.9375 42.25
1532260819528020 -32.375 -35.5 -3.4375
1532260819564921 -10.875 -29.8125 18.625
1532260819587860 -16.9375 -22.75 26.375
1532260819632739 -17.5625 11.8125 24.25
1532260819737459 34.25 86.625 45.625
1532260819799295 89.3125 105.125 39.0625
1532260819828216 90.9375 107.625 41.9375
1532260819865118 98 108 46.25
1532260819903017 91.625 105 43.6875
1532260820000756 90.125 97.625 46.875
1532260820120436 58.4375 34.5 15.1875
1532260820128415 40.8125 9.0625 7.25
1532260820165315 28.875 -6.8125 0.625
1532260820203215 21.125 -8.0625 9.25
1532260820368772 13.8125 8.75 23.625
1532260820390713 27.875 12 7.125
1532260820412654 3.375 9.375 -0.1875
1532260820465513 -13.75 7.0625 2.5
1532260820555273 -23.75 -10.8125 1.625
1532260820593171 -38.375 -26.6875 4.875
1532260820623091 -44.875 -41.9375 9.9375
1532260820697891 -109.625 -121.313 -6.75
1532260820720829 -125.688 -140 -7.9375
1532260820757732 -130.5 -158.875 -11.375
1532260820832532 -106.313 -161.813 -27.25
1532260820847494 -82.875 -148.313 -34.75
1532260820900350 -87.0625 -97.375 -32
1532260820945230 -35.3125 -53.75 -25.875
1532260820960190 -19.125 -35.5625 -14.125
1532260820975149 -17.0625 -24.25 -0.4375
1532260820998089 -27.5625 -13.25 5.75
1532260821065907 2.375 54.4375 21.3125
1532260821087848 33.3125 76.9375 29.4375
1532260821155667 68.625 144.375 46.5625
1532260821200547 103.125 197.188 67.25
1532260821230467 141.375 220.875 73.5
1532260821275347 144 220.75 75.5625
1532260821335186 118 206.625 77.4375
1532260821409986 110.5 171.875 66.375
1532260821447886 53 90.5 54.9375
1532260821509720 -15.9375 -5.1875 6.3125
1532260821635384 -29.1875 -104.813 -67.9375
1532260821770025 14.625 96.4375 88.9375
1532260821845822 55.9375 160.875 120.063
1532260821867763 71.8125 152.625 107.188
1532260821920622 17.25 102.688 62.125
1532260822040302 -14.9375 -158.75 -131.438
1532260822123081 -77.625 -214.5 -131.625
1532260822145022 -106.375 -132.938 -106.375
1532260822220818 31.5625 89.5 94.375
1532260822332520 11.75 109.063 72.3125
1532260822379395 15.75 35.6875 13.1875
1532260822468158 18 -1.625 -17.1875
1532260822498077 7.5625 -41.125 -46.75
1532260822580856 -16.75 -81 -74.875
1532260822805256 -58.8125 43.3125 -3.4375
1532260822820216 -51.625 50.75 -12.5
1532260822865096 -98.75 108.688 -8.375
1532260822888034 -115.813 98 22.25
1532260822902994 -89.0625 91.4375 50.25
1532260822918952 -36.5 87.5 52.5
1532260822955853 -24.5 49.375 57.875
1532260822977795 -38.5 35.9375 60.1875
1532260823174270 -32.375 35.625 -18.5625
1532260823233112 -23 41.4375 -16.5
1532260823277992 -22.1875 30.875 -13.5
1532260823352792 -1.125 9.375 2.8125
1532260823375731 3.9375 11.25 2.75
1532260823397672 11.0625 8 4.5625
1532260823451528 25.625 -9.375 -5.875
1532260823472486 41.375 -15.1875 -1.9375
1532260823495411 44.125 -24 -0.9375
1532260823540291 58.4375 -34.8125 -2.5625
1532260823750727 184.063 -107.875 -87.375
1532260823772669 152.438 -108.688 -94
1532260823795614 128.25 -92.9375 -99.9375
1532260823840487 152 -42 -98.75
1532260823908307 121.875 -30.75 -92.875
1532260823968146 52.3125 -4.5 -38.1875
1532260824005048 17.125 -2.4375 -4.625
1532260824022003 7 -5.0625 -2.1875
1532260824110765 -20.375 -13.875 -0.75
1532260824162626 -35.4375 -20.0625 1.75
1532260824230445 -50.3125 -143.813 50.0625
1532260824314221 -49.5625 -133.313 25.875
1532260824328183 -41.1875 -95.5625 20.25
1532260824365084 -74.5625 -36.3125 -8.4375
1532260824409965 -60.125 7.3125 -10.4375
1532260824432904 -23 29.875 -9.6875
1532260824462823 -39 23.125 -12.1875
1532260824507703 -26.5625 16.3125 4
1532260824560562 29.0625 11.6875 5.8125
1532260824575522 17.25 9.4375 4.375
1532260824597463 -0.375 4.1875 6.25
1532260824620402 -5.5 1.3125 8.75
1532260824650322 3.875 0.75 8.625
1532260824695202 12.1875 -5.125 3.5625
1532260824718141 5.75 -10.0625 2.625
1532260824740082 2.1875 -14.3125 2.125
1532260824763021 13 -17.3125 0.6875
1532260824784962 20.4375 -19.5625 -3.75
1532260824807901 12.9375 -18.5 -15.1875
1532260824822861 8 -16.75 -16.0625
1532260824860759 -4.8125 -15.75 -18.0625
1532260824897661 -10.5625 -14 -19.9375
1532260824927581 -12.625 -12.875 -19.125
1532260824950519 -13.875 -12.0625 -16.5
1532260824972475 -9.875 -8.25 -15.5625
1532260825010359 -3.875 -5.125 -9.5625
1532260825063218 -9.625 -9.5625 -3.3125
1532260825108097 -12.125 -10.6875 -2.875
1532260825145000 19.1875 -18.625 1.875
1532260825182897 23.5 -2.8125 -2.875

1532260825205837 -3.625 -7.0625 1.8125
1532260825227778 -9.9375 0.375 2.3125
1532260825265676 -38.25 31.75 9.6875
1532260825295597 -12.25 -19.9375 -6.8125
1532260825408295 0.5625 19.625 -3.875
1532260825437848 8.3125 17.75 14.3125
1532260825542847 5.6875 7.75 -1.4375
1532260825572768 7.625 4.3125 3.5625
1532260825595707 -1.75 1.25 -5.4375
1532260825640586 3.6875 -0.9375 0.875
1532260825707408 2.875 -2.0625 -0.375
1532260825760280 2 0.6875 -0.5625
1532260825783205 1.4375 1.125 -0.3125
1532260825828085 -1.4375 1.875 -1.9375
1532260825850026 0.75 0.75 0.9375
1532260825864997 0.875 2.5625 2.4375
1532260825894906 -0.5 5.875 0.375
1532260825925824 -2.125 5 -1.4375
1532260825947765 -4.375 3.375 2.125
1532260825971700 5.8125 -0.6875 1.875
1532260826015583 12.125 0.1875 0.8125
1532260826060464 19.375 0.875 2.1875
1532260826105343 18.4375 2 5.5
1532260826143243 18.4375 16.0625 -3.125
1532260826165184 -6.25 2 -0.1875
1532260826173163 -21.3125 6.125 5.625
1532260826225024 -54.6875 -7.75 1.8125
1532260826239984 -57.75 -3.625 4.6875
1532260826270901 -0.375 10.1875 27
1532260826307802 -0.375 11.5 42.125
1532260826337722 -3 18 48.0625
1532260826450421 23.3125 37.5 67
1532260826465381 19.625 40.5625 70.3125
1532260826482335 -4.3125 42.3125 70.8125
1532260826533199 -22.8125 47 69.9375
1532260826563119 -13 48.75 71.125
1532260826652880 27.25 60.25 62.8125
1532260826727679 34.25 58.0625 52.8125
1532260826826415 53.0625 55.875 38.9375
1532260826923157 52.25 50.4375 27.9375
1532260827057797 23.3125 22.25 12.5625
1532260827102677 24.625 18.5625 12.1875
1532260827155536 30.125 14.9375 4.625
1532260827230335 19 5.625 3.0625
1532260827283194 3.5 -1.1875 1.25
1532260827372954 -15.6875 -27.625 0.6875
1532260827462714 -2.5625 -34.5625 -5.9375
1532260827492634 -8.875 -33 -0.25
1532260827552474 -1.9375 8.4375 -1.125
1532260827590372 -2.4375 21.9375 -4.625
1532260827620293 -2.625 18.9375 1.0625
1532260827635252 -4.125 14.125 1.25
1532260827695093 -5.8125 6.5 1.375
1532260827725012 -16.25 -7.5 -1.0625
1532260827785850 -45.5625 -32.25 -12.9375
1532260827852671 -79.125 -74.6875 -6.125
1532260827882590 -82.3125 -100.5 -7
1532260827905529 -101.5 -117.813 -5.4375
1532260827958388 -85 -135.875 -22.625
1532260828025210 -126.25 -151.438 -51.4375
1532260828093029 -113 -140.688 -66.4375
1532260828124943 -75.4375 -140.188 -69.25
1532260828152868 -46.6875 -48.0625 -27.8125
1532260828167829 -29.5625 -23.0625 -14.5
1532260828212708 -32.75 3.5 -3.8125
1532260828250607 -12.125 23.0625 -3.75
1532260828325407 11.75 41.125 7.125
1532260828370287 11.125 50.625 8.375
1532260828385247 9.25 54.5625 11.5
1532260828468025 7.4375 66.9375 13.5625
1532260828489967 6.5625 68.0625 15.9375
1532260828527866 11.1875 71.3125 20.1875
1532260828572747 23.375 76.8125 32.8125
1532260828604663 41.9375 81 45.1875
1532260828647545 77.25 101.813 62.8125
1532260828694420 102 127.5 103.063
1532260828701402 128 138.5 104.688
1532260828730324 114.563 152.438 107.5
1532260828745284 87.125 152.688 109.938
1532260828790180 65.125 155.125 107.25
1532260828828062 63.5625 158.25 104.375
1532260828902863 51.5625 128.75 71.75
1532260828977662 -12.75 1 -4.25
1532260829046479 -40.9375 -142 -134
1532260829075401 -55 -171.25 -150.188
1532260829203060 105.813 10.9375 25.5
1532260829232980 47.5 125.75 109.625
1532260829262900 11.1875 180.938 141.688
1532260829279855 37.6875 189.875 137.25
1532260829300799 58.875 191.813 125.375
1532260829345678 78.75 182.188 103.563
1532260829390558 28.1875 122.125 75.3125
1532260829427459 -0.375 74.3125 47.375
1532260829503257 -13.5625 -88.6875 -72.5625
1532260829563097 -43.125 -193.875 -141.375
1532260829593017 -30.6875 -147.125 -134.938
1532260829682777 -9.3125 -98.875 -105.75
1532260829721674 -6.125 -21.8125 -41.875
1532260829772538 42.625 191.688 147.625
1532260829802457 51.8125 187.375 135.188
1532260829818415 61.3125 173.563 113.688
1532260829833375 34.9375 140.688 89.4375
1532260829855316 -1.625 99.125 69.6875
1532260829893214 -10.6875 57.375 46.625
1532260829938095 7.5625 14.3125 2.9375
1532260830005913 6.1875 -31.5625 -43.9375
1532260830253252 27.125 164.813 145.688
1532260830283172 39.4375 180.438 149.625
1532260830313092 55.0625 184.875 135.688
1532260830337028 74.875 179.438 122.25
1532260830349992 73.5 160.688 101.938
1532260830365950 39.875 125.438 81.9375
1532260830387891 -13.3125 22.625 32.3125
1532260830425790 -7.3125 -24.4375 -17.125
1532260830455710 -6.5 -60.25 -56.75
1532260830477652 -5.75 -93.75 -81.625
1532260830500590 7.875 -127.688 -100.125
1532260830537492 -45.125 -181.125 -151.313
1532260830590350 -58 -193.688 -155.438
1532260830620270 -76.875 -187 -134.875
1532260830667144 -134.938 -117.125 -122.5
1532260830710029 -69.6875 27.0625 -15.0625
1532260830747929 -18.875 85.625 24.6875
1532260830800787 -39.8125 75.3125 56.3125
1532260830927449 -30.3125 55.0625 48.0625
1532260830980307 -29.125 43.6875 18.4375
1532260831063086 -45 29.875 12.0625
1532260831199720 -26.3125 23.875 -27.125
1532260831236623 -32.5625 14.75 -19.0625
1532260831257566 -11.25 8.375 -15.375
1532260831287486 -1.125 3.625 -13.375
1532260831333363 7.875 -9.0625 -11.375
1532260831393203 15.625 -10.0625 -6.6875
1532260831415145 26.875 -12.1875 -5.0625
1532260831512886 140.313 -135.938 -24.875
1532260831543801 156.938 -139.813 -26.5
1532260831610623 192.188 -132 -42.1875
1532260831655513 196.125 -102.375 -55.875
1532260831700382 110.188 -75.0625 -58
1532260831731299 153.625 7.25 -82.5
1532260831783160 71.75 5.25 -72.875
1532260831814078 63.4375 -1.125 -61.625
1532260831910818 51.625 -24.5625 -38.1875
1532260831970659 44.875 -23.6875 -2.5
1532260832092334 -20.1875 -27.1875 -13.3125
1532260832113277 -25.5625 -39.1875 -10.6875
1532260832203038 -44 -156.563 30.0625
1532260832247918 -34.9375 -160.438 31.1875
1532260832270856 -32.0625 -145.5 20.9375
1532260832367597 -29.6875 -40.875 3
1532260832443395 -18.5625 -6.1875 3.75
1532260832488274 1.8125 0.3125 0
1532260832548115 -9.875 4.625 -3.6875
1532260832564082 -7.75 5.875 -4.6875
1532260832667795 -6.4375 3.9375 -9.8125
1532260832712675 -5.25 -0.0625 -14.1875
1532260832787474 -13.3125 -22.625 -18.25
1532260832802435 -12.9375 -21.3125 -19.25
1532260832825373 -11.6875 -15.75 -14.9375
1532260832923112 -7.6875 -11.75 -8.125
1532260833020851 4.5 -17.5 -3.75
1532260833035811 -8.9375 -24.5625 -2.5
1532260833087672 3.75 -22.25 -2.8125

1532260833140531 -6.625 33.0625 6
1532260833200371 -48.625 -20.25 -0.8125
1532260833230291 8.5625 -22.625 -4.5625
1532260833268189 18.75 -38.375 -1.8125
1532260833380888 -27.25 3.1875 -2.375
1532260833402829 -47.4375 0.1875 -2.9375
1532260833455688 27.5625 -1 5.125
1532260833492589 17.4375 0.6875 3.375
1532260833575368 3.4375 -2.125 2.5
1532260833634986 6.4375 0.125 0.625
1532260833725743 -6.5 1.5 -2.25
1532260833762644 2.375 5.875 0.6875
1532260833785583 -1.0625 6.875 0.1875
1532260833868362 6.75 3.75 -3.3125
1532260833920223 17.1875 3.625 -7.125
1532260834003001 -21.3125 -7.0625 7.8125
1532260834040899 -54.8125 -12.5 16.8125
1532260834055861 -96.75 5.1875 11.25
1532260834107722 -28.6875 19.8125 27.1875
1532260834145620 -1.875 24.0625 44.625
1532260834205460 13.625 0.875 88.625
1532260834325140 -23.4375 0.875 57.75
1532260834377999 -70.75 18.6875 22.9375
1532260834557519 47.375 55.875 48.25
1532260834595418 60.8125 61.5625 49.0625
1532260834633316 65.75 64.625 55
1532260834655257 64.8125 67.3125 57.5
1532260834774937 53.75 73.0625 45.125
1532260834797876 62.875 79.5625 27
1532260834827796 38.5625 65.625 22.25
1532260834850735 37.3125 58 17.4375
1532260834895615 41.75 54.5 16.4375
1532260834940495 44.4375 50.3125 15.0625
1532260835015295 41.4375 42.8125 16.4375
1532260835030255 23.75 25.0625 10.9375
1532260835075135 6.4375 -10.0625 17.0625
1532260835105069 -1.4375 -9.3125 10.75
1532260835121012 -2.9375 -7.8125 7.9375
1532260835142953 9.6875 -8.75 1.1875
1532260835255654 14.75 -6.0625 2.0625
1532260835285572 8.1875 -3.0625 3.8125
1532260835360371 -8.1875 0.6875 -7.0625
1532260835390291 -25.75 -23.9375 -6
1532260835443151 -37.5625 -38.625 -3.1875
1532260835473071 -48.125 -56.5 -1.0625
1532260835532911 -59.875 -76.1875 3.25
1532260835639625 -123.688 -188.75 -16.4375
1532260835652590 -114.313 -167.688 -29.375
1532260835728388 -88 -121.625 -40.9375
1532260835773267 -99.6875 -103.813 -36.3125
1532260835840089 -39.5 -10.0625 -19.5625
1532260835899929 0 35.6875 0.125
1532260835937840 5.625 70.5625 5.125
1532260835960766 13.8125 89.625 7.5
1532260836005658 41.375 116 30.75
1532260836119342 61.4375 129.063 34.1875
1532260836155247 80.25 157.625 42.4375
1532260836193145 123.688 181.938 97.5
1532260836208120 123.625 174.188 95.0625
1532260836223065 116.188 165 89.6875
1532260836259966 105.813 155.063 83.875
1532260836305844 89.375 135.438 79.75
1532260836432505 20.3125 59.4375 41.5
1532260836462440 -38.1875 -64.125 -58.8125
1532260836494340 -30.8125 -138.75 -116.625
1532260836598062 -60.3125 -159.563 -131.75
1532260836634964 -88.375 -161 -122.438
1532260836732702 73.3125 167.813 121.75
1532260836777582 85.75 154.563 88.125
1532260836792542 39.4375 115.938 59.125
1532260836920200 13.875 21.5625 7.1875
1532260836943139 23.875 -28.3125 -44.1875
1532260836995001 -34.3125 -151.75 -121.063
1532260837062819 -90.5625 -196.75 -138.438
1532260837085758 -85.375 -110.375 -116.5
1532260837115678 -2.875 -26.375 -61.5625
1532260837152579 103.938 36.375 32.375
1532260837206438 -31.625 104.5 115.625
1532260837251315 -11.6875 156.563 145.875
1532260837258296 66.6875 168.313 153.375
1532260837295198 27.3125 114.625 81.5
1532260837318137 6.375 36.9375 14.3125
1532260837333097 4.4375 -6.3125 -24.5
1532260837363017 -6.5625 -49.5 -56.875
1532260837384957 -24.8125 -90.1875 -81.75
1532260837430835 -19.6875 -155.5 -136.75
1532260837527576 -24.8125 -184.5 -161.688
1532260837572456 -48.25 -219.625 -153.125
1532260837618334 64.8125 53.125 62.0625
1532260837670195 -37.4375 102 105.188
1532260837693134 10.75 97.125 98.3125
1532260837827774 -23.9375 30 -67.5625
1532260837842734 -46.6875 16.125 -91.875
1532260837895592 -93.9375 22.375 -53.125
1532260837940472 -57.1875 31.9375 -40.25
1532260838015272 -42.75 49.625 -13.875
1532260838195790 -39.9375 26 -1.375
1532260838225709 -45.125 23.625 -3
1532260838247651 -43.9375 24.5 -4.5625
1532260838307491 -20.9375 17.875 0.4375
1532260838330430 -10 11 -1.75
1532260838353369 -3.3125 3.875 -1.8125
1532260838398248 13.875 -11.25 -2.8125
1532260838630626 178.813 -88.125 -42.3125
1532260838825107 153.188 -73.75 -99.1875
1532260838863006 135.813 -69.5625 -103.688
1532260839027565 -5.25 -12.6875 -2.1875
1532260839050504 -10.3125 -23.6875 0
1532260839072460 -21.9375 -31 5.0625
1532260839140264 -27.1875 -54.875 12.5625
1532260839170183 -31.25 -70.8125 11.625
1532260839223043 -22.6875 -117.688 30.25
1532260839312803 -47.5625 -46.9375 1.1875
1532260839357683 -56.4375 -23.25 -7.75
1532260839440461 -29.6875 -7.1875 -10.6875
1532260839455421 -19 -0.5625 -5
1532260839478360 -1.8125 6.9375 -2.375
1532260839530221 -12.9375 2.875 2.375
1532260839553160 -1.25 0.4375 1.625
1532260839590061 6.75 3 3.375
1532260839634941 5.1875 3.1875 1.8125
1532260839695779 2.25 9.125 4.125
1532260839747640 7 9.5 4.8125
1532260839777560 5.5625 6.8125 6.1875
1532260839800498 -0.875 7.125 7.3125
1532260839823437 -7.3125 2.8125 6.875
1532260839845379 0.6875 -3.75 6.8125
1532260839890259 5.25 -18.1875 1.1875
1532260839920178 8 -24.75 -1.375
1532260839980019 6.9375 -30.8125 -13.875
1532260840009938 -5.5625 -29.3125 -21.4375
1532260840034872 -16.625 -28 -26.0625
1532260840070776 -24.1875 -22.25 -24.9375
1532260840100696 -24.9375 -17 -22.6875
1532260840152557 -34.75 2.9375 -6.625
1532260840333074 13.6875 -20.875 3.4375

1532260840527555 22.8125 -24.125 2.9375
1532260840655213 8.9375 -28.3125 3.625
1532260840685133 -20.8125 9.375 5.8125
1532260840715053 -55.25 3.625 -9.8125
1532260840730014 -39.875 4.25 -5.125
1532260840760886 9.25 3.5 -5.8125
1532260840805767 7.8125 1.125 -1.25
1532260840835686 1.0625 -0.8125 -2.3125
1532260840889552 4.0625 -1.5625 1.6875
1532260840949391 -5 -1.8125 0
1532260840963354 -11.8125 0.9375 -0.1875
1532260841000255 -8.75 2.9375 -0.9375
1532260841038155 -2.375 2.3125 -1.875
1532260841090020 3.4375 2.5625 -3.8125
1532260841105973 5.9375 4 -3.1875
1532260841119935 14.8125 7.8125 -0.3125
1532260841134895 -10.75 3 -6.875
1532260841180772 -30.3125 2.375 0.0625
1532260841232635 -43.375 -5.6875 3.75
1532260841398191 -5.4375 14.6875 66.875
1532260841428112 -20.25 6.625 66.1875
1532260841458032 4.5 -18.0625 71
1532260841472992 3.875 -29.9375 61
1532260841488949 -14.5625 -36.625 46.5
1532260841502912 -26.875 -40.5 33.5
1532260841525850 -28.5 -49.8125 25.75
1532260841547791 -30.9375 -64.0625 18.5625
1532260841586688 -49.5 -81.5 -2.9375
1532260841622592 -54.75 -85.4375 -11.5
1532260841637552 -66.25 -83.75 -17.0625
1532260841773189 -4.625 11.4375 7.8125
1532260841795130 -14 25.125 13.9375
1532260841826048 -31.25 55.3125 29.375
1532260841847988 -24 67.5 39.9375
1532260841892883 15.1875 87.125 57.4375
1532260841922803 30.125 90.9375 60.6875
1532260841945741 37.5625 95.5 60.375
1532260841982643 49.1875 99.3125 59.875
1532260842042483 84.9375 89.625 54.3125
1532260842065421 102.375 78 35.4375
1532260842103320 116.188 68.25 36.5
1532260842125261 131.5 61.1875 37.625
1532260842193080 104.875 54.6875 37.625
1532260842215022 105.313 59.125 41
1532260842244941 100.813 58.75 29.5
1532260842259901 88.5 53.875 25.625
1532260842290818 76.3125 47.1875 24.5625
1532260842312760 53.25 42.375 30.5625
1532260842327721 31 36.3125 31.3125
1532260842342680 15.75 28 27.5625
1532260842425459 13.625 28.875 24.9375
1532260842455380 26.0625 28.5 18.3125
1532260842500264 -11.625 20.9375 19.6875
1532260842545139 2.875 17.25 2.8125
1532260842560099 -3.1875 13.5625 -1.875
1532260842583037 -12.6875 16.6875 3.5625
1532260842604979 -5.5 16.25 1.5
1532260842619939 1.25 13.5625 -3.5625
1532260842642877 -3 5.75 -4.25
1532260842680776 -9.875 -2.8125 0.5625
1532260842717677 -16.1875 -9.8125 -1.25
1532260842807437 -30.4375 -45.1875 -0.75
1532260842899192 -93.125 -123.75 -6.9375
1532260842920136 -86.1875 -139.313 -8.4375
1532260842950056 -95.8125 -158.875 -9.5
1532260843047794 -124.5 -176.813 -0.4375
1532260843145533 -71.75 -49.6875 -37.6875
1532260843190413 -49.875 -30.5625 -35.4375
1532260843220333 -35.625 -21 -21.625
1532260843265213 -26.5625 27.3125 9.4375
1532260843325053 -11.375 44.4375 11.5625
1532260843415810 54.625 151.313 55
1532260843460690 95.625 181.313 56.8125
1532260843520530 97.1875 201.813 67.875
1532260843588353 99.875 204.375 104.688
1532260843625250 97.5625 184.625 95.375
1532260843655188 97.9375 169.125 92.9375
1532260843767869 -1.75 16.625 14.25
1532260843835687 -17.375 -49.75 -38.875
1532260843865607 -26.6875 -81.3125 -69.125
1532260843910487 -57.9375 -184.25 -115.625
1532260843940408 -109.75 -133.875 -104.25
1532260843970328 -39.875 -84.125 -86.5625
1532260844008226 41.4375 34.6875 37.75
1532260844045127 -5.8125 127.188 112.813
1532260844068066 -2.8125 155.375 131.375
1532260844090008 40.3125 168.25 139.938
1532260844187746 50.9375 129.375 67.5625
1532260844202706 3.5 87.5625 41.1875
1532260844225645 -15.875 39.9375 13.875
1532260844323384 -30.0625 -168.063 -132.813
1532260844479965 -5.75 -90.4375 -98.375
1532260844517863 -32.1875 131.813 130.188
1532260844577703 63.125 161.563 134.5
1532260844600642 57.375 153.25 126.063
1532260844630562 65 141.5 108.625
1532260844667464 55.0625 118.625 87
1532260844803101 -18.0625 -151.75 -136.375
1532260844922781 -113.938 -201.438 -132.125
1532260844975639 -122.188 -170.563 -134.563
1532260845050439 66.4375 164.563 158.75
1532260845088338 65.9375 146.375 120.313
1532260845111277 49.5625 127.5 107.313
1532260845133218 14.75 100.75 84.1875
1532260845163138 -6.8125 61.8125 54.5625
1532260845244919 -7.6875 -93.4375 -91.125
1532260845342658 -80.875 -76.9375 -123.938
1532260845357618 -72.5625 -47.125 -122.25
1532260845417458 -74.3125 38.1875 -41.375
1532260845463335 -77.25 75.875 26.4375
1532260845500236 -71.375 85.875 42.0625
1532260845688733 -25.1875 51.125 6
1532260845717655 -15.9375 36.375 3.6875
1532260845755564 -40.1875 19.8125 -4.625
1532260845823373 -15.9375 14.6875 3.4375
1532260845950049 -2.5 4.5625 -24.8125
1532260845995911 3.625 -12.125 -24.625
1532260846243249 192 -67 -8.6875
1532260846407809 158.875 -112.375 -90
1532260846655153 85.5 -53.5625 -24.875
1532260846978284 -54.75 -8.4375 4
1532260847015185 -48.8125 0.5625 -6.75
1532260847030145 -34.0625 6.8125 -9.625
1532260847060065 -21.125 12.875 -6.875
1532260847083004 -20.4375 7.25 -3
1532260847142844 -4.1875 5.375 -1.4375
1532260847172764 3.5625 5.4375 -2.5
1532260847240582 2.125 7.75 -10.3125
1532260847279478 -4.5 -1.125 -24.0625
1532260847331340 3.75 -14.3125 -38.75
1532260847346300 3.625 -23.4375 -45.375
1532260847390183 -7.4375 -40.875 -41.875
1532260847420102 -16.8125 -41.875 -41.6875
1532260847443041 -26.875 -39 -38.9375
1532260847487921 -25.9375 -31.1875 -33.5
1532260847609596 -25 4.5625 6.5625
1532260847630540 -19.3125 2.0625 11.625
1532260847652480 5.5625 -10.1875 10.375
1532260847705341 19.875 -11.1875 9.5625
1532260847743239 34.75 -1 5.3125

1532260847758199 24.1875 -3.3125 14.125
1532260847788119 -1.6875 -18.3125 10
1532260847827015 -79.375 -14.3125 12.375
1532260847877878 48.9375 -17.375 3
1532260847892838 20.6875 -21.8125 3.625
1532260847930737 -16.8125 -25.5 4.875
1532260848065377 -25.9375 -28.9375 4.4375
1532260848110257 -3.125 -29.6875 2.9375
1532260848193038 -0.9375 1.5625 -1.4375
1532260848215677 7.75 0 2.3125
1532260848260556 -1.125 -1.375 -1.8125
1532260848297890 3.6875 -4.8125 -1.625
1532260848395635 24.625 7.5 1.4375
1532260848432536 32.8125 11.8125 2.75
1532260848462456 23.5625 10.3125 -5.0625
1532260848597520 -22.875 16.8125 7.5625
1532260848673318 -32.5 33.375 57.6875
1532260848718197 -45.1875 9.4375 83.125
1532260848748117 -29.5 -2.3125 86.9375
1532260848807957 7 -25.25 102.438
1532260848837877 -2.375 -32.6875 94.875
1532260848860816 -1.125 -11.6875 73.5625
1532260848897717 -36.3125 14.5 44.375
1532260848920656 -44.8125 26.9375 37.8125
1532260848942597 -28.375 43.5625 28.625
1532260848957557 2.6875 57.1875 21.75
1532260849025376 15.875 58.6875 27.8125
1532260849048314 24.3125 60.8125 34.3125
1532260849115136 45.625 69.3125 48.75
1532260849160015 60.625 72.6875 43.1875
1532260849325573 42.5625 59.375 35.1875
1532260849363471 42.6875 56.6875 34.5625
1532260849415333 42.8125 52 38.75
1532260849475173 35.75 42.0625 22.25
1532260849535013 32.625 31.25 4
1532260849551968 33.3125 24.125 3
1532260849572913 39.625 17.1875 -0.125
1532260849632751 18.8125 6 0.5625
1532260849692592 5.875 -4.375 -4.875
1532260849715536 -7.8125 -9.875 1.8125
1532260849790330 2.1875 -21 11.0625
1532260849813268 3.5 0.6875 7.1875
1532260849873109 3.75 15.375 -1.5
1532260849903029 -6.6875 16.4375 -3.75
1532260849924971 -14.125 13.4375 -5.6875
1532260849985807 -15.875 -22.75 2.0625
1532260850060607 -74.75 -114.813 4.5625
1532260850084543 -103.688 -142.375 -10.4375
1532260850105500 -121.688 -154.75 -23.8125
1532260850120447 -139.438 -169.063 -34.375
1532260850150367 -149.563 -179.75 -48.125
1532260850203225 -153.438 -180.375 -61.875
1532260850248107 -143 -172.875 -65.625
1532260850292986 -126.813 -161.313 -70.125
1532260850323903 -122.375 -110.813 -69.125
1532260850337865 -68.6875 -70.0625 -70.875
1532260850352826 -57 -46.3125 -34.6875
1532260850384740 -20.0625 -25.25 -15.5625
1532260850412665 1.8125 -11.5625 -1.125
1532260850458543 10.5 23.9375 13.375
1532260850502425 25.625 55.1875 18.5
1532260850525365 33.375 78.8125 27.125
1532260850540324 48.6875 99.9375 37.125
1532260850563263 59.9375 125.25 45.375
1532260850624101 101.313 197.938 88.75
1532260850647039 116.375 210.063 95.6875
1532260850661999 121.75 213.375 103.938
1532260850690922 124.625 216.938 106.25
1532260850712863 122.5 219.5 104.625
1532260850727823 109.375 209.063 108.563
1532260850750761 99.125 197.5 110.188
1532260850780681 99.5 187.688 104.625
1532260850817583 93.625 170.75 99.375
1532260850945242 -19.625 -30.125 -25.25
1532260850985135 -25.25 -59.75 -51.9375
1532260851007077 -31.25 -90 -77
1532260851095855 -79.4375 -159.375 -122.063
1532260851125759 -108.25 -91.4375 -68.5
1532260851156680 13.8125 38.5 51.125
1532260851192580 74.125 133.813 136.5
1532260851207540 72.25 169.188 151.25
1532260851222500 74.8125 181.75 154.063
1532260851260399 77.125 172.188 127.625
1532260851290319 72 149.313 101.313
1532260851395039 29.9375 87.5625 46.875
1532260851470836 -38.125 -179.938 -133.063
1532260851485796 -61.875 -197.75 -138.813
1532260851501754 -110.25 -204.313 -141.188
1532260851524692 -130.813 -132.938 -107.375
1532260851552617 -35.3125 -40.75 -34.0625
1532260851695236 58 178.813 151.688
1532260851711194 75.75 175.938 129.938
1532260851748095 6.375 63.75 38.6875
1532260851770036 9.1875 21.875 5
1532260851779012 15.6875 -17.0625 -30.375
1532260851822895 5.5625 -55.125 -60.875
1532260851882735 -31.5625 -121.188 -105.875
1532260851927615 -57.75 -182.938 -160.813
1532260851980473 -85.1875 -105.875 -90.375
1532260851995433 -22.3125 -59.5 -44.6875
1532260852033332 11.4375 16.6875 32
1532260852078212 0.6875 49.875 60.4375
1532260852115113 10.8125 88.75 101.625
1532260852212852 49.5625 104.25 84
1532260852272692 -37.25 -8.25 -54.0625
1532260852325551 -78.9375 -11.375 -82
1532260852377412 -97.25 14.5 -33.4375
1532260852423289 -83.6875 18.0625 -35.9375
1532260852490111 -46.5 25.4375 -6.6875
1532260852587853 -34.8125 17.375 -9.75
1532260852640708 -44.75 10.75 -14.125
1532260852655670 -47.5 10.875 -10.6875
1532260852715508 -21.875 14.75 -15
1532260852820228 -5.5 8.75 -8.5
1532260852880068 -12.625 5.375 7
1532260852917966 7.0625 0.375 10.875
1532260852947899 10.9375 -6.0625 9.0625
1532260853060589 108.75 -38.5 -7.8125
1532260853180264 225.625 -45.125 -45.0625
1532260853227140 166.313 -71.125 -78.25
1532260853487480 16.4375 -44.6875 1.625
1532260853578237 -17.875 -66.625 12.875
1532260853667997 -66.125 -135.938 80.75
1532260853720855 -92.9375 -124.188 50.375
1532260853765736 -102.25 -110.875 21.0625
1532260853787677 -96.75 -96.4375 7.25
1532260853817597 -63.375 -53.5 -2.6875
1532260853893394 5.75 9.25 10
1532260853923315 11.5 24.6875 17.0625
1532260853953234 16.4375 45.6875 21.375
1532260853991147 50.3125 68 15.6875
1532260854013075 39.1875 65.0625 18.375
1532260854042994 32 56 23.375
1532260854087875 48.4375 46.875 10.5625
1532260854132754 39.0625 34.4375 -10.9375
1532260854170653 36.375 15.5 -36.3125
1532260854275372 -30.25 -47.375 -61.0625
1532260854305294 -24.375 -50.0625 -60.5625
1532260854358152 -2.8125 -51.5 -58.75
1532260854403032 18.0625 -52.75 -34.25
1532260854432952 9.25 -34.5625 -11.125
1532260854462871 16.1875 -28.625 -7.0625
1532260854552631 3.25 -9.375 6.1875
1532260854597512 -7.0625 -8.25 8.8125
