1532264853513090 -21.5 41.5 79.375
1532264853570934 -6.0625 -76.25 86.9375
1532264853599858 -40.875 -100.313 71.5625
1532264853668674 -51.8125 -145.563 30.75
1532264853720553 -147 -132.25 -39.3125
1532264853810296 -56.8125 -20.75 -13.0625
1532264853952914 10.4375 146.75 56.3125
1532264853974855 94.625 186.188 79.25
1532264853989815 156.813 218.375 93
1532264854012754 177.063 248.625 103.75
1532264854033698 196.125 277.5 110.813
1532264854049655 228.688 298.938 117.313
1532264854072608 243.813 313.563 113.188
1532264854123457 255.938 319.313 84.3125
1532264854155372 260.125 298.625 47.1875
1532264854192274 204.5 257.563 18.125
1532264854230172 168.75 230.313 -0.875
1532264854239149 144.938 201.375 -0.9375
1532264854253110 131.063 171.313 -5.5625
1532264854298989 98.5625 148.188 -15.375
1532264854333894 49 110.813 -9.5625
1532264854365809 29.3125 90.875 -1.9375
1532264854395729 49.25 45.875 11.375
1532264854425650 40.75 29.75 19.9375
1532264854455570 43.6875 14.5 17.4375
1532264854477526 36.5 7.8125 13.9375
1532264854515410 17.125 -7.0625 8
1532264854552311 28.3125 -10.875 -8
1532264854590210 26.25 -11.0625 -5.125
1532264854620147 21.6875 -17.5 7.25
1532264854641086 26.625 -14.625 2.0625
1532264854658028 25.5 -9.6875 2.125
1532264854679969 12.25 -11.6875 2.75
1532264854730833 31.8125 -33.1875 28.75
1532264854846532 21.3125 -30.6875 7.3125
1532264854883431 26.375 6.375 -4.5625
1532264854903372 24.4375 16.125 -16.125
1532264854933292 19 18.75 -20.5625
1532264854951244 14.625 9.875 -21.75
1532264854995127 8.9375 -2 -25.875
1532264855026048 -8.5 -75.375 -15
1532264855061948 -17 -103.063 -11.375
1532264855108830 -31.875 -203.188 10.9375
1532264855198583 -101.313 -317.375 39.75
1532264855274380 -267.875 -404.813 36.25
1532264855330230 -288.688 -396.625 -43.0625
1532264855345191 -258.25 -384.688 -69.625
1532264855383089 -178.125 -320.875 -63.875
1532264855406028 -115.25 -255.75 -71.0625
1532264855605502 -14.25 16.625 -12.5
1532264855683294 17.375 12.3125 -10.75
1532264855766072 6.3125 15.8125 -1.5625
1532264855802973 7 25.0625 12.625
1532264855885752 30.5 44.625 72.375
1532264855923659 59.5 85.5 105.438
1532264855945592 87.8125 97.9375 116.563
1532264855980499 109.5 114.563 128.75
1532264856031363 131.875 170.938 159.688
1532264856068264 132.438 198.375 177.063
1532264856143064 168.375 221.063 166.375
1532264856165005 189.125 205.375 132.188
1532264856192931 159.25 192.313 114
1532264856218861 126.25 177.25 109.938
1532264856233822 109.938 161.563 101.125
1532264856276706 77.75 127.063 54.4375
1532264856285683 57.6875 113.813 55.5625
1532264856347517 56.75 111.125 42.4375
1532264856361524 57.1875 100.563 19.625
1532264856404396 28.0625 57.375 0.8125
1532264856466230 20.0625 32.625 -1.5625
1532264856532055 -0.5625 10.5 -5.25
1532264856607866 -14.8125 -11.125 -2.6875
1532264856623809 -31.25 -36.9375 3
1532264856722545 -69.5 -79.125 18.4375
1532264856805323 -78.125 -123.375 17.125
1532264856864166 -101.625 -157.625 19.75
1532264856885110 -94.5 6.75 -67.625
1532264856906054 -110.813 -22.75 -42.5
1532264856973874 -24.1875 -2.8125 8.0625
1532264857004790 2.25 1.125 1.0625
1532264857026732 -11.75 0 -2.625
1532264857050680 -11.5 0.8125 -5.875
1532264857086572 0.5625 6.375 -8.375
1532264857102534 5.5 9.5625 -8.5
1532264857153392 -0.625 16.625 -7.875
1532264857245147 -46.375 55.9375 -3.5
1532264857328927 -70.5 106.063 -11.5
1532264857402726 -0.5625 125.375 -76.9375
1532264857455585 -16.5 99.75 -85.0625
1532264857485505 10.4375 76.625 -103.563
1532264857596208 -44.125 -11.9375 -46.375
1532264857708908 3.6875 -3.9375 18.9375
1532264857828587 10.5625 19.75 1.6875
1532264857913360 24 36.3125 42.375
1532264857957243 141.125 101.938 59.4375
1532264857971206 158.438 120.313 71.25
1532264857995141 170.688 150.438 74.5
1532264858010106 188.5 182.625 63.25
1532264858061963 206.5 199.688 41.1875
1532264858097867 83.625 157 -37.6875
1532264858136763 58.875 55.25 -59.4375
1532264858167680 104.375 9 -33.5625
1532264858190619 95.625 -1.8125 -23.5625
1532264858212560 93.1875 -5.0625 1.875
1532264858235499 78.4375 -0.5 3.875
1532264858264421 53.6875 0.875 1.1875
1532264858317280 17 -8.8125 -0.5625
1532264858324261 3.75 -12.9375 -2.625
1532264858348198 -4.9375 -14.25 -1
1532264858378118 -10.9375 -13.5 -3.6875
1532264858415024 6 -22.75 6.5625
1532264858429979 18.4375 -28.125 10.375
1532264858444939 42.4375 -28.9375 25.875
1532264858467878 61.125 -27.625 40.5625
1532264858489818 60.75 -25.6875 45.5625
1532264858511776 55.8125 -20.875 50.3125
1532264858527718 56.6875 -18.9375 53.375
1532264858565616 48.4375 -23.4375 56.875
1532264858597531 32.6875 -31.8125 55.75
1532264858640416 18.0625 -34.0625 54.125
1532264858649392 -3.5625 -53.1875 48.25
1532264858677318 -22.1875 -61 39.4375
1532264858692277 -32.8125 -67.25 31.6875
1532264858708235 -24.9375 -77.5 25.4375
1532264858751120 -49.875 -99 26.75
1532264858768079 -80.375 -95.25 9.8125
1532264858804976 -93.125 -87.1875 0.4375
1532264858827915 -97.75 -75.1875 30.75
1532264858849856 -104.188 -61 30.875
1532264858878779 -106.125 -42.0625 40.1875
1532264858917692 -82 -32 78.8125
1532264858954576 -74.5 -22 97.875
1532264858971531 -77.6875 -19.25 107.313
1532264858991478 -55 -11.625 102.438
1532264859030373 -10.375 14.5625 75.875
1532264859051317 -4.6875 20 66.75
1532264859119136 -14.1875 34.25 27.0625
1532264859170997 7.25 16.8125 -22.875
1532264859194933 9.375 6.375 -14.625
1532264859238840 8.6875 -8.125 5.3125
1532264859270754 -0.3125 -2.0625 2.4375
1532264859313640 4.875 0.6875 -1.1875
1532264859368493 -2.625 2.25 -2.3125
1532264859403400 -4.375 2.75 -0.3125
1532264859420354 -2.5625 3.4375 -1.4375
1532264859473213 -4.5 0.5625 -0.25
1532264859487176 -1.875 2.0625 -3.4375
1532264859548013 -3.25 1.9375 -3.8125
1532264859569954 -4.375 1.0625 -4.625
1532264859622823 -11.125 -9.8125 -6.375
1532264859652743 -17.25 -30.0625 -12.4375
1532264859741505 -75.6875 -100.875 -43.125
1532264859810322 -70 -189.813 -115.625
1532264859870162 -31.625 -185.875 -142.25
1532264859914043 -83.1875 -170.063 -134
1532264859973900 -25.625 -65.6875 -134.688
1532264860040730 -70.9375 -22.1875 -88.1875
1532264860095567 -42.75 12.8125 -37.25
1532264860132482 -23.75 7.0625 -17.5625
1532264860179343 -19.1875 4.4375 -13.5625
1532264860194302 1.6875 -0.25 -16.625
1532264860274089 -37.1875 -4.625 1.3125
1532264860305005 27.3125 -16.1875 0.3125

1532264860395764 10.4375 -11.5625 25.4375
1532264860447625 -31.75 5.5 17.25
1532264860470563 -28.4375 -0.5625 8.875
1532264860476548 4.3125 -4.9375 4.625
1532264860509459 32.5625 11.4375 1.25
1532264860515443 41.125 27.4375 0.6875
1532264860560324 1.375 17.5 17.25
1532264860635132 -20 53.875 34.6875
1532264860658064 -26.75 66.4375 50.3125
1532264860740848 -24.125 35.8125 88.1875
1532264860785720 3.875 -36.8125 94.8125
1532264860836585 -12.1875 -109.75 59.375
1532264860912382 -89.6875 -154.875 -38.8125
1532264860935321 -105.188 -148 -69.3125
1532264860995170 -103.188 -82.8125 -53.0625
1532264861024083 -122.313 -56.875 -56.9375
1532264861055017 -30.25 -54.875 -49.5625
1532264861091902 33.75 -47.0625 -26.25
1532264861160717 4.25 2.625 -11.5
1532264861218564 -26.5625 13.5625 -7.875
1532264861235518 -18.5 12.625 -7.8125
1532264861303338 17.5625 -5.8125 -6.0625
1532264861383123 -15.5 28.3125 18.4375
1532264861442963 37.25 120.188 34.0625
1532264861562644 168.75 278.438 120.625
1532264861579599 198.313 294.938 136.188
1532264861600542 223.438 315.563 134.813
1532264861660382 245.188 318.438 72.8125
1532264861694292 271.375 305.563 48.1875
1532264861699278 315.438 298.438 32.5
1532264861761113 177.438 227.313 -27.5
1532264861798014 76.125 194.625 -10.5
1532264861819955 26.3125 133.875 -1.9375
1532264861847880 66.25 120.813 7.125
1532264861879795 89.0625 107.25 4.875
1532264861946616 29.5 43.9375 26.1875
1532264861960579 36.5625 32.75 29.125
1532264861983518 34.875 18.3125 33.5625
1532264862023411 40.9375 -0.1875 39.9375
1532264862046350 45.5625 -1.75 32.4375
1532264862083253 30.375 -7.5625 24.75
1532264862111176 13.625 -8.6875 18.25
1532264862174019 19.75 1.25 3.75
1532264862212905 22 10.125 -10.6875
1532264862320616 15.8125 -2.6875 6.75
1532264862343555 7.25 -3.4375 1.3125
1532264862388435 1.625 -9.4375 -2.1875
1532264862473208 29.1875 -87.8125 5.6875
1532264862525070 16.5625 -169.875 20.4375
1532264862562968 2.1875 -236.438 13.4375
1532264862642754 -153.375 -432.375 42.8125
1532264862680653 -257.688 -481.063 24.25
1532264862722542 -267.438 -476.25 -9.25
1532264862743486 -233.438 -453.813 -17.6875
1532264862763432 -220.813 -434.563 -31.25
1532264862781385 -250.875 -406.25 -46.5
1532264862823272 -231.688 -309.375 -70.9375
1532264862841236 -148.938 -232.5 -97.5
1532264862862168 -49 -168.125 -67.125
1532264862883119 -13.375 -144.375 -50.125
1532264862914036 -50 -115.625 -37.6875
1532264862942959 -109.625 -39.0625 -18.125
1532264862966895 -70.625 -17.125 -8.0625
1532264863002799 -32.9375 -6.1875 -5.3125
1532264863080591 -1 6.75 2.125
1532264863141430 9.125 17.6875 10.9375
1532264863183317 18.9375 28.75 18.375
1532264863243157 8.25 38.5 73
1532264863284047 56.75 55.4375 109.625
1532264863343887 103.688 105.25 149.625
1532264863362837 131.813 117.938 156.188
1532264863403727 115.625 152.438 214.688
1532264863422676 110.438 165.688 226.625
1532264863462570 158.75 193.75 224
1532264863483514 170.375 206.5 231.625
1532264863522410 185.313 214.438 211.125
1532264863543354 180.5 213 193.438
1532264863560308 171.125 208.938 173.625
1532264863583247 161.313 205.938 153.063
1532264863621146 144.688 183.5 112.875
1532264863643088 130.063 169.063 93.0625
1532264863664034 104 157.313 74.0625
1532264863679989 86.8125 136.563 60.375
1532264863726863 88.4375 115.563 39.125
1532264863746810 63.8125 72.0625 24.5625
1532264863785706 40.875 38.5625 15.25
1532264863806650 40.625 26.0625 7.75
1532264863851529 11.375 3.5 7.25
1532264863898405 -19.9375 -9.8125 -1.0625
1532264863986170 -56.5 -60 3.5
1532264864041028 -71.8125 -84.625 7
1532264864063962 -111.938 -161.375 24.5
1532264864075930 -84.3125 -191.063 25.6875
1532264864167685 -87.625 1.375 -58.5
1532264864188628 -87.375 -49.6875 55.5625
1532264864205583 -26.625 4.125 -24.0625
1532264864265423 15.6875 7.3125 3.25
1532264864302324 -9.625 7.875 3.625
1532264864333241 -13.625 9.6875 8.1875
1532264864378121 30 14.3125 2.5625
1532264864385103 32.375 17.875 -0.0625
1532264864423001 -15.8125 38.9375 -4.125
1532264864465887 -56.25 66.625 -15.8125
1532264864504783 -72.0625 93.9375 -45.0625
1532264864527721 -64.125 97 -65.5625
1532264864542691 -51.375 89.625 -86.875
1532264864586565 -61.5 66.5 -109.938
1532264864616484 -75.5625 61 -113.625
1532264864647401 -59.75 55.9375 -144.563
1532264864671349 -36.3125 52.125 -146.25
1532264864706244 -59 33.0625 -112.563
1532264864768096 -74.6875 2.625 -59.5
1532264864782057 -55.125 -4.1875 -43.8125
1532264864872815 -4.625 -12.875 6.5
1532264864985531 23 32.75 36.375
1532264865129139 148.813 165.5 85.6875
1532264865173013 181.188 212.688 94.1875
1532264865187973 159.125 204.5 81.5
1532264865234848 134.438 187.563 58.9375
1532264865300671 59.75 62.9375 -26.25
1532264865315631 58.5 35.1875 -14.8125
1532264865337573 64.4375 19.875 -14.9375
1532264865375471 44.3125 -7.9375 5.0625
1532264865406388 46.4375 -11.6875 12.375
1532264865450270 57.9375 -6.4375 9.6875
1532264865488170 37.625 -9.9375 17.9375
1532264865516095 32.9375 -17.125 17.5625
1532264865540031 25.75 -22.8125 18.375
1532264865591892 24.625 -51.8125 36.3125
1532264865614831 19.25 -53.25 30.3125
1532264865688634 4.3125 -73.75 25.9375
1532264865704592 -12.8125 -72.4375 15.4375
1532264865795348 -28.25 -83.5625 21.875
1532264865811306 -59.0625 -86.0625 42.375
1532264865885108 -121.563 -70.9375 74.5
1532264865930989 -74.75 -44.3125 54.5625
1532264865944948 -61.9375 -27.875 45.375
1532264865989828 -73 -16.125 67.75
1532264866020745 -72.75 -11.625 45.25
1532264866033710 -59.4375 -10.75 31.3125
1532264866072607 -26.125 -6.9375 35
1532264866101530 -35.9375 -6.6875 30.8125
1532264866132446 -26.3125 0.625 6.8125
1532264866179336 -5.1875 4.0625 -5.3125
1532264866208244 -11.5 6.25 -0.1875
1532264866238164 1.5625 3.4375 -1.4375
1532264866290038 3.75 -0.625 2.75
1532264866312964 1.4375 -2.625 -0.125
1532264866349866 7 1.25 -0.375
1532264866410702 -3.5625 1.125 -1.6875
1532264866477540 -6.0625 -8.6875 -4.75
1532264866530383 -21.0625 -51.625 -27
1532264866560302 -24.8125 -69.5 -47.125
1532264866590225 -28.6875 -109.5 -109.25
1532264866678985 -3.6875 -189.188 -153.063
1532264866709902 -30.6875 -197.813 -157.438
1532264866730846 -65.4375 -176 -149.125
1532264866770740 -51.25 -112.188 -142.063
1532264866792682 -48.25 -103 -114.688
1532264866830580 -53.875 -65.5 -104.188
1532264866851524 -22.1875 -44.0625 -92.9375
1532264866875460 -15.5625 -25.3125 -72.5625
1532264866890424 -61.0625 -13.25 -46.5
1532264866929329 -112.75 -2.5625 -26.125
1532264866950260 -70.875 15.5625 -10.1875
1532264867033039 -15.875 20.5625 -6.125
1532264867060964 -4.125 1.5625 12.375
1532264867092879 50.375 -3.9375 0.3125
1532264867131774 64.125 8 9.125
1532264867143742 33.25 5.75 18.375

1532264867198595 2.75 2.375 -0.8125
1532264867212558 -35.4375 9.125 26.9375
1532264867233502 -36.875 -0.1875 10.75
1532264867258592 42.1875 22.75 -3.25
1532264867311451 -22.75 5.0625 1.8125
1532264867340373 26.4375 20.5625 11.8125
1532264867370293 -22.375 30.875 35.375
1532264867421156 38.5625 41.1875 64.8125
1532264867480997 8.875 1.8125 97.875
1532264867519892 -8.25 -38.75 99.3125
1532264867550809 23.875 -88.75 87.25
1532264867572751 4.375 -108.813 74.5
1532264867593695 -23.75 -125.438 53.75
1532264867632592 -60.5 -150.688 4.875
1532264867713375 -99.25 -118.188 -63.0625
1532264867774212 -142.438 -65.6875 -58.875
1532264867789173 -104.313 -51.25 -50.375
1532264867813109 -65.125 -43.625 -43.8125
1532264867937790 -74.8125 0.6875 -0.5625
1532264868276880 77.8125 116.438 31.1875
1532264868320751 115.438 173.375 41.375
1532264868398543 173.313 272.5 99.0625
1532264868478329 226.688 321.188 89.9375
1532264868554127 196.688 295 64.375
1532264868605991 123.875 227.938 15.75
1532264868683789 -4.875 127.063 38.875
1532264868698740 -0.875 108.688 37.625
1532264868740628 39.5 82.9375 27.5
1532264868758580 42.875 68.5625 34.3125
1532264868794484 30.0625 50 32.875
1532264868800468 19.5625 31.375 32.4375
1532264868835375 21.625 17.625 38.8125
1532264868868286 25.75 -2.1875 30
1532264868898207 27.75 -0.9375 7.875
1532264868922143 25.75 -6.5625 6.75
1532264868981983 -6.625 -10.9375 -4.625
1532264869040826 55.1875 -22 -10.6875
1532264869058777 43.3125 -31.1875 -6.75
1532264869110639 34.25 -43.8125 -8.5625
1532264869126597 85.3125 -87.6875 -12.0625
1532264869160505 91 -145 -6.6875
1532264869225332 25 -188.5 -10.5
1532264869239295 11.8125 -211 -9.875
1532264869258244 25.5625 -258.438 -12.8125
1532264869280194 6.375 -282.938 -10.375
1532264869318083 -84 -347.75 23.375
1532264869341026 -131.938 -378.813 26.6875
1532264869364959 -188.875 -394.125 23.6875
1532264869403855 -259.875 -415.438 13.0625
1532264869460702 -223.75 -360.313 -44.4375
1532264869478655 -210.688 -359.125 -44.0625
1532264869520543 -135.563 -324.75 -13.0625
1532264869559438 -38.5 -196.125 -45.25
1532264869580383 -8.3125 -153.938 -31.4375
1532264869619293 -54.3125 -92.0625 -13.9375
1532264869658175 -74.375 -51 -20.9375
1532264869701059 -27.625 -28.625 -8.875
1532264869760899 8.3125 -2.6875 11.125
1532264869827721 22.1875 10.75 13
1532264869860633 11.3125 12.75 9.625
1532264869880580 4.6875 14.6875 12
1532264869921471 8.9375 24 34.6875
1532264869958377 13.1875 51.625 74.1875
1532264870000259 34.6875 86.4375 83.4375
1532264870018212 53.8125 91.5 97.875
1532264870061097 66.5 108.625 139.438
1532264870078052 80.5625 121.813 143
1532264870099996 95.1875 135.875 154.25
1532264870122932 99.8125 145.438 175
1532264870159833 116.438 157.25 199.375
1532264870181775 127.875 158.375 205.313
1532264870220670 114.875 157.063 213.063
1532264870280527 136.625 153.938 205.875
1532264870308436 145.875 155.188 188.188
1532264870332372 148.25 150.313 169.625
1532264870401188 114.438 127.063 124.938
1532264870422132 72.4375 102.875 54.375
1532264870438089 60.125 93.625 40.25
1532264870460030 58.9375 89.8125 23.75
1532264870483966 54.3125 80.75 12.75
1532264870496933 51 66.75 9.9375
1532264870551785 42.9375 57.375 5.4375
1532264870573753 47.875 50.25 -7.3125
1532264870593673 45.5 41.0625 -19.5
1532264870605641 45.1875 27.5 -20.9375
1532264870625588 9.625 6.3125 -15.625
1532264870641559 -2.0625 -0.5625 -15.6875
1532264870700387 -12.1875 -23.4375 -7.5625
1532264870722333 -26.125 -32 -3.5
1532264870767209 -46.5 -54.5 9.5
1532264870783166 -57.5625 -73.3125 17.0625
1532264870828046 -82.6875 -116.063 21.8125
1532264870849997 -78.5 -137.75 26.375
1532264870908830 -73.75 -179.438 25.75
1532264870935758 -97.3125 -193.625 17.5625
1532264871005571 -48.8125 21.125 -69.8125
1532264871028510 -73.3125 -1 -23.625
1532264871045465 -36.75 14.4375 12.9375
1532264871069401 -7.25 9.8125 2.8125
1532264871111290 -2.4375 3.625 -2.1875
1532264871145198 -35.4375 5 -3
1532264871164163 -42 45.3125 -10.0625
1532264871223988 -71.375 136.688 -27.25
1532264871361620 23 115.313 -144.563
1532264871419464 -115.438 12 -45.125
1532264871539145 -31.3125 -10.4375 14.875
1532264871599982 39.9375 27.75 25.6875
1532264871667801 57.3125 69 47.25
1532264871736617 104.938 120.438 83.875
1532264871750579 130.813 155.313 95.8125
1532264871810419 245.5 230.25 95.625
1532264871847321 171.813 173.188 9.8125
1532264871870259 110.938 115.625 -45.6875
1532264871901176 51.3125 66.75 -60.3125
1532264871961016 22.375 -9.0625 -35.6875
1532264871966003 33.25 -14.6875 -38.875
1532264872034819 42.5 -26.25 3.5
1532264872088675 36.75 -12.25 8.0625
1532264872103635 4.9375 -14.5625 18.625
1532264872164473 21.75 -16.8125 18
1532264872192398 15.875 -26.6875 17.375
1532264872206360 1.625 -32.4375 23.6875
1532264872222317 -0.6875 -34.125 45.1875
1532264872281161 -6.0625 -51.6875 44.5625
1532264872305102 -34.4375 -60.25 65.9375
1532264872342996 -51.375 -77.9375 69.1875
1532264872364936 -73.375 -79.875 59.3125
1532264872401842 -103.875 -79.125 63.875
1532264872477646 -135.813 -70.5 72
1532264872513539 -115.938 -70.375 61.8125
1532264872567395 -66.875 -43.25 32
1532264872628235 -70.875 -22.5625 38.9375
1532264872642195 -81.0625 -16.625 20.875
1532264872709016 27.3125 1.625 -3.625
1532264872732959 -20.875 -5.3125 -7.5
1532264872775837 7.125 3.0625 -4.625
1532264872784814 19.0625 3.125 -4.875
1532264872820718 8.375 3.375 -1.0625
1532264872867591 9.375 18.3125 -4.8125
1532264872896515 11.125 23.4375 -4.125
1532264872956364 -6.125 8.25 0.5625
1532264872972312 1.8125 3.75 -2.875
1532264872988275 1.1875 -0.4375 -4.375
1532264873010223 -7.5 -3.125 -0.5625
1532264873033150 -10.9375 -3.375 -1.6875
1532264873085010 -12 -17.1875 -28.5
1532264873107985 -22.875 -26.375 -40.5
1532264873137870 -32.1875 -39 -58.375
1532264873167790 -52 -81.75 -108.75
1532264873243587 11.25 -165.063 -210.25
1532264873248573 33.1875 -205.75 -216.813
1532264873301432 -11.5 -243.75 -169.313
1532264873324370 -137 -172.563 -196.688
1532264873355288 -85.0625 -120.813 -211.625
1532264873372258 -41 -96.125 -178.625
1532264873423106 -51.625 -62.6875 -108.063
1532264873495912 0.6875 -2.4375 -17.0625
1532264873551780 -0.875 11.5625 2.8125
1532264873590661 23.8125 20.1875 17.875
1532264873611618 14.75 12.4375 30.9375
1532264873668450 26.3125 -6.375 14.4375
1532264873737266 35.1875 5.8125 16.9375

1532264873829059 4.375 11.6875 6.75
1532264873834046 -2.875 -7.75 -4.0625
1532264873903866 65.0625 45.5 -2
1532264873946744 16.9375 55.25 28.625
1532264873977661 25.875 47.4375 65.5
1532264873991625 24.5625 52.5625 74.0625
1532264874037501 7.1875 12.125 77.5
1532264874054457 -15.1875 -14.0625 88.125
1532264874073406 -5.75 -44 91.3125
1532264874090366 9.3125 -68.5 82.3125
1532264874118286 -7.3125 -92.0625 69.9375
1532264874158179 -6.25 -127.938 57.3125
1532264874171144 -13.6875 -151 49.75
1532264874195080 -46.3125 -172.938 26.1875
1532264874230984 -117.563 -175.938 -39.9375
1532264874247939 -116.313 -151 -60.125
1532264874306792 -171.75 -102.938 -62.25
1532264874396542 -61.375 -13.875 -45.375
1532264874450397 -40.75 24.4375 17.25
1532264874487298 -54.4375 5.9375 -5.4375
1532264874562099 44.6875 -2.25 4.4375
1532264874621939 -0.6875 -4.125 -0.625
1532264874642883 6.375 3.5625 4.625
1532264874755590 -3.25 55.75 38.5625
1532264874847336 92.125 158.938 51.75
1532264874877257 161.125 214.563 96.5625
1532264874913160 172.938 266.563 105.063
1532264875003917 296.563 305.25 71.375
1532264875055778 253.75 281.813 14.75
1532264875138557 120.125 194.688 -18.125
1532264875154515 89.5 176.25 -13.75
1532264875267213 48.4375 114 8.875
1532264875296136 27.625 81.375 31.375
1532264875394872 34.625 22.3125 43.4375
1532264875498595 10.3125 -12.8125 5.1875
1532264875696066 54 -82.6875 -5.125
1532264875793805 56.5 -186 -20.3125
1532264875815746 28.0625 -263.188 -24
1532264875865613 -22.9375 -339.688 -10.875
1532264875895533 -97.75 -408.813 -15.3125
1532264875918472 -136.625 -429.75 -12.9375
1532264875958367 -178.813 -444.188 8.625
1532264876034163 -182.625 -430.875 18.9375
1532264876085027 -144.563 -342.313 -34.6875
1532264876097992 -125.688 -309.688 -54.4375
1532264876123922 -95.8125 -282.813 -45.9375
1532264876157832 -58.875 -232.938 -50.875
1532264876235623 -58.8125 -104 -0.9375
1532264876278509 -73.625 -51.9375 13.125
1532264876338349 -17.3125 -0.125 23.25
1532264876378242 -11.4375 17.4375 15.4375
1532264876439080 -6.6875 43.8125 6.1875
1532264876502909 14 73.25 38.8125
1532264876577709 68.75 127 119.438
1532264876655501 82.6875 170.875 189.813
1532264876677443 96.25 191.938 204.188
1532264876698387 117.375 205 209.938
1532264876738279 115.625 215.188 230.688
1532264876766205 118.688 214.5 234.688
1532264876798120 155 198.938 222.25
1532264876820061 157.875 188.5 206.938
1532264876843000 162.688 179.688 190.25
1532264876878904 165.063 159.688 164.938
1532264876918796 147.813 136.813 146.5
1532264876955698 82.6875 66.4375 98.4375
1532264876985618 52.1875 51.5625 86.9375
1532264877023532 50.75 26.375 44.5625
1532264877043464 45.9375 13.6875 39.375
1532264877066402 36.375 8.125 44.625
1532264877081362 27.125 6.0625 24
1532264877097320 18.6875 1.6875 3.25
1532264877119267 21.375 -2.6875 4.5
1532264877141203 18.875 -5.8125 5.25
1532264877186082 -5.1875 -6.8125 -8.25
1532264877231984 0.75 -5.625 -10
1532264877261904 -2.6875 -5.125 -11.5
1532264877284842 -25.8125 -3.4375 -13.25
1532264877321744 -22.5 -5.9375 -9.3125
1532264877345690 -32.6875 -9.9375 -9.25
1532264877382583 -56.5 -18.625 -7.5
1532264877436454 -95.3125 -45.0625 -0.375
1532264877481320 -104.188 -84.875 -0.75
1532264877509243 -152.25 -245.875 18.25
1532264877533178 -169 -120.563 18.75
1532264877563099 0.5 4.75 -72.75
1532264877578059 -80.625 -60.75 43.625
1532264877600000 -130.375 -30.3125 -15.625
1532264877669813 1.5625 14.1875 6.75
1532264877697743 -18.375 27.6875 -4.0625
1532264877720677 -28.375 28.6875 5.5625
1532264877750597 -17.4375 32.75 1.9375
1532264877765557 6.5 38.875 -2.5
1532264877810437 -35.5625 60.3125 -0.9375
1532264877840357 -73.4375 93.875 -28.125
1532264877861301 -103 121.5 -46.0625
1532264877877258 -103.375 155.25 -58.875
1532264877900197 -92.6875 174.313 -72.25
1532264877921141 -82.375 170.438 -81.8125
1532264877968016 -26.0625 129.375 -109.25
1532264878005915 -9.375 63.6875 -123.063
1532264878140569 -36.8125 -49.875 -16.8125
1532264878423812 99.3125 90.5 80.8125
1532264878453732 133.75 126.063 100.813
1532264878507588 237.875 194.625 118.125
1532264878523545 251.063 201.313 99.375
1532264878545486 221.563 191.813 62.875
1532264878568425 171.313 156.75 22.25
1532264878585379 130.063 119.438 -2.875
1532264878611317 93.125 82.75 -21.75
1532264878666163 58.5 24.4375 8.25
1532264878680135 61.875 8.625 -16.625
1532264878710047 90.125 11.6875 -13.875
1532264878731003 100 14.0625 7.9375
1532264878747945 66.75 6.375 14.5
1532264878768888 20.4375 -3.25 11.5625
1532264878799805 15 -7.6875 4.5
1532264878822745 28 -8.8125 -4.25
1532264878888568 21.875 -42.6875 23.4375
1532264878950404 -12.8125 -73.875 46.375
1532264878964366 -9.5 -86.6875 43.0625
1532264879003262 -16.5625 -105.875 54
1532264879031203 -44.4375 -103.75 45.6875
1532264879055129 -69.5625 -93.375 47.1875
1532264879063102 -76.4375 -94.0625 70.375
1532264879150868 -85.6875 -41.375 83.125
1532264879191758 -104.938 -30.25 73.1875
1532264879227662 -82.9375 -22.8125 57.4375
1532264879265560 -94.1875 -37.3125 52.875
1532264879325400 -62.5 -35.1875 20.1875
1532264879370281 -39.875 -33.3125 7.9375
1532264879453059 10.875 -13.1875 -1.9375
1532264879504934 5.75 1.75 4.6875
1532264879520878 16.3125 6 3.5625
1532264879579720 1.875 5.5 5.6875
1532264879617620 4.75 4.75 4.8125
1532264879656516 6.5625 -5.8125 -1.625
1532264879685438 -20 -22.4375 -9.25
1532264879707379 -22.1875 -33.3125 -13.1875
1532264879730327 -25.25 -43.75 -20.3125
1532264879745278 -31.375 -60.0625 -27.25
1532264879783176 -44.8125 -94.4375 -56.1875
1532264879864958 -9.4375 -145.75 -142.313
1532264879888894 -10.0625 -154.625 -165.25
1532264879924798 -21.3125 -153.75 -175.875
1532264879947736 -63.75 -150.25 -162.188
1532264879977657 -131.938 -123.438 -158.625
1532264879991620 -134.25 -79.125 -167.375
1532264880045475 -10.5 -29.625 -101.313
1532264880066419 -52.9375 -21.9375 -79.375
1532264880082376 -69.9375 -11.75 -60.3125
1532264880106313 -49.9375 -2.3125 -44.6875
1532264880126259 -20.9375 2.375 -31.4375
1532264880224998 -14.8125 -2.8125 3.875
1532264880354648 19 20.25 9.625

1532264880436430 -45.125 14.4375 17.75
1532264880517227 -0.1875 30.4375 10.8125
1532264880576056 45.5625 30.4375 73.5
1532264880614953 53.75 16.25 99.125
1532264880705709 25.3125 -94.0625 99.125
1532264880727651 -8.6875 -104.75 78.625
1532264880868275 -166.563 -106.438 -92.9375
1532264880907183 -169.938 -79.25 -90.8125
1532264881004910 -104.688 20.125 -35.75
1532264881235293 -12.125 -0.875 2.75
1532264881333032 -37.875 31.0625 18.3125
1532264881392872 -3.625 41.875 19.5625
1532264881595331 196.813 273.688 146
1532264881613283 240.563 286.688 149.375
1532264881693069 240.5 276.563 81.375
1532264881716008 237.25 264.75 69.375
1532264881740947 227.688 252 55.6875
1532264881799784 150.688 181.625 11.4375
1532264881821725 119.813 156.938 8.8125
1532264881835688 73.6875 137.188 8.75
1532264881853640 35.8125 117.438 15
1532264881913479 48.6875 80.6875 10.0625
1532264881955368 32.5 61.5 20.125
1532264881979318 17.1875 51.3125 18.625
1532264882026178 4.9375 36.9375 34.4375
1532264882055101 28.0625 13.5625 20
1532264882189741 12.6875 -14 6.75
1532264882228637 12.625 -11 10.3125
1532264882293464 33.9375 -6.625 10.1875
1532264882401176 19.25 0.6875 -6.0625
1532264882469991 9.25 -26.25 -17.25
1532264882506894 23.6875 -43.1875 -20.625
1532264882558756 8.3125 -111.125 -31.125
1532264882579698 7.3125 -133.125 -35.625
1532264882675442 -81.1875 -314.438 -59
1532264882894855 -123.75 -306.438 -123.313
1532264882915799 -110.125 -265.563 -113.875
1532264882946716 -100.75 -226.063 -129.813
1532264882975639 -38.9375 -175.625 -90.25
1532264883035479 -62.625 -88.375 -34.1875
1532264883076370 -35.875 -54.5 -1.375
1532264883095318 -21.625 -37.6875 6.625
1532264883136210 -5.4375 -27.75 11.8125
1532264883284822 6.625 -3.9375 -9.3125
1532264883396514 -4.5625 9.5625 -2.75
1532264883441398 -2.625 18.3125 1.0625
1532264883456354 -6.75 22.6875 6.5625
1532264883503229 -13.875 32.4375 25.5625
1532264883516194 -8.4375 36.3125 34.4375
1532264883533149 -0.5625 40.25 48.0625
1532264883555090 9.8125 46.3125 69.0625
1532264883635874 83.875 107.5 133.688
1532264883690731 90.1875 128.313 166.813
1532264883711671 73.375 140.125 169.125
1532264883756551 92.1875 145.188 198.25
1532264883780487 98.75 140.313 201.188
1532264883855287 139.563 115.563 226.75
1532264883876231 159.063 111.563 224.813
1532264883915143 176.188 98.6875 217.5
1532264883938066 182.25 109.25 188
1532264883974982 161.5 110.875 175.25
1532264884043796 134.75 109.875 142.5
1532264884060738 79.375 80.5625 91.0625
1532264884133543 81.8125 72.125 72.4375
1532264884163463 90.5625 64.8125 48.0625
1532264884284140 -5.1875 11.125 -14.3125
1532264884291122 -24.4375 0.75 -13.625
1532264884335005 -33.1875 -33 -5.875
1532264884357943 -48.6875 -46.875 -5.125
1532264884378886 -71.8125 -64.1875 -2.625
1532264884410802 -87.5625 -82.625 5.5625
1532264884449698 -96.0625 -119.438 1.4375
1532264884470642 -95.5625 -140.875 4.6875
1532264884530482 -121.563 -165.938 5.875
1532264884537463 -39.75 16.5625 -42.5625
1532264884558411 -44.75 73.1875 -82.0625
1532264884575362 -150.125 -16.3125 -39.6875
1532264884603287 -119.313 -33.5625 -16.0625
1532264884665122 2.4375 -6.4375 13.4375
1532264884717980 -9.8125 2.0625 8.0625
1532264884738924 -2.25 6.875 3.75
1532264884777820 9.3125 14.3125 -3.0625
1532264884799762 8.4375 15.4375 0.25
1532264884815719 -0.875 17.5625 2.1875
1532264884866583 -26.4375 13.75 10.625
1532264884898515 -57 43.5625 35.375
1532264884950359 -28.3125 86.4375 -1.75
1532264884963324 -27.875 108.688 -40.8125
1532264885018177 -46.4375 106.125 -94.125
1532264885078017 -38.125 80 -96.375
1532264885120903 -45.125 28 -97.625
1532264885347298 -5.5625 12.875 17.9375
1532264885519836 137.125 111.813 66.1875
1532264885558732 169.563 135.313 72.4375
1532264885581672 202.125 186.625 70.625
1532264885632535 176 219.625 48.625
1532264885679409 149.25 205.938 30.4375
1532264885686392 116.5 193.875 15.0625
1532264885707364 66.75 105.5 -21.4375
1532264885721297 60.0625 44.375 -35.625
1532264885767174 48.0625 16.625 -29.5
1532264885813052 104.813 6.875 -27
1532264885837985 145.063 -0.5 -40.1875
1532264885888849 -2.75 11.8125 -9.375
1532264885924755 19.3125 -0.8125 -2.75
1532264885963649 -18.6875 -6.75 -0.9375
1532264886038449 34.6875 -26.0625 15.5
1532264886067372 25.125 -31.1875 34.375
1532264886129207 29.8125 -27.0625 33.4375
1532264886142172 44.6875 -27.25 32.3125
1532264886181068 12.875 -40.6875 61.25
1532264886203009 -1.125 -47.1875 56.4375
1532264886223969 -6.5625 -43.25 54.125
1532264886239910 -14.75 -35.9375 56.5
1532264886283793 -40.125 -43.25 41.25
1532264886322689 -75.75 -63.625 43.8125
1532264886367569 -103.938 -74.75 28.375
1532264886405468 -135.125 -79.875 40
1532264886442369 -147.313 -74.0625 32.375
1532264886480273 -134.125 -57.8125 29.8125
1532264886542103 -106.75 -26.25 29.75
1532264886563047 -86.1875 -20.875 25.25
1532264886592967 -66.4375 -21.3125 28.25
1532264886690706 -7.0625 -8.125 9.1875
1532264886728604 2.0625 3.5625 -3.375
1532264886893164 18.625 13.6875 -4.4375
1532264887010849 -6.125 1.1875 4.875
1532264887119558 0.8125 6.125 -2.375
1532264887170422 -4.0625 -4.8125 -13.8125
1532264887224279 -11.8125 -24.125 -27.375
1532264887266166 -7.375 -61.8125 -82.375
1532264887283121 -1.125 -78.1875 -103.438
1532264887305063 0.9375 -97.375 -120.875
1532264887372881 -3.75 -136 -156.5
1532264887388838 0.375 -173.375 -165.75
1532264887425739 -54.25 -194.375 -152.188
1532264887454661 -113.25 -188.5 -153.813
1532264887464636 -132.688 -153.063 -184.875
1532264887492571 -81.625 -108.938 -196.75
1532264887513504 35.0625 -91.375 -152.438
1532264887551403 -37.875 -60 -89.25
1532264887566363 -60.6875 -32.6875 -88.6875
1532264887582321 -14.25 -12.5625 -65.75
1532264887605260 4.25 -4.875 -30.6875
1532264887626203 -24.375 2.9375 -19.0625
1532264887651137 -37.6875 13.75 -20.9375
1532264887665117 -14 20.5625 -14.9375
1532264887710977 6.4375 23.625 -7.5
1532264887731920 15.125 18.3125 -1.5625
1532264887830657 1.125 -4.1875 11
1532264887868555 -6.125 -15.3125 11.75
1532264887929393 37.25 -30.375 2.5
1532264887965297 3.875 -7.375 7.125

1532264888056054 -38.3125 -15.8125 4.8125
1532264888108913 14.0625 34.8125 15.375
1532264888130854 -35.625 1.5 16.5625
1532264888147809 46.625 12.9375 -1.625
1532264888166768 27.25 21.5625 1.625
1532264888237579 27.9375 28.4375 15.6875
1532264888257526 -47 22.125 36.875
1532264888320358 11.875 32.625 34.875
1532264888353269 -4.1875 14.4375 81.25
1532264888371221 -2.4375 -4.5625 89
1532264888398149 1.125 -26.625 95.6875
1532264888446021 -21.75 -59.25 92.4375
1532264888472949 4.6875 -96.625 54.8125
1532264888498880 -2.125 -114.875 29.5
1532264888660447 -119.063 -60.75 -93.625
1532264888722282 -66.3125 -35.0625 -60.875
1532264888750208 -89 -8.625 -48.5
1532264888892827 63.5 -19.4375 13.375
1532264889013503 14.125 -5.3125 2.3125
1532264889073371 5.4375 1.0625 2.75
1532264889233927 -2.375 83.3125 32.8125
1532264889312703 73.4375 170.125 74.5625
1532264889330656 100.188 187.25 103.125
1532264889358581 119.125 207.938 123.25
1532264889419419 179.938 256.438 129.75
1532264889636837 123.188 173.188 -4.3125
1532264889714629 40.875 94.25 -4.4375
1532264889760507 46.5 75.75 7.75
1532264889865226 34.4375 9.5625 30.875
1532264889930053 15.25 0.6875 -4
1532264889974933 -4 -1.125 -4.0625
1532264890012844 10.9375 1.6875 -7.625
1532264890033775 19.5 -2.1875 -6.5
1532264890050747 20.0625 -10.4375 -3.5625
1532264890088629 18.3125 -16 -3.8125
1532264890163429 37.5625 -49.25 -4.0625
1532264890277138 58.6875 -152.813 2.25
1532264890305050 20.875 -229.938 5.125
1532264890350927 -22.375 -284.563 5.125
1532264890372868 -64.75 -335.563 21.6875
1532264890417759 -145.438 -365 5.8125
1532264890515488 -175.625 -320.938 -36.625
1532264890554384 -140.313 -329.5 -38.1875
1532264890575328 -118.688 -322.125 -39
1532264890589290 -119.25 -296.375 -49.625
1532264890643146 -90.9375 -269.313 -98.25
1532264890695008 -53.25 -211 -92.3125
1532264890739887 -62.0625 -153.563 -29.6875
1532264890776802 -37.5625 -91.0625 -11.25
1532264890836628 -34.1875 -13.6875 37.875
1532264890859567 -16.1875 -3.3125 36.5625
1532264890896469 -10.3125 8.875 27.1875
1532264890920405 -12.25 14.125 16.125
1532264890958314 -6.1875 17.375 5.4375
1532264890995205 4 22.4375 1.5
1532264891033113 -10.875 22.4375 1.3125
1532264891075989 -8.5625 22.875 6.75
1532264891092943 -8.8125 25.6875 9.375
1532264891175722 -0.375 36.375 36.25
1532264891212626 14.1875 53.875 54.75
1532264891332303 84.625 117.875 140.125
1532264891355242 117.563 126.75 161.438
1532264891399125 155.5 117.875 179.188
1532264891436026 114.688 121.125 202.688
1532264891451983 113.125 124.063 210.75
1532264891495866 149.688 133.75 216
1532264891534761 155.563 160.688 211.313
1532264891571663 158.438 177.688 188.813
1532264891640479 173.438 170.063 144.688
1532264891661423 157.563 163.313 114.5
1532264891701321 144.5 154.188 91.3125
1532264891716277 102.75 129.938 59
1532264891776117 59.1875 104.688 32.625
1532264891807033 60 83.6875 15.1875
1532264891825983 53.75 68.375 2.1875
1532264891917737 18.6875 11 -14.5
1532264891940676 1.8125 4.1875 -14.0625
1532264892007507 -35.5 -22.6875 -14.0625
1532264892043401 -44.3125 -58.0625 0.875
1532264892128175 -68.8125 -81.5 5.5625
1532264892149119 -95.75 -181.75 14.125
1532264892173055 -78.125 -217.563 18.625
1532264892217935 -131.75 -60 -37.9375
1532264892238879 -137.875 1.1875 -76.5
1532264892277775 -78.3125 -61.3125 17.6875
1532264892298719 17.4375 0.625 -24.375
1532264892314676 -12.75 26.5 34.0625
1532264892360567 -0.75 20.1875 7.0625
1532264892374532 5.375 19.75 2.9375
1532264892420394 -7.8125 9.25 0.375
1532264892441338 7 7.9375 -2.0625
1532264892458292 17.9375 8 -3.125
1532264892518132 -1.625 17.625 -2
1532264892540073 -0.6875 20.5625 -1.75
1532264892577973 2 15.625 1.9375
1532264892599927 -3.875 11.9375 1.8125
1532264892643796 -21.0625 4.5625 2.0625
1532264892660751 -23.4375 4.25 6.625
1532264892697651 -29.6875 43.5 3
1532264892759487 -39.6875 75.4375 -4.9375
1532264892801375 -60.6875 195.375 -36.125
1532264892817332 -16.25 205.438 -64.9375
1532264892848250 15.1875 207.5 -89.5625
1532264892878169 -0.1875 150.688 -108.813
1532264892901120 6.8125 125.563 -118.25
1532264892929033 3.625 102.813 -136.75
1532264892998847 -52.0625 24 -105.438
1532264893027785 -82.8125 5.5 -72.625
1532264893101572 3.4375 -4.125 -8.1875
1532264893118527 -8.5625 -4.0625 14.3125
1532264893177369 37.6875 20.375 30.0625
1532264893229230 49.4375 47.625 71.5
1532264893313007 214.563 138.938 130.188
1532264893319987 230.5 150.813 130.938
1532264893355891 204.938 175.25 108.875
1532264893379828 153.75 163.063 25.125
1532264893440696 38.75 75.375 -94.125
1532264893470606 61.5625 44 -105.625
1532264893515487 71.125 -14.3125 -51.1875
1532264893545407 47.875 -9.9375 -30.75
1532264893560375 61.625 -9.6875 -0.25
1532264893582308 41.375 -3.375 20.625
1532264893643145 27.6875 4.0625 20.3125
1532264893680047 -35.1875 -8.4375 17.0625
1532264893702986 -27.125 -15.5625 15.1875
1532264893730911 -15 -26.5625 18
1532264893745871 -9.9375 -32.3125 30.3125
1532264893769806 -3.875 -22.375 39.6875
1532264893785764 -4.9375 -12.6875 41.0625
1532264893822679 34.4375 -22.5625 56.0625
1532264893867545 15 -42.6875 78.3125
1532264893951321 -46.5 -86.1875 70
1532264893988222 -96.625 -113.313 32.1875
1532264894003183 -93.625 -115.813 47.375
1532264894025130 -122.625 -125.563 68.5
1532264894063022 -131.375 -106.063 61.5
1532264894122863 -110.875 -102.75 78.5625
1532264894143806 -116.875 -92.375 51.4375
1532264894175721 -88.0625 -73.125 41.6875
1532264894205641 -57.9375 -42.5625 38.875
1532264894233566 -86.75 -36.1875 22.5
1532264894263487 1.375 0.4375 -17.6875
1532264894279444 20.5 1.0625 -18.125
1532264894325321 -20.8125 -7.3125 -2.25
1532264894436025 4.8125 13.8125 -0.6875
1532264894547726 -35.5 -67.625 -64.8125
1532264894615544 -5.625 -155.313 -160.813
1532264894668404 -8.1875 -189.25 -158.125
1532264894691342 -39.125 -184.75 -145.125
1532264894707300 -113.75 -175.5 -145.125
1532264894728244 -134.375 -132.5 -168.438
1532264894767140 19.6875 -84.0625 -134.188
1532264894788083 -20.3125 -80.625 -111.063
1532264894826980 -71.625 -42.75 -80.6875
1532264894865875 -50.4375 -32.1875 -45.75
1532264894894798 -61.4375 -4.5 -26.875
1532264894915742 -39.125 6.5 -27.5
1532264894993534 -18.3125 14.875 -10
1532264895028452 -9 3.5625 -6.5
1532264895070329 27.5 -5.375 -4.4375
1532264895082297 63.6875 -13.125 -2.8125
1532264895118201 78.1875 -2.4375 6.875
1532264895183028 10.6875 41.8125 9.75

1532264895234889 -52.8125 3.8125 8.1875
1532264895285333 76.5 22.0625 8.8125
1532264895290320 17.9375 38.5625 11.5
1532264895344175 -25.25 53.5 38.5625
1532264895396037 35.1875 54.125 80.4375
1532264895410997 27.5625 45.6875 80.625
1532264895447899 -30 10.75 95.125
1532264895510730 -32.5625 -59.875 93.625
1532264895530677 -36.8125 -77.25 73
1532264895568576 -32 -113.813 37.3125
1532264895598496 -65.75 -125.688 12.25
1532264895651354 -82.9375 -164.125 -53.125
1532264895710197 -76 -118.5 -54.25
1532264895771034 -96.6875 -60.25 -59.375
1532264895991446 52.1875 -12.25 1.625
1532264896154011 -0.1875 7.75 9.1875
1532264896175952 -26.4375 22.3125 12.3125
1532264896348490 129.938 270.563 121.125
1532264896395366 240.875 280.688 115.125
1532264896432266 297.625 285.688 82.125
1532264896620762 69.625 129.125 -16.625
1532264896657668 25.1875 87.625 3
1532264896695562 24.5 72.625 11.25
1532264896747435 11.5 42.1875 20.9375
1532264896816239 -3.5 13.625 22.5625
1532264896859125 20.125 0.3125 3.5625
1532264896892037 17 -5.5 3.9375
1532264896912981 -0.9375 -7.75 -7
1532264896972821 12.75 -9.875 -3.9375
1532264897031663 31.1875 -4.625 -15.0625
1532264897055600 18.875 -13.6875 -9.8125
1532264897070559 21.125 -21.75 -9.5
1532264897092501 36.9375 -29.5625 -15.125
1532264897115439 54.9375 -40.8125 -18.8125
1532264897152340 36.4375 -84.4375 -8.75
1532264897191237 25.875 -117.563 4.625
1532264897213178 20 -176.125 0.5
1532264897273018 -26.0625 -274.563 21.5
1532264897293962 -63.375 -302.438 12.75
1532264897340840 -98.4375 -323 -1.25
1532264897413642 -202.125 -337.5 -14.8125
1532264897452537 -206.625 -329.563 -40.6875
1532264897490437 -197.75 -320.063 -65.5
1532264897512378 -191.875 -318.875 -74.6875
1532264897534319 -176.25 -306.313 -104.188
1532264897550277 -147.438 -291.688 -121.063
1532264897580197 -119.438 -283.438 -117.063
1532264897618095 -68.75 -219.938 -124.5
1532264897653999 3.375 -129.563 -70.4375
1532264897713839 -78 -59.6875 -22.4375
1532264897752735 -74.1875 -24.75 2.1875
1532264897773679 -41.6875 -9.875 9.9375
1532264897790649 -11.625 -1.5625 11.5625
1532264897833520 9.8125 7.0625 12.3125
1532264897872415 0.8125 15.25 12.125
1532264897910313 1.8125 18.125 5.75
1532264897954196 -1.25 19.1875 6.5625
1532264897993093 -6.8125 29.25 17.125
1532264898014037 -6.9375 38.4375 27.375
1532264898073876 29.3125 80.3125 98
1532264898120751 50.8125 115.438 138.375
1532264898133717 48.25 128.563 162.188
1532264898149675 63.9375 134.938 175.813
1532264898172613 79.4375 143.125 196.375
1532264898195551 97.125 156.813 218.5
1532264898255391 176.313 199.313 261.5
1532264898315239 222.813 219 238.688
1532264898338170 222.75 220.25 219.188
1532264898353130 216.625 214.188 194.688
1532264898375070 180.188 196.688 179.188
1532264898398010 172.375 179.375 156.938
1532264898412970 150.938 162.063 113.063
1532264898434911 141.438 146.25 90.875
1532264898481786 129.5 132.625 86.375
1532264898516692 104.25 99.75 38.125
1532264898563567 95.125 83.4375 24.8125
1532264898602463 66.875 35.625 7.4375
1532264898631386 47.6875 22.4375 9.375
1532264898675268 5.875 -6.1875 3.5
1532264898704190 -7.5 -10.5625 -1.5
1532264898712169 -12.875 -15 -5.6875
1532264898767023 -19.8125 -19.9375 -4.6875
1532264898817887 -29 -26.75 -1.75
1532264898968484 -62 -103.813 51.625
1532264899006383 -96.5 -181.188 57.3125
1532264899026329 -101.625 -60.875 48.6875
1532264899080185 -7.625 -1.5 -20.6875
1532264899140044 10.0625 0 6.4375
1532264899198868 -19.8125 12.125 -0.875
1532264899297613 -58.1875 116.5 -21.1875
1532264899320543 -87.25 144.625 -40.5625
1532264899408308 -43.5 169.938 -128.313
1532264899838158 78.4375 66.25 52.25
1532264899950858 168.188 150.688 64.125
1532264900024660 143.75 164.313 0.8125
1532264900152319 66.0625 0.875 22.5
1532264900265017 -6.8125 -18.8125 -4.25
1532264900308903 -13.375 -30.25 3.25
1532264900361758 -40.375 -40.625 31.0625
1532264900415614 -31.5 -47 44.5625
1532264900439551 -19.1875 -59.4375 62.9375
1532264900468473 -19.5625 -67.5625 69.3125
1532264900484430 -40.5625 -90.6875 95.75
1532264900505374 -56 -103.813 96
1532264900543274 -65.6875 -118.813 97.6875
1532264900583167 -90.25 -141 99.6875
1532264900596132 -92.4375 -134.188 76.375
1532264900617076 -99.0625 -123.813 65.75
1532264900647993 -121.375 -105.938 62.3125
1532264900707833 -34.4375 -19.125 -19
1532264900760692 -40.9375 -14.6875 6.4375
1532264900820532 4.5625 1.625 0.6875
1532264900865412 -5.9375 1.375 -4.3125
1532264900924255 3.375 2.1875 -1.3125
1532264900969134 9.1875 0.9375 1
1532264901006035 -1.0625 1.5625 -0.1875
1532264901036953 0.9375 1.3125 -0.9375
1532264901050915 -1.3125 0.125 0.75
1532264901096793 -2.125 -1 -0.1875
1532264901135688 -0.75 -0.5 0.4375
1532264901170596 -2.5625 -2.125 -2.875
1532264901185555 -6.25 -0.875 -0.0625
1532264901224461 -1.6875 1.625 0.75
1532264901245395 -2.125 0.0625 -1.9375
1532264901322190 -10.375 -16.625 -17.125
1532264901447856 -137.75 -152.375 -163.188
1532264901465819 -46.625 -118.375 -144
1532264901509689 32.0625 -126.813 -103.875
1532264901524649 5.875 -126.375 -130.063
1532264901561550 -40.6875 -142.938 -140.125
1532264901584489 -124.438 -111.375 -130.563
1532264901608443 -131 -83.75 -150.875
1532264901628372 -82.5 -42.8125 -139.688
1532264901665272 -71.5625 8.1875 -82.3125
1532264901688211 -76.9375 22.4375 -63.375
1532264901704169 -66.625 28.5625 -46.5625
1532264901726109 -38.875 28 -33.625
1532264901792931 -0.75 8.0625 -12.3125
1532264901831842 -6.875 -3.6875 -7.25
1532264901852771 -8.8125 -9.1875 -7.125
1532264901869742 -12.375 -10 -9.25
1532264901917598 -8.8125 -8.6875 -8.25
1532264901922585 -11.4375 -5.125 -1.4375
1532264901968462 -8.6875 -22.3125 -3.6875
1532264901997385 13.625 -25.125 -1.125
1532264902006361 27.5625 -20 -4.1875
1532264902033289 27.5625 -8.3125 1.75
1532264902081161 -3.6875 -3.9375 4.625
1532264902116067 8.125 31.375 -1.625

1532264902134019 -5 20.6875 24.1875
1532264902145987 -45.375 1.375 12.0625
1532264902184883 -27.125 -5.6875 -5.5625
1532264902205827 64.6875 18.875 -5.4375
1532264902229763 19.6875 16.125 6.9375
1532264902245720 7 41.5625 2.625
1532264902265667 3.9375 41.1875 26.8125
1532264902295587 -51.25 45.875 42.9375
1532264902312546 -39.4375 42.8125 38.25
1532264902342462 32.0625 53.5 58.875
1532264902348446 54.5625 53.6875 86
1532264902372382 46.9375 36.75 88.1875
1532264902417262 2.8125 -9.9375 98.875
1532264902432222 13.6875 -45.1875 106.938
1532264902445187 -9.625 -74 107.25
1532264902485080 -25.0625 -97.75 95.5625
1532264902506024 -21 -133.25 59.375
1532264902535944 -34.875 -145.313 36.125
1532264902545918 -57.4375 -155.75 13.9375
1532264902588803 -134.875 -160.063 -31.4375
1532264902605758 -167 -136.313 -53.4375
1532264902626702 -143.813 -108.75 -62.3125
1532264902666596 -105.125 -76.0625 -85.875
1532264902747379 -37.5625 -31.3125 -38.75
1532264902768323 -58.625 -26.75 -32
1532264902828163 71.3125 8.9375 15.125
1532264902928894 46.4375 -17.4375 0.0625
1532264903205155 185.063 276.25 110.875
1532264903228107 204.688 288.875 107.938
1532264903272974 255.938 296.813 108.063
1532264903355768 315.188 287.625 24.375
1532264903460472 126.688 147.5 -22.9375
1532264903483411 100.25 122.5 -21.9375
1532264903518317 82.8125 94.4375 -15.9375
1532264903565192 53.8125 70.625 3
1532264903625043 41.1875 37.0625 34.875
1532264903668915 36.875 1.75 34.9375
1532264903684872 42.5 -7.25 34.4375
1532264903788595 13.9375 -21.6875 -2.875
1532264903835469 19.9375 -31.6875 -2
1532264903963128 39.5 -140.125 35.6875
1532264904030947 -46.9375 -264.375 36.5625
1532264904276291 -182.75 -290.563 -28.5625
1532264904314189 -173.75 -216.375 -100.188
1532264904410931 -98.125 -99.9375 -72.8125
1532264904471785 -30.75 -54.3125 -26.3125
1532264904488722 -34.5625 -29.625 -18.875
1532264904591448 4.0625 -1 -4.125
1532264904607404 4.0625 0.8125 -5.1875
1532264904651287 15.5 2.625 1.6875
1532264904711127 9 7.5 2.6875
1532264904734066 0.5625 9.0625 4.1875
1532264904770984 10.0625 8.1875 6.6875
1532264904817843 15.75 4.25 10.8125
1532264904846765 4.4375 5.9375 18.75
1532264904952482 26.125 67.3125 81.875
1532264905073159 181.313 170.875 197.313
1532264905110061 172.25 179.188 224
1532264905133000 146.313 181 239.25
1532264905153943 148.688 179.25 247.688
1532264905192840 165.438 191.063 242
1532264905213784 179.25 192.438 236.75
1532264905230738 169.25 190.188 224.063
1532264905252680 159.688 192 211.938
1532264905282606 148.563 201.75 193
1532264905297560 117.188 187.75 155.438
1532264905312523 119.875 171.375 135.875
1532264905366384 134.5 156.625 115.875
1532264905402281 83.625 115.625 38.75
1532264905424221 60.375 96 24.8125
1532264905447160 50.625 83.3125 18.5625
1532264905478077 50.75 55.8125 2.9375
1532264905493037 34.125 40.6875 1.0625
1532264905537917 4.3125 20.75 5.0625
1532264905573837 -26.8125 -23.8125 7.625
1532264905641640 -77.0625 -90.3125 13.5625
1532264905688514 -115.438 -137.25 24.5
1532264905725415 -153.563 -189.313 20.875
1532264905762317 -158.313 -253.188 -5.125
1532264905815176 -82.25 -31.75 -62.1875
1532264905853074 -135.25 -14.3125 39.625
1532264905905932 -234.625 -31.625 -8.5625
1532264905966770 25.0625 9.4375 13.125
1532264905995692 -24.5625 -3.4375 -0.5
1532264906018631 -37.3125 2.875 -8
1532264906055533 14.25 17.25 -11.875
1532264906083458 17.125 22.25 -9.625
1532264906115373 -7.125 25.125 -5.875
1532264906136317 -17.25 24 -5.5625
1532264906183192 -20.75 16.0625 -5.875
1532264906204135 -23 6.8125 -0.5
1532264906221090 -36.1875 1.1875 0.875
1532264906258004 -51.375 -1.6875 -6.1875
1532264906297885 -85.875 12.4375 -24.875
1532264906324813 -101.625 38.0625 -50.9375
1532264906355746 -45.75 80.8125 -69.8125
1532264906383655 -71.375 121.5 -79.1875
1532264906484385 -40.9375 239.688 -126.688
1532264906595090 69.5 21.1875 -35
1532264906662909 47.125 -6.25 34.875
1532264906751671 63.375 68.875 66.875
1532264906818492 134.625 128.313 107.125
1532264906889302 157.438 147.375 109.625
1532264906895287 149.563 147.563 122.938
1532264906925219 138.688 153.125 88.8125
1532264906955143 140.125 139.563 26.5
1532264907014967 73.5 123.313 -53.9375
1532264907058850 36.625 55.8125 -74.75
1532264907088769 22.8125 23.75 -80.0625
1532264907118690 25.875 -22.6875 -47.5
1532264907173559 26.5625 -33.5 -5.125
1532264907178530 33.625 -25.4375 -0.6875
1532264907217425 54.125 -22.3125 36.5
1532264907278262 16.8125 -33.3125 85.375
1532264907316161 35.625 -46.625 105.438
1532264907338103 0.9375 -73.75 131.688
1532264907366028 -10.75 -90.125 147.875
1532264907418886 -103.875 -131.125 142.188
1532264907458781 -108.063 -139.75 140.688
1532264907478727 -110.75 -152.125 110.75
1532264907510641 -177.625 -151.813 97.5625
1532264907540594 -188.75 -151.688 55.625
1532264907554526 -168.125 -125.125 42.8125
1532264907583447 -155.813 -95.25 35.5625
1532264907613367 -108.75 -54.375 7.375
1532264907667223 -77.5 -15.625 22.5625
1532264907742023 -5.125 -6.8125 1.5
1532264907770945 -5.5625 -5.3125 3.375
1532264907885639 -5.6875 -1.375 -5.0625
1532264907997340 0.4375 0.4375 -4.625
1532264908130983 3.75 1 -5.1875
1532264908169895 -4.25 -2.5625 -3.5625
1532264908250663 0.875 -5.5 -6.4375
1532264908328455 -12.1875 -29.8125 -41.5
1532264908445143 -10.1875 -122.688 -165.063
1532264908462097 -33 -131.25 -162.188
1532264908483042 -58.0625 -141.313 -154
1532264908513958 -68.125 -132.375 -143.313
1532264908542881 -110.625 -76.5 -129.188
1532264908565820 -48.0625 -53.375 -132.688
1532264908583773 -2.4375 -32.25 -131.813
1532264908611733 -1.875 -21 -113.625
1532264908645607 -37.9375 -22.3125 -58.5
1532264908663559 -59.8125 -22.5 -48.25
1532264908693479 -67.3125 -15.875 -38.1875
1532264908745340 9.8125 7 -12.3125
1532264908921868 42.5625 11.625 6.0625

1532264908982705 -31.8125 19.375 33.125
1532264909116593 -4.0625 42.5 22.1875
1532264909243254 -19.5 -1.5625 87.625
1532264909325036 -30.875 -84.5625 65.8125
1532264909384891 -36 -129.438 7.5
1532264909543457 -87.875 -89.0625 -54.5
1532264909663132 -83.6875 16.75 13.8125
1532264909765857 60.9375 -4.625 -3.8125
1532264909885537 53.5 32.875 33.1875
1532264909999233 41.0625 176.5 91.0625
1532264910031156 113 227.938 111.563
1532264910043116 133.188 253.313 117.063
1532264910157810 239.188 310.875 136.563
1532264910209670 264.875 279.375 35.75
1532264910245591 217.313 233.25 19.5625
1532264910268513 176.375 208.813 11.4375
1532264910300428 137.688 181.813 7.625
1532264910331345 95.875 130.25 -5.5
1532264910383206 35.4375 66 18.375
1532264910434070 66.875 43.625 11.5
1532264910485932 51.8125 4.6875 36.75
1532264910607606 33.1875 -29.6875 -14.875
1532264910734283 33.8125 -160 -27.5
1532264910921766 -98.1875 -283.375 -29.6875
1532264911148176 -142.5 -303.875 -70.625
1532264911176085 -104.438 -277 -75
1532264911267841 -32.75 -110.875 -31.4375
1532264911290779 -47.1875 -87.8125 -15.0625
1532264911305751 -36.875 -61.125 -2.625
1532264911348625 4.6875 -37.625 14.125
1532264911364582 22.875 -28.5625 18.5625
1532264911424422 48.9375 -12.8125 28.75
1532264911471297 15.375 4.4375 -1.5625
1532264911508198 -8.625 9.5625 -6.75
1532264911551083 16.25 10.875 -14.625
1532264911568055 11.625 9.3125 -10.5
1532264911589982 9 9.4375 -10
1532264911649819 6.375 8.1875 -9.0625
1532264911710657 -11.8125 10.5625 -3.0625
1532264911747558 -8.8125 16.25 7.5
1532264911770497 -13.875 25.0625 21.0625
1532264911807398 -10.0625 54.4375 64.0625
1532264911830337 -2.75 75.625 86.625
1532264911851281 16.25 98.25 107.625
1532264911890194 68 161.5 130.875
1532264911919099 100.5 182.563 151.875
1532264911950032 110.375 206.438 203.125
1532264911972955 108.625 211.125 229.438
1532264911987932 123.375 217.375 246.563
1532264912009856 139.75 221.313 263.313
1532264912031811 138.25 216.063 266.813
1532264912046758 142.75 217.938 260.563
1532264912085654 206.875 207.875 263.375
1532264912107596 211.75 185.75 208.313
1532264912130534 179.25 176.125 183.438
1532264912160454 130.5 157.313 171.625
1532264912167435 119.813 137.063 147.25
1532264912204337 117.063 124.625 123.875
1532264912250214 90.5625 96.5625 73.6875
1532264912272155 72.1875 83.8125 45.8125
1532264912303073 64.4375 69.75 32.4375
1532264912398816 -7.4375 -2.0625 6.875
1532264912415786 -28.5625 -18.3125 8.9375
1532264912512512 -90.3125 -103.563 25.9375
1532264912550411 -101 -122.313 26.0625
1532264912580331 -77.3125 -155.625 12.5
1532264912594299 -85 -182.063 9.5625
1532264912632193 -121.438 -42 7.4375
1532264912695025 -33.125 47.5 -96.3125
1532264912715968 -37.0625 -28.5 7.0625
1532264912729931 -28.25 16.8125 -2.0625
1532264912773818 -16.6875 -0.6875 0.5
1532264912812709 -9.0625 -0.9375 3
1532264912833653 -5 1.625 1.6875
1532264912857589 3.875 4.25 -1.0625
1532264912901472 -2 11.625 0.3125
1532264912920422 -36.125 26.4375 -1.9375
1532264912977269 -93.6875 104.688 -25.5
1532264912993227 -73.9375 118.063 -55.4375
1532264913052070 -41.5 116.688 -117.688
1532264913095966 -97.875 74.5 -166.813
1532264913112925 -73.625 65.0625 -183.188
1532264913209648 -83.0625 16.9375 -72.375
1532264913270485 -1.4375 7 -27.25
1532264913313371 -0.1875 4.4375 22.8125
1532264913353264 43.0625 15.25 29
1532264913435052 53.625 65.0625 77.5
1532264913472944 115.938 112.063 100.313
1532264913548741 161.563 163.688 122.5
1532264913636507 47.5625 143.125 -22.625
1532264913653461 33.0625 98.5625 -52.9375
1532264913692358 52.5 55.6875 -53.375
1532264913713301 71.5625 17.75 -35.4375
1532264913765163 64.625 0.6875 -19.1875
1532264913805056 57.875 -10.0625 8.875
1532264913818022 20.8125 -40.875 60.4375
1532264913860907 41 -58.75 78.6875
1532264913900800 16.125 -69.375 91
1532264913915760 -27.5625 -93.875 101.938
1532264913952662 -42.0625 -113.5 95.8125
1532264914035439 -76.0625 -132.25 92.3125
1532264914080329 -143.563 -115.688 46.1875
1532264914102261 -125.313 -110.188 29.9375
1532264914127202 -120.875 -102 12.875
1532264914180063 -111.5 -69.25 1.125
1532264914193018 -87.0625 -58.4375 10.375
1532264914244880 -21.75 -9.0625 -11.625
1532264914330664 8 20.5625 -4.5
1532264914344613 24.125 24.9375 -4.875
1532264914411435 9.5625 9.9375 4.1875
1532264914440356 17.9375 5.75 2.25
1532264914508176 3.25 1.3125 4.5
1532264914584971 -12.375 -0.8125 7.625
1532264914662762 -11 -5.125 -5.875
1532264914716618 -7.5 -19.6875 -24.125
1532264914771472 0 -58.1875 -80.4375
1532264914810367 -35.875 -115.563 -155.063
1532264914861232 -10 -119.5 -163.75
1532264914880181 -36.4375 -155.563 -152.313
1532264914903120 -50.5625 -144.813 -159.875
1532264914948000 -29.875 -107.063 -176.063
1532264914988890 -23.375 -88.6875 -119.125
1532264915001856 -47.625 -60.6875 -110.813
1532264915025791 -48.9375 -38.0625 -99.3125
1532264915063690 -10.6875 -22.75 -55.8125
1532264915083636 -38.875 -19.5625 -47.1875
1532264915125525 -47.625 -14 -37.75
1532264915154456 -2.1875 -11.0625 -9.125
1532264915287093 44.9375 -27.4375 9.875

1532264915369872 -38.5625 16.375 15.375
1532264915453670 20.9375 25.4375 17.75
1532264915482592 12.0625 36.625 24.9375
1532264915521489 11.375 59.375 70.75
1532264915567372 2.0625 53.1875 76.1875
1532264915585333 4.6875 11.0625 87.6875
1532264915600278 3.875 -16.5625 95.4375
1532264915640172 -26.375 -43.4375 92.9375
1532264915661115 -7.0625 -100.5 84.25
1532264915694027 -26.125 -121 64.375
1532264915714970 -67.375 -129.188 31.75
1532264915742896 -94.5625 -150.125 -29.125
1532264915760848 -94.4375 -154.625 -57.3125
1532264915841641 -80.1875 -102.375 -102.188
1532264915902470 -80.8125 -67.375 -55.375
1532264915969291 -6.375 46.4375 5.125
1532264916083984 89.375 -19.5 -7.5
1532264916102933 91.75 -12.5625 1.1875
1532264916162773 2.375 -8.3125 10
1532264916271483 5.625 4.875 8.75
1532264916351269 -3.4375 53.125 10.5625
1532264916450005 164.938 245.25 136.063
1532264916479926 146.938 313.188 139.938
1532264916500869 165 327.375 161.063
1532264916522810 197.688 327.75 170.313
1532264916582651 274.188 312.125 105.375
1532264916620549 246.438 281.938 57.5
1532264916643488 217.688 263.125 39.875
1532264916713301 171.75 217.063 12.75
1532264916727264 113.438 162 6
1532264916740229 88 143.75 5.9375
1532264916765163 69 124.125 -1.3125
1532264916804059 67.875 98.0625 13.125
1532264916831000 54.75 81 16.8125
1532264916871878 43.3125 60.125 23.875
1532264916915760 51.625 47.9375 26.5625
1532264916990574 43.375 9.6875 19.25
1532264917043422 11.75 -13.8125 -8.25
1532264917100267 32.5 -44.125 -12.25
1532264917123205 39.6875 -61.8125 -10.5
1532264917172075 35 -98.5625 -8.125
1532264917333643 -34.6875 -314.875 -17.1875
1532264917342625 -72.5625 -347.563 -26.5625
1532264917365557 -117.438 -366.125 -42.125
1532264917386501 -163.125 -359.313 -67.3125
1532264917446341 -226.813 -344.5 -114.5
1532264917485237 -241 -342.875 -106.188
1532264917506181 -236.125 -326.313 -146.5
1532264917574000 -150.188 -330.375 -103.5
1532264917604917 -93.25 -290.75 -157.313
1532264917665764 -51.75 -196.375 -92.1875
1532264917806378 -32.0625 -26.5 5.0625
1532264917845274 6.875 -13.6875 11.3125
1532264917866218 12.6875 -11.5 15.1875
1532264917905115 0.25 5.3125 14.375
1532264917942022 6.3125 15.8125 12
1532264917985898 12.0625 21.3125 12.6875
1532264918061696 8.625 35.5625 38.625
1532264918128517 47.3125 61.4375 83.125
1532264918182373 80 104.625 152.125
1532264918205312 99.0625 118.5 162.063
1532264918228250 108.563 138.438 167.688
1532264918288090 123 191.5 210.625
1532264918309034 117.625 199.438 230.063
1532264918347929 88.125 179.625 269.875
1532264918368874 95.1875 176.625 280.313
1532264918384831 116.625 166.375 294.563
1532264918415749 135.188 159.938 287.375
1532264918445669 150.563 148 247.438
1532264918475589 143.063 141.313 225.313
1532264918488554 136.563 131.813 207.813
1532264918505509 136.875 125.875 182.438
1532264918558367 120.625 117.563 149.438
1532264918596266 84.5625 82.375 74.1875
1532264918616213 70.0625 69.75 60.4375
1532264918633168 56.75 59 47.5
1532264918672064 45.3125 49.875 33.3125
1532264918713952 42 22.5 -2.1875
1532264918728911 33.8125 10.8125 -6.5
1532264918783765 -2.375 -9.9375 -10.875
1532264918835626 -37 -41.1875 -8.4375
1532264918848592 -43.125 -52.75 -8
1532264918908431 -106.5 -112 2.4375
1532264918977247 -119 -129.188 3.4375
1532264918986224 -114.125 -142.438 -7.125
1532264919031104 -129.188 -255.375 15.5
1532264919059028 -124.063 -128.813 12.5625
1532264919112885 -115.25 -39.5625 31.125
1532264919150783 -8.25 10.8125 27.375
1532264919210624 15.75 15.8125 3.5
1532264919231567 -6.8125 18.25 2.375
1532264919247538 -23.3125 18.9375 1.1875
1532264919291407 -6.25 24.6875 -7.875
1532264919315353 0.8125 28.0625 -9.3125
1532264919351247 -37.25 37.0625 -15.875
1532264919368202 -54.3125 51.625 -21.1875
1532264919390143 -62.1875 68.125 -29.875
1532264919449983 -91.375 80.625 -49.1875
1532264919487882 -83.5625 85.9375 -73
1532264919533759 -20 71.4375 -85.625
1532264919577642 -18.3125 67.0625 -120.25
1532264919591604 -8.0625 61.6875 -122.813
1532264919630501 -52.625 30.0625 -88.375
1532264919651444 -71.875 9.4375 -64.875
1532264919690341 -47.875 -12.3125 -38
1532264919711284 -11 -9.875 -26.75
1532264919750181 12.4375 -14.875 6.375
1532264919795061 12.6875 0.3125 20.5625
1532264919854900 26.5 29.9375 17.25
1532264919969594 85.875 85.875 43
1532264920042399 154.063 145.813 70.5
1532264920080298 203.813 158.563 77.9375
1532264920110218 192.938 153.375 49.125
1532264920132159 183.625 142.938 43.625
1532264920172053 118 115.438 -4.4375
1532264920220922 78.875 81.6875 -18.5
1532264920260815 47 63.1875 -40.5
1532264920297716 50.4375 26.25 -22.6875
1532264920335615 40 14.5625 -18
1532264920350575 31.1875 7.75 2.75
1532264920393460 -3.8125 -0.6875 15.25
1532264920425375 -10.6875 2.3125 12.5625
1532264920434351 -4.9375 3.1875 14.375
1532264920453300 -4.25 -5.0625 20
1532264920485225 -7.875 -12.0625 25.4375
1532264920499177 -11 -16.375 25.6875
1532264920521119 -13.125 -22.4375 32.625
1532264920554031 -10.0625 -31.1875 34.25
1532264920573977 -10.875 -29.1875 33.75
1532264920597916 -21.1875 -32.3125 41.0625
1532264920633817 -59.4375 -52.4375 47.5625
1532264920657754 -71.125 -57.875 30.125
1532264920678697 -57.375 -63.6875 24.9375
1532264920701636 -57.375 -82.5 33.3125
1532264920753497 -117.375 -120.438 50.625
1532264920808351 -148.813 -139.25 64.1875
1532264920813337 -142.688 -133.75 59.375
1532264920853231 -111.813 -119.375 67.9375
1532264920889135 -100.438 -90 54.4375
1532264920921049 -82.5625 -72 46.9375
1532264921017791 -24.9375 -20.9375 -2.875
1532264921061674 -15.3125 -3.625 -0.875
1532264921130491 5.3125 7.4375 -0.0625
1532264921192324 8.1875 9.8125 -1.625
1532264921204292 4.8125 9.25 -1.6875
1532264921278095 2.375 8.9375 -1.6875
1532264921315993 -10.875 3.1875 -5.3125
1532264921397775 3.375 -7.0625 -19.375
1532264921579288 -16.4375 -163.5 -154.375
1532264921600233 -63.6875 -165.125 -146.375
1532264921624169 -96.125 -157.938 -139.063
1532264921638131 -126.438 -121.688 -150.625
1532264921661071 -102.938 -75.8125 -159.688
1532264921677090 -69.25 -64.5 -147.188
1532264921701012 -40.25 -61.6875 -129.063
1532264921720959 -25.25 -47.9375 -97.5625
1532264921745899 -25.1875 -32.8125 -73.5
1532264921757861 -18.4375 -17.375 -52.3125
1532264921780799 -14 -7.4375 -30.75
1532264921819695 -21 -2.25 -23.5625
1532264921848618 -13.625 0.4375 -25.125
1532264921885519 -13.5 -7.25 -20.0625
1532264921900479 -29.375 -7.0625 -22.5625
1532264921945359 -8.125 -11.4375 -14.6875
1532264921979268 30.375 14 -8.3125
1532264922001210 21.6875 14.125 14
1532264922044094 -7.8125 -13.125 13.0625

1532264922095973 -26.9375 3.5 17.5625
1532264922159786 63.6875 21.5 2.125
1532264922188714 -42 17.5625 9.625
1532264922226607 6.25 35.75 10.625
1532264922238575 -21 31 34.125
1532264922262511 17.5 33.375 39.5
1532264922278469 32.25 38.6875 59.8125
1532264922298415 22.9375 32.5625 66.125
1532264922328335 17.75 13.125 78
1532264922358261 3.9375 -39.5625 99.875
1532264922380196 -1.8125 -61.375 100.563
1532264922398148 14.125 -84.5 102.063
1532264922420089 12.125 -99.9375 85.5
1532264922441033 -1.125 -109.188 58.25
1532264922458986 -9.375 -125.063 32.5625
1532264922479929 -35.125 -149 13.125
1532264922500873 -75.625 -162.063 -11.9375
1532264922539769 -146.875 -144.813 -78.4375
1532264922578665 -103.625 -102.188 -61.25
1532264922620553 -132.75 -80.875 -64.5625
1532264922659450 -56.375 -73.625 -27.875
1532264922680394 -48.5 -48 -24.75
1532264922719299 65.625 50.625 16.5
1532264922758185 -70.0625 16.5625 17.1875
1532264922801071 -28.375 -3.875 -1.5
1532264922845951 82.5 -5.3125 10.0625
1532264922961641 7.1875 68.125 19.3125
1532264922981588 28.25 86.5 12.8125
1532264923057386 93.5625 179.313 92.4375
1532264923101268 117.625 248.063 114.75
1532264923123209 136.188 268.625 119.75
1532264923148143 150.063 286.688 125.563
1532264923161107 196.375 304 137.625
1532264923220948 292 316.375 88.5
1532264923280788 263.125 289.063 44.1875
1532264923336639 181.438 244 19
1532264923410441 67.5 134.938 -7.25
1532264923462304 43.125 89.5625 -6.0625
1532264923523154 29.375 22.4375 24
1532264923581982 27.875 -1 29.1875
1532264923612900 30.375 -3.9375 29.8125
1532264923640826 24.25 6.8125 -0.9375
1532264923845279 28.4375 -21.0625 1.625
1532264923905118 51.0625 -62.5625 4.5
1532264923921076 60.125 -83.6875 -0.6875
1532264923987897 71.6875 -175.813 5.6875
1532264924069678 8.4375 -297.063 -1.5
1532264924190355 -235 -338.25 -56
1532264924330980 -181.125 -413.813 -153.063
1532264924571337 -25.5625 -29 22
1532264924707971 40.1875 20.5 14.9375
1532264924826653 33.375 101.125 89.3125
1532264924985240 134.75 170.375 236.313
1532264925104910 178.125 174.5 261.688
1532264925186691 102.313 167.313 188.438
1532264925261491 117.125 124.813 109.563
1532264925306371 54.125 76.3125 46.6875
1532264925338286 54.125 60.0625 32.5
1532264925351251 69.1875 45.3125 24.875
1532264925553709 -51.375 -50.8125 -4.875
1532264925670398 -94.625 -129.5 3.625
1532264925735224 -86.75 -169.438 2.25
1532264925773123 -42.625 8.8125 -41.125
1532264925818003 -87.8125 -27.0625 16
1532264925853907 -22.625 -3.5625 11.8125
1532264925892803 4 3.0625 14.8125
1532264925928707 -3.25 5.1875 4.9375
1532264925988547 -19.625 5.25 -3.9375
1532264926005502 -14.875 9.3125 -5.125
1532264926048387 -33.125 22.1875 -8.75
1532264926088281 -65.9375 66.75 -17.1875
1532264926112216 -63.0625 85.9375 -26.4375
1532264926148122 -84.625 95.375 -61.6875
1532264926185022 -68.75 96.375 -96.125
1532264926228904 -22.75 78.9375 -108.063
1532264926288744 -73.5 67 -103.375
1532264926305700 -75.5 61.125 -104.25
1532264926348584 -65 44.625 -84.375
1532264926408424 -36.3125 9.375 -45.3125
1532264926469261 -11.25 -6.1875 7.9375
1532264926508171 5.6875 -0.875 20.3125
1532264926529102 25.625 7.75 20.5625
1532264926589945 33.3125 22.875 43.75
1532264926627837 81.3125 47.375 48.125
1532264926671720 142.813 78.25 80.875
1532264926717598 166.25 121 80.375
1532264926770456 243.625 162.563 87.0625
1532264926815336 198.875 175.438 64.0625
1532264926830296 187.813 178.375 51.5625
1532264926921053 81.25 135.75 -38
1532264926970920 23.375 40.5 -84.75
1532264927033752 -7.75 0.3125 -38.5625
1532264927048712 48.4375 -10.25 -0.8125
1532264927084615 65.75 -10.125 11.25
1532264927094589 48.5625 -5.0625 15.875
1532264927145453 24 -6.1875 20.8125
1532264927158430 0.6875 -9.8125 22.1875
1532264927190333 13.375 -18.125 28.1875
1532264927219256 17.4375 -25.375 32.4375
1532264927228233 17.0625 -33.125 46
1532264927251171 10.625 -41.375 62.9375
1532264927287075 -24.9375 -62.1875 60.75
1532264927330957 -51.4375 -88.4375 81.875
1532264927377832 -96.4375 -106.5 76.4375
1532264927398776 -98.5 -110.25 75.5625
1532264927482565 -132.813 -89.75 86.625
1532264927497512 -126.813 -54.8125 93.3125
1532264927535411 -129.375 -47.5 89.9375
1532264927563336 -73.375 -27.4375 57.125
1532264927602232 -69.9375 -27.875 57.4375
1532264927640130 -26.375 10.8125 3.3125
1532264927662072 -30.625 22 -6
1532264927679028 -22.1875 30.375 -19.4375
1532264927714930 -6.5 14.6875 -3.8125
1532264927735874 -19.4375 4.9375 -1
1532264927757833 -4.4375 0.4375 2.25
1532264927774770 14.6875 -3.4375 2.75
1532264927802695 17.375 -3.9375 4.75
1532264927818663 4.0625 -5.0625 8.4375
1532264927834611 -2.3125 -1.875 10.1875
1532264927857549 4.6875 1.625 7.3125
1532264927878493 8 4.625 1.5625
1532264927902429 1.6875 4.6875 -1.5625
1532264927955288 -7.375 -1.0625 1.1875
1532264927975235 0.875 -14.25 -16.5
1532264928038066 -1.0625 -23.1875 -24.9375
1532264928053026 0.4375 -42.75 -62.5625
1532264928058018 -2.125 -59.5625 -88.6875
1532264928129821 -8.25 -133.813 -139.125
1532264928149782 -18.8125 -159.938 -149.625
1532264928233544 -38.6875 -198.875 -162.25
1532264928254488 -145.938 -153.625 -157.813
1532264928275432 -126.375 -108.625 -180.063
1532264928298370 -45.4375 -67.0625 -166.688
1532264928331282 14.125 -45.25 -113.563
1532264928374168 -75.0625 -30.375 -73.375
1532264928442984 3.6875 1.3125 -25.4375
1532264928480896 -0.0625 7.1875 -6.4375
1532264928531746 6.875 5.5 0.9375
1532264928646440 37.3125 -17.4375 27.5
1532264928661400 -19.0625 -9.3125 3.25

1532264928786065 -16.875 23.5625 5.4375
1532264928822968 -1.3125 29.125 9.9375
1532264928882808 7.25 35.1875 41.9375
1532264928901757 1.4375 44.9375 52.6875
1532264928935666 -11.1875 23.75 66.625
1532264928958605 -15.4375 2.875 85.1875
1532264928997501 6.5 -49.8125 95.0625
1532264929063324 0.5625 -92.5 58.9375
1532264929078285 1.5625 -106.625 36.4375
1532264929117181 -46.6875 -135.813 14.9375
1532264929179016 -114.688 -157.125 -76.4375
1532264929213922 -91.8125 -119.25 -66.375
1532264929257815 -76.4375 -89.5625 -58.75
1532264929295704 -46.0625 -79.625 -39.5
1532264929355543 13.1875 44.1875 8.625
1532264929477225 67.375 -21.75 -7.3125
1532264929536068 25.0625 -2.5625 21.125
1532264929619844 6.6875 33 30.0625
1532264929642799 6.8125 66.375 34.0625
1532264929678702 24.5 113.688 49.75
1532264929694644 28.5625 150.438 59.1875
1532264929738526 44.5 197.25 90.9375
1532264929754484 70.75 215.313 115.438
1532264929783407 113.125 228.563 140.5
1532264929798367 170.063 251.688 145.875
1532264929858207 240.813 289.563 137.875
1532264929918047 269.563 287.875 71.6875
1532264929943979 247.125 277.188 53.6875
1532264930015785 151.313 187.75 -5.875
1532264930038723 135.125 164.438 -9.75
1532264930061662 109.813 135.688 -14.8125
1532264930122514 36.125 72.625 4.3125
1532264930158404 48.25 52.5625 7
1532264930174361 37.0625 47.4375 18.9375
1532264930218243 27.5 39.4375 19.1875
1532264930237193 31.75 33.5625 17.8125
1532264930303017 9.9375 8.375 18.125
1532264930325956 -8.3125 1.875 17.875
1532264930362856 11 0.6875 -0.0625
1532264930377817 14.1875 -5 -3.875
1532264930406742 19.3125 -20.0625 -9.25
1532264930437671 12.125 -33.6875 -10.625
1532264930460595 23.375 -39.8125 -10.8125
1532264930503481 70.4375 -79.8125 -16.3125
1532264930528414 68.1875 -103.375 -15.0625
1532264930565316 38.5 -153.75 -1.5625
1532264930603214 39.75 -212.375 7.1875
1532264930640115 4.375 -276.813 2.3125
1532264930679016 -26.8125 -309.875 0.5625
1532264930728878 -146.875 -419.688 -6.375
1532264930790714 -301.25 -389.25 -56.5
1532264930961256 -83 -193 -146.75
1532264931021096 -123.625 -154.438 -93.6875
1532264931059993 -133.188 -92.5 -46.625
1532264931080937 -96.0625 -67.6875 -28.1875
1532264931119832 -38.625 -39.25 9.0625
1532264931141774 -29.125 -27.875 27.625
1532264931208595 4 6.0625 27.5625
1532264931217570 5.0625 9.5 24.75
1532264931285401 21.5625 27.4375 26.1875
1532264931360190 32.0625 61.5 79.3125
1532264931449950 64.0625 120 134
1532264931540710 104.375 156.438 218.813
1532264931562649 106.625 150.875 242.688
1532264931600547 132.063 155.688 266.813
1532264931643433 150.063 177.313 290.313
1532264931689309 189.5 192.875 248.625
1532264931711251 189.375 198.5 229.688
1532264931841902 125.625 160.438 144.625
1532264931900744 62.8125 88.1875 65.0625
1532264931981528 37.8125 34.25 18.5
1532264931991506 35.8125 19.5625 13
1532264932003470 15.0625 -10.125 3.3125
1532264932081271 -25.625 -29.9375 -6.4375
1532264932154067 -55.0625 -58.625 -9.125
1532264932231859 -85.125 -103.125 -4.375
1532264932288707 -82.625 -116.375 -4
1532264932342563 0.25 42.375 -86.8125
1532264932470228 39.625 5.25 2.375
1532264932582920 -9.75 4.625 1.8125
1532264932619821 -12.8125 4.625 5.9375
1532264932642760 -28.5 13.5 7.5
1532264932674675 -18.9375 22.75 6
1532264932725539 -41.25 79.9375 -21.9375
1532264932747481 -47 97.25 -37.5
1532264932845219 -17.5625 48.9375 -121
1532264932883117 -37.3125 41.5625 -142.25
1532264932964909 -67.6875 12.5625 -83.0625
1532264933025747 -27.5 -0.625 -45.5625
1532264933085577 -23.625 -5 -0.0625
1532264933205256 14.125 35.4375 35.9375
1532264933265095 79.0625 89.5625 71.5625
1532264933415694 247.875 196.5 87.375
1532264933451597 224.438 192.75 27.5
1532264933467555 199.75 169.125 6.4375
1532264933529389 66.9375 79.4375 -75.625
1532264933556317 33 43.75 -90.9375
1532264933616157 19.0625 -9.125 -69.5
1532264933633112 39.3125 -18.25 -52.375
1532264933655054 37.25 -13.3125 -40.625
1532264933669016 17.9375 -5.1875 -19.9375
1532264933684987 11.875 0.1875 0.625
1532264933714892 10.875 5.3125 10.3125
1532264933728856 9.75 14.0625 20.25
1532264933744829 -1.125 19.4375 28.4375
1532264933788696 -21.125 8.125 48.4375
1532264933805650 -28.25 -14.1875 53.375
1532264933827592 -43.625 -28.625 66.4375
1532264933874467 -49.5625 -27.1875 73.5
1532264933908376 -7.5 -72.1875 103.313
1532264933955250 -40.5625 -94.625 117.813
1532264933983176 -70.25 -118.875 126.188
1532264934075944 -197.438 -135.688 94.5625
1532264934120808 -169.563 -76.5625 90.75
1532264934149730 -150.563 -51.625 65.1875
1532264934178653 -131.25 -35.625 50.9375
1532264934218546 -49.0625 1.0625 4.3125
1532264934253453 -46.3125 8.375 -1.625
1532264934283373 -8.4375 7.8125 -5.6875
1532264934345210 11.3125 -9.9375 -0.0625
1532264934352189 12.6875 -8.5625 -4.4375
1532264934393080 15 -7 -6.625
1532264934414024 11.875 -6.9375 -5.25
1532264934440966 4.5 -6.1875 -2.5625
1532264934509767 3.5625 -1.8125 2.375
1532264934538690 5.5625 -0.125 2.125
1532264934577586 3.0625 -6.4375 -15.625
1532264934635458 4.1875 -38.6875 -66.375
1532264934733197 6.3125 -163.063 -183.75
1532264934764114 -46.25 -175.438 -178
1532264934801015 -59.625 -153.75 -165.313
1532264934815975 -60.8125 -131.875 -158.188
1532264934877810 -4.125 -81.125 -163.25
1532264934935655 -94.375 -14.3125 -56.5625
1532264934992503 -28.875 3.625 -38.375
1532264935050349 -2.875 1.9375 -23.3125
1532264935135122 13 -5.125 -5.5
1532264935157064 11.75 -12.1875 -5.8125
1532264935171026 29.75 8.5 -4.625
1532264935214909 25.875 -13.75 13

1532264935270758 -29.875 18.25 10.25
1532264935320631 23.6875 27.4375 14.625
1532264935342573 -22 47.8125 -3.25
1532264935390444 10.1875 32.25 25.1875
1532264935396429 -12.0625 24.75 30.1875
1532264935432332 14.375 3.5625 51.0625
1532264935460258 42.625 14.6875 85.4375
1532264935523090 5.6875 -14.75 102.625
1532264935536055 6.5625 -68.25 108.313
1532264935595895 -44.9375 -122.063 27.9375
1532264935634791 -38.0625 -161.813 -11.125
1532264935655735 -67.3125 -173.125 -36.4375
1532264935732529 -138.438 -112.563 -84.0625
1532264935760455 -115.625 -63.75 -72.5625
1532264935801346 -138.313 -54.875 -84.125
1532264935896092 -87.1875 16.4375 -4.375
1532264935952941 26.4375 -26.375 1.1875
1532264935964909 84.9375 -35.625 2.4375
1532264936015772 77.9375 -10.3125 23.3125
1532264936063651 -0.0625 -3.75 18.625
1532264936191303 112.25 187.563 72
1532264936235185 64.125 265.438 128.125
1532264936303004 184.75 310 170.375
1532264936354866 302 319.813 122.75
1532264936376813 323.313 318.875 87.3125
1532264936481527 143.25 200.25 13.625
1532264936496487 132 173.125 3.125
1532264936542364 77.75 113.313 -3.4375
1532264936596220 37.625 63.125 15.5
1532264936618162 44.5 32.875 26.3125
1532264936691964 65.0625 -0.1875 39.1875
1532264936714902 54.5 0.875 37.875
1532264936737842 45.375 2.1875 24.6875
1532264936783719 33.75 -3.125 13
1532264936896418 71.6875 -75.0625 3.625
1532264936963239 38.25 -189.813 15.4375
1532264936984183 28.375 -217.063 6.375
1532264936992162 21.875 -240.5 -3.5625
1532264937045020 -25.6875 -313.813 -4.125
1532264937119820 -217.375 -400 -71.9375
1532264937217569 -233.438 -417.875 -159.938
1532264937232519 -230.063 -417.75 -177.375
1532264937255458 -204 -399.75 -179.813
1532264937277402 -140.125 -371.625 -157.938
1532264937338236 23.25 -225.438 -121.063
1532264937359180 -2.5625 -192.125 -71.6875
1532264937398076 -107.5 -130.188 -39
1532264937457919 -53.875 -65.5625 3.375
1532264937523740 11.6875 -29.625 17.8125
1532264937577602 -11.375 8.375 9.625
1532264937675335 -18.1875 41.8125 26.4375
1532264937719220 -8.5625 45.1875 52.8125
1532264937734177 25.5 45.3125 72.0625
1532264937758113 72.1875 51.375 89
1532264937817953 96.5 58.5625 147.938
1532264937854855 110.938 72.5 183.75
1532264937877793 120.063 94.625 197.438
1532264937945612 182.313 140.813 234.125
1532264937967553 176.188 149.563 245.125
1532264937997474 159.75 170.438 265.938
1532264938058311 149.5 177.875 268.563
1532264938109174 144.688 188.5 244.063
1532264938148070 170.125 185.188 177.313
1532264938161036 158.563 168.125 156.75
1532264938208913 146.5 150.438 136.063
1532264938223871 107.313 115.063 67.875
1532264938260769 68.1875 87.375 29.125
1532264938298668 53.3125 55 3.75
1532264938358508 20.75 36.9375 -4.6875
1532264938408374 -22.5 -15.9375 -22.3125
1532264938442284 -78.75 -57.1875 -14.5625
1532264938493148 -83.625 -75.0625 -24.0625
1532264938530049 -110.563 -128.5 -14.9375
1532264938598865 -76.5 -264.25 -26
1532264938710566 -100.813 19 0.875
1532264938746470 -12.625 34.9375 29.6875
1532264938801323 42.9375 36.875 2.9375
1532264938876123 -67.4375 -2.75 -0.875
1532264938951921 -22.375 93.1875 -27.75
1532264938965884 -58.4375 96.9375 -46.25
1532264939370800 27.0625 11.6875 30.5625
1532264939430641 32.1875 29.75 39.25
1532264939467542 162.125 105.875 98.75
1532264939498459 201.813 134.063 105.563
1532264939558299 256.188 177.188 76.0625
1532264939656040 120.5 126.813 -22.25
1532264939707900 43.4375 4.625 -97.125
1532264939745798 52.25 -9.125 -72.3125
1532264939819600 -14.1875 -16.375 7.5
1532264939857500 16.25 10.3125 35.0625
1532264939896412 39.875 15.375 38.4375
1532264939911356 35.5 16.3125 48.75
1532264939949254 14.0625 14.4375 56.3125
1532264939985173 -22.125 -2.1875 77.875
1532264940052976 -52.875 -39.4375 75.875
1532264940134757 -73.1875 -60.3125 78.4375
1532264940204571 -153.875 -88.6875 71.875
1532264940247457 -118 -59.6875 74.1875
1532264940291347 -116.875 -49.375 87.125
1532264940314278 -103.375 -36.875 63.6875
1532264940345208 -50.9375 -9.6875 12.6875
1532264940366139 -36.375 8.6875 -9.375
1532264940396059 -48.5 10 -19.25
1532264940451926 -35.5625 22.875 -2.25
1532264940480833 -3.4375 14.3125 -10.75
1532264940510753 0.5 0.125 -6.5625
1532264940571603 -0.25 -6.0625 -4.5
1532264940623451 5.875 -0.5625 -3.3125
1532264940675313 -3.375 -1.125 -8.4375
1532264940710219 -12.125 -21.8125 -34.75
1532264940757109 -14.875 -43 -86.1875
1532264940782026 -11.5 -60.375 -116.375
1532264940795990 2.4375 -78.875 -142.125
1532264940906694 -58.0625 -199.313 -159.25
1532264940914673 -88.0625 -193.5 -157.625
1532264940959553 -110.25 -124.625 -174.5
1532264940982491 -37.4375 -103.438 -170.75
1532264941021394 24.625 -93.8125 -149.125
1532264941036347 -16.75 -67.5 -113.875
1532264941070256 -16.0625 -29.25 -46
1532264941093195 -34.375 -16.5625 -31.875
1532264941111147 -35.125 -3.125 -28.3125
1532264941147057 -16.9375 7.4375 -18.375
1532264941206890 -0.25 14.25 3
1532264941236811 4.25 6.625 0.6875
1532264941260747 2 -1.6875 -2.875
1532264941273712 3.4375 -11.5625 -8.25
1532264941357490 21.375 -10.875 -4.625
1532264941426304 -16.5625 -5.1875 -14.5625

1532264941478165 -33.25 -2.4375 13.3125
1532264941498112 43.6875 9.5625 -14.5
1532264941525040 86.1875 27.4375 -1.125
1532264941538005 12.1875 16.125 10.625
1532264941551975 24.75 39.5 16.8125
1532264941597845 -14.8125 43.875 40.0625
1532264941610827 16.0625 34.5 39.4375
1532264941649707 40.25 48.5625 55
1532264941670651 22.3125 32.125 67.75
1532264941701568 8.1875 9.4375 78
1532264941709547 -19.9375 -14.5625 85.25
1532264941730491 -19.75 -38.75 86.875
1532264941753429 28.5 -65 82.1875
1532264941771381 19.375 -85.8125 67.9375
1532264941790338 -15.125 -94.5625 44.25
1532264941813269 -31 -108.313 24.25
1532264941854160 -58.625 -161.125 -3.25
1532264941891061 -96.25 -163 -48.3125
1532264941940928 -79.9375 -123.625 -59.625
1532264941970848 -111.375 -97.375 -41.6875
1532264941992796 -122.813 -78.8125 -41.625
1532264942030694 -81.5625 -55.5625 -25.875
1532264942090535 16.125 34.4375 -1.5
1532264942152369 -74.4375 11.9375 -0.1875
1532264942233153 58.375 21.5625 21.3125
1532264942330892 41.8125 90.75 54.375
1532264942354828 74.4375 127.313 70.0625
1532264942391729 142.125 181.688 100.938
1532264942412673 149.313 205.125 112.75
1532264942430625 155.313 229.625 128.688
1532264942452567 168.313 252.188 139.5
1532264942480492 189.438 270.875 146.563
1532264942533350 308.625 290.438 110.375
1532264942558284 306.75 290.75 90.3125
1532264942593191 258.688 273.75 58.875
1532264942632090 215.813 236.625 14.4375
1532264942653030 201.125 215.938 3.9375
1532264942723840 172.5 183.438 -8.625
1532264942731820 63.4375 126.75 -13.5625
1532264942752763 58.1875 109.875 -2.6875
1532264942772710 49.375 82.3125 -3.9375
1532264942795649 48.3125 67 12.25
1532264942813601 55.3125 50.75 14.0625
1532264942836540 56.625 37.3125 10.1875
1532264942850503 51.9375 26.4375 23.125
1532264942940262 51.25 -5.5 7.6875
1532264942993121 21.75 -44.125 -5.375
1532264943014065 41.125 -62.0625 1.1875
1532264943052961 55.3125 -109.563 8.5625
1532264943073905 48.9375 -139.625 13.375
1532264943103825 47.8125 -169.188 18.6875
1532264943112801 47.0625 -199.75 24.1875
1532264943155686 51.9375 -227.813 26.0625
1532264943166665 51.125 -251.313 26.5
1532264943195580 30.8125 -271.688 26.75
1532264943217524 -26.375 -309.438 13.6875
1532264943255428 -105.938 -338.875 -11.75
1532264943270380 -125.625 -365.25 -15.4375
1532264943292321 -148.625 -388.125 -21.4375
1532264943330220 -246.688 -409.563 -49.9375
1532264943353158 -265.563 -412.25 -64.75
1532264943433942 -216.375 -394.25 -121.563
1532264943449899 -197.625 -391.563 -90.6875
1532264943472838 -140.188 -355.188 -89.1875
1532264943532678 -19.875 -156.75 -49.75
1532264943553638 -64.25 -132.5 -33.5625
1532264943592519 -179.313 -92.3125 -10.375
1532264943613462 -198.313 -61.625 -7.625
1532264943636401 -161.313 -43.6875 -2.6875
1532264943675297 -25.625 -33.0625 8.375
1532264943713196 36.25 -20.5 14.9375
1532264943735137 26.4375 -8.5 13.1875
1532264943773041 14.25 16.9375 12.8125
1532264943832875 0.0625 42.375 14.125
1532264943876758 0.4375 58.3125 45.4375
1532264943915654 20.8125 65 77.5
1532264943937601 36.625 63.5 100.688
1532264943997436 86.4375 98 145.938
1532264944035334 46.625 123.688 192.5
1532264944056278 26.375 128.125 222.25
1532264944116118 130.188 150.25 275.125
1532264944133072 154.125 158.75 288.063
1532264944175958 155.5 166.625 304.75
1532264944214854 159.875 166.188 291.313
1532264944275691 197.188 164.125 223.563
1532264944297646 179.063 163.375 196.5
1532264944366449 105.875 139.438 132.625
1532264944412332 108.25 91.5625 85.125
1532264944439261 80.6875 59.0625 40.3125
1532264944492120 61.9375 33.5625 19.8125
1532264944536002 22.625 2.0625 5.5
1532264944551960 16.875 -8.125 -2.4375
1532264944604818 -27.6875 -34.1875 -2.3125
1532264944665656 -50 -71.625 -6
1532264944703554 -66.875 -93.5 1.1875
1532264944719512 -106.688 -139.188 15.6875
1532264944756413 -112.625 -157.313 23.75
1532264944799298 -110.563 -235.125 37.1875
1532264944815256 -146.688 -261.313 47.25
1532264944838194 -153.625 -86.875 32.125
1532264944875096 -3.4375 30.5625 -22.0625
1532264944918978 -116 -12.5625 -15.0625
1532264944958872 53.3125 12.9375 43.1875
1532264945098498 7.5 32.25 -10.875
1532264945145373 -59 66.625 -20.9375
1532264945183271 -22.4375 86.1875 -28.125
1532264945241118 -44.1875 71.875 -76.875
1532264945594173 139.313 47.9375 83.6875
1532264945625090 183.813 65.875 109.563
1532264945660994 279.313 120.25 104.938
1532264945683933 304.688 154.75 113.625
1532264945738786 275.063 190.625 77.875
1532264945774690 234.75 187.625 -11
1532264945811591 130.375 145.25 -69.75
1532264945865447 -9.5625 40.6875 -119.938
1532264945904343 14.625 19.3125 -101.75
1532264945961191 5 -11.375 -4.5
1532264946067906 -6.25 -4.75 47
1532264946097826 -4.1875 -10.5625 31.875
1532264946142719 16.5625 -43.4375 68.125
1532264946157665 0.8125 -50.1875 96.375
1532264946217506 -58.9375 -98.5625 98.4375
1532264946293303 -134.188 -151.438 112.25
1532264946353143 -194.813 -136.313 99.9375
1532264946383063 -142.688 -92.25 102.188
1532264946420962 -108.25 -68.5625 79.8125
1532264946440910 -111.188 -63.9375 84.125
1532264946480802 -42.75 -9.1875 0.75
1532264946518700 1.25 5.4375 -22
1532264946585522 18.875 17.6875 -4.3125
1532264946606466 25.875 2.5 5.3125
1532264946661319 30.25 -1 11.1875
1532264946704205 14.75 9.6875 4.875
1532264946750081 -12.25 2.75 1.3125
1532264946787981 -0.8125 7.8125 -4.3125
1532264946847820 -8.25 1.625 -3.4375
1532264946886716 -8.0625 0.75 -6
1532264946900679 -4.375 1.125 -7.6875
1532264946955532 -7.875 -7.125 -15.4375
1532264947013378 -8.875 -29.875 -50.5
1532264947074216 16 -75.6875 -137.938
1532264947171953 -86.25 -165.313 -169.813
1532264947202871 -111.375 -150.813 -177.563
1532264947222829 -54.75 -89.875 -174
1532264947245756 13.8125 -80.3125 -147.5
1532264947282657 -47.75 -65.25 -87.5625
1532264947310583 -45.5 -18.25 -50.9375
1532264947327537 -34.75 -2.5 -34.8125
1532264947348481 -31 6.0625 -24.4375
1532264947388375 -18.25 8.5 -15.4375
1532264947432257 4.125 9.75 -2.9375
1532264947454207 -10.0625 1.375 -2
1532264947476140 -8 -5.75 -1.0625
1532264947528001 17 -25.75 -7.5625
1532264947550940 26.8125 -21.8125 -6.0625
1532264947584850 20 -7.625 8.1875
1532264947627735 -32.375 -21.5 -6.4375
1532264947648679 -15.625 11.4375 7.5625

1532264947711517 -17.5625 -1.75 10.4375
1532264947739436 32.9375 36.375 10.625
1532264947810594 36.5 46.8125 24.75
1532264947844506 -5.1875 19.8125 31.5625
1532264947895368 23.9375 37.25 62.5625
1532264947919304 3.5 23.75 75.75
1532264948005075 12.4375 -53.75 97.375
1532264948046962 -6.25 -100.188 53.0625
1532264948125752 -113.5 -152.063 -46.5625
1532264948331202 21.75 45.25 18.0625
1532264948391049 -56.25 4.0625 -11.1875
1532264948435922 62.5625 -1.75 11.625
1532264948487784 22.6875 -0.1875 20.3125
1532264948548620 -31.0625 62.0625 44.1875
1532264948639378 91.1875 162.313 121.625
1532264948690241 112.188 243.688 136.438
1532264948810919 275.938 289.625 97.1875
1532264948856796 272.063 262.5 62
1532264948885719 245 222.5 29.9375
1532264948908660 228.938 197.75 14.0625
1532264948956530 200.938 165.875 9.6875
1532264948970493 169.875 138.313 0.625
1532264948992434 98.1875 84.6875 -10.125
1532264949053271 85.6875 74.125 -9.25
1532264949096156 54.4375 26.625 19.6875
1532264949136050 58.4375 28.125 13.9375
1532264949196888 45.375 21.3125 30.5
1532264949233788 35.5 8.25 24.25
1532264949270690 10.6875 5.25 5.6875
1532264949346487 6 -0.3125 3.9375
1532264949395357 26.8125 -15.625 2.9375
1532264949458189 39.4375 -32.25 4.6875
1532264949471154 70.1875 -73.75 -1.6875
1532264949510054 93.9375 -141.063 -7.0625
1532264949530994 72.625 -169.813 -1.4375
1532264949569890 35.75 -217.125 -12.0625
1532264949607789 25.4375 -240.688 -24.75
1532264949630727 -14.4375 -315 -25.6875
1532264949651671 -45.75 -354.25 -22.3125
1532264949696551 -149.813 -392 -45.375
1532264949711511 -187.75 -403.5 -51.125
1532264949771351 -230.188 -446.125 -60.875
1532264949839170 -177.938 -429.25 -96.625
1532264949870087 -102.313 -365.375 -102.375
1532264949891033 -48.3125 -323.938 -110.813
1532264949935911 9.75 -235.938 -59.25
1532264950012718 -39.375 -91.5 2.8125
1532264950050605 -35.75 -43.375 18.125
1532264950087506 -33.8125 -15 11.375
1532264950117435 -27.8125 -2.75 8.3125
1532264950208183 -1.1875 13.75 -9.4375
1532264950230125 -0.625 14.875 -9.375
1532264950268023 14.0625 13.1875 -4.0625
1532264950312903 13.4375 15.9375 3.375
1532264950326865 14.375 18.875 10.8125
1532264950471479 6.5625 140.063 117.063
1532264950531318 26.5625 176.5 174.875
1532264950574205 65.1875 185.75 246.875
1532264950620082 122.25 191.438 289.563
1532264950657985 167.188 185.25 307.688
1532264950693884 191.438 169.188 294.188
1532264950709841 190.625 162.875 269.563
1532264950753724 159.063 169.875 228.313
1532264950792620 141.813 146.625 173.75
1532264950813564 131.188 129.25 154.875
1532264950830519 101.5 122.625 128.563
1532264950858444 77.8125 111 99.25
1532264950873428 72.5 95.875 77.4375
1532264950900333 81.1875 80.375 58.125
1532264950935249 72.5 59.125 15.625
1532264951004064 39.375 47.8125 15
1532264951048939 32.0625 14.5625 -1.4375
1532264951125730 -6.625 -3.125 -2.5
1532264951160637 -10.375 -13.5625 -5.375
1532264951214491 -45.9375 -55 7.25
1532264951235436 -48.4375 -69.4375 11.6875
1532264951288295 -41.25 -113.625 31
1532264951325196 -78.25 -171.563 53.9375
1532264951361099 -107 -229.5 62.25
1532264951378055 -116.125 -243.188 63.875
1532264951435900 -70.875 -60.8125 -27.9375
1532264951503719 -24.875 -15.0625 6.6875
1532264951535633 -7.25 -1.125 7.375
1532264951580513 -15.125 3.75 4.625
1532264951595482 -10 8 3.6875
1532264951617414 3.8125 12.125 4.1875
1532264951655313 -10.5625 21.875 -0.5
1532264951693212 -30.0625 57.25 -4.25
1532264951715153 -42.5625 77.125 9.1875
1532264951737095 -58.1875 86.3125 19.8125
1532264951805910 -3.6875 104.25 -20.375
1532264951835839 -54.8125 127.188 -137.25
1532264951894712 -43.375 139.438 -164.188
1532264951931615 -36.25 96.375 -137.375
1532264951976495 -10.5 13.6875 -66.875
1532264952043316 -14.8125 -15.75 -9.125
1532264952246771 107.125 72.125 83.8125
1532264952306622 201.75 175.938 84.75
1532264952315589 233.188 214.125 55.875
1532264952362476 233.5 232.5 10.125
1532264952419311 1.75 101.688 -73.5625
1532264952434270 41.8125 50.75 -40.8125
1532264952458206 101.313 31.125 -56.6875
1532264952486131 118.688 18.8125 -56.125
1532264952547967 8.25 -4.3125 10.4375
1532264952598831 34.125 7.25 13.375
1532264952621769 14.5 -3.125 18.625
1532264952666649 -11.75 -19.125 16.0625
1532264952675625 -11.3125 -29.875 20.375
1532264952703550 -4.375 -44 29.4375
1532264952727498 6.0625 -54.125 48.0625
1532264952809268 -19.3125 -87.875 105.813
1532264952818260 -29.0625 -96.125 119.625
1532264952878084 -78.6875 -110.375 131.5
1532264952916980 -74.625 -110.5 141
1532264952974826 -122.688 -63.3125 101
1532264953042652 -120.688 -30.625 3.6875
1532264953080543 -52 9.5 -35.5
1532264953101486 -45.5625 18.5 -27.1875
1532264953231140 14.3125 1.625 -4.25
1532264953319902 3.4375 -1.375 -9.125
1532264953410660 -3.4375 4.3125 -5.8125
1532264953456536 2.1875 1.875 -4.875
1532264953461524 -2.4375 3.375 -3.875
1532264953500420 -7.0625 2.3125 -9.8125
1532264953523358 -17.9375 -7.6875 -18.75
1532264953560259 -26.125 -25.5 -48.75
1532264953657998 10.8125 -145.563 -177.188
1532264953740777 -127.813 -181.438 -162.438
1532264953762720 -129.938 -132.75 -167.75
1532264953807598 -1.625 -94.375 -125.313
1532264953851481 -68.375 -63.125 -62.25
1532264953897358 12.3125 -23.25 -38.375
1532264953920296 -25.3125 -12.1875 -17.0625
1532264953972158 -21.75 -11.625 -22.625
1532264954010057 -6.9375 8.5625 -10
1532264954026014 -49.25 -14 -0.125
1532264954052942 -43.8125 5.5 2.3125
