1532257113404045 0.309766 -0.27289 1.36826
1532257113419013 0.296204 -0.271788 1.3834
1532257113431970 0.29215 -0.268078 1.40026
1532257113475883 0.309163 -0.255412 1.42787
1532257113524753 0.311062 -0.247005 1.44158
1532257113551683 0.29565 -0.225812 1.47774
1532257113574619 0.295846 -0.218473 1.48425
1532257113614529 0.296163 -0.211598 1.49026
1532257113627478 0.29249 -0.205794 1.49696
1532257113635460 0.284666 -0.200761 1.50365
1532257113659393 0.27586 -0.195102 1.50914
1532257113681334 0.2697 -0.188433 1.51286
1532257113696294 0.265963 -0.182421 1.51525
1532257113719232 0.262313 -0.177296 1.51847
1532257113741173 0.257729 -0.172673 1.52283
1532257113800055 0.241553 -0.165876 1.53067
1532257113844896 0.252543 -0.163173 1.52879
1532257113859856 0.258257 -0.163685 1.52848
1532257113883802 0.259829 -0.166933 1.52872
1532257113898756 0.260553 -0.170688 1.52874
1532257113942634 0.273742 -0.172828 1.52868
1532257113958592 0.283775 -0.173299 1.53018
1532257113981531 0.28842 -0.17301 1.53391
1532257113995494 0.287898 -0.170507 1.54084
1532257114044362 0.295388 -0.154931 1.56943
1532257114100213 0.310872 -0.0941952 1.64841
1532257114138112 0.312993 -0.0430162 1.71112
1532257114152075 0.315981 -0.0165885 1.74185
1532257114212925 0.356231 0.0743577 1.82468
1532257114369494 0.545157 0.210878 2.02123
1532257114407393 0.581123 0.228358 2.0615
1532257114437312 0.601273 0.225494 2.0785
1532257114489173 0.661092 0.237378 2.12649
1532257114512112 0.683685 0.241003 2.14082
1532257114549014 0.722355 0.246657 2.17353
1532257114586912 0.750364 0.253895 2.20892
1532257114632796 0.774092 0.260241 2.2296
1532257114647756 0.778449 0.26122 2.239
1532257114706598 0.781935 0.259909 2.2567
1532257114752476 0.779796 0.260775 2.26268
1532257114766438 0.772235 0.261977 2.26264
1532257114812316 0.768765 0.270009 2.25741
1532257114849231 0.759509 0.268872 2.25956
1532257114872170 0.755831 0.270429 2.25953
1532257114888127 0.75817 0.271375 2.25883
1532257114909071 0.760946 0.270401 2.26005
1532257114932010 0.756469 0.269312 2.26175
1532257114968914 0.755014 0.275625 2.26169
1532257114999828 0.757654 0.278735 2.25996
1532257115028751 0.746871 0.280094 2.26274
1532257115054682 0.742832 0.281394 2.26315
1532257115068645 0.742107 0.28246 2.26284
1532257115089588 0.739325 0.280974 2.26271
1532257115111530 0.731373 0.276769 2.26232
1532257115129482 0.72017 0.270921 2.262
1532257115149428 0.709139 0.265229 2.26052
1532257115188324 0.683647 0.243337 2.25848
1532257115210265 0.663862 0.224437 2.25677
1532257115256143 0.639694 0.201362 2.2544
1532257115294042 0.578244 0.137073 2.25305
1532257115351893 0.415361 -0.0404236 2.25734
1532257115411727 0.275625 -0.168426 2.25922
1532257115471567 0.137022 -0.250984 2.24329
1532257115531407 0.0699562 -0.29233 2.20551
1532257115629145 0.0412849 -0.303471 2.17128
1532257115688985 0.0350963 -0.290553 2.15179
1532257115729876 0.0302175 -0.284917 2.1426
1532257115771764 0.0196755 -0.278842 2.13436
1532257115809670 0.0179061 -0.277077 2.13109
1532257115872495 -0.00413864 -0.274606 2.12578
1532257115899423 -0.00617499 -0.274774 2.12382
1532257115951284 -0.0208313 -0.278317 2.12042
1532257115969236 -0.0212628 -0.28058 2.11832
1532257116030073 -0.00751056 -0.287636 2.10919
1532257116066982 0.00364963 -0.286367 2.1006
1532257116131801 0.0424434 -0.273199 2.08491
1532257116153743 0.0538476 -0.267038 2.08171
1532257116230537 0.107075 -0.250751 2.06232
1532257116312319 0.171018 -0.202757 2.04144
1532257116433993 0.256227 -0.129215 2.04029
1532257116559657 0.335887 -0.0647912 2.07509
1532257116771108 0.465075 0.0127077 2.15839
1532257116808991 0.482939 0.0166174 2.17592
1532257116851877 0.51026 0.0201039 2.19337
1532257116875812 0.521205 0.021069 2.20167
1532257116913727 0.541962 0.0226483 2.21747
1532257116951623 0.562646 0.0298195 2.23685
1532257116988511 0.589088 0.0430067 2.24835
1532257117032393 0.605441 0.0653336 2.24919
1532257117071289 0.617773 0.102769 2.25108
1532257117108191 0.627085 0.153188 2.24984
1532257117257790 0.631294 0.305055 2.25236
1532257117371502 0.63305 0.124669 2.20582
1532257117393428 0.640315 0.039458 2.19664
1532257117431326 0.660442 -0.139438 2.18157
1532257117469239 0.668936 -0.213234 2.1752
1532257117475209 0.677835 -0.267719 2.17063
1532257117558986 0.695449 -0.254844 2.17381
1532257117594889 0.684893 -0.134746 2.18221
1532257117633785 0.67806 0.011452 2.18518
1532257117731524 0.644659 0.281234 2.1921
1532257117859182 0.668828 0.0656217 2.17826
1532257117895085 0.704789 -0.112436 2.17535
1532257117911043 0.728799 -0.198291 2.17672
1532257117933982 0.759339 -0.273714 2.17714
1532257117978862 0.776195 -0.373902 2.18324
1532257118014766 0.78165 -0.363611 2.18594
1532257118030723 0.782321 -0.32063 2.18533
1532257118074606 0.771882 -0.187007 2.1823
1532257118097544 0.764786 -0.106765 2.17984
1532257118219219 0.722957 0.267825 2.17666
1532257118285044 0.709254 0.266933 2.17099
1532257118376798 0.706312 -0.0302229 2.14873
1532257118413699 0.717386 -0.193105 2.14185
1532257118457582 0.723718 -0.332612 2.14548
1532257118496477 0.725861 -0.410327 2.15551
1532257118577262 0.733419 -0.321826 2.17169
1532257118696941 0.756164 0.0869664 2.17814
1532257118796675 0.717423 0.155356 2.1693
1532257119132776 0.691345 -0.223111 2.08344
1532257119357176 0.807164 0.378276 2.07575
1532257119582574 0.914695 0.576065 2.19958
1532257119838889 0.676413 0.162826 2.21913
1532257119859832 0.637321 0.0886332 2.2208
1532257119958568 0.535038 -0.0462403 2.19488
1532257119996468 0.50001 -0.0634102 2.19542
1532257120027384 0.455971 -0.0528496 2.19157
1532257120041347 0.448231 -0.0545925 2.19317
1532257120070269 0.445012 -0.0521034 2.19303
1532257120140093 0.45331 -0.0232293 2.2014
1532257120228845 0.47108 0.0420514 2.20369
1532257120312633 0.542681 0.322309 2.18203
1532257120401416 0.691597 0.609406 2.20742
1532257120422328 0.711598 0.636461 2.21651
1532257120484199 0.740735 0.688788 2.23722
1532257120506107 0.747524 0.698084 2.24202
1532257120552979 0.748658 0.702674 2.24364
1532257120565943 0.743288 0.70273 2.24358
1532257120609827 0.715936 0.669256 2.24355
1532257120641742 0.694577 0.630044 2.2417
1532257120678650 0.659366 0.586832 2.22616
1532257120701582 0.63572 0.563405 2.21441
1532257120738482 0.578974 0.51 2.18602
1532257120761421 0.547115 0.484175 2.16773
1532257120799320 0.487637 0.445591 2.13078
1532257120827245 0.476122 0.428086 2.12115
1532257120844200 0.465849 0.410579 2.11649
1532257120890077 0.424319 0.368027 2.10262
1532257120909026 0.420583 0.356457 2.10229
1532257120968866 0.41889 0.339338 2.09931
1532257120983827 0.419092 0.337934 2.09966
1532257121031699 0.415857 0.343089 2.09792
1532257121066605 0.4122 0.353653 2.09406
1532257121089544 0.412365 0.358151 2.09291
1532257121137415 0.410725 0.36208 2.0922
1532257121149384 0.410957 0.368924 2.09375
1532257121224190 0.412419 0.374651 2.09978
1532257121313980 0.411466 0.372969 2.10517
1532257121340908 0.410529 0.372584 2.10562
1532257121352876 0.408734 0.37234 2.10609
1532257121413714 0.405342 0.372287 2.10587
1532257121444631 0.405286 0.372428 2.1043
1532257121489511 0.400234 0.368886 2.09852
1532257121512465 0.39891 0.365752 2.09346
1532257121546374 0.397686 0.353349 2.07883
1532257121623169 0.387528 0.312657 2.02905
1532257121644113 0.367398 0.26901 1.97485
1532257121688993 0.357608 0.211004 1.91059
1532257121726891 0.348172 0.14074 1.83888
1532257121809670 0.328252 -0.00452481 1.69016
1532257121825628 0.329123 -0.0354457 1.65041
1532257121871505 0.3407 -0.0622879 1.61315
1532257121947302 0.339379 -0.12938 1.51904
1532257122049030 0.347663 -0.178355 1.38448
1532257122108870 0.345836 -0.17388 1.35346
1532257122176689 0.328698 -0.172497 1.33542
1532257122229547 0.325904 -0.172723 1.33093
1532257122289386 0.30663 -0.183919 1.32493
1532257122349228 0.333634 -0.215061 1.31103
1532257122367179 0.355857 -0.22689 1.30809

1532257122394107 0.369151 -0.236651 1.31004
1532257122409067 0.383326 -0.239678 1.30755
1532257122458933 0.389252 -0.23009 1.31552
1532257122546699 0.294471 -0.210401 1.38625
1532257122589584 0.31194 -0.219374 1.4277
1532257122828984 0.294124 -0.225443 1.50727
1532257122846941 0.287428 -0.224429 1.50559
1532257122888861 0.273087 -0.224936 1.50168
1532257122927757 0.277695 -0.227557 1.50029
1532257122973649 0.277359 -0.230281 1.4983
1532257122994586 0.277165 -0.231964 1.49773
1532257123109279 0.281108 -0.230227 1.49269
1532257123130222 0.284633 -0.229353 1.4914
1532257123206035 0.294469 -0.225377 1.47569
1532257123272841 0.295431 -0.227771 1.45321
1532257123312734 0.292658 -0.230654 1.4384
1532257123370096 0.263737 -0.248504 1.37242
1532257123429936 0.272673 -0.251446 1.35581
1532257123515706 0.273887 -0.2465 1.34324
1532257123536651 0.273178 -0.245147 1.34248
1532257123589510 0.2818 -0.240311 1.34243
1532257123626411 0.278131 -0.240251 1.34471
1532257123686250 0.280436 -0.22594 1.34459
1532257123709190 0.274695 -0.221213 1.34611
1532257123746091 0.267037 -0.210044 1.34973
1532257123819893 0.265688 -0.201519 1.35755
1532257123889707 0.269094 -0.203507 1.35908
1532257123919627 0.273717 -0.20819 1.35903
1532257123985463 0.334924 -0.220349 1.34301
1532257124031327 0.302233 -0.206954 1.3556
1532257124091173 0.24656 -0.212966 1.38206
1532257124112112 0.252115 -0.209181 1.39864
1532257124180928 0.233593 -0.195971 1.47063
1532257124210848 0.197269 -0.193292 1.53345
1532257124232789 0.187418 -0.198972 1.56359
1532257124248746 0.171742 -0.20564 1.59332
1532257124271685 0.155054 -0.209717 1.62564
1532257124292629 0.145834 -0.213305 1.65734
1532257124331525 0.107704 -0.237808 1.70688
1532257124352469 0.0853057 -0.248585 1.72971
1532257124391379 0.066976 -0.270895 1.77555
1532257124412308 0.058554 -0.28599 1.7924
1532257124451205 0.0244102 -0.315111 1.82072
1532257124489104 -0.0176193 -0.34548 1.84106
1532257124531989 -0.0315404 -0.372112 1.84699
1532257124592827 -0.0617272 -0.409483 1.86951
1532257124631722 -0.0651866 -0.404937 1.89057
1532257124652667 -0.0623073 -0.395122 1.89631
1532257124728464 -0.012698 -0.312254 1.92815
1532257124758384 0.0067357 -0.280863 1.9362
1532257124788303 0.0513032 -0.209985 1.95287
1532257124811242 0.0775857 -0.173989 1.96085
1532257124832187 0.110408 -0.136461 1.96884
1532257124855125 0.14737 -0.0978176 1.97583
1532257124991760 0.413708 0.167305 2.02619
1532257125036639 0.482765 0.22393 2.04961
1532257125073540 0.536891 0.264965 2.07546
1532257125133381 0.613537 0.305542 2.10581
1532257125155335 0.636636 0.314445 2.11486
1532257125201225 0.668348 0.325931 2.13462
1532257125224138 0.686769 0.329016 2.14529
1532257125254058 0.715331 0.332852 2.16589
1532257125275999 0.726496 0.333632 2.17288
1532257125313898 0.742113 0.328048 2.19049
1532257125334842 0.745555 0.32562 2.19902
1532257125373740 0.747439 0.314647 2.21229
1532257125394683 0.749084 0.307715 2.21905
1532257125433584 0.752552 0.291331 2.22724
1532257125454522 0.74646 0.279876 2.22984
1532257125493418 0.727931 0.252624 2.2297
1532257125582181 0.713242 0.221376 2.23058
1532257125635040 0.709299 0.227037 2.23301
1532257125673936 0.710351 0.252021 2.23838
1532257125694880 0.708059 0.263348 2.24281
1532257125733775 0.696115 0.288707 2.25223
1532257125754720 0.694641 0.302455 2.25143
1532257125779652 0.693191 0.313179 2.24914
1532257125795610 0.686443 0.320823 2.24581
1532257125861434 0.646646 0.321125 2.224
1532257125876394 0.627806 0.312178 2.21516
1532257125913296 0.575218 0.279871 2.19954
1532257125937232 0.543055 0.256292 2.19185
1532257125974142 0.471409 0.194915 2.18045
1532257126084837 0.353955 0.0710655 2.17093
1532257126197535 0.0868555 -0.359767 2.10842
1532257126978447 0.289988 -0.118256 1.99446
1532257127398324 0.645106 0.379929 2.16859
1532257127421263 0.646128 0.377474 2.167
1532257127444201 0.65089 0.358395 2.16355
1532257127519018 0.67089 0.127479 2.12457
1532257127578842 0.695428 -0.124379 2.07644
1532257127599786 0.706784 -0.19256 2.06267
1532257127683562 0.73342 -0.270164 2.04596
1532257127782298 0.739093 -0.052183 2.07898
1532257127827178 0.739776 0.154563 2.11382
1532257127884025 0.72442 0.320502 2.13724
1532257127969796 0.717813 0.361454 2.1434
1532257128011684 0.714182 0.274411 2.13042
1532257128086483 0.731351 -0.0501401 2.07989
1532257128124382 0.745193 -0.225069 2.05726
1532257128403636 0.703228 0.187407 2.11047
1532257128576198 0.68428 0.211054 2.12803
1532257128650981 0.681813 -0.036501 2.12364
1532257128764677 0.698356 -0.168007 2.09272
1532257128806565 0.699787 -0.0872618 2.07307
1532257128964144 0.802092 0.322901 2.02551
1532257129064883 0.860071 0.490521 2.03788
1532257129126709 0.884701 0.52934 2.04755
1532257129168604 0.924014 0.570353 2.06473
1532257129244394 0.974283 0.585472 2.09769
1532257129304234 0.988968 0.591429 2.11351
1532257129348117 0.992839 0.591933 2.12772
1532257129419925 0.984988 0.587002 2.13905
1532257129446856 0.973005 0.556562 2.14351
1532257129484752 0.935307 0.503614 2.1436
1532257129526640 0.883684 0.433852 2.14076
1532257129567548 0.825094 0.346603 2.13904
1532257129586479 0.780914 0.289894 2.14347
1532257129627370 0.698526 0.170351 2.15212
1532257129664271 0.637266 0.0407687 2.16858
1532257129707172 0.559015 -0.0727611 2.19493
1532257129843792 0.410431 -0.0482263 2.17251
1532257130143989 0.545877 0.320465 2.11707
1532257130248709 0.565687 0.458789 2.07723
1532257130309546 0.574951 0.514126 2.05963
1532257130346451 0.599568 0.577187 2.06644
1532257130443189 0.57684 0.547594 2.12129
1532257130466136 0.564779 0.532371 2.13163
1532257130496047 0.552967 0.51889 2.14023
1532257130525967 0.531591 0.497116 2.16098
1532257130562869 0.47996 0.482265 2.17165
1532257130622709 0.413655 0.480445 2.17322
1532257130728426 0.338793 0.478332 2.18695
1532257130750383 0.328633 0.474502 2.18781
1532257130849103 0.315106 0.460241 2.18476
1532257130909940 0.31564 0.452115 2.18016
1532257130946842 0.316245 0.445187 2.17382
1532257130989727 0.319385 0.427839 2.16748
1532257131006682 0.322409 0.41513 2.16144
1532257131066522 0.328242 0.349904 2.09901
1532257131149300 0.330284 0.205886 1.93158
1532257131170244 0.336376 0.162951 1.88112
1532257131186213 0.338612 0.121489 1.83318
1532257131230084 0.342259 0.0421387 1.74241
1532257131274965 0.318266 -0.0253975 1.6403
1532257131296906 0.322143 -0.0519408 1.58266
1532257131328820 0.36841 -0.10413 1.47318
1532257131349764 0.366879 -0.130293 1.4272
1532257131396639 0.33688 -0.177349 1.3588
1532257131469458 0.309574 -0.205216 1.2951
1532257131531279 0.301224 -0.192645 1.28855
1532257131582143 0.29077 -0.18298 1.29117
1532257131629017 0.304538 -0.190524 1.28848
1532257131732740 0.361207 -0.237836 1.29426
1532257131792580 0.348565 -0.22277 1.31341

1532257131951157 0.302145 -0.246466 1.30201
1532257131974096 0.305157 -0.24859 1.30123
1532257132010996 0.307219 -0.250183 1.29321
1532257132031940 0.305474 -0.253389 1.28969
1532257132071834 0.308698 -0.25785 1.28607
1532257132092777 0.309678 -0.261474 1.28602
1532257132138667 0.303294 -0.261242 1.28108
1532257132228415 0.312908 -0.26591 1.2745
1532257132289252 0.317855 -0.268933 1.27124
1532257132414916 0.330441 -0.270796 1.26571
1532257132490713 0.333858 -0.266736 1.26373
1532257132580473 0.332358 -0.243559 1.26439
1532257132625357 0.330858 -0.245416 1.26409
1532257132685210 0.322622 -0.238378 1.26464
1532257132723109 0.321579 -0.241548 1.26518
1532257132805888 0.323503 -0.243016 1.26476
1532257132828826 0.324518 -0.242681 1.26524
1532257132842789 0.326132 -0.241319 1.26597
1532257132903626 0.329416 -0.240054 1.26765
1532257132940538 0.324701 -0.243104 1.26586
1532257132986406 0.326579 -0.243539 1.26566
1532257133083146 0.366221 -0.228011 1.26445
1532257133187882 0.353319 -0.232989 1.27349
1532257133202826 0.334879 -0.23482 1.28038
1532257133262666 0.297904 -0.240081 1.30576
1532257133314527 0.300476 -0.238166 1.37198
1532257133414261 0.256007 -0.196135 1.518
1532257133436202 0.244238 -0.188333 1.54608
1532257133539925 0.222662 -0.147335 1.6651
1532257133571839 0.219359 -0.139855 1.68446
1532257133616719 0.222984 -0.114972 1.73614
1532257133637680 0.220797 -0.105618 1.75278
1532257133676576 0.221814 -0.0823623 1.78261
1532257133713477 0.231475 -0.0493476 1.80687
1532257133757360 0.249075 -0.0156237 1.82953
1532257133834155 0.30767 0.0563763 1.87356
1532257133856095 0.324668 0.0722862 1.88641
1532257133893995 0.363024 0.101149 1.91086
1532257133976773 0.463405 0.144313 1.95556
1532257134216133 0.672069 0.226778 2.087
1532257134253035 0.690001 0.249896 2.10804
1532257134296917 0.712385 0.268749 2.1316
1532257134363738 0.746709 0.27967 2.17352
1532257134404629 0.756709 0.275402 2.18344
1532257134484415 0.777594 0.298234 2.19435
1532257134521317 0.760431 0.298234 2.18694
1532257134560213 0.740466 0.310114 2.17768
1532257134612074 0.717656 0.32282 2.1631
1532257134621050 0.711374 0.340535 2.15686
1532257134671914 0.660291 0.329592 2.14323
1532257134742725 0.556009 0.265471 2.11962
1532257134761674 0.474707 0.184599 2.11117
1532257134904293 0.18776 -0.121617 2.03476
1532257135061872 0.0124149 -0.448167 1.95653
1532257135282283 0.00363039 -0.448051 1.9305
1532257135362069 -0.0216436 -0.454529 1.932
1532257135444849 -0.0739232 -0.463577 1.92858
1532257135564527 -0.104266 -0.422911 1.90562
1532257135624367 -0.0780623 -0.362279 1.89911
1532257135661268 -0.0465784 -0.317897 1.89627
1532257135797903 0.121561 -0.198397 1.90909
1532257135863727 0.27924 -0.118643 1.90513
1532257135879694 0.324601 -0.0995706 1.89947
1532257136021306 0.525185 -0.088881 1.91521
1532257136045242 0.544649 -0.0960021 1.92049
1532257136068180 0.559345 -0.0984401 1.9276
1532257136119044 0.611417 -0.0172455 1.95682
1532257136172901 0.637302 0.106416 1.98497
1532257136201836 0.658309 0.244075 2.01184
1532257136224762 0.666763 0.308679 2.02296
1532257136239721 0.673808 0.364085 2.03256
1532257136261663 0.681235 0.403575 2.04109
1532257136308547 0.708957 0.416739 2.04776
1532257136362394 0.7402 0.257549 2.02301
1532257136505012 0.859799 -0.314654 1.93117
1532257136563855 0.861864 -0.214149 1.95817
1532257136584799 0.855321 -0.1387 1.96908
1532257136689519 0.823788 0.236446 2.02367
1532257136743375 0.817046 0.309772 2.03837
1532257136765316 0.811306 0.282219 2.03424
1532257136811194 0.813632 0.147153 2.0151
1532257136900953 0.877115 -0.40354 1.95475
1532257136961794 0.901686 -0.434718 1.95255
1532257137004676 0.86563 -0.290345 1.96471
1532257137081471 0.83869 0.0765774 2.00369
1532257137126351 0.82795 0.213645 2.02914
1532257137162255 0.83284 0.258782 2.04067
1532257137185216 0.840506 0.287665 2.04993
1532257137218134 0.836154 0.285849 2.05216
1532257137246053 0.824455 0.206994 2.03803
1532257137343792 0.824267 -0.214881 1.96821
1532257137546250 0.639117 -0.46846 1.88197
1532257137584149 0.62072 -0.374427 1.87682
1532257137686874 0.678116 -0.13947 1.88509
1532257137711808 0.698733 -0.084392 1.89118
1532257137793593 0.779273 0.155698 1.93843
1532257137823509 0.813023 0.278987 1.96524
1532257137884359 0.842435 0.429187 2.01321
1532257137906287 0.849516 0.467794 2.035
1532257137945197 0.865038 0.503654 2.05524
1532257137974106 0.891132 0.53457 2.07046
1532257138064863 0.949175 0.571656 2.09773
1532257138107749 0.975115 0.559905 2.11941
1532257138122709 0.98091 0.550773 2.12518
1532257138176565 0.979843 0.533886 2.13942
1532257138206485 0.964297 0.514984 2.14878
1532257138230420 0.953553 0.500784 2.15107
1532257138328159 0.914367 0.446961 2.1507
1532257138349103 0.806997 0.253342 2.14069
1532257138468783 0.687209 0.00700325 2.14608
1532257138579487 0.602964 -0.0209868 2.13653
1532257138686201 0.633924 0.0967036 2.1454
1532257138789924 0.650791 0.335042 2.09815
1532257138813873 0.666819 0.36737 2.08515
1532257138844777 0.681473 0.397077 2.06895
1532257138888669 0.696215 0.466361 2.03685
1532257138925561 0.680256 0.499818 2.02647
1532257138971446 0.678778 0.521905 2.03116
1532257139008340 0.674406 0.528866 2.05383
1532257139030281 0.668631 0.525417 2.07149
1532257139075162 0.664643 0.512955 2.11026
1532257139106104 0.66859 0.503338 2.13131
1532257139123034 0.676496 0.492005 2.15354
1532257139189854 0.680525 0.466801 2.20245
1532257139211796 0.667228 0.46974 2.20516
1532257139248701 0.65947 0.464039 2.19951
1532257139271637 0.650943 0.46192 2.19406
1532257139292581 0.649932 0.459726 2.18958
1532257139338458 0.65033 0.455248 2.18561
1532257139407273 0.642713 0.454374 2.17597
1532257139436197 0.643589 0.451571 2.17372
1532257139459135 0.639806 0.448921 2.17251
1532257139525956 0.638758 0.441096 2.17157
1532257139570836 0.625727 0.440561 2.16655
1532257139608749 0.607762 0.433365 2.15302
1532257139646633 0.599058 0.424517 2.14257
1532257139811203 0.433372 0.0585419 1.83129
1532257139848095 0.459694 -0.0157449 1.72909
1532257139871033 0.465986 -0.0524244 1.68724
1532257139930874 0.375894 -0.131361 1.53602
1532257139969774 0.358007 -0.14194 1.48642
1532257140073500 0.235255 -0.194203 1.29894
1532257140171234 0.290047 -0.255648 1.24041
1532257140225088 0.305019 -0.26079 1.24052

1532257140313850 0.201197 -0.163333 1.27183
1532257140351749 0.18315 -0.0680271 1.32037
1532257140418569 0.162757 0.148214 1.45387
1532257140449498 0.165748 0.230784 1.50479
1532257140494108 0.245254 0.453632 1.66962
1532257140568908 0.41245 0.624006 1.87202
1532257140613788 0.540435 0.70561 2.04902
1532257140658685 0.593247 0.729045 2.16053
1532257140702551 0.643289 0.750752 2.22075
1532257140757769 0.675004 0.76454 2.24675
1532257140777703 0.674226 0.766058 2.25235
1532257140830562 0.685209 0.767668 2.25814
1532257140853501 0.690053 0.770989 2.26159
1532257140891399 0.689187 0.774333 2.25875
1532257141011079 0.669329 0.774759 2.25067
1532257141034017 0.668308 0.776356 2.2515
1532257141063937 0.668105 0.779872 2.25115
1532257141093858 0.669674 0.789811 2.24974
1532257141121783 0.675932 0.796291 2.24753
1532257141159685 0.679436 0.799365 2.24531
1532257141241463 0.686646 0.791915 2.24478
1532257141273378 0.687763 0.790671 2.24286
1532257141303297 0.688703 0.79183 2.239
1532257141316263 0.691319 0.794478 2.23912
1532257141377101 0.705815 0.806635 2.24296
1532257141424973 0.715673 0.815663 2.24137
1532257141437943 0.716864 0.81924 2.23775
1532257141497778 0.69959 0.820946 2.21524
1532257141574572 0.63042 0.782493 2.15186
1532257141604493 0.550347 0.728205 2.07402
1532257141618456 0.50082 0.69392 2.02374
1532257141664333 0.39081 0.59883 1.90471
1532257141699239 0.284043 0.462165 1.7788
1532257141782053 0.032968 0.133529 1.57874
1532257141798010 -0.00872371 0.074225 1.543
1532257141818954 -0.0144413 0.0253772 1.52166
1532257141851866 0.000265337 -0.0104418 1.50354
1532257141878794 0.0498198 -0.0505056 1.47436
1532257141901733 0.0521011 -0.067583 1.46266
1532257141918687 0.0502965 -0.0838184 1.44924
1532257141940629 0.0554258 -0.0972188 1.4361
1532257141961573 0.0717507 -0.109302 1.42743
1532257141987674 0.0912561 -0.118562 1.42189
1532257142021586 0.120559 -0.127466 1.40865
1532257142039538 0.133655 -0.127804 1.41078
1532257142059484 0.149653 -0.130839 1.41551
1532257142081426 0.156178 -0.138425 1.40661
1532257142099384 0.161741 -0.152518 1.38619
1532257142143283 0.209204 -0.181842 1.34072
1532257142179191 0.230502 -0.207721 1.32252
1532257142202133 0.212964 -0.220581 1.31149
1532257142220084 0.189556 -0.233186 1.29964
1532257142239033 0.186151 -0.245704 1.28916
1532257142261973 0.199588 -0.258343 1.28448
1532257142298873 0.237325 -0.279293 1.28022
1532257142321812 0.245889 -0.289767 1.27853
1532257142339764 0.254115 -0.29763 1.27527
1532257142381651 0.266227 -0.306381 1.26767
1532257142407583 0.268014 -0.310587 1.26576
1532257142459459 0.266057 -0.315713 1.2628
1532257142501349 0.27261 -0.311053 1.25871
1532257142540228 0.278658 -0.311757 1.25713
1532257142562169 0.278535 -0.312943 1.25489
1532257142580121 0.277754 -0.315333 1.25285
1532257142601065 0.27597 -0.317995 1.25118
1532257142639971 0.276292 -0.320264 1.24783
1532257142660905 0.277733 -0.319888 1.24633
1532257142681849 0.279057 -0.318852 1.24441
1532257142720745 0.277242 -0.31706 1.24064
1532257142786569 0.280171 -0.316749 1.23455
1532257142801530 0.281207 -0.317234 1.23229
1532257142840438 0.280621 -0.317279 1.22876
1532257142879324 0.285491 -0.319457 1.22359
1532257142902261 0.28749 -0.320404 1.22047
1532257142921209 0.289042 -0.321359 1.21757
1532257142962099 0.290589 -0.324958 1.21335
1532257143036900 0.296393 -0.328545 1.20726
1532257143074808 0.297352 -0.330528 1.20544
1532257143142616 0.302374 -0.336667 1.20522
1532257143221479 0.302957 -0.3518 1.20606
1532257143282317 0.306257 -0.358579 1.20047
1532257143344194 0.304117 -0.364408 1.19395
1532257143387080 0.308203 -0.366009 1.18785
1532257143591533 0.29796 -0.340656 1.17767
1532257143627437 0.302154 -0.335107 1.1777
1532257143658354 0.299031 -0.331722 1.17744
1532257143681306 0.297017 -0.332005 1.17759
1532257143762081 0.311045 -0.339736 1.17399
1532257143838871 0.311106 -0.345781 1.17437
1532257143883752 0.310482 -0.346684 1.17268
1532257143945586 0.337623 -0.336426 1.16833
1532257144003432 0.347687 -0.340484 1.16753
1532257144026370 0.347453 -0.339248 1.16947
1532257144115133 0.305814 -0.351781 1.18418
1532257144161011 0.301306 -0.354762 1.23227
1532257144183949 0.295624 -0.350699 1.26209
1532257144220850 0.265929 -0.32974 1.33143
1532257144243789 0.270759 -0.315723 1.36816
1532257144281688 0.298536 -0.281441 1.4411
1532257144303641 0.309265 -0.260634 1.47858
1532257144324573 0.307568 -0.241312 1.51513
1532257144341543 0.290447 -0.221518 1.55103
1532257144363469 0.26616 -0.200498 1.58415
1532257144384413 0.242636 -0.17821 1.61467
1532257144431288 0.214814 -0.128814 1.66847
1532257144445250 0.214263 -0.103263 1.69274
1532257144484147 0.230491 -0.0544271 1.73633
1532257144505090 0.242044 -0.0302774 1.75398
1532257144521048 0.255543 -0.00714269 1.76879
1532257144580887 0.313199 0.047005 1.81524
1532257144603826 0.333684 0.0615191 1.83135
1532257144684620 0.410848 0.114001 1.90103
1532257144738466 0.44913 0.140429 1.93401
1532257144844184 0.570906 0.233685 2.01144
1532257144881085 0.590357 0.250301 2.02214
1532257144970845 0.656009 0.327958 2.07852
1532257144986802 0.669757 0.33969 2.09055
1532257145008744 0.67972 0.348794 2.10488
1532257145053632 0.692915 0.359961 2.13292
1532257145113463 0.718423 0.362887 2.17439
1532257145128424 0.72639 0.362225 2.18234
1532257145182280 0.74212 0.35817 2.18784
1532257145264061 0.757571 0.334427 2.19978
1532257145287997 0.749439 0.325644 2.19395
1532257145338860 0.759906 0.336166 2.17015
1532257145353821 0.757055 0.341716 2.16288
1532257145383741 0.725637 0.354047 2.15083
1532257145406680 0.720828 0.365819 2.14381
1532257145434632 0.720624 0.375291 2.13942
1532257145443581 0.713649 0.382509 2.13564
1532257145473501 0.699048 0.388711 2.12861
1532257145494445 0.685053 0.394052 2.12042
1532257145533349 0.667596 0.394508 2.10989
1532257145550313 0.652741 0.388248 2.10706
1532257145570242 0.632703 0.37867 2.10386
1532257145594193 0.612197 0.364774 2.10122
1532257145607144 0.591715 0.344018 2.09968
1532257145666983 0.500803 0.241408 2.09041
1532257145689922 0.462341 0.195328 2.08761
1532257145734803 0.368888 0.0906564 2.08217
1532257145789655 0.29049 -0.0321675 2.07909
1532257145848510 0.124541 -0.216127 2.08269
1532257145990119 0.0354249 -0.337048 2.03863
1532257146089852 0.022777 -0.351946 2.03414
1532257146109798 0.0253166 -0.348231 2.02917
1532257146169639 0.0158987 -0.331229 2.02236
1532257146229480 0.0377304 -0.291486 2.01392
1532257146290319 0.0843146 -0.236607 2.00797
1532257146418972 0.209868 -0.125899 2.00641
1532257146469836 0.300262 -0.0346473 1.98209
1532257146576550 0.388766 0.0121502 1.97617
1532257146606471 0.396157 0.00698489 1.97646
1532257146665313 0.449517 -0.0288609 1.9821
1532257146704210 0.463874 -0.0352102 1.98454
1532257146726151 0.50183 -0.0267812 1.99191
1532257146785991 0.53828 0.0733734 2.02153
1532257146853810 0.587407 0.251613 2.05199
1532257146942572 0.618178 0.405876 2.07193
1532257146996432 0.627082 0.435029 2.07344
1532257147032332 0.653369 0.28438 2.04586
1532257147131068 0.755623 -0.24673 1.99331
1532257147212849 0.820001 -0.383917 1.97587
1532257147251746 0.826511 -0.264379 1.98419
1532257147288647 0.830706 -0.0808046 1.99416
1532257147311585 0.830471 0.0156501 2.00263
1532257147354471 0.825279 0.193127 2.02473
1532257147371426 0.832715 0.276402 2.03343
1532257147520035 0.818626 0.438019 2.06683
1532257147587846 0.830039 0.00303963 1.9882
1532257147633729 0.857934 -0.200997 1.96635
1532257147701550 0.878505 -0.384502 1.96418
1532257147879068 0.895406 0.134962 2.04158
1532257147931926 0.905862 0.227752 2.05005
1532257148107457 0.881913 0.39173 2.05584
1532257148301946 0.844626 0.522245 2.06414
1532257148386710 0.845446 0.531597 2.06701
1532257148419622 0.880423 0.530388 2.09156
1532257148495420 0.873162 0.520931 2.10479
1532257148564235 0.876099 0.519817 2.10868
1532257148681920 0.823534 0.424707 2.14001
1532257149178593 0.463632 0.0635366 2.15305
1532257149346145 0.521293 0.436628 2.03098
1532257149387036 0.557226 0.49769 2.01259
1532257149417952 0.582534 0.536794 2.00339
1532257149438897 0.590513 0.549614 2.00399
1532257149456857 0.596405 0.557823 2.00572
1532257149479788 0.601694 0.562402 2.00873
1532257149516689 0.612566 0.554196 2.02437
1532257149539633 0.613795 0.544615 2.03332
1532257149577526 0.607076 0.521218 2.05074
1532257149599468 0.600639 0.507652 2.05785
1532257149619414 0.589934 0.496255 2.06226
1532257149667291 0.567472 0.478179 2.07464
1532257149704187 0.543615 0.470998 2.08318
1532257149739094 0.5283 0.472258 2.08467
1532257149779985 0.516354 0.468935 2.08456
1532257149798934 0.511849 0.465783 2.08346
1532257149839825 0.507227 0.462293 2.08013
1532257149858774 0.506639 0.461548 2.07927
1532257149926593 0.506639 0.460666 2.07926
1532257149961499 0.506991 0.461192 2.07927
1532257149982443 0.50748 0.460993 2.08018
1532257149997403 0.505427 0.461024 2.08013
1532257150027324 0.505329 0.460961 2.0802
1532257150046273 0.50632 0.460305 2.08045
1532257150101126 0.505175 0.457433 2.08154
1532257150139025 0.505193 0.457028 2.08078
1532257150159969 0.50371 0.455547 2.07764
1532257150175926 0.503037 0.451838 2.07295
1532257150198865 0.502366 0.445136 2.06684
1532257150220806 0.500409 0.436499 2.05678
1532257150258704 0.498489 0.416753 2.01164
1532257150279648 0.498099 0.399872 1.97619
1532257150326523 0.475018 0.3478 1.87972
1532257150379382 0.43149 0.232478 1.70201
1532257150407307 0.425423 0.182503 1.64062
1532257150439235 0.417207 0.069951 1.52567
1532257150468164 0.395739 0.0124497 1.47463
1532257150499062 0.363044 -0.0820204 1.37377
1532257150521006 0.369531 -0.119599 1.3304
1532257150550923 0.379802 -0.152901 1.29642
1532257150558902 0.382281 -0.184113 1.27117
1532257150588822 0.380429 -0.209214 1.25108
1532257150618741 0.36946 -0.244273 1.22406
1532257150662624 0.365643 -0.264342 1.20953
1532257150723466 0.346263 -0.273302 1.20895
1532257150782304 0.335425 -0.268884 1.21319
1532257150962821 0.383008 -0.244718 1.21298

1532257151075520 0.325986 -0.295379 1.21068
1532257151082502 0.327398 -0.297084 1.20436
1532257151241088 0.306864 -0.312552 1.19101
1532257151285958 0.321149 -0.320218 1.18556
1532257151337819 0.335469 -0.329364 1.17918
1532257151382699 0.341131 -0.335409 1.17528
1532257151398656 0.344437 -0.337858 1.17277
1532257151443536 0.351572 -0.340962 1.16926
1532257151458496 0.351348 -0.341866 1.16829
1532257151503376 0.349838 -0.342919 1.16677
1532257151541282 0.358348 -0.343786 1.16471
1532257151637019 0.358507 -0.343186 1.16272
1532257151668934 0.363176 -0.341459 1.16277
1532257151720794 0.364306 -0.340976 1.1615
1532257151764677 0.378305 -0.338269 1.15885
1532257151781632 0.391877 -0.333255 1.15748
1532257151824517 0.41674 -0.330611 1.15594
1532257151871392 0.43261 -0.332878 1.15138
1532257151901312 0.429461 -0.332717 1.15848
1532257151990075 0.336183 -0.34569 1.19493
1532257152043931 0.33552 -0.332265 1.28238
1532257152103771 0.32161 -0.292064 1.4024
1532257152147653 0.30745 -0.262158 1.48729
1532257152200524 0.258799 -0.240064 1.59848
1532257152284288 0.209591 -0.248628 1.69614
1532257152403968 0.128775 -0.389974 1.7149
1532257152507691 0.071218 -0.522477 1.65785
1532257152606426 -0.00148514 -0.48541 1.61965
1532257152628368 -0.0408617 -0.480516 1.61537
1532257152650309 -0.0725086 -0.478882 1.61017
1532257152704166 -0.0624863 -0.47638 1.59399
1532257152785946 -0.0560022 -0.467699 1.58845
1532257152973445 -0.0611423 -0.240527 1.62692
1532257153026304 -0.00352105 -0.0858453 1.67485
1532257153055226 0.0198924 -0.0330814 1.69639
1532257153064202 0.0528163 0.0189709 1.71776
1532257153107087 0.13678 0.120019 1.75676
1532257153206821 0.37562 0.331752 1.86122
1532257153228762 0.420424 0.361839 1.88061
1532257153287604 0.512046 0.427554 1.92767
1532257153354426 0.573222 0.475078 1.96817
1532257153386342 0.609877 0.500078 1.98047
1532257153423242 0.631688 0.513147 2.00052
1532257153446192 0.640102 0.513615 2.00961
1532257153491071 0.650126 0.512219 2.0203
1532257153506021 0.656264 0.510576 2.02748
1532257153528960 0.661247 0.508465 2.03335
1532257153609743 0.672603 0.497778 2.05838
1532257153648657 0.691996 0.497827 2.0721
1532257153669584 0.690265 0.497428 2.07697
1532257153723439 0.678698 0.500294 2.07289
1532257153792255 0.648946 0.491538 2.06082
1532257153829157 0.589288 0.44008 2.04086
1532257153888997 0.53221 0.376739 2.02069
1532257153894981 0.500667 0.338368 2.00949
1532257153986735 0.303012 0.0535588 1.95547
1532257154105418 0.0970193 -0.300042 1.9227
1532257154451499 0.000206204 -0.27982 1.86396
1532257154511333 0.0322709 -0.219162 1.83918
1532257154549231 0.0384587 -0.172982 1.82414
1532257154594112 0.0525778 -0.118049 1.80748
1532257154614058 0.068763 -0.0653282 1.79606
1532257154660941 0.0748712 -0.0194103 1.79799
1532257154703818 0.108506 0.0290512 1.80258
1532257154848432 0.281002 0.111885 1.90405
1532257154978085 0.454908 0.103784 1.98361
1532257154999028 0.469405 0.103888 1.99769
1532257155033935 0.497411 0.150506 2.0284
1532257155201488 0.459311 0.235099 2.05761
1532257155334132 0.523794 -0.267581 2.00808
1532257155379019 0.510406 -0.287818 2.00154
1532257155453812 0.514269 -0.139628 2.00815
1532257155546573 0.501191 0.0506419 2.02982
1532257155577481 0.49415 0.228658 2.05816
1532257155896628 0.589938 -0.334651 1.96592
1532257156020312 0.535622 0.00634475 2.00943
1532257156077145 0.525072 0.140761 2.01465
1532257156176878 0.517521 0.186494 2.01235
1532257156256665 0.531038 -0.136004 2.00826
1532257156379338 0.577423 -0.245146 1.97624
1532257156462116 0.617797 -0.0410722 1.956
1532257156553871 0.692589 0.216808 1.94979
1532257156666571 0.732283 0.38732 1.957
1532257156696489 0.792645 0.52548 1.98679
1532257156777273 0.845522 0.589817 1.9908
1532257156798217 0.854472 0.59771 1.99068
1532257156903934 0.88935 0.618196 2.01069
1532257156957791 0.900622 0.61336 2.03356
1532257156993696 0.887779 0.578636 2.05125
1532257157037577 0.859067 0.521101 2.05733
1532257157076473 0.814554 0.424913 2.06528
1532257157106392 0.790992 0.369769 2.07026
1532257157149278 0.739335 0.250759 2.07559
1532257157176206 0.705451 0.179827 2.08009
1532257157204132 0.668113 0.104184 2.08269
1532257157315833 0.531254 -0.141605 2.08595
1532257157481392 0.474681 -0.130975 2.0933
1532257157519289 0.453406 -0.0577573 2.09423
1532257157682852 0.44159 0.353308 2.03648
1532257157706788 0.455944 0.396052 2.02598
1532257157758649 0.490095 0.488518 2.00177
1532257157795551 0.498578 0.524395 1.99652
1532257157863369 0.536582 0.542181 2.01464
1532257157879330 0.544069 0.540158 2.02788
1532257157901268 0.555842 0.534055 2.04648
1532257157939166 0.579168 0.516763 2.08778
1532257157992025 0.600321 0.495347 2.13241
1532257158000005 0.604726 0.486354 2.15282
1532257158041891 0.607437 0.484546 2.17628
1532257158058846 0.604376 0.492202 2.1769
1532257158081785 0.601517 0.499063 2.17846
1532257158095748 0.595233 0.505203 2.17994
1532257158118687 0.589579 0.508789 2.18028
1532257158141625 0.589829 0.509908 2.18031
1532257158178526 0.59264 0.505428 2.18293
1532257158201464 0.589503 0.502851 2.18307
1532257158261305 0.591943 0.500462 2.18092
1532257158275267 0.588633 0.498336 2.17976
1532257158336105 0.582729 0.497851 2.17415
1532257158359043 0.581898 0.497722 2.17296
1532257158395949 0.571909 0.495798 2.16774
1532257158440825 0.564455 0.488796 2.16027
1532257158462766 0.554912 0.480511 2.15395
1532257158479721 0.541396 0.46834 2.14477
1532257158501682 0.528495 0.452894 2.132
1532257158606396 0.435544 0.309776 1.9627
1532257158621342 0.416318 0.271845 1.91137
1532257158702138 0.342147 0.0942198 1.70667
1532257158741032 0.323985 0.0210349 1.59799
1532257158777924 0.332996 -0.0358747 1.49875
1532257158883641 0.290812 -0.131341 1.32492
1532257158906579 0.288866 -0.141642 1.3031
1532257158942483 0.280894 -0.15832 1.26741
1532257159004318 0.273591 -0.186096 1.22734
1532257159064158 0.240985 -0.213405 1.20549
1532257159184836 0.314379 -0.239317 1.1966
1532257159221737 0.273473 -0.233538 1.21127

1532257159303518 0.242613 -0.244917 1.2012
1532257159484059 0.302102 -0.312982 1.18053
1532257159603726 0.316849 -0.33979 1.15783
1532257159663562 0.321432 -0.344182 1.14863
1532257159723402 0.319639 -0.343366 1.14453
1532257159805183 0.329134 -0.336282 1.14608
1532257159844093 0.3283 -0.332476 1.14715
1532257159933839 0.359705 -0.323625 1.14192
1532257159986698 0.385982 -0.325531 1.13833
1532257160023608 0.385223 -0.325229 1.13899
1532257160046537 0.379331 -0.324078 1.14329
1532257160091417 0.362437 -0.324419 1.14767
1532257160166217 0.339879 -0.327965 1.1889
1532257160217082 0.326341 -0.324927 1.24132
1532257160383636 0.295984 -0.222758 1.55736
1532257160427519 0.267863 -0.198826 1.6249
1532257160466422 0.249277 -0.178376 1.68082
1532257160487359 0.246182 -0.170848 1.70671
1532257160526255 0.232685 -0.158519 1.75353
1532257160549194 0.226976 -0.15306 1.77525
1532257160564153 0.228205 -0.145678 1.79534
1532257160607039 0.235131 -0.122425 1.82888
1532257160667876 0.234792 -0.0678966 1.86871
1532257160743673 0.275153 0.0465481 1.90631
1532257160826452 0.343107 0.180722 1.93364
1532257160863353 0.385786 0.249019 1.94896
1532257160886296 0.401436 0.280909 1.96004
1532257160923193 0.432569 0.341448 1.98118
1532257160969070 0.475422 0.394882 2.00614
1532257161042873 0.528586 0.457122 2.0498
1532257161094734 0.587144 0.498721 2.08826
1532257161109695 0.602731 0.507709 2.09617
1532257161126650 0.613504 0.512875 2.10564
1532257161170532 0.623261 0.51339 2.12165
1532257161186489 0.621972 0.508678 2.12611
1532257161208430 0.621068 0.501286 2.12846
1532257161277246 0.620655 0.48049 2.13107
1532257161337087 0.627909 0.450564 2.12892
1532257161366011 0.616909 0.449084 2.12632
1532257161378974 0.613532 0.453078 2.12467
1532257161454771 0.593086 0.471182 2.11989
1532257161476713 0.581535 0.470501 2.11786
1532257161521593 0.55883 0.453153 2.1123
1532257161634292 0.528502 0.400703 2.11069
1532257161645262 0.503314 0.365345 2.10815
1532257161680185 0.385349 0.166658 2.08143
1532257161732030 0.212791 -0.120658 2.04601
1532257161776910 0.152787 -0.254717 2.031
1532257162016270 0.0494483 -0.375886 1.95873
1532257162221721 0.0931494 -0.245818 1.92831
1532257162271588 0.178228 -0.16332 1.91478
1532257162294526 0.199298 -0.145102 1.91179
1532257162376307 0.295779 -0.0873192 1.89774
1532257162474046 0.400427 -0.0566534 1.9038
1532257162616665 0.506225 0.144237 1.99579
1532257162701454 0.522148 0.328872 2.03457
1532257162721385 0.520903 0.418045 2.04617
1532257162777235 0.549767 0.415751 2.04421
1532257162821118 0.561996 0.360912 2.04383
1532257162860014 0.587384 0.0887891 2.03403
1532257163054494 0.635388 -0.103374 1.99234
1532257163120318 0.59509 0.125275 2.00757
1532257163205091 0.564566 0.353509 2.02554
1532257163261939 0.560889 0.344865 2.02955
1532257163283880 0.556491 0.300137 2.02763
1532257163330755 0.572698 0.160028 2.02122
1532257163532217 0.626981 -0.257151 2.02459
1532257163562137 0.620981 -0.112361 2.00882
1532257163577096 0.620845 -0.0355418 1.999
1532257163621977 0.618847 0.111281 1.9855
1532257163653891 0.610931 0.225512 1.98585
1532257163682813 0.604801 0.267846 1.98601
1532257163736670 0.587615 0.317359 1.99567
1532257163750632 0.589901 0.301237 1.997
1532257163773581 0.590057 0.265361 1.99822
1532257163796510 0.588738 0.211921 1.99786
1532257163833411 0.58934 0.0728099 1.99591
1532257163856350 0.593575 -0.00420879 1.99486
1532257163900232 0.589808 -0.144475 1.99485
1532257163954088 0.593791 -0.298654 1.97945
1532257164035869 0.618086 -0.344478 1.9601
1532257164074765 0.621698 -0.332577 1.95713
1532257164117651 0.626973 -0.243126 1.95171
1532257164171507 0.6329 -0.149314 1.95084
1532257164276227 0.679378 0.172463 1.9698
1532257164336068 0.697241 0.316024 1.9841
1532257164464723 0.707008 0.439256 1.99859
1532257164553486 0.812035 0.555557 2.05819
1532257164739987 0.7918 0.553325 2.06021
1532257164822766 0.751691 0.458278 2.10814
1532257164859667 0.708061 0.367006 2.11752
1532257164959400 0.630945 0.161571 2.13896
1532257165056148 0.471069 -0.0701786 2.15288
1532257165161862 0.41773 -0.0375375 2.14754
1532257165379277 0.420245 0.28109 2.05105
1532257165543837 0.425568 0.4895 1.90908
1532257165558808 0.426162 0.511711 1.89512
1532257165595698 0.434942 0.523844 1.90265
1532257165641576 0.446932 0.530762 1.93147
1532257165662520 0.455546 0.533278 1.94971
1532257165686458 0.46878 0.535512 1.97071
1532257165722360 0.492146 0.535049 2.01796
1532257165739314 0.500226 0.530334 2.04384
1532257165767240 0.506675 0.525939 2.06767
1532257165799154 0.515095 0.517687 2.10393
1532257165842040 0.517387 0.513721 2.12549
1532257165880936 0.508599 0.519061 2.12545
1532257165941773 0.4961 0.518208 2.11782
1532257166001625 0.493484 0.500941 2.11073
1532257166022557 0.491391 0.491881 2.10951
1532257166067437 0.487475 0.478337 2.10597
1532257166121293 0.485473 0.470504 2.10197
1532257166142237 0.485433 0.470369 2.1023
1532257166202077 0.489872 0.472522 2.10387
1532257166219032 0.49043 0.471233 2.10278
1532257166246957 0.487681 0.467376 2.09813
1532257166285853 0.475559 0.448874 2.0736
1532257166308792 0.467663 0.431272 2.04937
1532257166323752 0.453128 0.406972 2.01509
1532257166382594 0.401383 0.295866 1.89871
1532257166442434 0.367535 0.159254 1.76324
1532257166458392 0.366594 0.116429 1.72063
1532257166502274 0.316526 0.0299396 1.6491
1532257166518249 0.286983 -0.00609047 1.61541
1532257166547154 0.279283 -0.0364241 1.57816
1532257166594029 0.318154 -0.0888021 1.49926
1532257166614973 0.339551 -0.111637 1.464
1532257166683793 0.330459 -0.184423 1.35668
1532257166704733 0.325139 -0.195214 1.33491
1532257166832391 0.304412 -0.216207 1.25335
1532257166892255 0.289756 -0.234409 1.22687
1532257167004930 0.328661 -0.286985 1.18389

1532257167171485 0.287069 -0.302266 1.15784
1532257167321124 0.310031 -0.329191 1.14941
1532257167344063 0.308444 -0.33138 1.14773
1532257167380964 0.308797 -0.334747 1.14677
1532257167471722 0.314841 -0.33466 1.14575
1532257167546522 0.308771 -0.330768 1.14621
1532257167644260 0.314556 -0.325215 1.14629
1532257167763940 0.320233 -0.318922 1.14764
1532257167860682 0.326231 -0.319666 1.14878
1532257167913541 0.330832 -0.319634 1.14821
1532257167980361 0.338718 -0.318375 1.14653
1532257168032222 0.341822 -0.31815 1.14518
1532257168086078 0.375347 -0.310329 1.14087
1532257168151962 0.399019 -0.311646 1.13329
1532257168196850 0.387902 -0.316654 1.14474
1532257168227767 0.366538 -0.322195 1.1489
1532257168249710 0.320851 -0.330429 1.17013
1532257168302568 0.338689 -0.331406 1.21065
1532257168369389 0.372234 -0.303463 1.33678
1532257168429229 0.351058 -0.275543 1.44342
1532257168459149 0.346597 -0.267343 1.47811
1532257168512008 0.328032 -0.236941 1.57129
1532257168557885 0.302978 -0.207103 1.62362
1532257168609754 0.258301 -0.158851 1.69894
1532257168631687 0.253127 -0.138665 1.72302
1532257168654626 0.256463 -0.114066 1.7435
1532257168669586 0.259219 -0.0889182 1.76068
1532257168691527 0.261003 -0.064469 1.7786
1532257168729446 0.277236 -0.0105269 1.81752
1532257168751367 0.289717 0.0186622 1.83536
1532257168814199 0.327008 0.0999791 1.88815
1532257168908946 0.419598 0.217041 1.96595
1532257168968800 0.467445 0.275183 2.00348
1532257168991724 0.485601 0.294984 2.01175
1532257169029623 0.518377 0.331058 2.02787
1532257169092455 0.547652 0.38209 2.05385
1532257169134343 0.566347 0.415009 2.0622
1532257169152296 0.575794 0.431911 2.0613
1532257169172242 0.58412 0.451293 2.05609
1532257169194183 0.598652 0.468659 2.0503
1532257169232082 0.643798 0.488795 2.04835
1532257169277969 0.647338 0.49002 2.06783
1532257169324849 0.649507 0.484086 2.07905
1532257169336802 0.658942 0.480603 2.08273
1532257169360738 0.669587 0.47303 2.08652
1532257169396642 0.668358 0.465445 2.0901
1532257169415591 0.660796 0.456754 2.09352
1532257169452493 0.654115 0.443576 2.09951
1532257169494381 0.65445 0.436855 2.10524
1532257169512332 0.65516 0.436644 2.10991
1532257169554220 0.656144 0.440031 2.11909
1532257169592119 0.650895 0.448748 2.11866
1532257169664924 0.642236 0.453467 2.11339
1532257169716786 0.597666 0.444085 2.09664
1532257169779618 0.519652 0.366771 2.07367
1532257169803554 0.483298 0.331732 2.06867
1532257169869378 0.376892 0.205203 2.04829
1532257169921239 0.244277 0.0308285 2.03568
1532257170051895 0.0381726 -0.328735 2.01707
1532257170232407 0.0237068 -0.388463 2.01746
1532257170351106 0.0858002 -0.302582 1.9841
1532257170561527 0.299391 -0.114667 1.94906
1532257170613388 0.34919 -0.108911 1.94636
1532257170642311 0.36529 -0.114226 1.94839
1532257170719105 0.438213 -0.148906 1.96705
1532257170822839 0.529825 -0.0807776 2.01172
1532257170874689 0.57203 0.112553 2.04459
1532257170913593 0.584554 0.248624 2.05962
1532257170951505 0.597075 0.346993 2.06526
1532257170973425 0.60578 0.369781 2.06597
1532257170996365 0.614084 0.373182 2.06298
1532257171034262 0.619221 0.318352 2.04771
1532257171056204 0.624954 0.259587 2.03646
1532257171100087 0.637253 0.0940112 2.00762
1532257171273623 0.710433 -0.268139 1.94116
1532257171491041 0.696214 0.406684 2.06665
1532257171535921 0.682765 0.39742 2.06481
1532257171581798 0.673105 0.278831 2.04396
1532257171634657 0.661503 0.124267 2.01953
1532257171693499 0.661984 -0.19179 1.98408
1532257171797222 0.688834 -0.243824 1.93541
1532257171903937 0.744228 0.0285603 1.89658
1532257171933857 0.758221 0.155792 1.89473
1532257172037579 0.767214 0.442101 1.90287
1532257172076476 0.771579 0.524043 1.91112
1532257172152279 0.77479 0.582259 1.929
1532257172180198 0.81368 0.635174 1.9517
1532257172255996 0.864279 0.644192 1.98239
1532257172292897 0.868165 0.645179 1.98609
1532257172315835 0.877812 0.643219 1.99419
1532257172354731 0.886165 0.641499 2.00228
1532257172404598 0.888182 0.637096 2.01514
1532257172431526 0.887085 0.632841 2.02218
1532257172540235 0.825728 0.46588 2.05598
1532257172556201 0.801899 0.411413 2.06216
1532257172607057 0.741037 0.29629 2.07599
1532257172660913 0.617043 0.089539 2.09746
1532257172675872 0.576485 0.0168116 2.10235
1532257172863371 0.392939 -0.0748729 2.07475
1532257172939184 0.414701 -0.0768442 2.07485
1532257173058849 0.459724 0.0922231 2.01305
1532257173081787 0.458904 0.138264 1.99375
1532257173139633 0.443844 0.281852 1.92753
1532257173247345 0.458302 0.409852 1.87307
1532257173343088 0.522933 0.573365 1.84196
1532257173380987 0.540921 0.592821 1.8759
1532257173441825 0.57632 0.603683 1.96013
1532257173479723 0.589496 0.600914 1.9922
1532257173539563 0.616066 0.576587 2.08694
1532257173568495 0.629553 0.554373 2.13497
1532257173591436 0.631528 0.54288 2.15239
1532257173613366 0.628093 0.532068 2.1635
1532257173621344 0.61953 0.525116 2.16839
1532257173642288 0.6135 0.523302 2.16761
1532257173681184 0.607422 0.528686 2.15179
1532257173702128 0.609778 0.528761 2.14759
1532257173756982 0.600006 0.523653 2.13791
1532257173802859 0.603105 0.516045 2.12822
1532257173839760 0.603387 0.511454 2.12554
1532257173861702 0.599415 0.506946 2.11606
1532257173891622 0.597692 0.506666 2.11462
1532257173898603 0.595066 0.506747 2.11432
1532257173921542 0.593988 0.507454 2.1149
1532257173981382 0.598264 0.509307 2.11664
1532257174004320 0.595474 0.507102 2.11519
1532257174049200 0.58139 0.49246 2.09816
1532257174071142 0.569139 0.477492 2.07889
1532257174101061 0.521374 0.423645 2.01345
1532257174183840 0.425643 0.237763 1.82546
1532257174243680 0.428511 0.0693615 1.67286
1532257174304517 0.401259 -0.0368127 1.57301
1532257174374331 0.388913 -0.149003 1.4097
1532257174401261 0.34782 -0.21871 1.301
1532257174484037 0.263517 -0.217766 1.25178
1532257174543894 0.266303 -0.20332 1.22832
1532257174603724 0.231023 -0.20144 1.21763

1532257174784234 0.285287 -0.230496 1.19584
1532257174991695 0.271583 -0.289356 1.16444
1532257175111373 0.286277 -0.309096 1.14946
1532257175188155 0.291347 -0.312175 1.14357
1532257175269290 0.295098 -0.311827 1.13746
1532257175352083 0.301087 -0.307914 1.13593
1532257175388970 0.297154 -0.30529 1.13632
1532257175411908 0.29601 -0.304469 1.13595
1532257175539567 0.30053 -0.300815 1.13412
1532257175591428 0.303529 -0.299989 1.12995
1532257175651268 0.311165 -0.300997 1.12406
1532257175772947 0.379908 -0.298515 1.12165
1532257175869684 0.300386 -0.308102 1.14094
1532257175908590 0.284926 -0.312005 1.16515
1532257176014297 0.299082 -0.277707 1.30379
1532257176073140 0.27149 -0.241182 1.41473
1532257176149935 0.248808 -0.208097 1.54827
1532257176191823 0.223189 -0.199446 1.60671
1532257176251662 0.198986 -0.187192 1.66878
1532257176289562 0.183966 -0.177044 1.70947
1532257176311503 0.18297 -0.165603 1.72608
1532257176371343 0.170642 -0.109534 1.76373
1532257176412233 0.165156 -0.0643636 1.78664
1532257176492020 0.199669 0.0418687 1.83016
1532257176689492 0.394034 0.270613 1.89204
1532257176712430 0.412878 0.29034 1.89367
1532257176770276 0.474103 0.351923 1.89489
1532257176791220 0.495973 0.365861 1.9001
1532257176869011 0.550003 0.387402 1.93343
1532257176911897 0.588101 0.392997 1.97867
1532257176953785 0.595663 0.390899 1.99351
1532257176971737 0.608748 0.387056 2.02088
1532257177018612 0.624728 0.389434 2.04099
1532257177048532 0.632697 0.392879 2.05572
1532257177071477 0.634465 0.394541 2.06093
1532257177108372 0.636972 0.399806 2.06603
1532257177153252 0.641418 0.407368 2.06601
1532257177176190 0.642139 0.410675 2.0639
1532257177207108 0.640453 0.413102 2.0629
1532257177244009 0.634489 0.416876 2.05737
1532257177288889 0.608012 0.414836 2.04202
1532257177310830 0.594476 0.408729 2.03554
1532257177331774 0.573733 0.396268 2.02844
1532257177385631 0.514225 0.355186 2.01027
1532257177416548 0.466541 0.290247 1.98416
1532257177491348 0.309116 0.0262622 1.95396
1532257177589086 0.151182 -0.335974 1.90599
1532257177611039 0.121516 -0.373126 1.89824
1532257177692809 0.0241521 -0.409565 1.87752
1532257178194467 0.100945 -0.249658 1.82473
1532257178234360 0.13738 -0.22812 1.82537
1532257178272259 0.162696 -0.214599 1.82588
1532257178315145 0.223879 -0.180048 1.82829
1532257178331102 0.234794 -0.170501 1.83577
1532257178374985 0.272548 -0.142968 1.84627
1532257178390942 0.296102 -0.12669 1.85278
1532257178451780 0.348783 -0.0664827 1.88381
1532257178502643 0.38697 0.000675246 1.90943
1532257178549519 0.420087 0.0983824 1.93563
1532257178578441 0.443556 0.212421 1.95753
1532257178593400 0.449837 0.268388 1.96562
1532257178616340 0.454382 0.320128 1.97112
1532257178654238 0.471177 0.392878 1.97117
1532257178675182 0.486854 0.402694 1.97024
1532257178721065 0.504505 0.34892 1.9712
1532257178795859 0.52486 -0.00196964 1.96093
1532257178810822 0.528314 -0.0979352 1.95673
1532257178916537 0.5815 -0.355782 1.95081
1532257178976377 0.586593 -0.241681 1.96308
1532257179044195 0.580238 -0.0104262 1.97542
1532257179083091 0.569889 0.0737456 1.97945
1532257179095059 0.561371 0.151635 1.98331
1532257179146921 0.558057 0.221589 1.98636
1532257179188809 0.56061 0.348698 1.99043
1532257179216740 0.561721 0.264464 1.98534
1532257179237678 0.562268 0.191129 1.9806
1532257179282558 0.569066 0.0109048 1.96963
1532257179364339 0.597891 -0.276458 1.95266
1532257179403235 0.614225 -0.307355 1.95244
1532257179516939 0.5983 0.0321915 1.97831
1532257179561811 0.594057 0.174603 1.99108
1532257179597715 0.589866 0.286183 2.00268
1532257179621651 0.589075 0.322935 2.00628
1532257179673512 0.592113 0.342986 2.00687
1532257179697448 0.589201 0.322945 2.00234
1532257179793193 0.532209 -0.0910197 1.93704
1532257179816131 0.527767 -0.161326 1.92574
1532257179862008 0.529763 -0.218267 1.91609
1532257179898910 0.553233 -0.258834 1.89456
1532257179958750 0.57222 -0.139847 1.87889
1532257180048509 0.632246 0.100514 1.87811
1532257180056488 0.653588 0.165296 1.88203
1532257180100371 0.690233 0.290411 1.89331
1532257180116328 0.704662 0.347969 1.9007
1532257180289864 0.723881 0.449293 1.91875
1532257180356686 0.8212 0.623636 2.0092
1532257180399571 0.819317 0.618119 2.02027
1532257180499316 0.848314 0.629481 2.04155
1532257180535218 0.846549 0.629959 2.04421
1532257180560142 0.843696 0.628056 2.04622
1532257180596045 0.821688 0.595241 2.04685
1532257180639928 0.793759 0.536317 2.04549
1532257180678824 0.755301 0.440351 2.04637
1532257180715725 0.727824 0.375536 2.05017
1532257180760605 0.702665 0.30468 2.05474
1532257180798504 0.575598 -0.0115309 2.08218
1532257180902227 0.416306 -0.0196894 2.08142
1532257180941122 0.359925 0.00613602 2.06345
1532257180979021 0.340593 0.0194849 2.04746
1532257181021906 0.330289 0.0267766 2.03686
1532257181046848 0.333915 0.0335445 2.03101
1532257181142584 0.379874 0.126903 1.98383
1532257181257277 0.333532 0.272277 1.8561
1532257181554483 0.511685 0.545407 1.87472
1532257181622301 0.547543 0.518144 1.98734
1532257181647235 0.558149 0.514327 2.01162
1532257181667191 0.570905 0.508127 2.05136
1532257181689123 0.566035 0.508445 2.06005
1532257181706077 0.558024 0.515016 2.06102
1532257181748962 0.545359 0.517977 2.05647
1532257181786861 0.537913 0.514546 2.0542
1532257181811795 0.538706 0.509923 2.05563
1532257181832738 0.538598 0.505604 2.05628
1532257181862659 0.537149 0.501366 2.05622
1532257181869640 0.536542 0.497502 2.05601
1532257181891581 0.538212 0.495048 2.05574
1532257181906541 0.537794 0.493494 2.05565
1532257181944439 0.536299 0.492949 2.05501
1532257181966381 0.536774 0.493208 2.05478
1532257182004280 0.53411 0.492774 2.05597
1532257182028216 0.531859 0.492005 2.05639
1532257182049160 0.531316 0.491108 2.05553
1532257182088056 0.52951 0.48626 2.05122
1532257182132935 0.518602 0.476512 2.04077
1532257182146898 0.511141 0.468878 2.03175
1532257182185804 0.495308 0.44782 2.00159
1532257182289517 0.441561 0.355769 1.81572
1532257182326418 0.409609 0.286999 1.73062
1532257182450087 0.324305 0.0398792 1.45369
1532257182597693 0.339296 -0.155851 1.24608
1532257182807133 0.293029 -0.249056 1.13824
1532257182944765 0.359 -0.290006 1.11305

1532257183034524 0.310017 -0.298351 1.13102
1532257183087383 0.292693 -0.288119 1.11985
1532257183369629 0.29427 -0.319293 1.09766
1532257183408525 0.294157 -0.320406 1.09596
1532257183520226 0.294011 -0.325932 1.0883
1532257183588045 0.28839 -0.333175 1.07727
1532257183668829 0.290133 -0.346844 1.0666
1532257183709719 0.301643 -0.355501 1.06134
1532257183729665 0.30896 -0.359892 1.05895
1532257183754599 0.31761 -0.36345 1.05591
1532257183806460 0.348788 -0.372927 1.04762
1532257183866301 0.370378 -0.380093 1.04298
1532257183910183 0.383456 -0.384388 1.03884
1532257183963042 0.403757 -0.389358 1.03324
1532257184083719 0.426837 -0.398743 1.02635
1532257184181458 0.429431 -0.402227 1.02533
1532257184309116 0.428968 -0.400563 1.02672
1532257184360978 0.42648 -0.396706 1.02782
1532257184474674 0.414841 -0.388309 1.02349
1532257184548476 0.424705 -0.393098 1.01933
1532257184571414 0.428141 -0.391839 1.01846
1532257184752929 0.463945 -0.381733 1.00799
1532257184914497 0.459109 -0.378135 1.02196
1532257184953393 0.403767 -0.376973 1.04265
1532257185075069 0.379414 -0.326493 1.2176
1532257185116956 0.361094 -0.290614 1.28839
1532257185171809 0.314503 -0.236818 1.38742
1532257185231649 0.29857 -0.169156 1.47312
1532257185252593 0.283908 -0.146034 1.50002
1532257185312432 0.256541 -0.0734422 1.58348
1532257185471009 0.307131 0.122146 1.75856
1532257185591687 0.408476 0.226886 1.86646
1532257185614625 0.427951 0.241432 1.88011
1532257185696407 0.506884 0.290678 1.92889
1532257185742284 0.521185 0.301108 1.9408
1532257185794145 0.57826 0.337358 1.9857
1532257185837031 0.614773 0.352258 2.00677
1532257185874930 0.637158 0.36471 2.02512
1532257185913824 0.67125 0.371531 2.04541
1532257185941751 0.677861 0.371101 2.05295
1532257186011564 0.680485 0.35725 2.06889
1532257186063424 0.681761 0.356099 2.07291
1532257186101324 0.677044 0.366465 2.08038
1532257186122268 0.671328 0.373801 2.08095
1532257186154182 0.662623 0.388961 2.07901
1532257186175143 0.65193 0.395579 2.07708
1532257186221004 0.620453 0.40703 2.06706
1532257186288823 0.55817 0.383633 2.05184
1532257186325724 0.492136 0.336781 2.03289
1532257186349659 0.466056 0.302381 2.02201
1532257186354646 0.426104 0.257145 2.01235
1532257186453382 0.194693 -0.0819683 1.9976
1532257186484299 0.150382 -0.15211 1.99778
1532257186551121 0.0489961 -0.347868 1.97451
1532257186574060 0.0283394 -0.372145 1.96967
1532257186616945 0.018306 -0.391182 1.9537
1532257186693740 0.0170667 -0.375607 1.92449
1532257186717675 0.0217629 -0.367828 1.91905
1532257186797462 0.00034682 -0.347574 1.91355
1532257186813419 -0.00192543 -0.343495 1.91183
1532257186836371 -0.00470267 -0.338567 1.90856
1532257186874257 -0.0155943 -0.331306 1.89997
1532257186896199 -0.020761 -0.329438 1.89725
1532257186917142 -0.0233312 -0.327217 1.89571
1532257186956039 -0.0252537 -0.322333 1.89237
1532257186976982 -0.0276824 -0.319702 1.88985
1532257186993944 -0.0245573 -0.315261 1.88533
1532257187062753 -0.0090031 -0.29375 1.87162
1532257187113616 0.0253505 -0.264989 1.86204
1532257187136556 0.0388306 -0.253785 1.8594
1532257187157500 0.0519841 -0.243007 1.85783
1532257187173457 0.0661018 -0.232668 1.85701
1532257187196395 0.0780558 -0.222352 1.85746
1532257187256235 0.136664 -0.192989 1.86211
1532257187277180 0.160964 -0.184122 1.86723
1532257187293137 0.183515 -0.179432 1.87583
1532257187316076 0.204107 -0.176677 1.88702
1532257187400849 0.244304 -0.161782 1.90982
1532257187414812 0.261867 -0.141856 1.91947
1532257187458704 0.337416 0.0599104 1.96
1532257187473654 0.360813 0.127934 1.967
1532257187539478 0.416681 0.30041 1.98163
1532257187599317 0.448568 0.353656 1.98315
1532257187623254 0.45368 0.329147 1.9791
1532257187743931 0.393613 -0.0892166 1.96779
1532257187818737 0.395277 -0.262387 1.97317
1532257187839675 0.404295 -0.266058 1.97696
1532257187886550 0.436744 -0.216598 1.98343
1532257187997270 0.464338 -0.0274247 1.98595
1532257188045143 0.47089 0.0495672 1.98614
1532257188132891 0.463261 0.306466 1.988
1532257188162811 0.428303 0.173212 1.97547
1532257188215670 0.41772 -0.103176 1.94907
1532257188259552 0.401842 -0.275758 1.93842
1532257188321387 0.417409 -0.4224 1.90981
1532257188424120 0.384207 -0.205399 1.92637
1532257188577709 0.40838 0.138393 1.93204
1532257188624584 0.40703 0.13237 1.93554
1532257188686419 0.406486 -0.0594612 1.95795
1532257188841006 0.441164 -0.0605855 1.92952
1532257188926776 0.646062 0.186088 1.94072
1532257189003571 0.755035 0.309592 1.93118
1532257189117266 0.835019 0.393272 1.92432
1532257189271853 0.970873 0.536467 1.8957
1532257189469326 0.954188 0.521961 1.98992
1532257189484286 0.931744 0.498586 1.99903
1532257189626904 0.805644 0.337671 2.02233
1532257189685746 0.560168 0.010159 2.08551
1532257189744589 0.435884 -0.0323739 2.07754
1532257189995918 0.382138 0.00176847 2.05678
1532257190041795 0.387676 0.0536783 2.04792
1532257190084680 0.447276 0.22743 1.96875
1532257190166461 0.413236 0.341344 1.8956
1532257190242258 0.440214 0.469318 1.81274
1532257190287139 0.458116 0.532734 1.80161
1532257190391859 0.515456 0.577257 1.88199
1532257190414797 0.526752 0.575651 1.90593
1532257190434771 0.533686 0.573983 1.92882
1532257190471645 0.547022 0.56805 1.96813
1532257190503560 0.5494 0.562923 1.98533
1532257190546445 0.546333 0.548391 2.02884
1532257190587336 0.54675 0.538309 2.04705
1532257190607282 0.545426 0.530555 2.05599
1532257190631219 0.543668 0.521374 2.06431
1532257190646178 0.540598 0.512527 2.0696
1532257190667122 0.537564 0.504451 2.07169
1532257190706018 0.527203 0.491073 2.0675
1532257190774852 0.519616 0.486387 2.06166
1532257190780818 0.516336 0.485894 2.05909
1532257190826695 0.512861 0.481053 2.05536
1532257190847640 0.512147 0.479162 2.05492
1532257190886536 0.514554 0.47754 2.05376
1532257190907479 0.515844 0.477838 2.05432
1532257190923437 0.515218 0.477859 2.05468
1532257190946376 0.514653 0.478383 2.05506
1532257190969315 0.51518 0.47937 2.05487
1532257191027159 0.515073 0.481128 2.05554
1532257191051096 0.51439 0.481318 2.05462
1532257191086999 0.507829 0.479559 2.04797
1532257191102961 0.50251 0.476313 2.04218
1532257191125896 0.498223 0.472177 2.03471
1532257191147837 0.495177 0.466873 2.022
1532257191171773 0.491677 0.459094 2.00138
1532257191193714 0.484903 0.445645 1.97171
1532257191283474 0.406925 0.286305 1.76187
1532257191320390 0.397546 0.240328 1.71657
1532257191417117 0.360446 0.00663205 1.49646
1532257191449039 0.329563 -0.0805036 1.40781
1532257191634548 0.356035 -0.255339 1.17555
1532257191696370 0.338808 -0.275918 1.1408
1532257191786139 0.324585 -0.274128 1.11937
1532257191809069 0.318012 -0.272135 1.11944
1532257191889852 0.335507 -0.275488 1.112
1532257191973644 0.368579 -0.296841 1.09561
1532257192018508 0.385438 -0.276549 1.09901

1532257192025503 0.361087 -0.282325 1.09397
1532257192094306 0.301712 -0.285047 1.07657
1532257192133213 0.297023 -0.286844 1.07317
1532257192228946 0.307082 -0.309452 1.06141
1532257192415669 0.298952 -0.320568 1.04605
1532257192565269 0.305871 -0.321045 1.04404
1532257192737808 0.319999 -0.317512 1.04431
1532257192791664 0.321664 -0.315981 1.04501
1532257192872448 0.346785 -0.313028 1.04044
1532257192911344 0.382154 -0.304289 1.03566
1532257192956235 0.410322 -0.310495 1.03661
1532257193024043 0.419025 -0.320324 1.04692
1532257193067925 0.375664 -0.329587 1.05071
1532257193091861 0.359848 -0.334432 1.05864
1532257193174640 0.324401 -0.333882 1.15874
1532257193211541 0.309455 -0.307876 1.23053
1532257193279360 0.239337 -0.254569 1.3406
1532257193301301 0.207292 -0.240258 1.37614
1532257193355157 0.152625 -0.197759 1.46186
1532257193414000 0.071196 -0.189287 1.52092
1532257193441925 0.0416881 -0.203498 1.54002
1532257193473839 -0.0195266 -0.254029 1.56437
1532257193562602 -0.117228 -0.379864 1.57721
1532257193593519 -0.152941 -0.427819 1.58212
1532257193878766 -0.0404283 -0.223811 1.67125
1532257193938602 0.0486053 -0.110863 1.71959
1532257194036335 0.27228 0.0893908 1.80077
1532257194156030 0.498538 0.288049 1.89184
1532257194176960 0.525207 0.310892 1.90202
1532257194276692 0.629303 0.377722 1.95356
1532257194297637 0.64187 0.385076 1.96042
1532257194344511 0.655569 0.388624 1.97359
1532257194358474 0.655963 0.38611 1.98016
1532257194381413 0.656954 0.380398 1.98773
1532257194428287 0.662756 0.362375 1.99563
1532257194477157 0.667615 0.333029 2.00357
1532257194494111 0.676013 0.324878 2.00533
1532257194536996 0.677972 0.314326 2.01044
1532257194598831 0.68381 0.318527 2.0159
1532257194638725 0.680489 0.331953 2.01879
1532257194657674 0.668335 0.348694 2.02248
1532257194688591 0.663922 0.35677 2.02258
1532257194756421 0.597061 0.327768 2.01717
1532257194816250 0.54588 0.24731 2.00494
1532257194861141 0.478391 0.161486 1.99963
1532257194996767 0.217247 -0.233619 1.91814
1532257195056607 0.135303 -0.365317 1.87061
1532257195138388 0.0717766 -0.458684 1.81247
1532257195162325 0.0607471 -0.471854 1.79001
1532257195204212 0.0445834 -0.44741 1.77834
1532257195242112 0.0332786 -0.423353 1.7689
1532257195264052 0.0350655 -0.417799 1.76503
1532257195521364 0.137872 -0.273998 1.7983
1532257195602149 0.242056 -0.150684 1.81012
1532257195685937 0.334706 -0.079917 1.81217
1532257195768703 0.388837 -0.0796417 1.81753
1532257195777679 0.418316 -0.0884668 1.823
1532257195841508 0.551608 -0.156201 1.8573
1532257196002079 0.699921 0.150805 1.92416
1532257196063913 0.709326 0.232359 1.93392
1532257196121759 0.736481 0.212022 1.92555
1532257196182596 0.761806 -0.00229278 1.88712
1532257196639387 0.855648 0.230047 1.98127
1532257196743097 0.880101 -0.367827 1.85388
1532257197135050 0.819746 0.184833 1.96539
1532257197492101 0.896182 0.239239 1.86537
1532257197544953 0.906982 0.392512 1.86406
1532257197560910 0.909163 0.431778 1.8666
1532257197583849 0.910446 0.463822 1.87156
1532257197664633 0.931954 0.541405 1.89994
1532257197750407 0.984527 0.54983 1.93219
1532257197809247 0.990974 0.545936 1.95381
1532257197891027 0.998005 0.535818 1.98577
1532257197996747 0.995703 0.526222 1.99232
1532257198041625 0.945553 0.426543 2.01922
1532257198063567 0.874914 0.290785 2.03437
1532257198107449 0.828631 0.177023 2.0438
1532257198206185 0.719481 -0.0709136 2.06454
1532257198268035 0.61441 -0.0581536 2.04592
1532257198311902 0.605294 -0.0371182 2.03632
1532257198347806 0.574101 -0.0366739 2.03257
1532257198407646 0.567196 -0.00669836 2.03137
1532257198470478 0.574234 0.0605109 2.00472
1532257198566222 0.52224 0.238033 1.90641
1532257198589161 0.511736 0.274484 1.88376
1532257198610105 0.505197 0.307084 1.85975
1532257198626062 0.501711 0.343776 1.83625
1532257198693880 0.501246 0.43128 1.80197
1532257198706846 0.498253 0.455595 1.8014
1532257198768687 0.506789 0.506238 1.83367
1532257198790622 0.50977 0.514625 1.8515
1532257198867417 0.522766 0.523525 1.93743
1532257198888361 0.524018 0.523054 1.95921
1532257198949198 0.521334 0.51466 2.0177
1532257198986107 0.512908 0.499846 2.04243
1532257199054915 0.495285 0.470804 2.06024
1532257199089821 0.483161 0.462522 2.0598
1532257199188574 0.473364 0.458843 2.05447
1532257199233438 0.473389 0.45212 2.05381
1532257199263358 0.470486 0.446902 2.05232
1532257199316217 0.469086 0.44523 2.0504
1532257199405977 0.457764 0.408573 2.02
1532257199466814 0.411787 0.322244 1.95185
1532257199533635 0.383511 0.212719 1.86999
1532257199624392 0.368901 0.0481385 1.7281
1532257199669273 0.345874 -0.0613914 1.60668
1532257199729115 0.326098 -0.116122 1.49127
1532257199810894 0.337302 -0.138266 1.33572
1532257200012355 0.277512 -0.229954 1.11004
1532257200072195 0.271283 -0.268862 1.08623
1532257200161955 0.312681 -0.297035 1.06706
1532257200176915 0.324044 -0.301827 1.06723

1532257200223789 0.3271 -0.281357 1.06149
1532257200252713 0.267478 -0.291415 1.04395
1532257200291609 0.250459 -0.303367 1.04036
1532257200351473 0.28834 -0.32068 1.03328
1532257200449212 0.310978 -0.33824 1.01873
1532257200500076 0.305297 -0.342356 1.01377
1532257200551970 0.308185 -0.345576 1.00923
1532257200613806 0.312345 -0.347138 1.00541
1532257200733486 0.322069 -0.348129 1.00143
1532257200794323 0.316817 -0.346932 1.00068
1532257200854164 0.314878 -0.346115 0.997846
1532257200891064 0.329039 -0.345246 0.994077
1532257200914019 0.343192 -0.341894 0.993301
1532257200935945 0.355963 -0.33716 0.99344
1532257200982820 0.376961 -0.333138 0.987563
1532257201054628 0.368824 -0.334312 0.993075
1532257201193257 0.242622 -0.301831 1.11361
1532257201214201 0.237625 -0.286858 1.14666
1532257201235144 0.228199 -0.269307 1.18104
1532257201294985 0.188445 -0.213125 1.28292
1532257201312943 0.171183 -0.200899 1.31797
1532257201354833 0.133725 -0.180514 1.3817
1532257201393722 0.108379 -0.171464 1.4302
1532257201430623 0.0938097 -0.175464 1.46561
1532257201453560 0.0856699 -0.188408 1.48014
1532257201490461 0.0507306 -0.234282 1.4917
1532257201513401 0.038253 -0.271889 1.48822
1532257201559278 0.0265416 -0.359252 1.46985
1532257201656020 -0.0219833 -0.503519 1.41019
1532257201716868 -0.0783425 -0.483494 1.37927
1532257201962201 -0.142521 -0.453821 1.34784
1532257202022041 -0.13371 -0.45145 1.35142
1532257202149700 -0.168715 -0.313132 1.40787
1532257202164659 -0.157365 -0.271935 1.4268
1532257202179620 -0.143428 -0.226171 1.44846
1532257202224499 -0.107858 -0.122071 1.49825
1532257202239459 -0.081665 -0.0667865 1.52702
1532257202306280 0.0399321 0.0905869 1.62036
1532257202405016 0.230466 0.243916 1.75143
1532257202502755 0.485536 0.356559 1.93042
1532257202524697 0.526175 0.36299 1.9506
1532257202561598 0.59123 0.368327 1.98449
1532257202609470 0.634036 0.372415 2.0034
1532257202624446 0.652217 0.373865 2.01136
1532257202647368 0.669081 0.376585 2.01827
1532257202689256 0.6894 0.381279 2.02847
1532257202716184 0.693206 0.383829 2.03236
1532257202727154 0.696226 0.385715 2.0361
1532257202742115 0.699368 0.386735 2.04085
1532257202779017 0.70646 0.392917 2.04651
1532257202801956 0.711067 0.395704 2.04765
1532257202838856 0.717058 0.399413 2.0509
1532257202861795 0.717651 0.401518 2.05263
1532257202923630 0.716697 0.407537 2.05553
1532257202939587 0.710311 0.409355 2.05545
1532257202999442 0.69454 0.415264 2.04903
1532257203026355 0.687968 0.414963 2.04601
1532257203041315 0.676705 0.413318 2.04187
1532257203059267 0.663459 0.411242 2.0364
1532257203102152 0.634125 0.402416 2.02258
1532257203120104 0.623616 0.393926 2.01706
1532257203139054 0.617907 0.382192 2.01521
1532257203239783 0.578099 0.342295 2.00638
1532257203292654 0.416339 0.151095 1.97898
1532257203344513 0.286094 0.0010826 1.94843
1532257203447229 0.10992 -0.269984 1.86037
1532257203621763 0.00382083 -0.436664 1.7749
1532257203742440 -0.0124804 -0.402975 1.76997
1532257204101496 0.0180025 -0.320487 1.78023
1532257204122424 0.0383156 -0.300792 1.7778
1532257204182264 0.0977323 -0.2402 1.78172
1532257204205203 0.131486 -0.21819 1.78289
1532257204242104 0.204679 -0.166737 1.78203
1532257204258065 0.23378 -0.138187 1.78185
1532257204394696 0.330533 -0.0514178 1.81972
1532257204410653 0.358269 -0.0375955 1.8347
1532257204468503 0.471355 0.0579022 1.91028
1532257204632064 0.556756 0.389325 1.94289
1532257204655000 0.572082 0.361132 1.9425
1532257204701875 0.581232 0.242228 1.94016
1532257204744773 0.632101 -0.0142773 1.91494
1532257204904333 0.707373 -0.122302 1.91561
1532257204956198 0.708208 -0.00482138 1.93322
1532257205091832 0.688358 0.241947 1.97439
1532257205143692 0.701657 0.129613 1.96669
1532257205181592 0.707262 -0.013315 1.95292
1532257205345154 0.769216 -0.362299 1.89626
1532257205404994 0.740025 -0.160511 1.9095
1532257205526669 0.685881 0.26513 1.91873
1532257205547612 0.676239 0.295586 1.92061
1532257205631389 0.669398 0.226682 1.91749
1532257205667293 0.672903 0.0876337 1.91598
1532257205847810 0.718009 -0.440823 1.88781
1532257205946546 0.704795 -0.309555 1.85251
1532257205991426 0.704755 -0.217007 1.83443
1532257206006401 0.709539 -0.162579 1.82563
1532257206051266 0.717778 -0.047585 1.80609
1532257206126066 0.706404 0.175186 1.78557
1532257206253725 0.693021 0.345463 1.78681
1532257206352461 0.703848 0.406503 1.80311
1532257206538962 0.825232 0.569665 1.89329
1532257206831180 0.785575 0.421876 1.97634
1532257206920941 0.616606 0.0702651 2.01838
1532257206988776 0.473938 -0.132658 2.03487
1532257207125394 0.372418 -0.110801 2.0121
1532257207452519 0.332865 0.40745 1.94909
1532257207512359 0.36973 0.567676 1.91989
1532257207551264 0.401438 0.641582 1.90691
1532257207572214 0.413635 0.667246 1.90653
1532257207611095 0.423439 0.69762 1.90564
1532257207640018 0.429475 0.705722 1.90426
1532257207676919 0.443982 0.711491 1.90791
1532257207732770 0.451383 0.692449 1.92482
1532257207791612 0.451059 0.652448 1.93886
1532257207851463 0.434967 0.597402 1.95132
1532257207872396 0.431165 0.579031 1.95538
1532257207956172 0.396741 0.511168 1.96403
1532257207992078 0.375753 0.48198 1.96584
1532257208030972 0.349463 0.459936 1.95021
1532257208051922 0.34575 0.455802 1.94389
1532257208091810 0.333673 0.454522 1.93907
1532257208151665 0.330589 0.457573 1.933
1532257208172593 0.331406 0.457363 1.93322
1532257208218471 0.334882 0.456849 1.9344
1532257208271337 0.338091 0.461937 1.93509
1532257208331170 0.340506 0.467138 1.93639
1532257208369069 0.340415 0.46444 1.93524
1532257208391009 0.339452 0.460969 1.93314
1532257208437885 0.342106 0.449284 1.92391
1532257208496727 0.358413 0.407896 1.86542
1532257208622390 0.320234 0.194967 1.65722
1532257208730103 0.31192 -0.02552 1.40848
1532257208744065 0.303721 -0.0541216 1.36991
1532257208764012 0.289372 -0.0799665 1.33056
1532257208786951 0.27863 -0.105079 1.2952
1532257208838812 0.292058 -0.14449 1.2055
1532257208921591 0.255243 -0.19649 1.13023
1532257208959489 0.260038 -0.212386 1.10743
1532257208996392 0.2549 -0.225515 1.0974
1532257209042268 0.25868 -0.236235 1.0903
1532257209117068 0.257245 -0.2588 1.08212
1532257209221788 0.305744 -0.238096 1.05818
1532257209290603 0.279786 -0.2583 1.06042

1532257209350444 0.256821 -0.263533 1.0458
1532257209395324 0.23951 -0.267503 1.03976
1532257209499046 0.271561 -0.289037 1.02914
1532257209521992 0.273406 -0.292032 1.02699
1532257209558886 0.27588 -0.296982 1.02305
1532257209619723 0.272196 -0.300331 1.01709
1532257209651638 0.268275 -0.300922 1.0152
1532257209776305 0.24851 -0.301687 0.998342
1532257209838140 0.250984 -0.304601 0.993611
1532257209936875 0.255433 -0.307676 0.987779
1532257209986742 0.256457 -0.308168 0.986083
1532257210019653 0.257343 -0.30819 0.983849
1532257210057553 0.256257 -0.307488 0.982715
1532257210184214 0.253913 -0.306213 0.979394
1532257210267006 0.251808 -0.305219 0.976775
1532257210499371 0.236258 -0.30049 0.975925
1532257210559211 0.23549 -0.302273 0.974382
1532257210620061 0.236804 -0.303619 0.972655
1532257210679900 0.238076 -0.304166 0.971246
1532257210760685 0.249127 -0.305647 0.967606
1532257210820524 0.258709 -0.305562 0.965772
1532257210836482 0.262903 -0.306471 0.964668
1532257210986082 0.291363 -0.309395 0.959006
1532257211158635 0.270254 -0.303997 1.00536
1532257211241411 0.201751 -0.271574 1.13818
1532257211264349 0.218658 -0.259097 1.17627
1532257211330173 0.23687 -0.217759 1.29374
1532257211361090 0.197142 -0.204654 1.37967
1532257211382034 0.179137 -0.199198 1.4163
1532257211399986 0.170248 -0.19594 1.44711
1532257211420930 0.160702 -0.193802 1.47445
1532257211502712 0.0528552 -0.223546 1.55897
1532257211541607 -0.00630221 -0.258599 1.58989
1532257211586489 -0.0450423 -0.295417 1.60718
1532257211601464 -0.0555179 -0.313725 1.61402
1532257211639346 -0.0744583 -0.341196 1.63218
1532257211721144 -0.120524 -0.336886 1.65874
1532257211780967 -0.123104 -0.273692 1.67678
1532257211802925 -0.115829 -0.242666 1.68318
1532257211863753 -0.0761941 -0.131316 1.71363
1532257211886684 -0.0550169 -0.0895873 1.72482
1532257211929570 0.0115004 -0.00517854 1.74763
1532257211938546 0.0506885 0.035282 1.75938
1532257211961485 0.0899826 0.0739437 1.77035
1532257212021325 0.208348 0.18238 1.80566
1532257212110087 0.368385 0.306017 1.84617
1532257212157959 0.411748 0.33169 1.85419
1532257212201854 0.534175 0.403896 1.88644
1532257212223783 0.555255 0.415124 1.89124
1532257212261682 0.598979 0.437498 1.88822
1532257212291602 0.621532 0.44692 1.88574
1532257212321522 0.65016 0.458422 1.88583
1532257212343463 0.656483 0.461857 1.88876
1532257212365404 0.663549 0.463799 1.89313
1532257212425245 0.675261 0.460343 1.9193
1532257212441202 0.673689 0.457337 1.92622
1532257212523994 0.672526 0.441028 1.95651
1532257212561890 0.667618 0.431389 1.9715
1532257212611746 0.665646 0.421582 1.9854
1532257212630695 0.666301 0.41902 1.9906
1532257212657623 0.665916 0.420182 1.99341
1532257212709484 0.641291 0.431249 1.99352
1532257212724444 0.626933 0.433188 1.98856
1532257212749378 0.612961 0.431715 1.9809
1532257212794258 0.578034 0.420142 1.95661
1532257212884018 0.378952 0.265334 1.87536
1532257212920919 0.28577 0.161635 1.84478
1532257212974775 0.242445 0.108277 1.83182
1532257213026637 0.050044 -0.11472 1.78613
1532257213040599 0.0121284 -0.168807 1.7737
1532257213347777 -0.225255 -0.39067 1.70081
1532257213646977 -0.22743 -0.32476 1.68706
1532257213663933 -0.198781 -0.305834 1.69006
1532257213707815 -0.129426 -0.254149 1.70007
1532257213746711 -0.0679218 -0.190392 1.71294
1532257213783612 0.0196007 -0.123945 1.72589
1532257213956151 0.375879 0.210726 1.8554
1532257214069846 0.470427 0.358169 1.91364
1532257214242385 0.546136 0.140515 1.91186
1532257214488727 0.626706 0.134253 1.9317
1532257214525628 0.631213 0.25474 1.94141
1532257214676225 0.631811 0.194078 1.9247
1532257214809868 0.616179 -0.279685 1.84751
1532257214938524 0.644092 -0.289308 1.85683
1532257214991387 0.665976 -0.0687526 1.88274
1532257215029281 0.671397 0.0890502 1.90231
1532257215089121 0.674254 0.20688 1.9229
1532257215111069 0.703626 0.268823 1.9386
1532257215134001 0.720838 0.276127 1.94512
1532257215155942 0.731096 0.267561 1.94604
1532257215237724 0.763339 0.208972 1.91729
1532257215268648 0.766833 0.215387 1.91162
1532257215328481 0.792968 0.29447 1.90641
1532257215372363 0.821332 0.366997 1.90776
1532257215434200 0.858638 0.465041 1.91036
1532257215501020 0.883623 0.540822 1.91668
1532257215558865 0.934374 0.592652 1.92431
1532257215596763 0.93904 0.599118 1.91673
1532257215665579 0.951413 0.605893 1.91454
1532257215697497 0.954589 0.604928 1.91755
1532257215781272 0.946203 0.552714 1.93797
1532257215802226 0.940215 0.528779 1.94285
1532257215859062 0.905948 0.44327 1.95719
1532257215874022 0.885245 0.404604 1.96192
1532257215905937 0.864376 0.360522 1.96726
1532257215941841 0.82334 0.263364 1.97603
1532257215964784 0.798656 0.209053 1.98347
1532257215987718 0.770273 0.156988 1.99094
1532257216219099 0.612656 0.023295 2.02078
1532257216265974 0.619667 0.0410104 2.0257
1532257216467435 0.617975 0.434131 2.00017
1532257216582128 0.598002 0.535795 1.98757
1532257216596092 0.586248 0.577684 1.98301
1532257216646955 0.580193 0.556909 2.00021
1532257216676875 0.571193 0.523183 2.01055
1532257216698817 0.567748 0.507841 2.01456
1532257216736715 0.554944 0.479473 2.02188
1532257216759654 0.544791 0.467659 2.02414
1532257216796555 0.521524 0.453942 2.02657
1532257216844427 0.502221 0.442201 2.03026
1532257216867367 0.493341 0.437308 2.03162
1532257216904268 0.48359 0.43111 2.03115
1532257216917233 0.482511 0.429987 2.03107
1532257216939174 0.478185 0.430015 2.02973
1532257216977072 0.473759 0.43105 2.02867
1532257217016966 0.47477 0.433138 2.02952
1532257217039905 0.47625 0.433696 2.03065
1532257217098747 0.477933 0.43483 2.03462
1532257217156592 0.478752 0.436149 2.0352
1532257217201483 0.475418 0.430119 2.03336
1532257217301206 0.474086 0.378469 1.97416
1532257217317163 0.469944 0.360983 1.94775
1532257217337110 0.465255 0.341331 1.91435
1532257217444822 0.441843 0.174791 1.67517
1532257217479728 0.42567 0.0840368 1.57656
1532257217497680 0.410122 0.0402435 1.52584
1532257217539568 0.382005 -0.0362478 1.42487
1532257217557521 0.380773 -0.0710351 1.37385
1532257217599408 0.369917 -0.133148 1.2761
1532257217660246 0.380244 -0.19048 1.17163
1532257217697147 0.348373 -0.207559 1.13117
1532257217720086 0.327978 -0.211363 1.11554
1532257217744021 0.314967 -0.21199 1.10136
1532257217779926 0.302184 -0.211032 1.07695
1532257217818822 0.29501 -0.211258 1.06189
1532257217839766 0.288095 -0.21264 1.05685
1532257217992357 0.297849 -0.235209 1.03761

1532257218119034 0.305951 -0.284976 1.04529
1532257218163898 0.290178 -0.259527 1.04094
1532257218380320 0.298995 -0.296447 1.01761
1532257218538896 0.292689 -0.300623 1.00286
1532257218598735 0.295241 -0.30182 1.00058
1532257218619680 0.298018 -0.301831 0.999952
1532257218681514 0.306269 -0.3001 1.00038
1532257218756314 0.306033 -0.296948 0.998914
1532257218818165 0.310414 -0.296907 0.996027
1532257218921871 0.35328 -0.288374 0.987231
1532257218989690 0.360557 -0.287808 0.986221
1532257219041552 0.339067 -0.288959 0.991539
1532257219108373 0.315182 -0.292675 1.01075
1532257219199131 0.289391 -0.27431 1.11695
1532257219249994 0.264907 -0.24498 1.17875
1532257219280911 0.228975 -0.213314 1.24483
1532257219302854 0.214588 -0.20596 1.28168
1532257219362693 0.191575 -0.19885 1.38907
1532257219378650 0.183944 -0.19727 1.41393
1532257219422533 0.175014 -0.199604 1.45979
1532257219438490 0.16432 -0.202587 1.47947
1532257219461429 0.148112 -0.204725 1.4938
1532257219482373 0.128996 -0.204409 1.50586
1532257219498331 0.110368 -0.201864 1.51937
1532257219527253 0.0954732 -0.198285 1.53329
1532257219542213 0.0828727 -0.195921 1.54779
1532257219581109 0.0654021 -0.194002 1.57807
1532257219610031 0.0650012 -0.190224 1.59504
1532257219627984 0.0674195 -0.184072 1.6138
1532257219646933 0.0691439 -0.174675 1.63297
1532257219677850 0.0798212 -0.145069 1.67006
1532257219701787 0.0933078 -0.124232 1.68993
1532257219723740 0.109299 -0.100582 1.71048
1532257219744672 0.126424 -0.0759396 1.73103
1532257219783568 0.167703 -0.0227543 1.77359
1532257219821466 0.219916 0.0277099 1.81007
1532257219865349 0.281676 0.0709623 1.83967
1532257219925189 0.374369 0.128446 1.87957
1532257220044869 0.547715 0.227153 1.92845
1532257220083771 0.591631 0.256372 1.93616
1532257220121664 0.638497 0.287925 1.94371
1532257220143620 0.656122 0.303161 1.94549
1532257220203445 0.700724 0.349988 1.95502
1532257220264282 0.717718 0.39268 1.95797
1532257220316143 0.721335 0.41416 1.96174
1532257220332101 0.720513 0.419022 1.9645
1532257220354042 0.719076 0.419482 1.96867
1532257220405903 0.695704 0.413331 1.98198
1532257220427845 0.699072 0.409655 1.98354
1532257220466741 0.70028 0.402191 1.98352
1532257220480703 0.694231 0.398689 1.98324
1532257220524586 0.686493 0.399306 1.98152
1532257220563482 0.685679 0.412371 1.97877
1532257220600383 0.664133 0.426203 1.97417
1532257220655236 0.65624 0.431702 1.97147
1532257220684159 0.638947 0.428054 1.96481
1532257220736034 0.588914 0.384077 1.94594
1532257220758959 0.558761 0.359501 1.93717
1532257220803840 0.438114 0.259886 1.90107
1532257220826778 0.395359 0.217025 1.89205
1532257220864699 0.299252 0.12716 1.87869
1532257221027264 -0.000688436 -0.24684 1.80909
1532257221104059 -0.0964185 -0.418842 1.76367
1532257221163900 -0.140012 -0.462429 1.73876
1532257221327462 -0.124422 -0.388307 1.71745
1532257221366357 -0.0980387 -0.371913 1.7232
1532257221387302 -0.0823735 -0.358194 1.72525
1532257221561835 0.115691 -0.141168 1.75306
1532257221613710 0.205751 -0.0563431 1.76476
1532257221666555 0.307951 0.00617186 1.77371
1532257221770278 0.450448 0.0709498 1.77278
1532257221840091 0.475821 0.0768247 1.77199
1532257221899932 0.499947 0.0707836 1.77544
1532257221981712 0.560866 0.095166 1.82883
1532257222132310 0.636231 0.397275 1.92335
1532257222168242 0.645047 0.374959 1.92272
1532257222212096 0.670066 0.214784 1.89196
1532257222271936 0.684191 -0.0235499 1.83773
1532257222316816 0.717793 -0.168259 1.80557
1532257222376656 0.761335 -0.254566 1.79081
1532257222399595 0.769421 -0.236031 1.79464
1532257222475410 0.782463 -0.0258556 1.82784
1532257222496336 0.782835 0.0424103 1.83788
1532257222534234 0.784384 0.159918 1.85531
1532257222579115 0.782407 0.224807 1.87215
1532257222594074 0.785954 0.23307 1.8775
1532257222638954 0.78893 0.196559 1.88045
1532257222653915 0.79406 0.155077 1.87736
1532257222713755 0.800614 -0.0379053 1.83797
1532257222751653 0.817976 -0.203257 1.80916
1532257222796533 0.829975 -0.325206 1.78224
1532257222834431 0.822995 -0.354949 1.77336
1532257223013952 0.798175 0.162305 1.80282
1532257223096730 0.790621 0.292676 1.82875
1532257223134647 0.783633 0.298583 1.8335
1532257223176517 0.782271 0.280072 1.83104
1532257223314165 0.789164 -0.2993 1.76779
1532257223636287 0.778645 0.193758 1.75745
1532257223674187 0.777522 0.285616 1.77691
1532257223811819 0.776297 0.395261 1.80377
1532257223876645 0.790765 0.548228 1.83879
1532257223894598 0.801373 0.56454 1.84315
1532257223914544 0.812195 0.578706 1.84865
1532257224043200 0.847949 0.600505 1.86335
1532257224080100 0.840092 0.600483 1.85908
1532257224247653 0.796266 0.461375 1.88224
1532257224323450 0.784121 0.425478 1.89076
1532257224375312 0.676041 0.159792 1.94047
1532257224425185 0.616586 0.0754284 1.95256
1532257224477039 0.560649 -0.0224223 1.9684
1532257224675509 0.468861 -0.0520985 1.94763
1532257224861013 0.501241 0.237334 1.91532
1532257224914869 0.51464 0.278521 1.90393
1532257225077434 0.613299 0.567938 1.92665
1532257225146250 0.614066 0.568061 1.97022
1532257225197114 0.616698 0.553568 2.00477
1532257225214069 0.612852 0.54452 2.01422
1532257225236010 0.611056 0.537192 2.02582
1532257225272917 0.603925 0.523936 2.0486
1532257225324772 0.587924 0.518492 2.06379
1532257225357684 0.576707 0.51586 2.07174
1532257225378628 0.57409 0.516138 2.07293
1532257225407551 0.569919 0.515491 2.07237
1532257225431488 0.566921 0.514149 2.07203
1532257225454426 0.567284 0.513534 2.07231
1532257225484346 0.566083 0.511471 2.07156
1532257225499307 0.565807 0.509544 2.06947
1532257225513269 0.568449 0.508114 2.06864
1532257225559146 0.566669 0.504058 2.06718
1532257225573109 0.563544 0.502454 2.0655
1532257225618997 0.564102 0.501082 2.06281
1532257225632964 0.565502 0.500795 2.06274
1532257225669850 0.563229 0.500882 2.06289
1532257225693786 0.558548 0.502139 2.06286
1532257225715727 0.558527 0.502659 2.06228
1532257225738666 0.556413 0.502073 2.06008
1532257225753626 0.550525 0.499686 2.05634
1532257225776564 0.542014 0.495022 2.05153
1532257225804490 0.532458 0.488606 2.04518
1532257225819449 0.520873 0.479541 2.03544
1532257225859353 0.478086 0.451686 1.99397
1532257225910207 0.420167 0.399933 1.89738
1532257225925168 0.406755 0.362323 1.82758
1532257225940127 0.405663 0.315967 1.75122
1532257225979023 0.438022 0.198086 1.61131
1532257226023908 0.440856 0.0755673 1.49492
1532257226045844 0.407262 0.0155251 1.44241
1532257226070777 0.356707 -0.0420281 1.38867
1532257226098703 0.320138 -0.123809 1.2854
1532257226143599 0.374821 -0.17457 1.20015
1532257226158543 0.37942 -0.195629 1.16547
1532257226219392 0.316961 -0.237191 1.09813
1532257226241322 0.304424 -0.24442 1.08106
1532257226279220 0.297827 -0.256154 1.05614
1532257226324101 0.286837 -0.260596 1.04378
1532257226361002 0.27586 -0.261345 1.03487
1532257226375962 0.283215 -0.260168 1.03126
1532257226398900 0.292087 -0.256376 1.03184
1532257226421838 0.295004 -0.252941 1.03167
1532257226466724 0.31576 -0.249986 1.03109
1532257226502623 0.318194 -0.245582 1.03606

1532257226541519 0.268474 -0.268239 1.03155
1532257226578420 0.263993 -0.257927 1.0284
1532257226601362 0.261638 -0.266618 1.0257
1532257226765918 0.287306 -0.301082 1.0184
1532257227021251 0.304567 -0.299061 0.999405
1532257227090055 0.315733 -0.29749 1.00008
1532257227335716 0.334233 -0.283604 0.996746
1532257227364639 0.2971 -0.288927 1.01099
1532257227524213 0.270954 -0.245647 1.21881
1532257227584053 0.209776 -0.214331 1.3343
1532257227628932 0.167398 -0.211721 1.40006
1532257227650874 0.151099 -0.214095 1.42321
1532257227724676 0.135993 -0.284628 1.47425
1532257227784516 0.0706737 -0.378641 1.49774
1532257227823412 0.0301397 -0.428506 1.49696
1532257227860314 0.00407302 -0.469848 1.49489
1532257227944089 0.0166722 -0.478643 1.48253
1532257227965034 0.023624 -0.467438 1.47329
1532257228048810 -0.0644944 -0.445193 1.47609
1532257228108659 -0.020983 -0.412409 1.48982
1532257228123610 -0.0256867 -0.397723 1.49771
1532257228183449 -0.0477154 -0.319117 1.53592
1532257228244287 -0.04541 -0.188158 1.58254
1532257228326068 0.0414991 0.0174796 1.65292
1532257228385925 0.166599 0.155013 1.71114
1532257228523540 0.401844 0.358264 1.81747
1532257228544483 0.43706 0.38618 1.83107
1532257228744948 0.61044 0.494267 1.91894
1532257228770878 0.623343 0.492407 1.92815
1532257228887567 0.623374 0.469943 1.95312
1532257228947407 0.605725 0.481766 1.94615
1532257229025199 0.54531 0.459915 1.93036
1532257229136900 0.442269 0.362662 1.89928
1532257229553785 -0.127096 -0.438245 1.73714
1532257229711364 -0.0871221 -0.419855 1.73055
1532257229861960 0.0877577 -0.214862 1.72961
1532257229871934 0.114195 -0.186446 1.73249
1532257229913823 0.169627 -0.13579 1.7364
1532257229974660 0.27418 -0.0861853 1.74927
1532257229990617 0.30936 -0.0819938 1.75248
1532257230052452 0.383885 -0.105529 1.77216
1532257230104313 0.430188 -0.140819 1.78356
1532257230157172 0.485837 -0.180081 1.79808
1532257230185098 0.505229 -0.177968 1.80314
1532257230251919 0.579178 -0.0322221 1.84241
1532257230336691 0.638858 0.221828 1.88454
1532257230352649 0.648455 0.268904 1.89099
1532257230394537 0.667598 0.31589 1.90188
1532257230419472 0.684708 0.310072 1.90436
1532257230480307 0.704881 0.282448 1.90367
1532257230486292 0.724964 0.232726 1.89792
1532257230522196 0.774596 0.0134928 1.86216
1532257230552116 0.810851 -0.137997 1.83262
1532257230574057 0.824923 -0.204871 1.81935
1532257230611962 0.851656 -0.298364 1.80433
1532257230672793 0.869519 -0.281579 1.82035
1532257230726662 0.87099 -0.180766 1.85196
1532257230761555 0.866587 -0.0526013 1.88624
1532257230821408 0.842311 0.125109 1.94036
1532257230874254 0.846933 0.214433 1.97066
1532257230924120 0.852154 0.213076 1.97394
1532257230974988 0.84853 0.194376 1.9691
1532257230980969 0.841382 0.157676 1.95822
1532257231011886 0.844479 -0.0859747 1.88994
1532257231051779 0.842393 -0.158115 1.87366
1532257231079705 0.850398 -0.286819 1.8427
1532257231114611 0.852679 -0.371886 1.82838
1532257231153507 0.864201 -0.380505 1.82575
1532257231213347 0.869615 -0.263774 1.84539
1532257231235288 0.867267 -0.193282 1.85065
1532257231274185 0.85269 -0.0458321 1.86866
1532257231296125 0.840361 0.0228865 1.88124
1532257231334025 0.832022 0.0865296 1.88911
1532257231370926 0.83246 0.199128 1.89699
1532257231415806 0.819496 0.187663 1.89272
1532257231453707 0.816207 0.10953 1.87288
1532257231474648 0.818462 0.0465154 1.86159
1532257231513545 0.824791 -0.108905 1.8406
1532257231542468 0.834682 -0.19612 1.83246
1532257231573385 0.824357 -0.376122 1.83535
1532257231694062 0.838501 -0.391557 1.82031
1532257231715005 0.835264 -0.324309 1.81557
1532257231781827 0.872782 -0.0812934 1.80312
1532257231850655 0.904402 0.217888 1.79994
1532257231891533 0.906014 0.279396 1.79874
1532257231994260 0.97266 0.491961 1.82583
1532257232070057 0.991021 0.522595 1.82404
1532257232138873 1.02896 0.542357 1.82935
1532257232256558 1.05172 0.57178 1.86714
1532257232339336 1.03584 0.555459 1.88282
1532257232405160 0.976957 0.503312 1.89373
1532257232533817 0.77793 0.233507 1.92025
1532257232563736 0.749755 0.180762 1.92337
1532257232616595 0.662549 0.0209721 1.94151
1532257232637539 0.679154 0.0141827 1.94861
1532257232683416 0.627391 0.05976 1.92361
1532257232742258 0.572457 0.0397112 1.91391
1532257232855955 0.59843 0.117898 1.92782
1532257232955688 0.624018 0.337819 1.93343
1532257233065395 0.67767 0.588392 1.9525
1532257233096311 0.707626 0.63492 1.96985
1532257233126249 0.721619 0.652344 1.98238
1532257233164131 0.74967 0.674761 2.01694
1532257233186072 0.75429 0.678991 2.03639
1532257233238931 0.754873 0.664957 2.07183
1532257233259875 0.75074 0.653248 2.07985
1532257233298771 0.731058 0.626091 2.09288
1532257233358611 0.701981 0.574603 2.10553
1532257233396510 0.67953 0.539762 2.10613
1532257233456349 0.64781 0.498464 2.10141
1532257233486270 0.613912 0.46685 2.08601
1532257233539128 0.547028 0.430642 2.04585
1532257233560072 0.529813 0.421882 2.02925
1532257233598968 0.505692 0.405715 2.00242
1532257233619912 0.495981 0.399253 1.99315
1532257233658825 0.476772 0.391142 1.97672
1532257233682744 0.470227 0.38841 1.97145
1532257233711667 0.465983 0.387198 1.96838
1532257233741587 0.463296 0.38684 1.96706
1532257233772504 0.45867 0.388831 1.96631
1532257233786466 0.457552 0.391558 1.96648
1532257233801443 0.458378 0.394705 1.96633
1532257233816386 0.460884 0.397771 1.96678
1532257233839326 0.462577 0.400424 1.96767
1532257233861267 0.463125 0.402861 1.96855
1532257233899165 0.469145 0.406438 1.96897
1532257233936067 0.475822 0.405775 1.96704
1532257233959005 0.478743 0.404597 1.96561
1532257234003896 0.487176 0.398718 1.96302
1532257234026823 0.488876 0.394327 1.9587
1532257234040802 0.489883 0.388471 1.95064
1532257234062728 0.493455 0.380376 1.93957
1532257234108619 0.510373 0.352291 1.90279
1532257234161463 0.493159 0.273463 1.79883
1532257234182407 0.480142 0.239477 1.75205
1532257234304083 0.445212 -0.0024043 1.4375
1532257234348963 0.395496 -0.0758712 1.33403
1532257234362925 0.355374 -0.1043 1.28668
1532257234378882 0.334443 -0.123136 1.24191
1532257234422765 0.308398 -0.157741 1.17388
1532257234482605 0.30753 -0.189951 1.09484
1532257234537459 0.288394 -0.208386 1.06998
1532257234581341 0.29024 -0.238481 1.03716
1532257234762856 0.357465 -0.276487 1.00766

1532257234904477 0.276856 -0.275101 1.00271
1532257235031138 0.304123 -0.311975 0.983713
1532257235045101 0.31228 -0.316542 0.981625
1532257235203689 0.323738 -0.335289 0.960034
1532257235324371 0.324074 -0.339306 0.949659
1532257235524823 0.342742 -0.329807 0.944717
1532257235623554 0.406126 -0.328179 0.938969
1532257235684391 0.413819 -0.323838 0.947468
1532257235737250 0.366431 -0.329466 0.973391
1532257235781147 0.326894 -0.328298 1.02036
1532257235831997 0.297383 -0.288032 1.13979
1532257235899815 0.251799 -0.220205 1.27449
1532257235907803 0.225331 -0.208539 1.31957
1532257236011516 0.163339 -0.228514 1.47237
1532257236034455 0.158402 -0.251714 1.48931
1532257236169095 0.0305955 -0.471547 1.53341
1532257236371553 -0.0142574 -0.428195 1.51978
1532257236469293 0.0091524 -0.318371 1.5645
1532257236516167 0.0230258 -0.24206 1.59324
1532257236545090 0.0324056 -0.196407 1.60828
1532257236568045 0.0669201 -0.0934843 1.64147
1532257236611922 0.136115 0.0193214 1.67373
1532257236648813 0.221295 0.131208 1.70145
1532257236810381 0.442154 0.410886 1.79419
1532257236822349 0.470592 0.446455 1.80927
1532257236851271 0.543353 0.528445 1.85228
1532257236869223 0.562057 0.54786 1.86331
1532257236891164 0.580072 0.564759 1.87309
1532257236912108 0.597465 0.580561 1.88253
1532257236934050 0.615885 0.590985 1.89092
1532257236949009 0.627112 0.595609 1.89875
1532257236971948 0.631894 0.59502 1.90704
1532257237008849 0.642829 0.589757 1.92201
1532257237035778 0.650271 0.584594 1.92772
1532257237057719 0.654894 0.576506 1.93509
1532257237076669 0.658704 0.566235 1.94555
1532257237099607 0.662245 0.552214 1.95605
1532257237117559 0.669862 0.540075 1.96584
1532257237151474 0.691816 0.521486 1.98125
1532257237171415 0.690859 0.514214 1.98775
1532257237189367 0.687245 0.510845 1.99253
1532257237213318 0.688854 0.512318 1.99575
1532257237243223 0.69322 0.516302 1.99834
1532257237289100 0.695762 0.526641 1.99983
1532257237328993 0.683709 0.534584 2.00032
1532257237424737 0.646415 0.525337 1.98753
1532257237459644 0.577392 0.468259 1.95817
1532257237490562 0.508002 0.403922 1.92692
1532257237528460 0.461912 0.365545 1.90748
1532257237571345 0.324729 0.200319 1.84667
1532257237612236 0.213782 0.0612487 1.80994
1532257237650151 0.126286 -0.0758079 1.77868
1532257237678060 0.0851003 -0.137666 1.76383
1532257237692030 0.0488784 -0.194351 1.74974
1532257237751863 -0.0176754 -0.329203 1.71872
1532257237792754 -0.0441996 -0.393803 1.70516
1532257237819681 -0.04913 -0.41901 1.69905
1532257237856583 -0.0603823 -0.432752 1.69597
1532257237919415 -0.0587347 -0.399524 1.69344
1532257237972273 -0.0635761 -0.399082 1.68924
1532257237992220 -0.0654802 -0.401236 1.68708
1532257238112897 -0.0506537 -0.373535 1.6815
1532257238128855 -0.0485351 -0.363445 1.68093
1532257238179719 -0.0303848 -0.338196 1.68094
1532257238232577 0.0468463 -0.276457 1.67318
1532257238369212 0.242379 -0.124552 1.69034
1532257238473939 0.377004 -0.075466 1.74137
1532257238554716 0.487386 -0.0128536 1.79301
1532257238676390 0.593632 0.387677 1.85284
1532257238714289 0.610996 0.482413 1.85743
1532257238744208 0.6191 0.501087 1.8579
1532257238834966 0.677614 0.281129 1.82365
1532257238893809 0.722296 -0.00395767 1.78422
1532257238914753 0.736071 -0.100968 1.76673
1532257238931708 0.748817 -0.18718 1.75319
1532257238953649 0.762215 -0.252787 1.74149
1532257238974593 0.776595 -0.291265 1.73301
1532257239034433 0.788059 -0.251364 1.74248
1532257239089287 0.776606 -0.124989 1.76129
1532257239134166 0.760573 0.11837 1.79322
1532257239215947 0.727712 0.347746 1.81918
1532257239238886 0.725573 0.366882 1.82161
1532257239327648 0.737571 0.246863 1.80512
1532257239359563 0.745074 0.16994 1.7953
1532257239381505 0.763708 -0.0102559 1.77508
1532257239394470 0.774698 -0.098571 1.76861
1532257239455307 0.812352 -0.27464 1.74759
1532257239494204 0.812201 -0.306584 1.7371
1532257239515147 0.809887 -0.292675 1.7319
1532257239531106 0.812966 -0.263614 1.72538
1532257239613883 0.816622 -0.0896424 1.71945
1532257239636823 0.821496 -0.0365845 1.72162
1532257239816342 0.812924 0.288818 1.7468
1532257239885169 0.811489 0.336459 1.75506
1532257239951982 0.871654 0.55945 1.81272
1532257240273131 0.887336 0.403902 1.94434
1532257240324982 0.857559 0.319682 1.95235
1532257240416736 0.781784 0.0917185 1.95572
1532257240476576 0.750247 0.135664 1.95496
1532257240536417 0.724092 0.104742 1.95125
1532257240558358 0.719385 0.0902534 1.94981
1532257240596256 0.720721 0.0798704 1.9441
1532257240702971 0.70952 0.147292 1.95618
1532257240724913 0.703924 0.195037 1.96175
1532257240768795 0.677978 0.377813 1.97326
1532257240819659 0.690263 0.550748 1.97478
1532257240940336 0.696488 0.735815 2.01098
1532257240956294 0.680415 0.734452 2.01707
1532257241024113 0.628925 0.67381 2.01697
1532257241119856 0.532959 0.472915 2.00431
1532257241136811 0.52097 0.436739 2.0038
1532257241195654 0.479746 0.361293 1.99329
1532257241278432 0.441343 0.310414 1.95831
1532257241300374 0.435492 0.30591 1.94851
1532257241360213 0.433504 0.298955 1.9434
1532257241376171 0.431806 0.297759 1.94489
1532257241518790 0.44296 0.307704 1.96093
1532257241615532 0.440507 0.307416 1.96443
1532257241638470 0.434289 0.304269 1.96279
1532257241699307 0.418256 0.287347 1.9509
1532257241742193 0.405121 0.264562 1.92924
1532257241862870 0.396787 0.13366 1.73796
1532257241901766 0.398119 0.0694691 1.64602
1532257241922710 0.393217 0.0365158 1.60245
1532257241961606 0.372919 -0.0259944 1.5112
1532257241983547 0.360284 -0.0518408 1.4628
1532257242029424 0.346945 -0.0943034 1.35955
1532257242073307 0.35313 -0.119104 1.26374
1532257242141126 0.318738 -0.156354 1.12677
1532257242162069 0.310394 -0.168023 1.10353
1532257242178040 0.302339 -0.180767 1.08405
1532257242261803 0.317779 -0.216654 1.02869
1532257242327626 0.302649 -0.243808 1.01698
1532257242349567 0.307602 -0.253992 1.01704
1532257242418395 0.360747 -0.245893 1.03606
1532257242454288 0.335242 -0.217702 1.05297
