1532264728657009 -30.25 3.5 42.125
1532264728717835 9.3125 -64.25 97.375
1532264728737782 1.5625 -80.125 99.75
1532264728815573 -15.125 -114.375 83
1532264728837514 -17.0625 -125.813 62.875
1532264728873419 -49.4375 -138.188 12.9375
1532264728897355 -72.9375 -136.375 -23.5625
1532264728936251 -99.1875 -104.938 -62.0625
1532264728957195 -101.813 -91.125 -70.9375
1532264728987115 -102.438 -70.5 -77.0625
1532264729037978 -71.375 -20.375 -60
1532264729060918 -63.5 -18.6875 -55.8125
1532264729097819 -25.25 -15.0625 -25.375
1532264729135717 15.5 -10.8125 -7.5
1532264729157678 2.4375 -7.0625 -1.1875
1532264729218496 -5 -3.8125 -4.3125
1532264729278339 17.75 8.5625 14.375
1532264729375078 -43.6875 106.563 66.375
1532264729398017 -12.875 125.875 85.8125
1532264729457856 6.875 162.188 144.625
1532264729503733 57.125 183.688 167.5
1532264729540634 74.9375 201.188 179.813
1532264729600475 78.5 193.938 154.063
1532264729780992 0.625 82.75 91.25
1532264729817893 27.75 71.9375 58.3125
1532264729835845 34.9375 65.4375 42.25
1532264729880727 19.125 44.0625 39
1532264729916629 -21.6875 27.875 22.25
1532264729953530 -19.375 28.3125 12.375
1532264729984456 -9.5625 19.8125 5.625
1532264730022346 0.8125 14.0625 -0.0625
1532264730044288 -0.6875 8.75 -5.375
1532264730068224 -12.25 4.3125 -6.625
1532264730100138 -7 -1.9375 -7.6875
1532264730159979 -4.625 1.6875 -12.25
1532264730195883 -0.25 -4.9375 -5.5
1532264730233781 -7.3125 -4.375 -6.625
1532264730308581 -6.5625 -1.625 -6
1532264730338501 -2.625 -1.0625 -3.4375
1532264730426266 4.0625 -1.25 -1.9375
1532264730474148 21.625 -6.8125 -6.875
1532264730518021 79.5 -47.875 -10.5
1532264730547941 95.5 -64.1875 -18
1532264730600800 106.25 -103.313 -26.875
1532264730615760 115.375 -118.063 -27.0625
1532264730637701 124.25 -117.875 -29.5625
1532264730660640 134.188 -112.063 -32.8125
1532264730698538 144.125 -113.688 -48.0625
1532264730718485 134.438 -110.563 -44.8125
1532264730735439 116.688 -105.625 -58.4375
1532264730763365 118.063 -89.0625 -76
1532264730787308 114.625 -71.625 -100.688
1532264730802268 120.188 -56.5625 -119.25
1532264730840167 98.125 -49.3125 -118.688
1532264730914984 59.75 -62.25 -98.6875
1532264730977799 52.1875 -66.8125 -91.4375
1532264730981788 39.625 -76.625 -75.6875
1532264731028678 27.9375 -79.0625 -59.375
1532264731058583 22.5625 -43.5 -35.9375
1532264731081532 6 -32.625 -29.8125
1532264731117435 -32.1875 -27.9375 -20.8125
1532264731138369 -35.625 -33.1875 -17.25
1532264731154326 -36.0625 -45.4375 -13.3125
1532264731192225 -42.5625 -67.5 -3.5625
1532264731231121 -54.375 -97.75 9.625
1532264731251068 -61.4375 -135.688 22.125
1532264731270017 -53.9375 -180 29.8125
1532264731297942 -63.0625 -231.563 43.4375
1532264731319902 -60.375 -180.875 23.375
1532264731357795 -9.125 -94.875 9.375
1532264731401668 -47.75 -25.5 -0.5625
1532264731440562 -62.9375 9.1875 -8.1875
1532264731461505 -40.25 17.9375 -8.875
1532264731477462 -30.5 17.9375 0.0625
1532264731500401 -22.25 22.125 9.6875
1532264731522351 -3.375 23.5625 11.5625
1532264731545281 6.4375 28.625 15.5
1532264731560241 -2.75 36.0625 30.875
1532264731598140 -11.3125 35.4375 67.1875
1532264731620083 -6.9375 30.4375 73.375
1532264731641039 -26.3125 24.3125 77.6875
1532264731695883 -26.6875 6.9375 87.875
1532264731747740 -67.5625 -19.6875 91.8125
1532264731800598 -46.625 -41.125 82.5625
1532264731843483 -51.8125 -61.0625 74.375
1532264731860438 -54.25 -70.6875 66.5625
1532264731888363 -54.0625 -75.875 59.0625
1532264731949214 -21.875 -75.8125 40.1875
1532264731980118 -15.5 -79.625 33.25
1532264732039958 -4.375 -75.25 32
1532264732099798 29 -49.5625 16.25
1532264732160636 -7.75 -16.6875 13.8125
1532264732182577 -1.8125 -5.1875 6.25
1532264732226459 -9.375 5.375 2.75
1532264732280316 -2.9375 8.6875 2.8125
1532264732302256 1 6.625 2.6875
1532264732340156 0.9375 4.625 2.3125
1532264732363094 6.1875 3.75 1.1875
1532264732399995 0.25 9.5 5.3125
1532264732443878 6.9375 20.625 13.125
1532264732503718 23.5 30.375 35.9375
1532264732565552 52.9375 49.6875 78.75
1532264732618411 87.4375 64.3125 96.6875
1532264732678251 158.438 87.125 92.75
1532264732724130 212.5 90.3125 50.1875
1532264732746070 213.063 93.9375 28.3125
1532264732806913 217.813 90.125 0.6875
1532264732819872 153.5 81.8125 -22.4375
1532264732856774 126.688 69.875 -28.5625
1532264732879712 97.3125 50 -29
1532264732902651 81.75 42.9375 -24.875
1532264732923595 75.1875 32.3125 -19.0625
1532264732962505 43 12.375 -2.375
1532264732983435 28.625 7.8125 8.3125
1532264733023335 13.5 2.3125 8.9375
1532264733044272 16.125 1.625 7.9375
1532264733084166 4.8125 0.8125 8.875
1532264733096134 -3.75 1.1875 8.625
1532264733134032 -6.0625 -1.625 5.625
1532264733156980 -5.5625 -1.9375 4.875
1532264733187888 -12.5625 1.9375 -0.8125
1532264733209829 -13.0625 6.4375 -3.9375
1532264733322546 -14 15.6875 -10.8125
1532264733367412 -16.625 7 -11.5625
1532264733382379 -22.6875 2.25 -9.375
1532264733412296 -33.8125 1.5 -8.625
1532264733456171 -24.375 5.1875 -19.6875
1532264733486091 -43 4.75 -18.1875
1532264733525984 -64.3125 6.125 -25.1875
1532264733562885 -46.125 -4.375 -16.5625
1532264733584863 -32.75 -39.5 1.5
1532264733606816 -58.375 -43.375 -1.75
1532264733645702 -53.3125 -61.0625 -3.125
1532264733683601 -21.8125 -62.5 1.1875
1532264733704544 23.125 -70.5 -20.625
1532264733742462 44.9375 -84.8125 -32
1532264733765382 23.5625 -82.3125 -41.125
1532264733832204 -33.5 -75.8125 -62.1875
1532264733906006 -18.875 -61.75 -67.125
1532264733952881 -23.125 -50.625 -40.125
1532264733981803 -29.6875 -46 -25.5
1532264734025687 -10.0625 -40.1875 -25.125
1532264734041644 -17 -32.875 -12.125
1532264734072561 -26.5 -28.1875 -7.9375
1532264734132401 -3.125 -8.5 -6
1532264734168312 -11.375 11.4375 0.5625
1532264734185259 -15.1875 27.625 4.4375
1532264734268038 -35.6875 139 -1.4375
1532264734295963 -46.625 165.5 -5.3125
1532264734348822 -43.4375 214.438 -26.625
1532264734394699 -27.6875 222.125 -54
1532264734409660 -13.75 223.188 -68.5625
1532264734447559 -19.125 196.938 -92.4375
1532264734508396 -52.4375 141.875 -124.375
1532264734536321 -45.625 122.313 -132.75
1532264734596160 -44.5 48 -159.438
1532264734730801 -49.25 -86.6875 -174.5
1532264734776678 -41.1875 -94 -167.438
1532264734852475 -24.4375 -55.625 -91.6875
1532264734912315 -10.9375 -11.625 -43.9375
1532264734933259 -13.375 -7.6875 -27.6875
1532264734955201 -15.3125 -5.1875 -18.75
1532264734993099 8.0625 1.375 -5.25
1532264735040971 13.6875 2.5625 0.5625
1532264735267366 4.4375 -12.375 3.75
1532264735495755 45.75 -18.125 -0.5
1532264735555595 53.5 -39.9375 15.25
1532264735593493 58.125 -43 45.375
1532264735653334 105.563 -51.5 75.4375
1532264735720154 105.563 -72.5 87.4375
1532264735773020 131.813 -54.1875 68.0625
1532264735832860 108.688 -35.9375 54
1532264735855798 81.0625 -34.1875 41.3125
1532264735879735 67.875 -36.1875 33.4375
1532264735922620 42.4375 -41.0625 18.8125
1532264735933591 30.9375 -39.5 12.25
1532264736021356 27.375 -33.6875 1.875
1532264736040305 28.1875 -27.375 5.375
1532264736081196 4.5625 -11.25 4
1532264736098150 10.375 -9.5625 7.1875
1532264736138044 -5.4375 -10.375 1.75
1532264736180929 -6.4375 -13.1875 -2.125
1532264736210849 -5.875 -15 1.375

1532264736247855 -33.3125 -27.6875 2.8125
1532264736300516 3.4375 14.375 -2.3125
1532264736320462 -20.625 5.0625 16.3125
1532264736337417 -31.5 -2.5 13.75
1532264736405235 12.25 -0.625 0.1875
1532264736430169 13.1875 3.5625 0.875
1532264736464078 -3.6875 0.5625 5
1532264736487016 -1.3125 -0.5 3.9375
1532264736517934 4.5625 -1.0625 1.9375
1532264736545800 7.625 -4.6875 -1.8125
1532264736579709 6.8125 -5.9375 -0.625
1532264736632568 -3.5625 -2 -0.5625
1532264736689416 3.125 -6.25 0.3125
1532264736706378 10.3125 -5.1875 0.625
1532264736743272 22 8.9375 -1
1532264736765213 -26.25 8.5625 1.375
1532264736790146 11.5 35.3125 15.75
1532264736848989 -48.5625 15.4375 22.6875
1532264736875917 8 18.1875 39.125
1532264736907832 -10.3125 11.0625 45.4375
1532264736935757 -36.6875 -15.625 61.125
1532264736980637 -29 -34.5625 67.5
1532264737012552 -25.4375 -99.9375 38.6875
1532264737035490 -28 -110 27.1875
1532264737072396 36.4375 -121.75 43.4375
1532264737095331 28.375 -136.25 40.25
1532264737132232 -57.0625 -160.375 -0.75
1532264737155171 -71.1875 -154.938 -37.875
1532264737184094 -66.9375 -145.875 -63.4375
1532264737215011 -67.75 -125.25 -65.5
1532264737252909 -58.375 -101.688 -56.875
1532264737282829 -41.5625 -93.75 -54.375
1532264737312749 -23.5625 -64.625 -40.5
1532264737334691 5 -11.75 -9.9375
1532264737356632 70.625 24.625 24.3125
1532264737372589 19.25 28.625 32.875
1532264737395528 -56.8125 23.3125 9.1875
1532264737416471 -60.625 17.125 -2.8125
1532264737432429 -20.125 9.9375 1.375
1532264737462348 32.125 5.875 6.625
1532264737483292 62.125 3.875 4.375
1532264737515208 42 -6.375 5.25
1532264737575059 10.0625 -7.75 5.9375
1532264737595992 12.375 -7.0625 4.6875
1532264737634888 8.875 -2.9375 3.5625
1532264737716669 -23.375 13.3125 22.4375
1532264737776510 -67.125 62.3125 36.75
1532264737815405 -40.6875 94.6875 95.9375
1532264737837356 -32.6875 108.375 130.188
1532264737912146 48 198.375 175
1532264737943064 51.3125 207.25 192.875
1532264737965008 58 212.813 194.125
1532264737994936 97.9375 211.75 186.938
1532264738033821 104.188 202.625 170.813
1532264738054764 67.75 176.438 147
1532264738077704 45.0625 162.563 135.625
1532264738099645 28.25 149 118.375
1532264738115602 26.125 130.75 101.438
1532264738160482 22.375 102.563 61.4375
1532264738198380 2.1875 83 50.625
1532264738227303 -28.125 67.0625 31.5625
1532264738257223 -20.125 52.875 12.0625
1532264738354969 -46.4375 30.8125 -11.3125
1532264738641197 20.125 -11 1.25
1532264738699042 8.0625 -12 0.625
1532264738751901 33.5625 -11.75 -0.0625
1532264738926434 157.063 -91.625 3.875
1532264738964333 193.813 -95.125 -8.8125
1532264738985277 197.063 -96.4375 -13.75
1532264739021181 169.375 -77.1875 -42.875
1532264739038135 166.438 -63.0625 -65.4375
1532264739088999 147.5 -47.4375 -101.25
1532264739128908 109.5 -49 -122.313
1532264739241591 42.5 -48.25 -115.813
1532264739318386 25 -39 -46.25
1532264739383212 9.9375 -25.3125 -21.5625
1532264739405154 -7.5625 -30.8125 -8.6875
1532264739443053 -25.3125 -55.4375 3.25
1532264739487932 -30.4375 -69.875 7.8125
1532264739538796 -53.9375 -134.938 21.3125
1532264739569714 -28.8125 -178.313 43
1532264739585691 -30.6875 -183.25 41.8125
1532264739628556 -40.6875 -148.688 25.75
1532264739660482 -27 -113.75 12.3125
1532264739681414 -42.75 -93.3125 6.875
1532264739720311 -40.8125 -59.9375 1.8125
1532264739759207 -27.25 -43.8125 -0.8125
1532264739803107 -14 -3.0625 2.0625
1532264739840994 -18.6875 8.5 8.375
1532264739869925 -14.5625 17.8125 17.6875
1532264739883873 -8.375 16.375 27.75
1532264739899831 -4.75 10.25 46
1532264739922770 -40.5625 -2 62.4375
1532264739959671 -22.625 0.625 86
1532264739982610 -0.3125 1.4375 99.1875
1532264740020508 -47.9375 0.75 106.375
1532264740042449 -66.8125 -2.625 99.625
1532264740063394 -72.4375 -7.1875 95.125
1532264740087330 -73.625 -12.125 98.4375
1532264740147179 -56 -49.875 82.625
1532264740163127 -19.4375 -64.25 80.9375
1532264740184071 -6.125 -74.75 75.375
1532264740288791 -21.8125 -77.5625 46.125
1532264740365586 13.3125 -38.75 23.6875
1532264740483271 -6 -8.375 4.625
1532264740523164 -8.1875 0.4375 2.6875
1532264740543111 -9 2.5 4.125
1532264740627884 -9.5 12.6875 25.8125
1532264740642844 0.375 12.625 30.25
1532264740664785 19.4375 13.0625 37.5
1532264740702684 51.8125 17.75 63.3125
1532264740785464 120 51 93.375
1532264740845303 186.563 85.25 73.625
1532264740866247 209.938 92.3125 47.5
1532264740882204 216.188 94.25 18.0625
1532264740952017 139.625 62.4375 8.5
1532264741017841 117.625 60.75 -36.8125
1532264741033798 134.75 52.25 -46.9375
1532264741053753 89.9375 38.625 -37.875
1532264741092642 35.4375 20.6875 -25.75
1532264741168452 4.4375 0.0625 -9
1532264741311057 -6.25 -7.5 -4.9375
1532264741333996 4.375 -0.875 -9.9375
1532264741406801 25.5625 18.625 -24.625
1532264741421761 2.875 20.75 -19.75
1532264741457666 38.1875 5.6875 -22.75
1532264741507532 -5.625 -23.6875 -38.125
1532264741536454 0.4375 -58.1875 -34.5625
1532264741549420 15.25 -65.1875 -40.3125
1532264741602278 -7.875 -82.375 -32.8125
1532264741630203 -34.25 -100.938 -32.6875
1532264741662119 -54.75 -95.5 -31.0625
1532264741712983 -27.8125 -84.9375 -34.625
1532264741790774 -41.25 -64.625 -14.4375
1532264741834657 -23.875 -47.625 -9.8125
1532264741878547 -29.5625 -33.4375 -9
1532264741908460 -11.625 -17.625 -7.125
1532264741953346 -17.6875 3.8125 2.9375
1532264741998220 10.625 48.625 -2.9375
1532264742103937 -55.5 209.938 -38.625
1532264742193697 -60.125 224.875 -85.6875
1532264742211649 -72 213.25 -90.1875
1532264742250545 -90.5 186 -98.8125
1532264742275478 -88.4375 156.5 -114.438
1532264742381204 -100 60.4375 -183.563
1532264742418097 -90.6875 25.9375 -200.625
1532264742479932 -77.625 -42.6875 -198.063
1532264742606592 -22.6875 -73.375 -109.313
1532264742650476 -6 -16.625 -35.5
1532264742770155 23.4375 10.75 30.3125
1532264742849942 12.5 5.375 31.125
1532264742912774 10.9375 -8 11.875
1532264742990566 63 -34.25 -1.75
1532264743093291 163 -114.25 17.125
1532264743139169 223.375 -147.438 5
1532264743185046 216.063 -136.75 38
1532264743192027 161.438 -114.375 40.25
1532264743223942 101.938 -90.75 42.5625
1532264743275803 70.25 -41.0625 37.0625
1532264743290763 51.1875 -29.9375 34.5
1532264743350603 19.625 -10.6875 27.4375
1532264743356587 17.25 0.1875 21.9375
1532264743379526 13.9375 2.8125 19.1875
1532264743395483 3.625 4 18.125
1532264743425403 -1.0625 4.4375 14.625
1532264743455323 10.375 -0.9375 9.3125
1532264743470283 3.4375 -6.6875 8.625
1532264743516160 -0.75 -12.875 5.1875
1532264743567024 30.5 -15.0625 0.875
1532264743573008 16.8125 -9.9375 15.625
1532264743619883 8.4375 4.6875 -11.4375
1532264743633846 14.9375 18.375 9.1875
1532264743649803 -8.625 22.1875 32.1875

1532264743679723 -43.375 3.5625 20.9375
1532264743693685 -25.25 -4.25 3.375
1532264743732581 14.0625 -2.125 -0.375
1532264743816361 -10.75 13.4375 5.8125
1532264743836304 -22.5625 5.125 -9.5
1532264743898146 50 28 9.625
1532264743916097 8.125 5.1875 26.125
1532264743941031 33.5625 6.375 40.125
1532264743981936 35.0625 -4.6875 50.5
1532264743986908 14.4375 -17.625 62.625
1532264744032786 7 -49.25 84.625
1532264744053735 15.625 -82.8125 77.1875
1532264744070684 16.1875 -92.125 66.8125
1532264744092626 -0.3125 -105.438 48.75
1532264744113600 -8.8125 -118.125 37.3125
1532264744137536 1.375 -131.25 39.0625
1532264744152507 10.375 -140.563 32.5625
1532264744173441 -16.25 -148.438 7.375
1532264744190396 -32.6875 -154.5 -19.5625
1532264744212336 -45.1875 -155.438 -46.3125
1532264744249238 -61 -126.188 -71.4375
1532264744294118 -80.6875 -104 -67.0625
1532264744316059 -96.1875 -85.625 -79.5625
1532264744333013 -76.6875 -59 -71.75
1532264744354955 -52 -49.0625 -54.125
1532264744375899 -67.25 -50.875 -47.6875
1532264744414795 -89.375 -37.5625 -43.125
1532264744452694 -19.75 11.6875 -12.75
1532264744475632 -9.3125 22.25 6.375
1532264744512534 -28.0625 3.375 4
1532264744556416 18.9375 -7.4375 7
1532264744572378 24.25 -8.375 3.75
1532264744616256 15.1875 -5.8125 -0.875
1532264744640192 6.75 -3.25 -0.375
1532264744700032 0.375 -2.4375 1.5625
1532264744729966 5.6875 -1.6875 1.6875
1532264744752906 6 0.3125 1.5
1532264744789792 -3.625 2.1875 0.375
1532264744812731 -7.1875 2.1875 -0.25
1532264744835684 -7.5 2.5625 -0.5625
1532264744849632 -5.0625 4.625 0.9375
1532264744878555 -3 5.8125 3
1532264744916453 -12.8125 9.8125 15.4375
1532264744932411 -22.3125 21.25 28.75
1532264744955350 -19.125 32.125 38.5625
1532264744992251 -0.5625 68.625 64.6875
1532264745038138 21.625 93.75 86.375
1532264745075030 -31 159.813 146.813
1532264745095973 -34.6875 163.375 167.688
1532264745142848 25.125 184.625 193.375
1532264745172768 54.9375 204 184.688
1532264745194709 63.375 207.313 173.5
1532264745217648 65.625 201.75 172.25
1532264745271504 30.375 171.688 166.125
1532264745322368 -0.1875 111.5 126.188
1532264745382208 -22.5625 44.9375 62.875
1532264745396171 -33 30.3125 46.5
1532264745412129 -40.125 21.75 32.6875
1532264745435068 -44.625 14.4375 23.375
1532264745473963 -50.4375 8.5 17.625
1532264745517845 -18.3125 9.5625 -5.375
1532264745554747 -25.9375 14.75 -6.875
1532264745577685 -37.5 13.1875 -0.875
1532264745598629 -36.6875 11.125 -6.8125
1532264745638523 4.4375 10.25 -5.75
1532264745675439 -0.9375 8.875 0.75
1532264745697365 -6 12.4375 -1.8125
1532264745735264 9.5 11.9375 2.5
1532264745757207 4.5625 10 5.625
1532264745824028 11.6875 -4.9375 -5.125
1532264745854944 -4.75 -2.8125 -1
1532264745877883 -10.5 2.125 -3.375
1532264745937738 -6.4375 2.625 -3.4375
1532264745958672 -9.625 0.25 -3.5625
1532264745997562 2.25 -1.125 -3.75
1532264746018506 -0.125 -1.5 -2.4375
1532264746035461 -4.9375 -0.75 -1.0625
1532264746087322 -7.25 1.5625 -2.0625
1532264746102283 -3.375 1.0625 -1
1532264746139184 -9 1.125 -2.125
1532264746155141 -3.625 1.875 -1.4375
1532264746206005 1.625 0.625 0.6875
1532264746237920 -0.1875 1.625 3
1532264746258864 4.5625 2.0625 7.9375
1532264746297760 13 6.0625 15.5625
1532264746318704 16.125 6.4375 17.9375
1532264746380538 12.1875 17.5625 27.3125
1532264746417453 18.375 22.1875 34.9375
1532264746440392 16.25 26.875 34.875
1532264746461322 16.625 27.6875 32.5
1532264746492240 22.8125 25 28.75
1532264746529141 28.875 12.75 14.0625
1532264746562062 40.9375 -11.625 0.4375
1532264746581002 64.0625 -28.625 2.25
1532264746597957 101.75 -53.6875 -0.625
1532264746619908 124.125 -76.75 -13.375
1532264746642837 135.813 -85.25 -24.375
1532264746687717 193.75 -68.4375 -57.5625
1532264746701680 211.188 -50.375 -60.1875
1532264746717646 224.063 -39.9375 -59.5
1532264746761519 194.063 -26.9375 -79.375
1532264746800415 202.438 -36.9375 -93.6875
1532264746821359 204.875 -44.5 -95
1532264746920111 102.063 -76.375 -90.6875
1532264746958010 81.1875 -74 -76.875
1532264747011850 70 -69.4375 -62.6875
1532264747023830 68 -44.6875 -42.25
1532264747063711 54.25 -34 -34.3125
1532264747115573 -4.0625 -6 -20
1532264747162447 -13.375 -22.5 -1.375
1532264747196357 -25.25 -34.875 3.0625
1532264747229269 -41.0625 -64.8125 10.625
1532264747273152 -46 -113.75 21.9375
1532264747347951 -22.9375 -171.188 50.375
1532264747390837 -25.1875 -174.125 20.4375
1532264747399813 -31.625 -147.313 9.375
1532264747451674 -53.0625 -84.8125 -2.8125
1532264747482591 -49.0625 -25.6875 -6.125
1532264747505530 -57.25 -1.9375 -3.375
1532264747527477 -51.4375 13.375 11.25
1532264747565370 -24.9375 25.625 33.0625
1532264747596308 -16 31 42.9375
1532264747691034 -47.1875 56.875 125.25
1532264747767829 -19.0625 59.0625 154.563
1532264747804729 -1.625 60.6875 168.125
1532264747870554 48.125 31.5 125.875
1532264747971284 -47.75 -70.5625 54.5
1532264748031124 -69.5 -79.0625 -7.5625
1532264748067028 -67.8125 -102.188 -15
1532264748095957 -73.5625 -114.75 -25.5625
1532264748132858 -76.625 -126.313 -42.0625
1532264748215636 -40.25 -72.125 -57.3125
1532264748230598 -60.125 -47.875 -41.125
1532264748290437 -46.9375 15.0625 -12.1875
1532264748344293 -24.8125 30.0625 -3.3125
1532264748373216 -12.25 31.25 1.25
1532264748395157 -6.1875 29.4375 -0.6875
1532264748441035 -2.125 23.0625 -5.1875
1532264748530794 -4.5 12.6875 8.6875
1532264748546752 7.375 16.8125 19.0625
1532264748602602 27 21.625 28.8125
1532264748673414 97.75 88.3125 102.25
1532264748824026 177.875 148.75 10.125
1532264748838970 129.438 131.375 5.3125
1532264748930724 93.125 61.8125 -17.0625
1532264748967626 47.9375 18.875 -7.4375
1532264749186042 -7.75 -19.9375 -4.75
1532264749334644 -0.375 -12.125 -10.3125
1532264749462304 34.75 -53.9375 -22.25
1532264749533115 -48.6875 -82.6875 -34.625
1532264749612901 -75.75 -94.1875 -43.8125
1532264749637835 -45.3125 -94.0625 -50.875
1532264749656784 -35.8125 -92.125 -42
1532264749696677 -21.75 -86.4375 -34.875
1532264749768485 -13.8125 -78.25 -27.4375
1532264749788431 -20.375 -62.625 -15.3125
1532264749891157 -10.6875 -1.6875 -12.875
1532264749948005 -50.5 212.938 -36.9375
1532264749988898 -69 260.313 -72.6875
1532264750100597 -27.4375 160.5 -101.125
1532264750168415 -36.5625 106.438 -111.75
1532264750190369 -54.3125 40.3125 -156.563
1532264750250207 -45.3125 -42.3125 -191.438
1532264750310037 -67.5625 -117.688 -212.125
1532264750407775 -70.25 -113.5 -154.563
1532264750490561 -26.0625 -37.4375 -52.4375
1532264750527456 -13.1875 -14.125 -21.8125
1532264750691023 19.5625 2.625 12.25
1532264750708000 16.875 -0.8125 14.25
1532264750826655 36.5 -31.8125 16.25
1532264750991215 166.563 -72.875 94.875
1532264751097938 128.875 -57.3125 72.375
1532264751127867 138.75 -49 59.625
1532264751157778 85.4375 -44.6875 42.8125
1532264751186715 0.1875 -34.25 32.3125
1532264751225597 -8.25 -23.6875 26.4375
1532264751285436 12.5 -13.5 12.6875
1532264751298401 7.6875 -10.25 1
1532264751361234 -9.3125 -19.625 -1.125
1532264751390156 14.8125 -37.0625 -9.625
1532264751421073 33 -44.375 -11.3125
1532264751450006 -11.25 -17.6875 3.375
1532264751472934 -23.625 6.6875 0.1875

1532264751500860 -35.9375 28 26.25
1532264751532954 -19.1875 -7.1875 -6.625
1532264751613737 12.75 45.4375 11.5
1532264751682552 -39.125 33.625 30.25
1532264751728430 31 15.4375 56.5
1532264751787273 -2 -16.875 59.5625
1532264751819188 27.625 -40.375 69.9375
1532264751855092 -0.125 -76.75 70.25
1532264751878030 -7 -104.125 42.125
1532264751892990 1.9375 -119.875 35.6875
1532264751913934 -4.5 -130.75 24.4375
1532264751952830 -35.875 -156.063 -27.5
1532264751973774 -45.6875 -167.813 -56.1875
1532264751989732 -70.75 -160.5 -83.375
1532264752020648 -81.625 -140.563 -90
1532264752042590 -88.8125 -122.25 -84.375
1532264752072510 -111.063 -74.9375 -92.8125
1532264752102431 -90.875 -54.1875 -77.9375
1532264752155289 -63.625 -35.75 -43.875
1532264752177230 -60.5 -38.75 -37.3125
1532264752193188 -52.5625 -39.0625 -35.5
1532264752215146 -43.75 -35.5625 -25.9375
1532264752274986 -3.6875 13.0625 5.375
1532264752303892 2.1875 11.1875 13.625
1532264752334809 -6 -1.3125 11.5625
1532264752355753 10.375 -3.1875 11.5625
1532264752378691 23.5 -4.0625 14.5625
1532264752395653 24.125 -4.75 13.25
1532264752416590 22.5 -4.125 12.625
1532264752432547 19.125 -3.0625 12.6875
1532264752462467 13.6875 -1 15.9375
1532264752483411 2.5 4.375 22.875
1532264752521310 -14.1875 17.4375 34.125
1532264752544249 -12.625 37.0625 45.8125
1532264752575167 -39.25 68.375 72.4375
1532264752596110 -7.625 74.3125 91.0625
1532264752635006 1.625 103.063 128.188
1532264752655950 2.1875 108.438 153.688
1532264752679886 0.8125 113.125 174.5
1532264752715790 1.5625 148.75 189.563
1532264752739725 38.625 155.688 220.188
1532264752754686 65.3125 164.938 229
1532264752823502 138.188 186.125 222.625
1532264752867384 97.3125 180.625 182.438
1532264752913262 72.875 157.75 151.063
1532264752927224 61.875 147.938 133.875
1532264752972105 19.5625 100 78.375
1532264753025961 5.125 86.1875 66.5
1532264753077822 -16.3125 51.75 23.625
1532264753101768 -5.625 43.25 16.25
1532264753153619 -20.375 37.0625 -8.8125
1532264753190520 -52.125 26.4375 -9.25
1532264753218446 -47.875 21 -41.4375
1532264753318201 -45.5625 22.4375 -23.6875
1532264753633351 42 -25.8125 13.75
1532264753745037 170.25 -48.0625 -42.125
1532264753797899 182.563 -52.25 -64.125
1532264753864718 180.313 -69.1875 -89.625
1532264753985395 134.813 -100.625 -92.5625
1532264754039251 96.3125 -94.1875 -67.4375
1532264754091113 66.8125 -73.75 -38.875
1532264754098094 49.3125 -63.3125 -33.25
1532264754165913 23.875 -38.8125 -19.5
1532264754195832 -0.125 -24.0625 -11.3125
1532264754224755 -18.1875 -24.875 -0.0625
1532264754255672 -17.3125 -32.8125 3.5
1532264754277614 -35.125 -61.6875 3.9375
1532264754300553 -46.3125 -82.75 7.9375
1532264754321496 -44.9375 -105.813 15.875
1532264754377347 -36.3125 -166.813 36.3125
1532264754413259 -26.375 -193.188 45.125
1532264754427214 -24.3125 -168.688 31.5
1532264754474091 -5.6875 -138.375 27
1532264754485058 -32.25 -70 6.875
1532264754552877 -50 -6 -8.4375
1532264754645630 -1.8125 24.0625 0.1875
1532264754668567 -2.625 27 2.6875
1532264754778275 9.0625 40.9375 64.875
1532264754845096 -15.625 -9.75 96.6875
1532264754942835 -39.0625 -102.188 50.875
1532264754990707 -42.625 -130.5 15.1875
1532264755002675 -71.375 -144.125 -0.8125
1532264755025613 -86.3125 -146.25 -8.1875
1532264755072488 -67.9375 -139.5 -31.125
1532264755135319 -99.1875 -121.688 -56.1875
1532264755149283 -66.4375 -102.75 -54.3125
1532264755184208 -48.0625 -69.875 -35
1532264755299880 -15.5 4.375 5.0625
1532264755370690 -9.625 5.5625 10.75
1532264755385650 6.25 1 11.1875
1532264755433523 12.375 -5.875 7.0625
1532264755445491 14.5625 -1.25 12.5625
1532264755505331 11.125 11.4375 29.4375
1532264755528269 1 21.125 39.5625
1532264755582125 -3.6875 47.4375 68.125
1532264755612045 -17.5 71.5625 95
1532264755685848 31.9375 76.9375 117.625
1532264755703800 56 73.25 113.25
1532264755745688 60.3125 56.3125 81.5
1532264755800541 55.875 41.4375 60.1875
1532264755889303 11.6875 0.4375 8
1532264755973080 22.625 6.4375 8.9375
1532264756032919 14.625 5.5625 18.0625
1532264756069821 67.0625 4.875 62.625
1532264756166562 126.313 26.1875 120.063
1532264756205458 151.813 59.5 114.063
1532264756386973 113.188 55.9375 -18.75
1532264756518620 -5.25 4.125 11.75
1532264756686173 -5.5625 -3.875 -7.4375
1532264756736040 -19.8125 -3.375 -10.0625
1532264756760973 -5.8125 -0.0625 -18.25
1532264756795879 4.8125 3.8125 -29.875
1532264756857714 8.1875 4.0625 -42
1532264756887643 20.125 -5.75 -42.9375
1532264756910573 13.1875 -12.4375 -46.8125
1532264756955453 4.375 -20.8125 -46.875
1532264756986385 18 -57.1875 -36.0625
1532264757013298 18 -80.3125 -45
1532264757037234 5.3125 -84.75 -40.5625
1532264757075133 -27.375 -101.063 -32.6875
1532264757090094 -48.75 -102.125 -34.5625
1532264757113053 -47.25 -101.125 -36.25
1532264757127991 -39.5625 -100.375 -36.1875
1532264757248668 -12.1875 -69.625 -12.375
1532264757268615 -26.625 -51.1875 -14.75
1532264757353389 -7.0625 -29.1875 -3.5625
1532264757367351 -21.8125 -8.875 0.25
1532264757435170 -13.25 61.125 9.0625
1532264757466087 -4.8125 101.125 10.25
1532264757735367 -55.125 127.563 -124.563
1532264757802188 -54.125 45.1875 -146.688
1532264757819143 -53.875 17.5625 -166.313
1532264757967746 -54.8125 -150.5 -212.688
1532264758208103 4.6875 -4.875 4.4375
1532264758250988 8.5 -3.0625 8.1875
1532264758491345 4.8125 -14.6875 6.625
1532264758530241 38.375 -25.8125 8.8125
1532264758567143 97.0625 -36.1875 26.6875
1532264758626982 140.938 -76.5625 105.938
1532264758678844 158.75 -103.938 112.188
1532264758732701 112.688 -99.375 89.1875
1532264758770599 125.25 -78.25 60.5625
1532264758830438 47.5625 -63.875 36.0625
1532264758858364 37.9375 -54.5 27.9375
1532264758905238 37.375 -28.5 9
1532264758972060 32.0625 -20.0625 3.4375
1532264759018935 26.125 -19.625 3.1875
1532264759070796 0.1875 -2.375 3.875
1532264759098722 14 -1.1875 7.125
1532264759182497 16.5 5.75 20.125

1532264759222408 -3.125 0.125 12.6875
1532264759296202 -3.75 -6.9375 -13.4375
1532264759333095 28.4375 5 -10.8125
1532264759370993 23.8125 20.6875 14.5625
1532264759409889 -14 -0.4375 11.875
1532264759521591 -4.4375 10.75 33.5625
1532264759533559 -20 3.75 35.75
1532264759685153 -8.6875 -20.0625 16
1532264759700113 -15.625 -24.25 5.3125
1532264759790874 -17.25 -25.875 -1.8125
1532264759831762 -15.875 -23.0625 -3.75
1532264759964407 -7.4375 -0.125 16.5625
1532264760105038 0.3125 17.875 19.9375
1532264760420188 26.875 12.6875 21.6875
1532264760428167 23.3125 8.625 24.8125
1532264760456092 18.625 5 28.9375
1532264760591729 24.9375 4.1875 22.75
1532264760636610 13.625 17.5 29.75
1532264760698444 -9.75 27.125 14.8125
1532264760718390 -15 32 15
1532264760796187 22.375 13.25 -3.9375
1532264760818124 8 -13.5 -1.25
1532264760848044 -35.5625 -17.6875 -2.8125
1532264760960746 -102.313 80.0625 67.875
1532264761034545 -1.75 147.938 112.438
1532264761073441 -19.125 139.688 122.938
1532264761100369 -14.375 121 120.063
1532264761145249 -7.6875 92.8125 104
1532264761192132 -23.125 73.3125 85.5625
1532264761265926 -15.3125 31.625 17
1532264761310806 -35.25 11.25 -1.875
1532264761402564 -15.625 18.0625 -16.75
1532264761463398 -5.875 7.6875 -8.9375
1532264761521243 4.9375 3.1875 -6.5
1532264761531217 6.6875 3.8125 -2.625
1532264761628955 9 -6.0625 2.5
1532264761647905 14.75 -10.4375 1.5
1532264761755617 57.6875 -39.9375 -8.875
1532264761794513 153.875 -53.0625 -48.25
1532264761820443 180.75 -59 -78.25
1532264761846373 195.875 -67.75 -89.8125
1532264761921173 171.375 -93.9375 -112.563
1532264761995974 181.625 -83.375 -139.125
1532264762129616 77.3125 -53.4375 -75.6875
1532264762142581 75.125 -47.8125 -62.875
1532264762182475 52.0625 -45.8125 -45.8125
1532264762221371 -1.9375 -54.6875 -6.4375
1532264762326091 -20.1875 -73.5 -6.75
1532264762413857 -31.9375 -161.625 35.3125
1532264762460732 -26.1875 -113.25 10.5625
1532264762550491 -30.375 -11.0625 -6.4375
1532264762573433 -31.3125 3.5625 -4.625
1532264762641249 -13 29.875 3.0625
1532264762678166 -7.6875 37.3125 17.8125
1532264762723030 -26.8125 37.625 76
1532264762766927 -4.75 37.5625 110.063
1532264762903548 -30.5625 -7.8125 133.188
1532264762941446 -63.6875 -41.0625 101.688
1532264762990317 -34.375 -52.25 84.5
1532264763106005 -31.625 -83.5 47.3125
1532264763294502 -8.875 -14.6875 1.1875
1532264763308464 -16.625 -3.625 3.5625
1532264763330406 3.75 10.125 21.4375
1532264763548824 176.313 94.625 128.063
1532264763607665 178.688 123.188 -9
1532264763675483 98.0625 101.625 -25.9375
1532264763735322 126.75 66.9375 -49.5
1532264763775217 57.125 33.625 -25.8125
1532264763803142 21.625 1.1875 -9.625
1532264763884922 -6 -11.5 -4.875
1532264763922821 -10.75 -12.8125 -1.4375
1532264763960725 4.3125 -11.4375 -5.9375
1532264764012595 -7.5 -7.4375 -1.625
1532264764090374 -1 -3.6875 -1.125
1532264764125280 2.0625 3.375 -5.625
1532264764163179 29.4375 7.875 -15.625
1532264764193099 33.5 10.1875 -18
1532264764276874 12.25 -8.875 -8.4375
1532264764327738 16.375 -62 5.9375
1532264764405531 1.5 -82.125 12.375
1532264764416501 -12.1875 -89.6875 16.375
1532264764456395 -23.5 -81.875 11.5
1532264764492299 -39.5 -82.25 1.1875
1532264764531208 -36.75 -91.125 -2.5
1532264764619962 -42.4375 -75.1875 -18.9375
1532264764679797 -25.875 -36.5625 -19.5
1532264764702736 -23.25 -29 -15
1532264764763573 -0.625 9.5625 -19.5
1532264764768560 4.625 33.1875 -20.5
1532264764808453 -19.375 55.125 -24.0625
1532264764829397 -7.6875 120.375 -55.125
1532264764846352 -12.1875 151.313 -76
1532264764956058 -81.3125 212.563 -124.563
1532264765008917 -95.1875 191.625 -145.313
1532264765047813 -113.375 155.625 -144
1532264765390895 -1.6875 -50.3125 -74.5
1532264765490629 -4.6875 10 1.875
1532264765587370 16.125 6.375 21.875
1532264765804789 44.0625 -57.25 27.4375
1532264765867621 123.063 -89.5625 67.9375
1532264765931450 163.063 -143.063 101.063
1532264765970346 157.313 -125.625 83.125
1532264766015226 159.375 -80.625 58.125
1532264766075066 44.625 -38.625 43.1875
1532264766090027 18.125 -31 33.875
1532264766119958 5.1875 -25.5625 21.75
1532264766157845 6.125 -21.25 6
1532264766211701 8.3125 -16.6875 4.1875
1532264766232657 -3.3125 -11.875 -1.875
1532264766271540 -5.625 -10.0625 -5.1875
1532264766292484 -3.0625 -11.5 -9.25
1532264766382244 10.5625 4.4375 -21.75

1532264766421144 12.4375 11.6875 -12.5
1532264766438095 -24.875 8.5 22
1532264766495941 -12.6875 -14.5625 1.25
1532264766511901 30.9375 19.5 -6.875
1532264766548799 -3.5625 24.9375 4.6875
1532264766600661 43.75 26.25 28.625
1532264766636564 -5.5625 18.4375 46.0625
1532264766685435 -26.3125 12.9375 38.375
1532264766696404 30.25 2.9375 54.1875
1532264766734303 -5.4375 -15.75 75.375
1532264766788159 12.5625 -60.25 76.1875
1532264766810100 11.8125 -96.25 66.125
1532264766839023 6.875 -110.875 52.0625
1532264766853983 11.125 -129.125 39.5
1532264766913823 -36.0625 -167.75 -22.8125
1532264766973663 -83.5625 -136.313 -81.875
1532264767012576 -83.5625 -103.063 -83.875
1532264767035498 -123.313 -90.25 -95.375
1532264767065418 -141.375 -70.875 -98.5625
1532264767116282 -59.625 -42.25 -57.125
1532264767155178 -64 17.75 -19.875
1532264767178117 -28.625 34.3125 0.375
1532264767193076 -26.5 23.375 7.25
1532264767215017 -37.0625 10.125 4.6875
1532264767235962 -31.3125 -5.5 0.5625
1532264767282849 24.9375 -14.5625 -1.5625
1532264767312757 29.375 -2.375 3.9375
1532264767334697 15.125 -1.3125 7.1875
1532264767372604 -4.125 -3.5 4.625
1532264767432436 8.625 -1 4
1532264767477316 -1.875 5.3125 8.75
1532264767501252 -12.1875 7.9375 13.375
1532264767561092 -40.6875 59.875 49.4375
1532264767598990 -72.9375 101.75 73.875
1532264767617941 -84.5 103.5 89.375
1532264767658847 -21.75 125.25 118.813
1532264767700719 -4.625 121.563 165.625
1532264767725652 5.375 122.188 180
1532264767763551 54.5 133.125 183.938
1532264767820399 70.125 143.313 187.938
1532264767838350 72.6875 141.25 181
1532264767888217 46.0625 132.75 162.188
1532264767918138 55.375 120.125 142
1532264768009892 12.375 80.1875 103.688
1532264768037817 -2 64.1875 79.3125
1532264768060756 2.875 58.1875 64
1532264768100666 10.3125 52.625 40.25
1532264768158495 -11.5625 25.5 3.25
1532264768180436 -20.375 20.625 -4.875
1532264768215343 -26.75 16.6875 -9.8125
1532264768288148 -20.1875 5 -29.625
1532264768318067 -32.5625 7.5 -37.375
1532264768420793 -22.625 3.3125 -42.75
1532264768505567 2.3125 -13.75 -29.9375
1532264768525513 -2.9375 -10.4375 -19.125
1532264768566404 10.9375 2.6875 -17.0625
1532264768618269 3.875 8.5 5.25
1532264768695060 5.3125 6.625 7.25
1532264768843663 58.4375 -33.5625 4.75
1532264768939407 165.063 -29.1875 -41.0625
1532264768968329 196.5 -20.25 -53.375
1532264769028169 160.375 -34.125 -62.25
1532264769061082 156.125 -45.5625 -76.6875
1532264769174777 137.375 -73.25 -94.375
1532264769284484 28.6875 -12.375 -24.6875
1532264769337342 29.3125 -8.0625 -9.875
1532264769398180 17.8125 -17.5625 -1.375
1532264769459034 -38.125 -75.75 5.1875
1532264769503897 -41.375 -117.188 7.375
1532264769560745 -30.375 -166.25 21.6875
1532264769600654 -33.3125 -147.313 18.6875
1532264769621582 -30.0625 -127.5 12.3125
1532264769660478 -15 -80.25 9.1875
1532264769688403 -29.3125 -60.875 8.875
1532264769750247 -17.6875 -11.875 1.875
1532264769780158 -9 7.625 2
1532264769817060 -12.0625 25.125 14.5625
1532264769878904 0.375 40.5 30.4375
1532264769915796 -13.625 46.4375 50.625
1532264769981620 -47.875 26 94.4375
1532264770042462 -55.1875 -4.25 95.375
1532264770117256 -66.375 -58.5 87.5
1532264770140201 -44.8125 -79.1875 66.25
1532264770237934 -48.9375 -115.438 38.5
1532264770352633 -18.0625 -69.8125 -3.125
1532264770423438 -10.375 -13.0625 0.9375
1532264770468330 -13.5625 5.6875 6.5
1532264770485273 -6.5625 10.625 7.5625
1532264770523171 3.5625 16.875 11.4375
1532264770560073 25.6875 22.625 23.8125
1532264770597972 37.6875 26.375 30.375
1532264770649833 56.4375 41.875 66.5625
1532264770723635 121.813 88.125 89.0625
1532264770783475 175.75 128 66.375
1532264770824367 179.375 129.438 22.125
1532264770860270 168.813 119.938 5.75
1532264770890190 59.5 97.9375 3.6875
1532264770928103 59.625 89.5625 -6.9375
1532264770965987 91.0625 42.5 -26.1875
1532264770980962 39.625 21.125 -9
1532264771041785 4.5 -0.875 -6.6875
1532264771062729 20.25 -13.875 -3.5625
1532264771101625 4.25 -14.625 -1.8125
1532264771115587 2.25 -12.125 -8.125
1532264771154483 16.75 -5.4375 -21.3125
1532264771235267 21.875 19.5 -56
1532264771244243 23.0625 16.4375 -59.5625
1532264771288126 43 -20.1875 -45.0625
1532264771303086 24.125 -67.375 -40.1875
1532264771331010 10.9375 -79.6875 -38.5625
1532264771362926 -12.875 -91.5 -30.875
1532264771392846 -35.6875 -94.125 -33.1875
1532264771405811 -45.8125 -96.3125 -35.25
1532264771452686 -25.25 -104 -38.1875
1532264771467646 -27.75 -101.75 -32.625
1532264771512525 -21 -100.938 -25.625
1532264771542446 2.1875 -82.3125 -17.3125
1532264771571369 6 -71.8125 -13.5
1532264771586329 4.875 -62.125 -17.625
1532264771616248 7.0625 -43.8125 -15.375
1532264771632206 8.625 -25 -8.1875
1532264771663123 -15 33.375 -6.625
1532264771687059 -17.0625 78.5625 -9.25
1532264771708003 -8.4375 118.188 -4.6875
1532264771721966 -6.375 154.375 -6.75
1532264771744904 -22.6875 183.938 -22
1532264771781805 -45.375 225.563 -49.5625
1532264771804744 -38.3125 237.063 -60.5625
1532264771833667 -30.5 243.313 -74.625
1532264771865581 -54.1875 230.75 -99.9375
1532264771886525 -59.125 216.938 -101.5
1532264771916445 -46.75 196.625 -105.063
1532264771948360 -11.5 147.125 -121.313
1532264772008200 -69.1875 75.5 -149
1532264772022168 -84.0625 55.125 -159.563
1532264772149822 -51.5 -78.25 -244.375
1532264772172760 -58.1875 -92.6875 -245.563
1532264772187720 -48.4375 -101.813 -246.25
1532264772313384 7.5625 -35.9375 -79.875
1532264772353278 -18.25 -15.125 -32.6875
1532264772464980 9.5 6.5625 18.6875
1532264772502878 7.5 4.75 17.375
1532264772568702 9.9375 -5.0625 6.6875
1532264772652478 1.4375 -10.375 -2.0625
1532264772795096 33.6875 -24.5 21.125
1532264772839976 87.3125 -32 33.75
1532264772907794 113.063 -74.9375 90.4375
1532264772944696 131.938 -113.063 83.25
1532264773071357 125.5 -89.9375 79.5
1532264773095293 96.5 -75.3125 76.625
1532264773170093 37.1875 -39.1875 37.875
1532264773229933 -0.75 -19.1875 17.75
1532264773258856 -10.125 -10.25 11
1532264773289773 -11.375 -3.375 10.4375
1532264773343629 -9.625 -3.5 6.625
1532264773373560 1.375 -10.6875 4.125
1532264773440384 26.875 -19.9375 3.375
1532264773485251 42.5625 -4.3125 13.875
1532264773509187 -13.1875 25.375 18.3125

1532264773538109 -40.9375 3.375 17.1875
1532264773568029 38.8125 14.125 -8.6875
1532264773589971 67 27 -1.0625
1532264773627869 -12.8125 39.375 3.5
1532264773651805 12.8125 43.25 21.625
1532264773670754 -32.8125 47.9375 31.8125
1532264773710648 -49.875 32.625 30.625
1532264773731592 15.1875 34.9375 56.875
1532264773762509 -2.6875 28.5625 60.9375
1532264773792429 -16.25 -2.875 77.875
1532264773815368 11.75 -27.125 80
1532264773852268 -15 -78.1875 62.0625
1532264773867229 -14.375 -97.5 44.9375
1532264773890168 -3.6875 -113.75 27.9375
1532264773913107 -6.8125 -135.875 17.0625
1532264773966962 -35.9375 -160.688 2.125
1532264774003864 -61 -163.438 -95.1875
1532264774037773 -88.25 -124.188 -86.8125
1532264774075672 -105.688 -82.9375 -66.0625
1532264774097613 -102.813 -67.6875 -68.75
1532264774120551 -74.6875 -62.8125 -67.0625
1532264774135512 -53.375 -71 -63.9375
1532264774165432 -63.6875 -76.375 -68.25
1532264774203331 -67.5625 6.375 -31.75
1532264774236242 -10.9375 22.3125 20.5625
1532264774278130 -28.0625 -15.3125 7.3125
1532264774296082 11.0625 -23.1875 -4.375
1532264774316029 49.1875 -21 -4.625
1532264774337970 56.75 -13.375 -3.0625
1532264774355922 46.375 -5.9375 2.3125
1532264774398808 -0.9375 -5 5.75
1532264774423751 -10.125 -6.8125 2.5
1532264774458647 8.5625 -4 -3.3125
1532264774481586 8.25 -1.1875 -1.6875
1532264774518487 8.8125 1.125 3.125
1532264774533448 -4.5625 3.0625 2.125
1532264774557393 -12.25 4.4375 0.625
1532264774587303 -7.9375 4.9375 1.8125
1532264774593288 -13 9.5 3.875
1532264774639165 -7.8125 7.8125 2.625
1532264774653128 -5.8125 7.0625 2.3125
1532264774684045 -3.375 7.25 3
1532264774699005 -2 6.6875 3.375
1532264774735906 -4.125 5.5625 3.1875
1532264774772807 2.5625 0.625 3.1875
1532264774855586 0.75 1.375 -1.375
1532264774878525 0.4375 1.4375 -0.875
1532264774915426 -1.0625 1.4375 0.75
1532264774947340 -1.0625 1.625 1.625
1532264774975266 -1.0625 1.875 1.5
1532264775007196 -1.9375 3.125 3.0625
1532264775058045 -13.625 9.9375 27.1875
1532264775073005 -30.625 17.5 33.0625
1532264775117885 -5.375 59.3125 55.9375
1532264775163763 -37.3125 97.5625 100.125
1532264775201661 -11 131.938 154.625
1532264775215623 2.3125 139.563 181.375
1532264775239559 6.25 138.938 203.313
1532264775275463 43.3125 153.063 221.313
1532264775316367 59.375 160.625 232.375
1532264775390156 76.5 153 199.875
1532264775433043 56.75 134.688 164.688
1532264775481912 37.25 112.313 128.063
1532264775485901 29.6875 104.75 114.5
1532264775555713 -13.5625 48.4375 32.5
1532264775585634 -14.4375 40.3125 16.125
1532264775598599 -21 36.75 21.3125
1532264775630521 -33 33.375 30.125
1532264775658439 -72.5625 34.0625 15.8125
1532264775721271 -28.4375 27.625 -23.375
1532264775778119 -4.375 8.625 -13.875
1532264775796070 -13.6875 6.125 -11.125
1532264775819010 1.625 2.375 -11.375
1532264775897799 2 -2.5 -5.875
1532264775927719 15.625 -4.125 -5.8125
1532264775938690 26.6875 -7.4375 -4.1875
1532264776019479 97.75 -38.8125 -10.1875
1532264776058371 151.188 -44.125 -34.0625
1532264776078316 167.438 -40.0625 -54.375
1532264776223927 182.813 -68 -65.625
1532264776240881 190.75 -53.75 -133.688
1532264776267810 161 -58.5 -139.438
1532264776335628 79.0625 -52.75 -134.75
1532264776365549 64.6875 -50.875 -111.5
1532264776378514 62.75 -45.8125 -95
1532264776417409 38.3125 -44.4375 -61.8125
1532264776477249 44.4375 -25.75 -33.75
1532264776521132 0.8125 -13.4375 -24.6875
1532264776538086 -9.8125 -16 -18
1532264776559031 -9.625 -23.6875 -10.9375
1532264776618871 -9 -62.75 1.1875
1532264776642807 -5.9375 -74.3125 11.3125
1532264776680706 -31.5625 -109.063 18.8125
1532264776740546 -4.8125 -134.938 13.25
1532264776828311 -22.375 -102.125 13.75
1532264776860225 -20.875 -67.5625 8.5
1532264776905106 -36.1875 -39.0625 7.5
1532264776920066 -33.8125 -27.875 5.5625
1532264776957965 -25.25 -4.9375 1.0625
1532264776979906 -22.3125 3.3125 3.0625
1532264777039745 -19.375 18.9375 15.125
1532264777130502 -30.1875 17.1875 81.75
1532264777181367 -34.5 13.6875 112.563
1532264777286087 -51.0625 -45.3125 104.375
1532264777362882 -44.75 -77.5625 91.125
1532264777384822 -31.5625 -83.75 85.5
1532264777482562 -40.1875 -93.875 30.1875
1532264777497536 -37.3125 -92 15.6875
1532264777520459 -16.6875 -81.375 4
1532264777548385 -10.0625 -66.375 -6.9375
1532264777580300 -30.25 -41.125 -10.625
1532264777601244 -30.375 -22.1875 -7.0625
1532264777663079 -8.125 7.625 9.0625
1532264777759846 5.75 12.875 24.875
1532264777782776 6.0625 15.8125 29.3125
1532264777827671 14.4375 31.3125 44.0625
1532264777863560 37.9375 57 85.8125
1532264777925395 107.563 64 109.688
1532264777940355 127.688 72.0625 108.063
1532264777963294 142.5 79.1875 107.625
1532264778000205 196.625 101.063 61.5625
1532264778038102 212.25 109.938 37.625
1532264778089965 115.563 101.063 -2.875
1532264778127853 103.313 89.875 -33.5
1532264778164755 79.875 60.25 -24.25
1532264778262494 15.875 -1.75 1.4375
1532264778328333 -3 -15.875 4.625
1532264778408104 -3.75 -17.75 6.6875
1532264778456973 21.625 1.5625 -19.1875
1532264778518808 24.25 16.375 -33.375
1532264778545736 26.25 19.1875 -30.375
1532264778585629 43.25 -7.625 -18.25
1532264778599592 15.0625 -26 -16
1532264778622530 9.25 -42.5625 -22.25
1532264778645469 27.9375 -60.5 -21.0625
1532264778683368 47.0625 -65.625 -17.5625
1532264778705309 26.8125 -78.75 -20.0625
1532264778726252 12.5625 -82.5 -18.125
1532264778743208 6.8125 -76.9375 -23.0625
1532264778773128 -8.1875 -66.8125 -29.6875
1532264778847928 -21.375 -79.125 -23.125
1532264778884829 -7.3125 -70.5 -11.875
1532264778936690 -2.6875 -56.25 -0.8125
1532264778961635 -0.5 -45.625 -9.4375
1532264778973592 7.125 -32.875 -13.8125
1532264779064349 -18.625 -2.0625 -2
1532264779109228 -33.6875 180.625 -34.1875
1532264779164083 -47.1875 219.75 -54.3125
1532264779169069 -42.875 230.25 -67.8125
1532264779215944 -41.6875 235.125 -83.1875
1532264779259826 -53.3125 200.125 -96.75
1532264779265810 -62.9375 180.125 -94.1875
1532264779326648 -61.125 109.938 -118.563
1532264779342605 -61.5625 88.9375 -127.938
1532264779453309 -61.875 -24 -167.625
1532264779492205 -82.4375 -55.5625 -165
1532264779568002 -57.625 -91.875 -160.563
1532264779604904 -74.8125 -79.25 -149.813
1532264779687690 -17.875 -34.25 -80.125
1532264779749517 -9.5625 -15.0625 -47.25
1532264779792403 -0.875 -3.0625 -14
1532264779830301 16.625 5.5 9.5625
1532264779853243 19 6.4375 14.1875
1532264779948983 11.3125 5.625 12.1875
1532264779993863 -1.0625 2.375 8.1875
1532264780188344 18.875 -18.8125 -10.25
1532264780290072 89.8125 -44.25 -4.8125
1532264780444658 159.813 -99.1875 53.125
1532264780475575 123.188 -88.1875 61.0625
1532264780497526 79.5625 -78.3125 62.875
1532264780512492 45.125 -72.9375 62.0625
1532264780527436 26.25 -67.875 55.1875
1532264780563340 17.8125 -43.4375 20.5
1532264780617196 64.625 -6.3125 11.75
1532264780632157 12.625 -0.3125 35.125
1532264780673047 -13.125 0.5625 28.9375
1532264780685024 -2.8125 5.5625 15.75
1532264780715933 40.3125 8.5625 14.375
1532264780753831 4.875 3.625 16.375
1532264780806690 17 -4.3125 10.0625
1532264780828649 14.1875 -9.3125 3.625
1532264780866530 4.4375 -16.375 -2.125
1532264780888471 -0.125 -24.9375 -5.125
1532264780940333 20.9375 -31.5 -19.4375
1532264780986210 4.5625 -25.875 -5.375

1532264781016130 -28.5 4.8125 11.25
1532264781045052 -15 10.875 -11.875
1532264781081954 36.1875 25.8125 -0.25
1532264781163735 -5.125 32.0625 37.1875
1532264781171714 -48 13.375 24.625
1532264781200637 -4.375 15 34.5
1532264781253495 28.25 -9 58.8125
1532264781285410 1.5 -20.375 67.125
1532264781292391 7.9375 -46.5625 80.5
1532264781335276 27.4375 -99 83.0625
1532264781352231 23 -110.25 71.1875
1532264781395116 37.9375 -133.25 62.6875
1532264781433015 -21.625 -152.625 34.3125
1532264781455954 -44.375 -152.938 9.8125
1532264781515793 -79.875 -136.563 -80.3125
1532264781533746 -90.5 -132.813 -85.3125
1532264781583623 -178.813 -83.3125 -73
1532264781600566 -159.063 -55.5625 -76.5
1532264781635474 -73.125 -26.625 -35
1532264781653426 -86.9375 -8 -29.25
1532264781695313 -73 37.125 -6
1532264781734238 -14.3125 13.875 16.5625
1532264781755153 -12.9375 -4.125 13.75
1532264781773106 -3.625 -20.5 1.5
1532264781794049 33.3125 -28.4375 0.8125
1532264781848903 42.875 -26.5 -5.0625
1532264781875831 14.1875 -8.5625 3.75
1532264781900765 0.5625 -5.75 5.375
1532264781935671 -1.25 -8.25 -1.8125
1532264781960604 3.375 -8.25 -4.125
1532264781995525 7.0625 -5.5 -3.6875
1532264782013463 4.625 -4.375 -3.4375
1532264782034407 0.75 -3.8125 -4
1532264782055351 0.8125 -2.625 -3.5
1532264782096241 -1.5625 -1.875 -0.625
1532264782115191 -0.9375 -2.375 0.0625
1532264782156082 2.0625 -3.4375 -1.4375
1532264782176027 3.75 -2.9375 -1.9375
1532264782214924 -0.875 -1.0625 -2.875
1532264782274764 -9.9375 -2.6875 -4.125
1532264782313660 -0.125 -1.875 -1.625
1532264782341586 0.1875 -2.3125 -1.75
1532264782355548 -0.1875 -3 -1.75
1532264782396439 -4.375 -2.25 1.25
1532264782415388 -3.375 -1.25 3.375
1532264782456279 4 1.4375 6.6875
1532264782516119 2.5625 12.625 13.75
1532264782581943 -49.0625 76.875 52
1532264782595905 -12.375 97.4375 79.1875
1532264782635799 -7.4375 133 118.125
1532264782695639 7.1875 120.375 185
1532264782792379 42.8125 182.25 188.875
1532264782845239 59.375 172.563 183.813
1532264782957965 1.375 76.375 84.0625
1532264783046727 -11 39.9375 47.25
1532264783076647 -20.375 24.25 7.8125
1532264783136488 -26.0625 4.1875 -6.9375
1532264783182364 -36.9375 -0.5 -14.8125
1532264783235223 2.3125 -2.25 -9.1875
1532264783273121 -1.8125 0.0625 -6.8125
1532264783303042 -16.3125 4 -3.5625
1532264783324000 -4.1875 5.0625 -3.9375
1532264783362882 6.75 6.5 1.8125
1532264783377842 -0.125 6.8125 3
1532264783437682 11.5 6.125 -1.1875
1532264783512482 5.5 0.125 2.0625
1532264783542402 -0.3125 0.625 2.375
1532264783580301 -3.125 6.9375 5.3125
1532264783618199 1.75 10.6875 6.125
1532264783639143 -3.625 13.9375 -0.4375
1532264783737879 -17.3125 13 -9
1532264783789740 0.9375 -3.8125 -6.9375
1532264783865537 24.3125 -12.4375 -8
1532264784134818 179.438 -74.5 -122.625
1532264784180695 143.75 -67.6875 -139.75
1532264784246519 119.5 -89 -97.625
1532264784277450 90.125 -69.8125 -79.125
1532264784307356 85.4375 -48.75 -66.9375
1532264784398113 1.5625 -5.25 -25.125
1532264784434017 9.0625 -7.6875 -17.5
1532264784503831 -15.5 -39.75 1.375
1532264784524775 -26.375 -67.625 -0.6875
1532264784539744 -27.375 -83.6875 1.875
1532264784592593 -31.9375 -137.688 25.375
1532264784638470 -26 -159.5 24.25
1532264784661413 15.25 -166.063 41.75
1532264784688337 25.625 -156.063 40.125
1532264784711276 19.25 -127.688 38.25
1532264784774109 -0.0625 -37.125 19.5625
1532264784817991 -47.125 -1.25 -3.5625
1532264784860877 -20.6875 13.4375 1.0625
1532264784877837 -14.625 16.125 5.0625
1532264784899772 -27.3125 22.8125 18.1875
1532264784921713 -29.875 36.625 39.6875
1532264784969585 -23.5625 39.5625 76.25
1532264785041393 -44.5 27.625 140.563
1532264785080290 -61.5 9.75 133.25
1532264785102231 -64.0625 7.625 122.438
1532264785161073 -85.375 -41.625 106.563
1532264785177039 -82.125 -53.25 111.875
1532264785199969 -51.8125 -54.4375 111.063
1532264785222914 -21.5625 -58.4375 101.813
1532264785243852 -18.5625 -64.75 86.3125
1532264785342587 7.3125 -76.125 49.5
1532264785360541 10.5 -69.75 36.4375
1532264785440342 -13.875 -39.6875 6.9375
1532264785470247 -4.3125 -31.75 7.9375
1532264785545047 14.5625 13.0625 39
1532264785567985 23.4375 24.75 52
1532264785582945 31.5625 34.6875 76.1875
1532264785620843 36.3125 46.3125 103.063
1532264785642785 78.8125 74.5 109
1532264785695660 135.125 98.3125 105.563
1532264785723569 233.25 142.688 56.6875
1532264785747513 210.625 144.188 38
1532264785800374 181.938 108.125 -6.25
1532264785822304 166.813 86.875 -12.1875
1532264785889126 53.625 46.25 -22.0625
1532264785949978 45.0625 10.4375 -21.1875
1532264785987863 18.0625 -5.375 -13.1875
1532264786039724 -8.3125 -11.125 -11.625
1532264786085601 8.5 -11.6875 -19
1532264786137470 17.1875 -5.9375 -34.375
1532264786183339 39.5 4.75 -48.125
1532264786205281 8.4375 -8.75 -46.125
1532264786251158 -19.5625 -27.25 -39.0625
1532264786265139 22.9375 -77.5625 -40.875
1532264786303025 27.25 -94.6875 -39.5625
1532264786346903 14.6875 -119.813 -36.75
1532264786363867 -20.0625 -124.438 -43.375
1532264786392779 -54.625 -115.75 -37.1875
1532264786422700 -41 -112.5 -34.75
1532264786445638 -23.5 -111.125 -37
1532264786473564 -19.75 -102.563 -27.75
1532264786527420 8.375 -76.375 -15.8125
1532264786565318 -7.125 -52.8125 -7.0625
1532264786586262 -21.25 -42.3125 -2.125
1532264786639121 4.375 -7.875 -3.75
1532264786707950 -43.75 135.688 -29.875
1532264786765782 -68.5 224.75 -62.625
1532264786833601 -91.75 244.438 -94.625
1532264786857541 -86.5625 242.25 -105
1532264786895436 -71.1875 210.938 -109.313
1532264786932337 -74.0625 160.5 -110.875
1532264786994171 -92.6875 96.25 -143.563
1532264787097895 -46.625 -33.6875 -194.688
1532264787110859 -61.25 -88.1875 -193.438
1532264787232534 -30.1875 -68.5625 -94.375
1532264787298358 -14.375 -14.0625 -38.75
1532264787414057 11.3125 9.3125 12.25
1532264787511787 12.8125 -8.125 19.3125
1532264787638449 106.625 -53.3125 27.375
1532264787733195 174.313 -128.688 54.9375
1532264787770096 172.375 -121.125 46.4375
1532264787830934 107.875 -94.8125 56.5
1532264787897754 38.125 -55.75 55.625
1532264787950614 35.75 -26.375 26.5625
1532264787989510 8.8125 -5.125 22.9375
1532264788030413 2 0.25 21.625
1532264788081264 9.4375 -1.75 8.625
1532264788156064 17.25 -18.625 2.125
1532264788213910 2 -13.0625 1

1532264788244844 1.875 12.375 8.125
1532264788295691 -27.1875 25.1875 38.8125
1532264788313643 49.1875 20.9375 4.8125
1532264788332605 -22.0625 8.1875 8.875
1532264788355544 -37.3125 0.3125 0.4375
1532264788409400 4.375 36.5 37.125
1532264788471238 26.4375 -2.0625 54.625
1532264788490184 34.375 -29.625 70.5625
1532264788513123 17.6875 -44 83.3125
1532264788558003 27.25 -93.1875 96.375
1532264788590915 27.5 -112.438 90.125
1532264788610861 -19.875 -115.688 50.5625
1532264788632803 -17.4375 -119.75 49.3125
1532264788658733 -9.9375 -137.188 48.1875
1532264788671698 -28.875 -145.875 24.1875
1532264788692643 -68.375 -137.125 -19.125
1532264788731538 -80.1875 -127.125 -84.5
1532264788760461 -79.5 -131.5 -98.6875
1532264788792376 -128.688 -106.188 -95.9375
1532264788816312 -128.188 -82.6875 -92.75
1532264788838261 -88.5 -65.875 -78.4375
1532264788873160 -74.375 -29.4375 -39.5
1532264788903086 -77.4375 -16.9375 -27.5625
1532264788933000 -43.75 21.6875 7.0625
1532264788949954 12.3125 23.875 14.625
1532264788971896 2.0625 11 15.5
1532264789040712 14.625 -22.375 -2.5
1532264789052679 49.9375 -24.75 -5.625
1532264789100552 45.375 -13.3125 -9.25
1532264789113517 24.25 -6.1875 -2.9375
1532264789144445 0 -1.875 1
1532264789153411 -15.5 0.8125 2.4375
1532264789191309 -9.1875 5.5625 2.375
1532264789273091 -8.9375 14.5625 14.1875
1532264789317970 -30.875 34.6875 28.0625
1532264789332930 -41.8125 46 34.4375
1532264789353874 -44.125 58.75 42.9375
1532264789377811 -25.375 72.1875 57.9375
1532264789413714 -37.125 93.1875 74.75
1532264789481533 1.3125 103.75 130.625
1532264789512463 26 107.375 168.438
1532264789533394 50.75 117.938 168.5
1532264789557347 74.125 130.438 163.75
1532264789572290 85.75 140.75 168.125
1532264789616172 54.75 156.5 165.438
1532264789655068 53.625 158.688 164.188
1532264789735853 42.5 115.5 119.5
1532264789774749 23.875 107.063 87.875
1532264789796690 13.3125 98.125 79.3125
1532264789812649 8.25 87.625 68.5
1532264789857527 -32.1875 59 45.5625
1532264789962247 -16.75 27.25 10.6875
1532264790015117 -24.625 4.5 0.1875
1532264790038045 -12.125 1.75 -8.8125
1532264790095890 -49.4375 1.375 -2.5625
1532264790121821 -23.8125 6.4375 -4.6875
1532264790172685 -21.125 2.25 1.375
1532264790195623 -12.0625 3.3125 2.5
1532264790216567 -0.6875 4 3.75
1532264790232524 -2.375 0.0625 0.125
1532264790269426 4.9375 -4.3125 0.5625
1532264790292365 -0.9375 -6.25 -0.9375
1532264790396087 71.8125 -19.875 -29.25
1532264790413053 102 -29.375 -34
1532264790434988 127.688 -35.3125 -39.4375
1532264790502802 188.188 -34.625 -69.25
1532264790654397 169.063 -58.375 -128.375
1532264790703266 91.875 -47.1875 -137.938
1532264790735181 107.25 -40.75 -87.125
1532264790764103 109.625 -34 -67.625
1532264790795021 57.25 -22.875 -56.875
1532264790815964 46.5 -12.5 -49.3125
1532264790831921 31.4375 -7.9375 -38.9375
1532264790877799 -6.8125 -16.375 -28.0625
1532264790924676 -7.4375 -38.1875 -17.75
1532264790985511 -25.0625 -73.5 -11.75
1532264791020418 -24.5 -92.9375 -4.1875
1532264791044354 9.0625 -208.313 44.9375
1532264791078263 -24.3125 -214.688 62.3125
1532264791146081 -6.4375 -67.5625 -1.9375
1532264791183980 -59.4375 -0.9375 -9.5625
1532264791214914 -79.8125 11.875 -5.6875
1532264791259778 -33 18.8125 28.8125
1532264791432316 -41.5 -7.875 122.188
1532264791455255 -54.6875 -43.75 113.813
1532264791498140 -77.375 -80.625 113.125
1532264791558978 -6.125 -89.625 83.5
1532264791618818 -29.75 -89.8125 58.4375
1532264791649734 -14.125 -86.1875 40.25
1532264791717560 -19.625 -58.8125 -24.875
1532264791798338 -29.875 -12.4375 1.125
1532264791868150 4.8125 5.8125 20.625
1532264791898071 19.4375 1.4375 20.6875
1532264791934971 23.4375 10.9375 31
1532264791963894 34.875 38.9375 48.8125
1532264791987831 44.9375 51.1875 63.3125
1532264792000796 59.125 62.625 82
1532264792041687 77.625 76.4375 89.6875
1532264792061633 91.0625 91.125 98.625
1532264792077590 129.813 107.813 118.625
1532264792121473 174.75 129.688 93
1532264792145410 209.125 135.313 58.375
1532264792181314 245.063 132.188 22.375
1532264792205249 205.438 116.438 13
1532264792244145 144.125 95.9375 8.0625
1532264792249131 92.5625 78.9375 4.75
1532264792296007 85 47.0625 -4.9375
1532264792317948 68 22.9375 -4.5625
1532264792370806 45.4375 6.5625 5.75
1532264792398732 -0.375 -9.6875 11.3125
1532264792421671 -2.625 -16.375 8.1875
1532264792467548 -3.3125 -16.625 1.5625
1532264792520416 0 -15.75 -3.3125
1532264792566305 6.375 -0.8125 -24.875
1532264792616161 30.5625 22.5625 -48.375
1532264792669020 23.5 -4.625 -60.8125
1532264792699954 50.75 -57.75 -51.9375
1532264792759777 26.1875 -107.563 -40.8125
1532264792782716 -7.0625 -113.25 -36.6875
1532264792796678 -36.0625 -107.5 -37.0625
1532264792820615 -51.5 -102.938 -43.6875
1532264792849537 -53.75 -105.313 -45.6875
1532264792887444 -39.1875 -110.313 -41.8125
1532264792962236 -15.75 -95.625 -30.0625
1532264793000134 -31.125 -78.375 -7.5
1532264793044017 -17.75 -54.75 -6.6875
1532264793059974 -4.4375 -40.375 2.125
1532264793089894 -2.75 -29.125 -0.75
1532264793110839 -2.75 -17.1875 -4.5625
1532264793142753 -4.4375 5 1.6875
1532264793163697 -9 24 0.3125
1532264793187668 -22.375 51.25 -3.3125
1532264793202644 -28.9375 89.4375 -10.5625
1532264793223589 -30.1875 125.625 -16
1532264793262468 -79.25 185.125 -26
1532264793283413 -106.125 209.75 -34.9375
1532264793351230 -113.813 247.313 -60.375
1532264793390127 -98.3125 239.438 -79.1875
1532264793428026 -92.8125 208.25 -109.25
1532264793442986 -92.375 184.313 -117.625
1532264793570644 -75.625 -9.8125 -190.438
1532264793591588 -63.125 -49.5 -201.438
1532264793659407 -47.5 -119.938 -172.75
1532264793706296 -56.875 -107.75 -155.938
1532264793720244 1.5625 -60.4375 -116.313
1532264793773103 -27.875 -10 -47.6875
1532264793830949 -10.4375 0.125 -6.375
1532264793891785 7.1875 4.625 11
1532264793927690 3.4375 5.3125 9.25
1532264794020442 8.6875 -1 8.3125
1532264794093247 56.375 -30.875 8.0625
1532264794108207 83 -41.375 14.8125
1532264794170042 131.188 -57.8125 41.9375
1532264794190986 153.438 -93.1875 60.625
1532264794206961 196.125 -117.25 54.875
1532264794266783 194.563 -97.125 56.5
1532264794313667 99.625 -59.5 55.0625
1532264794370505 23.375 -33.25 65.1875
1532264794415385 12.0625 -19.1875 47.3125
1532264794475226 27 -8.625 42.0625
1532264794490191 19.75 -8.8125 32.1875
1532264794536063 20.9375 -18.25 19.6875
1532264794591914 16.5 -20.875 5.75
1532264794627817 13.75 -20.6875 5.625
1532264794681674 -1.875 -22.0625 -3.125
1532264794687657 18.625 -11.4375 -5.75
1532264794701620 44.0625 -1.3125 4.5
1532264794715583 2.125 2.3125 15.875
1532264794741520 -12.375 8.125 -0.375
1532264794765449 6.625 31 7.125

1532264794809332 -16.625 37.6875 29.1875
1532264794844239 32.4375 -0.9375 -0.4375
1532264794959462 55.5 21 4.25
1532264794981403 -38.375 9 0.4375
1532264794993371 -5.75 18.5 45.875
1532264795026283 -9.4375 27.0625 54.9375
1532264795053211 -2.6875 13.625 59.5625
1532264795090112 -18.375 -23.1875 64.375
1532264795108064 -1.8125 -49.25 70.5
1532264795128010 6.8125 -71.5625 66.5625
1532264795151948 2.625 -89.5625 57.5625
1532264795187851 -8.0625 -117 23.25
1532264795217771 -20.75 -126 15.375
1532264795255670 -30.75 -150.5 -16.1875
1532264795270630 -14.5625 -159 -28.1875
1532264795295563 -36.6875 -156.5 -51
1532264795330470 -83.9375 -129.313 -88.375
1532264795369366 -107.063 -100.313 -79.5625
1532264795390309 -115.438 -75.5625 -84.6875
1532264795408261 -88.4375 -61.875 -80.625
1532264795429205 -53.875 -56.9375 -73.3125
1532264795451146 -48 -59.75 -65.6875
1532264795468101 -55.5625 -65.5 -67.875
1532264795491041 -70.6875 -56.125 -49.25
1532264795510987 -89.75 -27.125 -33.375
1532264795550880 -4.25 31.75 21.4375
1532264795570827 -5.1875 9.5 15.0625
1532264795609723 -8.375 -14.6875 2
1532264795630667 15.5625 -20.5 -2.25
1532264795670561 27.4375 -8.5 -6.5625
1532264795691505 23.25 1.125 -0.25
1532264795707478 7 3.75 4.625
1532264795731397 -9.6875 2.6875 3.6875
1532264795750346 -13.25 1.25 0.4375
1532264795791238 3.1875 2.9375 -1.5
1532264795811184 6.8125 4.25 -0.5
1532264795835121 3.5 5.5625 1.75
1532264795850081 -2.9375 4.875 2.1875
1532264795909921 3.3125 2.0625 -0.5
1532264795930864 2.4375 2.25 -0.4375
1532264795947819 -0.125 2.8125 0.125
1532264796007665 -3.375 2.0625 3.0625
1532264796037579 -2.875 2.25 6.25
1532264796067509 -7.5625 6.5 16.3125
1532264796090437 -5.6875 10.75 23.9375
1532264796127339 -4.375 46 51.5
1532264796150277 1.0625 79.75 67.3125
1532264796171221 7.125 103.25 81.6875
1532264796210117 -9.0625 138.25 114.125
1532264796231061 -1 147.313 135.625
1532264796254000 6.1875 149.125 160.813
1532264796269958 15 153.125 186.563
1532264796314837 35.5625 162.25 188.188
1532264796329797 44.5 171.938 170.688
1532264796411579 38.375 165.188 130
1532264796478400 -4.1875 128.438 76.375
1532264796493360 -16.8125 116.438 53.375
1532264796531258 -37.9375 88.3125 36.1875
1532264796593093 -38.625 59.25 16.375
1532264796607056 -37.4375 50.1875 11.125
1532264796643958 -43.5625 37.625 3.75
1532264796689834 -21.5625 8.25 -3.625
1532264796719755 -8.3125 2.75 -3.875
1532264796796549 -16.625 -1.8125 1.75
1532264796832457 3.875 -9.4375 -1
1532264796938171 -1.5 -7.125 -7.4375
1532264796953131 -2.5 -5.4375 -9.3125
1532264796990032 2.0625 -5.5625 -8.1875
1532264797026934 -3 -4.5625 -5.9375
1532264797260324 62.25 -35.1875 4
1532264797313205 75.6875 -44.1875 -0.0625
1532264797373025 155.125 -27.5 -17.625
1532264797409928 181.563 -9.125 -33.25
1532264797439847 167.875 -14.625 -23.1875
1532264797460791 159.813 -12.5625 -38.4375
1532264797493703 164.188 -6.3125 -64.8125
1532264797529607 170.813 2.3125 -104.813
1532264797612394 131.625 -5.5625 -139.625
1532264797649290 91.9375 -20.9375 -143.938
1532264797703144 116.375 -14.1875 -128.438
1532264797718103 78.5625 -15.0625 -101
1532264797755017 -9.3125 -26.25 -49.8125
1532264797845762 32.375 -41 -16.8125
1532264797896626 -76.875 -105.188 -11.0625
1532264797971425 -50.875 -182 -12.625
1532264798023287 -42.6875 -159.875 -9.875
1532264798055202 -37.75 -84.125 -14.625
1532264798083127 -51.625 -50.0625 -15.625
1532264798123020 -63.9375 -9.0625 -2.4375
1532264798143965 -55.4375 -1.5625 2.9375
1532264798220758 -7 21.3125 39.5
1532264798273617 8.6875 32.5 115
1532264798346423 -45.1875 8.1875 157.75
1532264798376344 -54.5625 -10 159.5
1532264798415239 -50.5 -24.4375 151.938
1532264798454135 -46.3125 -43.375 145.563
1532264798498018 -21.875 -83.4375 111.188
1532264798534919 -36.25 -108.688 94
1532264798564839 -46.0625 -121.313 71.4375
1532264798594759 -48.6875 -126.188 39.1875
1532264798625677 -38.125 -122.875 27.375
1532264798655596 -8.375 -87 -4.8125
1532264798739372 -6.6875 -67 -5.375
1532264798798215 -1.75 -27.3125 -8.875
1532264798819159 3.25 -18.875 -7.5625
1532264798865037 -8.25 -0.5625 1.3125
1532264798917894 10.4375 33.3125 55.25
1532264798941831 14.9375 37.8125 89.3125
1532264798977735 74.25 58.4375 175.625
1532264798998679 119.25 82.5 183.375
1532264799058519 211.938 144.875 113.438
1532264799081457 212.563 149.625 80.375
1532264799126337 206.063 132.125 14.25
1532264799202135 152.563 102.188 -0.1875
1532264799235047 122 82.9375 -11.9375
1532264799255991 79.6875 19.4375 -19.375
1532264799284913 47.3125 9.0625 -8.625
1532264799346748 13.75 -1.0625 -4.875
1532264799359713 16.125 -6.1875 -7.3125
1532264799398609 1.4375 -9.1875 -1.0625
1532264799448491 -13.4375 -11.4375 -4.25
1532264799480406 -6.25 -8.8125 -7
1532264799517307 4.5625 -8.25 -9.8125
1532264799564182 10.75 -2.5625 -13.8125
1532264799616043 24.4375 25.0625 -28.8125
1532264799621030 28.125 29.125 -34
1532264799675882 26.1875 36.625 -39
1532264799719765 38.3125 13.6875 -44.125
1532264799757670 47.875 -37.4375 -43
1532264799787584 47.1875 -60 -33.25
1532264799808529 32.8125 -76.3125 -22.9375
1532264799847435 -46.8125 -99.75 -29.875
1532264799862384 -68.9375 -112.75 -39.1875
1532264799877343 -74.0625 -118.563 -40.375
1532264799922233 -64.3125 -113.563 -41.9375
1532264799962118 -43.3125 -110.188 -45.4375
1532264800035920 -42 -102.5 -18.0625
1532264800108726 -11.1875 -51.875 -18.375
1532264800124712 -13.0625 -42.25 -26.6875
1532264800161584 -22.5625 -18.25 -24.4375
1532264800201492 -39.625 -6.625 -22.1875
1532264800251344 -42.6875 66 -12.9375
1532264800258325 -16.6875 109.188 -14.5625
1532264800276279 -21.625 196.063 -15.125
1532264800348085 -52.9375 270.75 -47.1875
1532264800364047 -51.4375 271.625 -59.8125
1532264800431861 -35.1875 238.25 -95.625
1532264800467765 -35.1875 178 -121.75
1532264800505664 -5.75 116.688 -143.25
1532264800565505 -44.25 6.375 -174.188
1532264800596421 -69.375 -28.375 -185.625
1532264800666235 -61.125 -114.875 -212.438
1532264800716101 -79 -137.563 -178.438
1532264800767962 16.1875 -96.0625 -122.563
1532264800807861 24.4375 -65.625 -90.75
1532264800887643 -14.5625 -9.0625 -21.8125
1532264800948480 8.0625 0.3125 -2.5
1532264801025274 11.4375 -0.375 12.125
1532264801045221 10.375 0.8125 13.4375
1532264801144954 21.3125 -7.6875 11.1875
1532264801265632 140.938 -109.688 72.3125
1532264801345418 159.188 -130.688 81.5
1532264801428197 97.5625 -72.25 97.25
1532264801473077 45.8125 -39.125 71.9375
1532264801525936 16.1875 -17.75 37.625
1532264801550886 14.5 -10.5625 27.25
1532264801565829 7.8125 -2.0625 23.1875
1532264801586782 -1.4375 2.625 19.3125
1532264801639632 -0.5 12 5.3125
1532264801677530 -3.75 14.875 -4.5625
1532264801705455 -12.125 11.1875 -8.375
1532264801738377 -10.75 8.3125 -11.25
1532264801785242 -5.3125 -6.9375 -13.5625
1532264801806186 19.375 -26.125 -10.25
1532264801834111 27.8125 -26.375 -4
1532264801848074 30.4375 -20.8125 3.5625
1532264801896944 2.5625 17.8125 -7.6875
1532264801915893 11.125 50.8125 16.6875

1532264801925882 -17.5625 38 33.875
1532264801967754 -31.5625 27 2.625
1532264802010640 21.5 -2.5625 -0.125
1532264802023604 23.75 -13.9375 -19.9375
1532264802053525 -27.25 -20.875 -35
1532264802088431 29.1875 25.3125 29.0625
1532264802118351 -10.125 28.4375 75.5
1532264802148272 12.125 2.875 17.3125
1532264802166224 30.3125 -0.5625 56.6875
1532264802208112 10.5 -22.1875 67.5
1532264802226064 3.6875 -38.125 72.375
1532264802267951 29.75 -85.375 83.1875
1532264802285904 13.3125 -106.563 77.6875
1532264802308842 -15.9375 -121.313 60.75
1532264802328789 -0.0625 -129.75 52.5625
1532264802345744 8.625 -134.375 42.9375
1532264802367685 -4.5625 -139.813 31.0625
1532264802388629 -24.25 -143.188 -5.9375
1532264802427538 -43.25 -143.375 -24.875
1532264802448468 -98.3125 -105.563 -51.0625
1532264802471407 -68.625 -82.5 -50.5625
1532264802487364 -46.5625 -66.3125 -31.375
1532264802525269 -127.063 -63.5625 -43.25
1532264802548202 -102.5 -58.5 -58.75
1532264802569146 -68.125 -52.25 -72.25
1532264802585103 -54.25 -39.375 -78.5625
1532264802608043 -46.9375 -30.8125 -67.6875
1532264802628986 -52.3125 -27.25 -55.5625
1532264802644951 -76.25 -27.3125 -58.5
1532264802688826 -81.6875 4.875 -35.4375
1532264802727723 30.25 25.75 38.875
1532264802748666 10.125 12.3125 33.0625
1532264802765621 -25.25 0.875 1.1875
1532264802787574 -22.1875 -11.625 -12.4375
1532264802808507 24.375 -21.75 -11.3125
1532264802825461 53.4375 -27.3125 -17
1532264802876325 35.4375 -13.25 -13.1875
1532264802915228 6.625 2.0625 7.3125
1532264802929183 -1.375 6.3125 8.1875
1532264802968096 6.875 17.8125 27.5
1532264802991017 -12.0625 39.25 39.3125
1532264803028917 -14.875 53.5 46.1875
1532264803049876 -33.25 93.5625 83.25
1532264803087759 -65.5625 117.688 127.875
1532264803116706 -67.0625 127.688 155.313
1532264803147624 27.3125 150.5 209.875
1532264803168567 63.875 172.188 207.688
1532264803207477 101.688 189.313 215.625
1532264803252343 107.313 193.25 209.438
1532264803290249 48.75 157.313 177.063
1532264803350081 51.5 128.313 127.25
1532264803417901 16.75 80 67.5625
1532264803469761 -13.5625 38.4375 29.125
1532264803514642 -57.0625 21.9375 15.6875
1532264803558524 -72 17.6875 -14.875
1532264803611383 -45.5 1.3125 -33.3125
1532264803641302 -47.1875 -6.875 -35.125
1532264803688177 -48.5625 -19.4375 -18.25
1532264803731062 11.0625 -1.6875 -11.625
1532264803748018 19.625 6.0625 -3.625
1532264803769958 5.1875 12.375 0.1875
1532264803807858 15.1875 13.9375 3.875
1532264803858721 27.0625 8.5625 4.3125
1532264803897628 41.375 -15.5625 3.5625
1532264803918562 57.8125 -29.875 -0.5
1532264803996372 109.063 -79.875 -21.9375
1532264804086113 183.063 -49.6875 -90.8125
1532264804115036 124.25 -38.75 -68.125
1532264804153939 139.188 -17.25 -93.0625
1532264804158919 168.813 1.625 -118
1532264804166897 175.875 6.5 -134.938
1532264804212775 134.563 1.875 -139
1532264804226737 97.8125 -5.75 -139.375
1532264804288572 65.75 -32.25 -119.625
1532264804301537 63.5625 -46.9375 -111.688
1532264804318492 57.5 -54.375 -99.1875
1532264804338439 55.625 -49 -77.0625
1532264804355393 54.375 -41.5 -55.25
1532264804377334 31.5 -36.375 -41.5625
1532264804400273 15 -26.9375 -27.5625
1532264804430193 7.0625 -7.125 -8.0625
1532264804474075 -21.375 -25.375 3.75
1532264804504993 -31.875 -47.6875 2.8125
1532264804541894 -29.0625 -107.063 -2.8125
1532264804579793 -17.8125 -167 1.25
1532264804610726 -39.25 -178.813 5.3125
1532264804653596 -32.75 -151.063 -9.25
1532264804692497 -25.375 -97.5625 -11.9375
1532264804715430 -39.9375 -67.5 -13.75
1532264804767292 -67.75 -11 -6.9375
1532264804781255 -62.625 2.0625 1.375
1532264804858063 -2.3125 10.25 25.375
1532264804880007 1.125 8.125 36
1532264804893953 2.125 6.4375 41.3125
1532264805097409 -32.3125 -11.4375 69
1532264805157267 -27 -22.3125 52.6875
1532264805435516 -34.6875 -28.125 26.3125
1532264805502326 -33.8125 -21.1875 14.875
1532264805576129 -0.75 -30.5 -2.5
1532264805635969 26.125 -19 -0.5625
1532264805652924 14.875 -19.5 4.75
1532264805695808 7.8125 -9.5625 3.6875
1532264805750662 0.75 -0.6875 1.0625
1532264805840422 9.4375 14.9375 17.375
1532264805876326 34.3125 27 33.375
1532264805915222 39.125 38.375 58.6875
1532264805944145 41.75 56.125 81.25
1532264806003985 109.625 87.6875 157.75
1532264806011964 165.813 107.813 161.25
1532264806042880 223.563 138.063 135.625
1532264806102721 266.813 162.5 12.0625
1532264806117680 204.75 138.313 6.625
1532264806193478 94.5625 39.5625 -12.1875
1532264806221403 93.9375 17.8125 -17.3125
1532264806266283 48.75 -13.5 -0.875
1532264806304182 13.1875 -13.25 4.625
1532264806327121 6.1875 -12.3125 4.625
1532264806379979 0.375 -13.125 4.3125
1532264806394940 -4.6875 -12.875 2.875
1532264806417879 -0.5625 -12 -1.4375
1532264806454780 11.25 -6.1875 -13.1875
1532264806508635 12.3125 0.875 -24.3125
1532264806522600 35.4375 23.875 -52.75
1532264806561494 31.6875 31.8125 -58.75
1532264806583435 48.25 25.625 -57.3125
1532264806613355 92.75 -52.5625 -41.625
1532264806618342 86.1875 -98.5 -25.4375
1532264806635297 31.3125 -124.5 -15.0625
1532264806657239 -37.25 -131.375 -19.0625
1532264806686161 -89.5625 -129.188 -27.6875
1532264806725056 -79.0625 -131.938 -34
1532264806742011 -47.4375 -137.563 -31.5
1532264806798859 -7.4375 -131.938 -38.6875
1532264806865680 -41.9375 -94.3125 -28.625
1532264806881638 -30.5625 -78.25 -18.625
1532264806922532 -18.8125 -63.5 -8.8125
1532264806948459 -46.125 -20.9375 -9.3125
1532264806982369 -40.5 6.0625 -4.75
1532264807017275 -26.1875 59.8125 -16.625
1532264807047195 -54.75 95.25 -21.625
1532264807106038 -91.1875 196.813 -14.25
1532264807136955 -108.688 210.75 -15.625
1532264807150918 -131 219.563 -17.8125
1532264807189814 -118.813 229.313 -28.5625
1532264807210758 -106.063 225.875 -44.5
1532264807280582 -65.875 200.5 -71.625
1532264807323456 -58.375 106.438 -124
1532264807393270 -78 36.875 -151.625
1532264807465078 -40.625 -55.9375 -168.5
1532264807502976 -74.125 -90.4375 -169.938
1532264807593734 -6.5 -75.875 -112.75
1532264807683493 -9.1875 -8.0625 -30.875
1532264807743333 -6.5625 0.125 1.25
1532264807825115 9.1875 -0.75 11.5625
1532264807985686 5.8125 -15.5625 2.25
1532264808082431 107.063 -40.25 9.8125
1532264808103370 128.875 -40.8125 52.375
1532264808263941 135.125 -87.3125 89.4375
1532264808283923 119.5 -73.1875 81.1875
1532264808322785 73.1875 -48.5 68.8125
1532264808350710 40.5 -39.0625 32.125
1532264808441468 25 -5.125 17.8125
1532264808505308 -3.25 -7 8.125
1532264808509285 -7.5625 -13.6875 1.1875
1532264808563152 1.875 -18.8125 -7.75
1532264808616000 16.25 -32.25 -14.75
1532264808638940 15.625 -26.375 7.5
1532264808668859 -10.25 23.6875 24.9375

1532264808725707 -29.6875 -2.3125 6.125
1532264808766597 74.1875 23.8125 16
1532264808811478 28 9.875 -5.625
1532264808847382 -17.3125 15.875 43.4375
1532264808892261 -9.5625 5.9375 39.125
1532264808923179 8.625 -3.5625 54.3125
1532264808952101 14.4375 -19.625 72.625
1532264809005957 7.1875 -56.125 84.375
1532264809080758 11.75 -114.938 74.9375
1532264809110677 24.6875 -143.375 37.9375
1532264809132632 13.375 -157.063 13.875
1532264809146581 -30.6875 -170.125 -21.125
1532264809206422 -75.25 -144.688 -97.625
1532264809245318 -104.625 -104.563 -104.063
1532264809281221 -102 -84.5625 -96.8125
1532264809290197 -116.125 -66.125 -83.4375
1532264809326101 -123.188 -36.4375 -72.0625
1532264809356021 -116.875 -20.125 -61.75
1532264809364997 -113 -3.625 -36.3125
1532264809393920 -100.188 22.6875 -10.9375
1532264809424837 -20.0625 22 4.375
1532264809447776 -26.5 8.25 -2.25
1532264809485674 -8.8125 -14.875 -11.375
1532264809507617 5.6875 -16.1875 -14.4375
1532264809528560 15.5 -6.1875 -7.5
1532264809567462 8.75 6.8125 9.125
1532264809590394 -6.375 4.0625 8.5
1532264809605372 -13.625 2 6.6875
1532264809626298 -12.9375 2 6.75
1532264809665194 -3.1875 8.3125 16.8125
1532264809686138 2.8125 13.4375 21.875
1532264809725034 -2.9375 28.75 30.8125
1532264809745979 -14.4375 44.1875 43.1875
1532264809761935 -24.625 52.0625 60.25
1532264809784875 -25.875 60.125 74.0625
1532264809813797 -23.5625 68.1875 84.9375
1532264809844715 -4.9375 86.5 117.563
1532264809867653 -1.125 92.75 145.438
1532264809881616 1.125 104.5 167.25
1532264809905552 27.0625 123.188 169.938
1532264809927501 58.75 148.625 177
1532264809942453 63.625 165.25 187.938
1532264809965392 55.5 180.188 198.813
1532264809993317 57.8125 193.875 204.5
1532264810040192 74.625 201.063 198.25
1532264810076096 83.3125 184.813 169.625
1532264810108011 37.0625 162.125 147
1532264810144912 6.8125 138.313 109.813
1532264810189792 -7.4375 100.125 54.0625
1532264810205750 -8.8125 81.375 34.4375
1532264810227690 -17.1875 56.3125 20.75
1532264810265588 -40.875 17.9375 -1.75
1532264810287543 -48.3125 12.0625 -8.5625
1532264810347370 -41.0625 -17.1875 -27.625
1532264810368315 -31 -16.9375 -37.125
1532264810430149 -35.25 -21.6875 -32.5
1532264810468048 -32.125 -13.9375 -27.25
1532264810504949 -12.3125 -7.125 -8.125
1532264810631610 18.9375 5.6875 7.75
1532264810647568 9.875 3 6.4375
1532264810684469 1.8125 -2.0625 0.6875
1532264810745306 41 -8.875 -7.625
1532264810783204 96.125 -21.0625 -24.5625
1532264810796170 127.375 -20.5625 -33.375
1532264810804149 162.125 -12.5625 -46.3125
1532264810850029 211.125 -15.125 -67.5
1532264810924826 171.125 -36.8125 -87.25
1532264810962725 178.125 -46.75 -95
1532264811015583 193.938 -46.3125 -124.125
1532264811038522 155.313 -37.0625 -125.063
1532264811075423 131.125 -35.625 -113.438
1532264811128282 63.75 -36.0625 -82.625
1532264811151221 61.8125 -31.4375 -51.5
1532264811194106 42.5 -38.3125 -34.625
1532264811238987 19.3125 -44.4375 -20.6875
1532264811277882 -2.25 -80.6875 -3.5
1532264811299823 -7.0625 -105.188 3.6875
1532264811314783 -9.3125 -129.938 8.25
1532264811390580 -13.1875 -201.5 26.625
1532264811412522 -35.5 -187.375 22.1875
1532264811427488 -20.0625 -141.75 10.1875
1532264811465380 -6.6875 -113.688 10.625
1532264811487333 -27.8125 -68.5 20
1532264811531219 -42.5 -36.875 14.5625
1532264811547162 -33.875 -24.625 10.875
1532264811591045 -23.4375 0.5625 8.9375
1532264811607002 -32.625 16.75 13.9375
1532264811650884 -30.125 42.6875 34
1532264811666842 -23.4375 46.25 49.125
1532264811718703 -33.6875 44.25 82.0625
1532264811750618 -23.0625 32.1875 107.938
1532264811772566 -17.75 19.3125 115.438
1532264811787520 -43.25 11.25 122.188
1532264811832399 -64.4375 -8.625 127
1532264811870298 -51 -35.5 114
1532264811907199 -72.75 -68.625 104.75
1532264811930138 -76.875 -91.8125 95.4375
1532264811989977 -43.875 -118.5 53.5
1532264812019898 -12.625 -123.125 42.75
1532264812049818 -10.5 -113.688 36.125
1532264812153540 -22.625 -64.4375 -7.0625
1532264812213386 -25.1875 -35.25 -18.0625
1532264812274218 -7.1875 -7.75 -3.5625
1532264812290174 4.125 -2.375 0.625
1532264812334058 10.125 11.625 6.375
1532264812409855 26.875 45.875 43.1875
1532264812446756 43.0625 62.4375 70.75
1532264812500618 86.3125 105.5 157.688
1532264812649214 207.188 154.188 5.25
1532264812687114 184.625 149.438 -4.125
1532264812725012 117.5 122.375 -29.1875
1532264812775876 81.6875 82.5625 -35.875
1532264812793833 63.8125 59.3125 -28
1532264812829731 21.3125 10.3125 -7.25
1532264812876607 20.9375 -3.75 -3.125
1532264812913508 0.0625 -17.125 5.75
1532264812943428 -5.6875 -20.9375 6.1875
1532264812959386 -0.25 -18.3125 -0.4375
1532264813003280 -1.8125 -14.4375 -2
1532264813016233 7.9375 -6.125 -9.625
1532264813048149 10.625 -7 -11.4375
1532264813102004 30.25 2.3125 -34.0625
1532264813130927 34.25 -0.0625 -38.625
1532264813144889 19.8125 -5.25 -43.875
1532264813182788 0.4375 -15.75 -56.125
1532264813197748 32.9375 -31.1875 -58.625
1532264813218691 42.75 -56.9375 -61.875
1532264813242638 46.625 -77.6875 -62.625
1532264813332387 -56.3125 -121.625 -51.125
1532264813393225 -40.5625 -114.5 -44.6875
1532264813423146 -26.875 -108.625 -36.9375
1532264813460046 6.6875 -81.1875 -19.5
1532264813480991 -10.6875 -73.0625 -10
1532264813517892 -22 -51.375 -7.25
1532264813547811 -9.4375 -34.9375 -4.5
1532264813573752 -14.8125 -7.875 -3.375
1532264813600671 -45 63.0625 -4.5625
1532264813625605 -58.0625 103.75 -1.75
1532264813683449 -78.3125 190.188 1
1532264813760243 -92.1875 220.75 -10.5
1532264813798153 -70.5 224.375 -32
1532264813848009 -61.75 187.75 -65.5625
1532264813862969 -64.5 169.125 -75.5625
1532264813927796 -69.625 119.625 -100.375
1532264813982648 -70.25 11.375 -152.75
1532264814112302 -74.5625 -84.5625 -164
1532264814140227 -94.8125 -89.125 -152.438
1532264814278857 -16.9375 -17.6875 -32.6875
1532264814320745 22.375 0.5625 -17.0625
1532264814531182 10.6875 -3.4375 9.5625
1532264814722670 74.75 -42 13.75
1532264814736633 82.5625 -49.375 18.8125
1532264814797478 148.875 -90.75 25.9375
1532264814823410 152.188 -104.688 31.3125
1532264814869278 124.5 -91.8125 42.375
1532264814953054 76.3125 -67.1875 42.8125
1532264815003918 67 -42.3125 5.5625
1532264815070739 -6.0625 -19.1875 4.9375
1532264815125596 11.8125 -1 4.5
1532264815176456 -0.9375 -1.25 10.1875
1532264815193414 -0.625 -4.1875 10.0625
1532264815225325 3.4375 -7.4375 14.0625
1532264815239289 7.625 -18.8125 13
1532264815275210 34.0625 -11.625 -4.1875
1532264815289155 44.9375 5.6875 -3.875

1532264815389886 3.1875 -8.5625 2.3125
1532264815440750 67.5625 30.125 7.875
1532264815513555 -17.5 18.4375 16.3125
1532264815554445 -25.5625 9.5625 34.125
1532264815605310 28.25 -8.5 76.6875
1532264815620270 12.875 -31.5 88.25
1532264815688088 -9.6875 -82.375 95.125
1532264815703048 1.125 -93.4375 81.75
1532264815723993 -3.3125 -99.75 63.375
1532264815762889 -14.1875 -107.688 33
1532264815790814 -39.5 -123.688 17.4375
1532264815822729 -74.5625 -131.188 -35.5625
1532264815860627 -63.5625 -114.875 -70.125
1532264815882576 -55.25 -106.688 -82.5625
1532264815920467 -53.5 -67.5 -51.8125
1532264815942425 -46.5625 -50.25 -45.9375
1532264815980307 -41.3125 -40.875 -51.25
1532264816018206 1.4375 -24.25 -41.75
1532264816069070 -1.75 9.4375 -4.25
1532264816085026 43.375 13.4375 19.125
1532264816122926 16.125 8 60.125
1532264816144867 1.75 7.0625 56.625
1532264816159827 13.0625 9.75 51.8125
1532264816182766 22.625 16.25 54.4375
1532264816265545 26.3125 26.4375 42.0625
1532264816302445 -0.8125 69.5625 67.125
1532264816377246 37.5 88.625 91.25
1532264816423123 39.5 97.4375 80.625
1532264816444067 47.25 86.8125 88.6875
1532264816468003 39.6875 79.875 79.6875
1532264816490943 11.1875 74.375 65.1875
1532264816534824 -70.25 56.25 47.375
1532264816548787 -63.8125 49.4375 43.625
1532264816587683 7.5625 53.5 23.3125
1532264816608627 -21.9375 47.5 18.5625
1532264816625581 -66.0625 52.0625 43.4375
1532264816751245 76.25 187 169.313
1532264816805101 48.8125 180.5 162.188
1532264816826046 53.6875 168.563 143.688
1532264816849981 61.5625 151.125 119.25
1532264816885886 52.875 95.75 86.25
1532264816908826 19.5625 68.25 67.0625
1532264816924782 -4.6875 50.6875 48.0625
1532264816946723 -15.75 43.25 22.25
1532264816970659 -2.4375 44.5 -7
1532264817013544 -8.625 63.125 -35.625
1532264817045459 -47.8125 84.875 -55
1532264817066403 -53.3125 80.0625 -57.875
1532264817245923 65.75 -24.125 -5.1875
1532264817284818 47.625 -12.4375 -2
1532264817436413 151.875 -101.438 -22.125
1532264817465336 185.125 -122.188 -6.9375
1532264817526173 255.75 -120.375 -39.9375
1532264817562087 204.688 -63.6875 -95.4375
1532264817598978 167.875 -53.25 -133.688
1532264817696718 105.063 -98.625 -152.375
1532264817735614 112.25 -120.813 -132.375
1532264817748579 71.3125 -129 -86.375
1532264817787477 73.6875 -72.1875 -9.25
1532264817808419 94.6875 -39.9375 -0.3125
1532264817825373 60.6875 -12.1875 -2.375
1532264817876237 -40 11.375 -1.6875
1532264817885213 -71.375 11.25 4.75
1532264817953032 -74.5625 -45 14.875
1532264818012871 -22.1875 -224.188 66
1532264818065747 7.75 -166.313 36.75
1532264818108616 -31.125 -63.75 31.6875
1532264818147517 -74.25 -5.3125 17.1875
1532264818192392 -40.3125 26.9375 30.125
1532264818228296 -28.0625 32.625 52
1532264818252232 -20.8125 30.625 65.6875
1532264818329027 -54.0625 -10.625 105.813
1532264818447719 -97.4375 -61.0625 63.5
1532264818470648 -65.3125 -81.5 51.875
1532264818507549 -6 -104.438 34.0625
1532264818567389 -25.5625 -111.938 35.875
1532264818671112 -3.9375 -82.875 16.5625
1532264818730957 -0.5 -36.5625 10.8125
1532264818792787 0.5625 -13.3125 6
1532264818807747 3.6875 -9.6875 7.125
1532264818950365 54.9375 37.8125 44.1875
1532264818972306 65.5 50.0625 51.6875
1532264819048112 114.625 114.938 106.125
1532264819237596 142.75 132.25 -3.625
1532264819251560 119.25 111 -25.5
1532264819272509 124.938 54.625 -33
1532264819311400 63.375 34.8125 -19.25
1532264819347303 42.9375 20.375 -14.3125
1532264819400161 6.1875 -0.25 6.4375
1532264819454018 1.9375 -9.6875 0.75
1532264819512861 -16.625 -7.5 0.25
1532264819603618 -12.4375 2.5 -11.25
1532264819617581 -5.3125 10.6875 -18.625
1532264819648498 12.625 43.375 -34.9375
1532264819692389 43.75 21.3125 -21.125
1532264819715320 50.9375 -22.5625 -8.625
1532264819730279 28.9375 -69.625 8.0625
1532264819753218 -7.8125 -104.875 8.4375
1532264819774164 -30.8125 -121.5 -13.5625
1532264819820040 -54.875 -134.625 -40.625
1532264819834003 -46.25 -138.375 -46.3125
1532264819864925 -41.8125 -137.375 -44.4375
1532264819896834 -38.5 -137.688 -40.25
1532264819932744 -7.5625 -134.25 -30.1875
1532264819954679 -2.75 -119.125 -22
1532264820005543 -15.0625 -78.5625 -2.8125
1532264820080344 -13.0625 -23.9375 -0.5
1532264820112258 -12.5 -12.25 1.9375
1532264820118257 -7.1875 1.625 0.125
1532264820155144 3.6875 48 -2.9375
1532264820208999 -49.0625 120.188 -12.8125
1532264820237922 -86.1875 207.375 -20.75
1532264820269836 -91.125 232.125 -24.4375
1532264820275821 -77.6875 251.75 -36.3125
1532264820299757 -74.1875 265 -52.8125
1532264820323693 -86.3125 270.375 -62.8125
1532264820383533 -99.0625 233.125 -64.75
1532264820421431 -85.5 207.438 -77.75
1532264820478279 -25.625 89.125 -131.875
1532264820509197 -22.9375 57.4375 -154.938
1532264820561057 -80.5 -19.1875 -195.5
1532264820620898 -51.6875 -78.1875 -230.5
1532264820657799 -29.9375 -122.625 -271.25
1532264820680738 -11.0625 -123.375 -269.438
1532264820740582 -28.1875 -97.5625 -87
1532264820810391 22.125 -8 -8.25
1532264820841309 -21.3125 -4.3125 1.1875
1532264820898156 -0.375 0.3125 6.9375
1532264820937052 11.625 2.625 10.5
1532264820975964 9.3125 0.4375 12.4375
1532264821095629 3.8125 -5.4375 13
1532264821169431 23.5625 -15.375 13.125
1532264821198354 71.1875 -31.9375 21.25
1532264821220295 100.125 -43.5 32.4375
1532264821244233 113.938 -54 49
1532264821283127 134.375 -77.375 69.8125
1532264821318034 235.375 -137.813 51.5
1532264821343965 261.563 -152.125 44.5625
1532264821377874 226.063 -127.625 76.75
1532264821403804 138.313 -115.75 87
1532264821437713 57.5625 -71.3125 67.25
1532264821498551 89.5625 -16.8125 46.5625
1532264821522487 46.875 -10.375 36.8125
1532264821546439 11.4375 -6.875 26.3125
1532264821559388 -3.6875 -8.125 16.6875
1532264821582327 -2.4375 -7.5 10
1532264821606280 -1.25 -4.6875 6.5
1532264821618230 -10.0625 -8.0625 4.25
1532264821664112 -11.0625 -5.5 2.4375
1532264821701010 1.125 -10.8125 4.3125
1532264821782791 35.875 -33.5 20.875

1532264821874546 -38.1875 6 -0.4375
1532264821958516 27.0625 24.1875 22.75
1532264821979445 -1 37 25.8125
1532264822002384 -44.125 30 45.125
1532264822041280 -15.3125 24.25 58.375
1532264822045270 -6.625 20.3125 62.875
1532264822063226 -23.1875 2.5 46.8125
1532264822086160 -44.6875 -23.875 53.5625
1532264822121066 -28.125 -82.5 88.75
1532264822138021 -48.8125 -101.938 75.375
1532264822158965 -39.125 -118.875 63.5625
1532264822197861 -9.1875 -140 36.75
1532264822219803 -38.6875 -147.375 12.625
1532264822241743 -52.125 -154.625 -13.9375
1532264822280639 -87.3125 -161.063 -77.1875
1532264822301584 -89.25 -143.938 -92.8125
1532264822340494 -59.9375 -103.25 -59.3125
1532264822428245 -33.75 -61.4375 -34.1875
1532264822460160 -24.125 -8.625 -19.625
1532264822481104 49.375 19.8125 6.9375
1532264822520000 -41.5625 18.1875 2.25
1532264822540944 -77.1875 8 -10.1875
1532264822640678 34.4375 -1.875 9.375
1532264822661621 16.4375 -3.375 11.1875
1532264822706501 5.75 -3.625 4.0625
1532264822760368 8.4375 1.375 3.1875
1532264822797258 -0.25 2.8125 3.9375
1532264822857098 -9.875 6.5625 -3.125
1532264822894997 -17.4375 12.625 0
1532264823060555 -52.125 99.75 71.6875
1532264823157295 38.6875 191.813 186.125
1532264823217136 75.6875 214.875 209.5
1532264823246058 81 210.25 202.375
1532264823275979 85.1875 193.25 168.125
1532264823298917 70.875 176.938 147
1532264823396656 -35.375 101.25 60.3125
1532264823434554 -30.6875 90.875 40.0625
1532264823463477 -10.125 65.5 22.875
1532264823478438 -25.375 54.0625 21.25
1532264823502373 -35.6875 46.25 16.1875
1532264823516336 -38.25 41.625 11.8125
1532264823539274 -46.0625 33.6875 6
1532264823578171 -38.375 18.5625 -6.4375
1532264823599114 -28 11.3125 -12.1875
1532264823689872 -19.8125 7.0625 -16.6875
1532264823727770 -0.6875 3.25 -11.25
1532264823823514 6.5625 -4.6875 1.6875
1532264823862410 5 -6.4375 3.625
1532264823900308 12.5625 -4.75 -2.1875
1532264823951173 44.125 -9 -6.0625
1532264824026969 150.063 -26.25 -26.8125
1532264824056898 181.438 -27.6875 -53.0625
1532264824117728 226.938 -45.6875 -91.875
1532264824169589 220.5 -55.8125 -96.875
1532264824194522 164.75 -97.5625 -117.5
1532264824222447 146.438 -93.75 -128.5
1532264824245387 137.25 -91.625 -126.75
1532264824266330 121 -83.5625 -114.25
1532264824289268 93.625 -66.4375 -88.375
1532264824305226 62.3125 -44.1875 -60.6875
1532264824326170 49.5 -31 -40.8125
1532264824343124 42.625 -21.8125 -29
1532264824389002 37.875 -18.9375 -22.75
1532264824432884 14.1875 -46.4375 -11.25
1532264824454826 -0.75 -61.1875 -5.6875
1532264824499706 -34.8125 -93.5625 -6.375
1532264824506687 -36.75 -112.938 -3.4375
1532264824545584 -29.3125 -144 3.625
1532264824566527 -29.0625 -148.313 9.875
1532264824582484 -34.3125 -152.375 13.75
1532264824611407 -35.8125 -145.375 9.5
1532264824648309 -25 -116 3.875
1532264824686207 -40.6875 -79.25 -11.9375
1532264824702165 -38.25 -61.5625 -13.625
1532264824784943 -20.3125 -18.625 -4.625
1532264824805887 -23.4375 -10.25 -8.25
1532264824821857 -22.375 -2.6875 -6.625
1532264824844783 -15.75 2.25 -0.8125
1532264824866729 -11.25 2.5 4.6875
1532264824912602 -31.375 2.4375 27.1875
1532264824986405 -36.625 -16.25 85
1532264825002362 -42.75 -21.8125 86.875
1532264825025302 -43.125 -29.875 89.25
1532264825047242 -47.3125 -29.4375 93.0625
1532264825115060 -70.25 -55.875 91.8125
1532264825152959 -58.5625 -71.75 79
1532264825167924 -45.75 -75.625 77.5625
1532264825204820 -3.3125 -87.0625 77.25
1532264825227759 3.75 -84.625 70.5
1532264825265658 -1.1875 -72.75 61.0625
1532264825289593 9.875 -66.6875 68.3125
1532264825338463 2.9375 -60 45.5
1532264825368383 11.5625 -53.9375 25.9375
1532264825407289 -6 -50.25 1.375
1532264825468116 -3 -33.5 -13.8125
1532264825608740 1.8125 51.6875 55.6875
1532264825668580 46.4375 63.5 68.75
1532264825805214 117.125 85.3125 112.438
1532264825874047 274.813 145.688 19.6875
1532264825939855 183.438 114.875 4.6875
1532264825969775 83.9375 87.875 -8.5625
1532264826013657 148.563 45.625 -24.4375
1532264826052553 46.5625 9.0625 12.5
1532264826073497 12.4375 -3.5625 16.9375
1532264826090453 13.8125 -8.8125 9.375
1532264826112395 19.5625 -8.25 3.4375
1532264826150300 -1.1875 -12.9375 2.5625
1532264826171236 -14.5625 -17.125 1.6875
1532264826322831 2.5625 14.0625 -48.4375
1532264826360731 10.875 18.625 -59.0625
1532264826367711 0.25 16.4375 -55.5625
1532264826427551 24.9375 -46.6875 -43.4375
1532264826601087 -40.4375 -141.125 -17.5
1532264826651950 -15.25 -120.188 -17.875
1532264826695833 8.4375 -78.25 -22.875
1532264826726751 -8.8125 -61.25 -15.625
1532264826755673 -13.6875 -31.125 -6.125
1532264826778612 -13.75 -9.8125 -9.375
1532264826800553 -8.5625 19.1875 -9
1532264826818505 -9 44.6875 -6.625
1532264826838452 -9.9375 71.5 -10.0625
1532264826854411 -18.875 100.188 -15.5
1532264826875353 -45.375 134.625 -20.5
1532264826907268 -76 169.188 -30.375
1532264826913252 -97.5 200.563 -41
1532264826952148 -112.375 221.063 -46.75
1532264826973091 -161.563 246.063 -68
1532264827006004 -172.938 256.375 -76.5
1532264827055870 -122.063 247.375 -82.3125
1532264827080809 -101.375 219.625 -99.875
1532264827118702 -75.875 158.063 -135.063
1532264827137652 -71.5 131.25 -147.625
1532264827175550 -82.6875 54.9375 -173.563
1532264827213449 -87.5 0.5 -208.125
1532264827280271 -31.125 -63.0625 -214.688
1532264827303209 -19.9375 -91.6875 -199.375
1532264827378009 12.6875 -83.625 -69.4375
1532264827437849 8 5.25 4.4375
1532264827484724 -17.4375 -1.25 9.375
1532264827558527 8.1875 -6.3125 4.0625
1532264827576478 15.75 -5.0625 1.3125
1532264827618366 21.0625 -1 3.4375
1532264827666238 8.3125 -1.875 5.9375
1532264827717102 11.1875 -4.5 -0.5625
1532264827763977 -0.375 -9 -0.6875
1532264827857726 46.875 -39.25 7.1875
1532264828003337 134 -76.9375 44.0625
1532264828038244 188.875 -99.6875 38.5
1532264828079136 183.313 -102.563 42.125
1532264828098083 147.063 -82.1875 46.875
1532264828135982 71 -66.375 46.9375
1532264828165910 54.0625 -58.3125 37.5
1532264828195822 75.125 -43.5 17.375
1532264828220771 76.9375 -36.4375 15.375
1532264828250677 59 -31.5 15.5625
1532264828255662 40.875 -23.875 19.625
1532264828318494 28.625 -1.75 14.125
1532264828369358 29.375 -2.125 12.625
1532264828415235 -10.3125 -18.75 10.0625
1532264828468094 5 -35 -3.8125
1532264828499012 50.3125 -41.9375 -17.5
1532264828520952 50 -20.375 7.3125
1532264828573834 13.75 -21.75 6.4375

1532264828633651 -58.0625 8.625 11.6875
1532264828662573 21.125 5.6875 -0.0625
1532264828683518 55.9375 34.375 2.0625
1532264828723412 -15 8.9375 6.9375
1532264828770286 14.8125 30.875 12.125
1532264828812174 -19.6875 22.1875 26.25
1532264828835124 -19.5 46.25 48.4375
1532264828924873 -6.75 -24.5 83.5
1532264828945817 18.1875 -46.875 84
1532264828998675 3.6875 -108.125 26.25
1532264829037571 0.625 -152.063 8.4375
1532264829113372 -93.8125 -172 -44.4375
1532264829179193 -75.875 -84.1875 -59
1532264829239032 -82.9375 -59.1875 -50.75
1532264829388633 -101.375 12.9375 6.8125
1532264829405587 -72.25 -1.375 3.9375
1532264829442488 62.75 -9.875 16.4375
1532264829495347 29.375 -9.5 12.0625
1532264829578125 -0.5625 8.625 -3.125
1532264829637966 -17.5 12.375 -8.25
1532264829674867 -5.125 10.6875 -0.625
1532264829719748 -2.3125 7.875 2.375
1532264829900264 1.0625 0.6875 3.4375
1532264829923203 3.25 2.1875 7
1532264830019946 -2 75.25 60.6875
1532264830206445 60.875 182.938 225.875
1532264830298209 7.3125 125.375 161.563
1532264830379982 -2 62.1875 75.625
1532264830477720 -66.5 25.6875 2.4375
1532264830521603 -39.625 32.125 -12.25
1532264830581443 -42.625 6.75 -12.5625
1532264830620339 0.25 -0.3125 -6.375
1532264830718078 3.3125 6.8125 -4.3125
1532264830762958 32.9375 0.0625 -9.3125
1532264830882648 168.188 -37.6875 -70.75
1532264830942478 234.688 -69.875 -90.8125
1532264831092078 125.188 -63.5 -162.875
1532264831130973 77.8125 -55.3125 -142.438
1532264831144936 50.5625 -47.8125 -125.438
1532264831182835 46.375 -31.125 -82.0625
1532264831221731 31.75 -29.25 -60.625
1532264831233699 21.625 -24.75 -42.625
1532264831332442 -27.375 -35.6875 -5.4375
1532264831362355 -26.6875 -68.25 0.8125
1532264831391277 -32.1875 -87.25 -1.8125
1532264831445139 -28.25 -158.563 22.4375
1532264831459096 -26.625 -154 16.875
1532264831483032 -10.8125 -136.313 10.4375
1532264831623656 -33.6875 -0.5 -9.3125
1532264831699453 -25.375 17.25 18.625
1532264831745330 -23 22.9375 55.125
1532264831805170 -45.3125 8.4375 105
1532264831826114 -47.5625 0.5625 117.125
1532264831843069 -48.0625 -9.75 121.313
1532264831865016 -47.25 -15.5625 117
1532264831947789 -86.1875 -73.1875 111.625
1532264832000658 -38.0625 -100.188 104.75
1532264832066472 16.5625 -116.875 68.8125
1532264832082429 -3.25 -117 45.5625
1532264832112349 -21.4375 -104.5 25.9375
1532264832135288 -6.3125 -86.6875 21.625
1532264832194130 -14.0625 -34.8125 18.8125
1532264832284887 12.1875 11.9375 26.25
1532264832323818 31.25 21.3125 33.4375
1532264832366669 49.4375 30.3125 84.75
1532264832405565 89.8125 55.3125 100.063
1532264832466402 139.813 106.813 118.5
1532264832486349 149.875 118.188 115.063
1532264832531229 161.813 136.438 82.875
1532264832562146 174.813 140.875 33.8125
1532264832587080 163.063 134.688 11.25
1532264832608035 135.375 123.75 7.1875
1532264832647916 102.375 105.063 -0.5625
1532264832667864 76 82.625 -8.375
1532264832698781 54.4375 41.75 -16.875
1532264832748648 38.3125 14.625 -11.4375
1532264832808488 -3.125 -4.9375 -21.625
1532264832848382 29.0625 -3.0625 -47.5
1532264832947116 60.6875 -40.5625 -71.4375
1532264832998977 61.625 -104.625 -47.625
1532264833108685 -45.3125 -93.5625 -36.8125
1532264833160546 -18 -93.9375 -35.3125
1532264833178497 0.4375 -91.0625 -30.1875
1532264833235346 -9.0625 -87 -13.75
1532264833295186 -6.75 -44.25 1.1875
1532264833333085 -4.9375 -22.375 -3.5
1532264833356024 0.5625 -10.875 -2.5
1532264833392925 0.4375 12.8125 -6.375
1532264833415863 -9 26.5 -0.75
1532264833475703 5.1875 109 -19.9375
1532264833497645 -34.5 136 -28.25
1532264833535543 -86.6875 198.313 -36.9375
1532264833558481 -78.875 220.188 -35.0625
1532264833607363 -83.0625 234.625 -43.8125
1532264833678162 -53.5625 196.75 -66.875
1532264833958418 -70.375 -108.813 -196.5
1532264834018273 -32.1875 -112.813 -167.188
1532264834112999 -1.625 -12.5625 -37.125
1532264834159874 1.125 -3.25 -13.625
1532264834195778 7.625 0.5625 2.5625
1532264834255618 17.625 7.8125 10.9375
1532264834353356 15.0625 3.5 5.25
1532264834384274 12.8125 -0.125 4.4375
1532264834431149 6.1875 -1.625 7.1875
1532264834555814 67.875 -38.375 9.125
1532264834592715 125.75 -59.4375 32.25
1532264834623633 153.625 -79.375 34.125
1532264834654551 183.875 -98.8125 32.375
1532264834677489 193.625 -99.9375 37.625
1532264834693447 176.25 -86.4375 46.25
1532264834738327 122.313 -69 73
1532264834773234 49.625 -55.25 76.625
1532264834798167 47.8125 -50.75 70.75
1532264834849031 75.375 -49.0625 48.125
1532264834879948 60.375 -45.25 24.9375
1532264834940800 32.5 -32 20.5625
1532264834978684 -4.75 -5.125 -1.0625
1532264835001622 1.6875 -1.25 -1.9375
1532264835038524 -11.5625 -8.125 -4.75
1532264835096369 -7.875 -20.4375 -9.0625
1532264835151223 9.1875 -14 -8.4375
1532264835172167 16 1.625 -2.125
