1532259499187259 0.0336914 0.131836 0.836914
1532259499230144 0.0922852 -0.0444336 0.921387
1532259499270037 -0.0996094 0.120117 1.00928
1532259499366779 -0.0332031 0.0537109 1.20654
1532259499448560 0 0.0688477 1.24072
1532259499477483 -0.0444336 0.0986328 1.19824
1532259499521366 -0.0522461 -0.0151367 1.14111
1532259499575221 -0.10791 -0.0205078 1.11133
1532259499581205 -0.132813 -0.0561523 1.10205
1532259499605142 -0.157715 -0.0703125 1.09229
1532259499629078 -0.201172 -0.0869141 1.08252
1532259499647029 -0.234863 -0.0712891 1.06201
1532259499672961 -0.402832 -0.0117188 0.835449
1532259499724822 -0.535645 0.00195313 1.35889
1532259499769702 0.0717773 0.195801 1.1084
1532259499867440 -0.432617 0.0732422 0.787109
1532259499930272 -0.409668 -0.000488281 0.733887
1532259500046959 -0.393555 0.046875 0.759766
1532259500332198 -0.388672 0.324219 0.819336
1532259500422955 -0.322266 0.35791 0.86377
1532259500481797 -0.248047 0.371094 0.941406
1532259500551611 -0.0844727 0.374023 0.982422
1532259500609460 0.00244141 0.358887 1.01221
1532259500627408 0.0117188 0.343262 1.01758
1532259500684255 -0.00390625 0.351074 0.983887
1532259500724149 -0.0458984 0.29834 0.947266
1532259500751076 -0.0258789 0.279785 0.940918
1532259500812911 -0.0620117 0.227051 0.896973
1532259500827877 -0.078125 0.200195 0.87793
1532259500889713 -0.0336914 0.219727 0.89209
1532259500941575 -0.166504 0.313965 0.798828
1532259501017372 -0.150391 -0.0488281 0.817383
1532259501041308 -0.296387 0.227539 0.803711
1532259501165975 -0.312012 -0.0556641 0.882813
1532259501186935 -0.322754 -0.0830078 0.947266
1532259501309591 -0.454102 -0.0253906 1.1875
1532259501344498 -0.556152 0.0288086 1.34326
1532259501451285 -0.575684 -0.0952148 1.24023
1532259501511125 -0.563965 0.0751953 0.924316
1532259501563984 -0.382813 -0.012207 0.689453
1532259501660725 -0.0786133 -0.0888672 0.430176
1532259501842241 -0.0834961 -0.379883 0.757324
1532259502004812 -1.04297 -0.296875 1.14307
1532259502066646 -0.758789 -0.0478516 1.13721
1532259502111527 -0.720703 -0.0263672 0.849609
1532259502165382 -0.658691 0.0268555 0.728027
1532259502185328 -0.591309 0.0458984 0.623535
1532259502202284 -0.541016 -0.0410156 0.48877
1532259502249158 -0.184082 -0.140625 0.433594
1532259502364849 0.25 -0.393555 0.577637
1532259502425731 0.334473 -0.54541 1.08691
1532259502509491 0.050293 -0.599121 1.19336
1532259502552377 -0.199219 -0.338867 1.50098
1532259502568333 -0.343262 -0.316895 1.55859
1532259502597257 -0.465332 -0.317383 1.59473
1532259502622189 -0.556152 -0.189941 1.59375
1532259502666073 -0.720215 0.00976563 1.271
1532259502703971 -0.640625 0.0488281 1.09961
1532259502748851 -0.563965 0.0859375 0.748047
1532259502779768 -0.498047 0.00585938 0.652344
1532259502853572 -0.410645 -0.0771484 0.520508
1532259502877508 -0.201172 -0.0849609 0.550781
1532259502905433 -0.132324 -0.166992 0.589355
1532259502912414 -0.0244141 -0.236328 0.569336
1532259502996190 0.245117 -0.344238 0.727051
1532259503087945 -0.376953 -0.0561523 1.12988
1532259503184686 -0.557129 0.258789 1.04541
1532259503213608 -0.509766 0.22168 1.04053
1532259503276442 -0.468262 -0.0253906 1.11035
1532259503342265 -0.458496 0.0302734 1.10791
1532259503392131 -0.477539 0.0551758 1.09277
1532259503452969 -0.517578 0.00292969 1.07959
1532259503484883 -0.530762 0.0693359 1.07422
1532259503506825 -0.616699 0.121094 0.993652
1532259503550706 -0.645996 0.189453 0.947754
1532259503571651 -0.63916 0.234863 0.899414
1532259503597582 -0.662109 0.307617 0.84668
1532259503611545 -0.688965 0.307129 0.802246
1532259503648446 -0.71875 0.295898 0.716797
1532259503678380 -0.711426 0.326172 0.661133
1532259503806024 -0.686035 0.42334 0.270996
1532259503964600 -0.422363 0.558594 -0.13623
1532259504016462 -0.442871 0.674805 -0.296387
1532259504031422 -0.426758 0.650391 -0.299316
1532259504120202 -0.536133 0.691406 -0.303711
1532259504142126 -0.535645 0.749512 -0.307617
1532259504180024 -0.57959 0.757813 -0.299316
1532259504292723 -0.609863 0.65332 -0.186523
1532259504362536 -0.56543 0.580566 -0.0883789
1532259504527096 -0.648438 0.634766 0.176758
1532259504624851 -0.490234 0.411133 0.458496
1532259504638798 -0.498047 0.373047 0.512695
1532259504734541 -0.5625 0.211914 0.910645
1532259504804355 -0.456543 0.116211 1.05127
1532259504866189 -0.407227 0.0961914 1.10254
1532259504932014 -0.306152 0.0166016 1.20068
1532259505000839 -0.19043 -0.00488281 1.20361
1532259505059672 -0.222168 0.0649414 1.1958
1532259505127492 -0.09375 0.0830078 1.08594
1532259505259139 0.0644531 -0.0317383 0.978027
1532259505343912 0.108887 0.019043 1.01025

1532259505373849 -0.0742188 0.23584 0.753418
1532259505403769 -0.0297852 0.17334 1.09375
1532259505469593 -0.0141602 0.0810547 0.868652
1532259505622185 -0.0605469 0.142578 1.04883
1532259505806692 -0.0332031 0.171875 1.01367
1532259505824644 -0.00732422 0.164063 0.998047
1532259505859551 0.0429688 0.100098 0.97998
1532259505952303 0.0375977 0.155762 0.993652
1532259506076970 0.0239258 0.106934 0.955566
1532259506103898 0.0180664 0.0791016 0.951172
1532259506169720 0.124512 0.0410156 0.822266
1532259506252499 0.0756836 0.0239258 0.976563
1532259506355224 -0.0195313 0.000488281 0.97168
1532259506665396 -0.00195313 -0.00195313 1.13818
1532259506715262 -0.0644531 0.0419922 1.19287
1532259506800035 -0.191895 -0.0883789 1.08789
1532259506841924 -0.27002 -0.169922 1.021
1532259506921713 -0.412109 -0.14502 0.927246
1532259506932681 -0.448242 -0.104492 0.875
1532259506972575 -0.469238 -0.0390625 0.813477
1532259506995513 -0.489258 -0.0273438 0.834473
1532259507016457 -0.51123 -0.0693359 0.83252
1532259507067321 -0.463867 -0.0810547 0.798828
1532259507086270 -0.499023 0.0180664 0.717773
1532259507112201 -0.510742 0.126465 0.712891
1532259507145113 -0.461914 0.190918 0.726563
1532259507159075 -0.476563 0.0605469 0.710449
1532259507247838 -0.418945 0.102539 0.768066
1532259507264794 -0.382813 0.114258 0.779297
1532259507343582 -0.342773 0.146484 0.81543
1532259507369513 -0.351074 0.206055 0.807129
1532259507399433 -0.258301 0.247559 0.849121
1532259507496174 -0.205566 0.353027 0.984863
1532259507547037 -0.186035 0.312988 0.999023
1532259507621838 -0.144531 0.230469 0.936035
1532259507676692 -0.141602 0.112793 0.916992
1532259507699630 -0.175293 0.128906 0.847656
1532259507742515 -0.214355 0.135742 0.884277
1532259507802355 -0.310547 -0.152344 0.783203
1532259507832275 -0.531738 0.15332 0.761719
1532259507885133 -0.483887 0.0322266 0.882813
1532259507901091 -0.587891 0.137207 0.974121
1532259507944974 -0.559082 0.0908203 1.00342
1532259507968909 -0.535156 0.0512695 1.00684
1532259507998830 -0.618652 0.140137 1.01416
1532259508028750 -0.61084 0.111816 1.0083
1532259508095571 -0.729004 0.189453 0.944336
1532259508147433 -0.894531 0.229004 0.733887
1532259508201289 -0.82373 0.224609 0.578613
1532259508298030 -0.61377 0.090332 0.502441
1532259508523427 -0.043457 -0.572754 1.18555
1532259508576287 -0.201172 -0.530762 1.35205
1532259508682003 -0.975586 -0.138184 1.52734
1532259508833598 -0.670898 0.081543 0.771484
1532259508855539 -0.56543 -0.0258789 0.398926
1532259508928345 -0.184082 -0.121094 0.391602
1532259509026089 0.520996 -0.660645 0.797363
1532259509177694 -0.0112305 -0.727539 1.31006
1532259509214579 -0.186035 -0.684082 1.396
1532259509244499 -0.918945 -0.394043 1.73242
1532259509294366 -0.865723 -0.09375 1.39063
1532259509349218 -0.630371 0.0273438 0.927246
1532259509431998 -0.510254 0.10498 0.534668
1532259509589576 -0.117676 -0.214844 0.478516
1532259509762114 -0.378906 -0.256348 1.44434
1532259509835928 -0.518555 -0.0585938 1.49512
1532259509932659 -0.493652 -0.0629883 1.13965
1532259509971570 -0.54248 -0.131348 1.00928
1532259509992499 -0.550293 -0.124512 0.776855
1532259510047351 -0.447754 -0.199219 0.682617
1532259510068296 -0.34668 -0.00634766 0.706055
1532259510173016 -0.64209 0.0605469 0.9375
1532259510209917 -0.737793 0.160156 0.969727
1532259510316632 -0.814941 0.233887 0.971191
1532259510382455 -0.876953 0.419922 0.840332
1532259510428333 -0.812988 0.336914 0.630371
1532259510617826 -0.614746 0.421387 0.245605
1532259510693624 -0.526367 0.523926 -0.00585938
1532259510743490 -0.484863 0.54834 -0.203125
1532259510758450 -0.538574 0.591797 -0.231445
1532259510812307 -0.509766 0.583496 -0.272461
1532259510817293 -0.521484 0.618164 -0.291992
1532259510865165 -0.5625 0.724121 -0.317871
1532259510909048 -0.569336 0.702637 -0.339844
1532259510945949 -0.580566 0.69873 -0.323242
1532259510968888 -0.519043 0.702637 -0.355469
1532259511021746 -0.584961 0.694336 -0.336426
1532259511042690 -0.522949 0.640137 -0.328613
1532259511089564 -0.516113 0.648926 -0.333984
1532259511165376 -0.525391 0.635254 -0.314941
1532259511225202 -0.564941 0.65918 -0.286621
1532259511262104 -0.538574 0.635742 -0.270996
1532259511313965 -0.405273 0.564453 -0.22998
1532259511381784 -0.463867 0.63916 -0.188477
1532259511449602 -0.663574 0.553223 0.258789
1532259511508447 -0.557129 0.341797 0.606934
1532259511575266 -0.543945 0.237793 0.770508
1532259511627127 -0.410156 0.357422 0.921387
1532259511711901 -0.246582 0.205078 1.0874
1532259511785703 -0.0224609 0.0341797 1.21338
1532259511809640 0.0170898 0.0629883 1.24414
1532259511838562 0.126953 0.12793 1.13916
1532259511868482 0.00390625 0.0239258 1.24756
1532259511913365 0.00146484 0.10498 1.14014
1532259511988172 -0.0439453 0.154297 1.07959
1532259512072952 0.114258 0.111328 1.03271
1532259512139775 0.166504 0.147949 1.01563
1532259512176658 -0.0322266 0.0668945 1.03467
1532259512215554 0.00634766 0.0957031 1.03174
1532259512281378 -0.125977 0.0849609 1
1532259512341217 0.0356445 0.11377 1.05518
1532259512423997 0.0917969 0.185059 1.01514
1532259512443943 -0.0507813 0.273438 0.903809

1532259512491815 -0.0571289 0.176758 0.870605
1532259512518743 0.000976563 0.129395 0.989258
1532259512544681 0.0117188 0.18457 0.980957
1532259512602058 0.0195313 0.158691 0.989258
1532259512650929 0.0244141 0.139648 0.992188
1532259512671872 0.0180664 0.144531 0.96875
1532259512724751 -0.0224609 0.0683594 0.980957
1532259512761891 -0.0151367 0.237305 0.94873
1532259512821743 0.0581055 0.09375 0.950195
1532259512987287 0.0595703 0.189941 0.967285
1532259513029175 0.0566406 0.152344 1.00146
1532259513059095 0.0229492 0.169434 1.00293
1532259513107968 0.00830078 0.175293 1.00586
1532259513202714 0.0253906 0.174805 1.00879
1532259513258562 0.0390625 0.141113 1.00244
1532259513287484 0.00244141 0.179199 0.999023
1532259513426113 0.181641 0.262695 0.894531
1532259513467005 0.212402 0.143555 0.903809
1532259513478973 0.131836 0.156738 0.911621
1532259513601644 0.12207 0.0249023 0.924805
1532259513638554 0.046875 -0.0185547 0.934082
1532259513662487 -0.0161133 0.0322266 0.992188
1532259513720338 -0.0615234 0.0771484 1.0376
1532259513758226 -0.0693359 0.0488281 1.04443
1532259513854967 -0.0849609 0.0522461 1.09229
1532259513906829 -0.0908203 0.059082 1.07031
1532259514021528 -0.0820313 -0.0136719 1.06396
1532259514076374 -0.110352 -0.0693359 1.09131
1532259514097319 -0.141113 -0.0620117 1.09668
1532259514157159 -0.20166 -0.112305 1.08789
1532259514201042 -0.243652 -0.213379 1.05957
1532259514239937 -0.347168 -0.216309 1.01123
1532259514258887 -0.355469 -0.17334 0.992188
1532259514284818 -0.395508 -0.131836 0.975098
1532259514299778 -0.448242 -0.118164 0.943848
1532259514335681 -0.46582 -0.101563 0.885742
1532259514388541 -0.433594 -0.0395508 0.821777
1532259514402503 -0.441895 -0.0424805 0.814941
1532259514455362 -0.452148 -0.108887 0.794434
1532259514499244 -0.366699 -0.0576172 0.753906
1532259514538144 -0.516113 0.286621 0.645996
1532259514591002 -0.370117 0.0668945 0.764648
1532259514627900 -0.368164 0.115234 0.748047
1532259514665799 -0.452637 0.279785 0.756348
1532259514686742 -0.428223 0.246582 0.777344
1532259514748578 -0.452637 0.169922 0.796875
1532259514801436 -0.404785 0.201172 0.839355
1532259514909153 -0.384766 0.328613 0.937012
1532259514965996 -0.317871 0.29248 0.962891
1532259514980970 -0.361816 0.335938 0.945313
1532259515018855 -0.339844 0.277344 0.937988
1532259515055756 -0.311035 0.233398 0.932617
1532259515092657 -0.353516 0.23291 0.90332
1532259515116593 -0.347656 0.237305 0.881348
1532259515138535 -0.277344 0.133301 0.850586
1532259515189412 -0.225098 0.0991211 0.797852
1532259515221316 -0.181641 0.0541992 0.829102
1532259515242273 -0.143555 -0.0776367 0.845703
1532259515266201 -0.14502 -0.155762 0.849121
1532259515309079 -0.422363 -0.19043 0.811523
1532259515369916 -0.558594 0.246582 0.738281
1532259515377902 -0.487305 0.100098 0.841797
1532259515453692 -0.510742 -0.168457 1.06396
1532259515482614 -0.652344 -0.124023 1.15869
1532259515536471 -0.547363 -0.0146484 1.23926
1532259515582348 -0.608887 -0.034668 1.33838
1532259515602294 -0.655762 -0.027832 1.33398
1532259515625233 -0.681152 -0.0585938 1.32129
1532259515671123 -0.643555 0.00683594 1.10059
1532259515701031 -0.553711 0.0913086 0.822754
1532259515739927 -0.499512 0.0126953 0.631836
1532259515911489 0.0273438 -0.116211 0.584473
1532259516016195 0.333496 -0.500488 1.04248
1532259516100969 -0.0600586 -0.682129 1.40332
1532259516209678 -0.867676 -0.0170898 1.45703
1532259516241593 -0.763672 -0.0224609 1.06934
1532259516263537 -0.739258 0.0400391 0.87207
1532259516284478 -0.697754 0.105957 0.690918
1532259516308426 -0.637207 0.146484 0.553711
1532259516369252 -0.574707 0.110352 0.427246
1532259516444052 -0.175293 -0.22168 0.314941
1532259516571710 0.507813 -0.617188 0.979004
1532259516692403 0.0131836 -0.672852 1.24365
1532259516705353 -0.141113 -0.700195 1.3374
1532259516775166 -0.861816 -0.363281 1.75781
1532259516813064 -0.800781 0.034668 1.32373
1532259516864944 -0.717285 0.0966797 0.94043
1532259516908809 -0.554688 -0.0170898 0.571289
1532259516960670 -0.385254 -0.0791016 0.356934
1532259517075364 0.065918 -0.402344 0.380859
1532259517192051 0.0820313 -0.547363 0.893066
1532259517343646 -0.665527 -0.0556641 1.28223
1532259517412462 -0.566406 -0.0458984 0.906738
1532259517426424 -0.508301 -0.0405273 0.821289
1532259517486265 -0.446777 -0.0405273 0.73584
1532259517547102 -0.380859 -0.0507813 0.651855
1532259517596969 -0.370605 -0.250977 0.725098
1532259517642845 -0.326172 -0.292969 0.896484
1532259517696702 -0.389648 -0.213379 0.933105
1532259517733603 -0.506348 -0.136719 0.999512
1532259517792453 -0.518066 0.00292969 1.06641
1532259517811395 -0.553711 0.050293 1.09766
1532259517861261 -0.586914 -0.00146484 1.11035
1532259517907139 -0.602539 0.0424805 1.12109
1532259517943043 -0.674316 0.0864258 1.08008
1532259517965981 -0.729492 0.097168 1.06836
1532259517988920 -0.739746 0.0864258 1.00439
1532259518016846 -0.754883 0.169434 0.98584
1532259518048760 -0.703125 0.143555 0.924316
1532259518109597 -0.692383 0.158691 0.775879
1532259518137525 -0.73291 0.279297 0.680664
1532259518244238 -0.705566 0.356445 0.431641
1532259518354942 -0.629883 0.418457 0.131348
1532259518438718 -0.594238 0.475586 -0.110352
1532259518454693 -0.504883 0.563477 -0.154785
1532259518476616 -0.55127 0.621582 -0.24707
1532259518505538 -0.500977 0.567871 -0.266113
1532259518551416 -0.505371 0.619141 -0.32373
1532259518591310 -0.527344 0.662109 -0.355957
1532259518717971 -0.490234 0.716309 -0.389648
1532259518791773 -0.535645 0.695313 -0.369141
1532259518814712 -0.521484 0.728027 -0.37207
1532259518879539 -0.520508 0.645508 -0.36377
1532259518901480 -0.52002 0.637695 -0.375488
1532259518954345 -0.558105 0.690918 -0.34082
1532259518999219 -0.551758 0.658203 -0.329102
1532259519078008 -0.588379 0.645508 -0.23584
1532259519194696 -0.595215 0.538574 -0.00976563
1532259519286451 -0.635254 0.45752 0.133789
1532259519346291 -0.671387 0.401367 0.426758
1532259519456995 -0.476074 0.0839844 0.928223
1532259519496888 -0.410645 0.101074 1.04248
1532259519576675 -0.0756836 0.0175781 1.25293
1532259519624547 -0.0302734 0.0385742 1.24268
1532259519720290 -0.120117 0.0810547 1.2124
1532259519774147 -0.0483398 0.0117188 1.12939
1532259519824013 -0.151855 0.0229492 1.06641
1532259519886846 -0.12207 0.00683594 1.01416
1532259519936711 -0.121582 -0.046875 1.14404
1532259519960648 -0.129395 -0.105957 1.16602
1532259520014504 -0.128418 0.0131836 0.967285
1532259520037444 -0.0688477 -0.0595703 0.962891
1532259520088307 -0.0810547 -0.0913086 1.06738
1532259520155128 -0.139648 0.25293 0.925781
1532259520180070 -0.101074 0.10791 0.879883

1532259520202015 0.0463867 -0.0834961 1.12354
1532259520236910 -0.109375 0.0566406 1.03271
1532259520275805 -0.0683594 0.0439453 1.0293
1532259520313704 -0.0595703 0.0209961 1.03076
1532259520364568 -0.0766602 0.0688477 0.976563
1532259520403464 -0.0307617 0.0507813 0.995605
1532259520457320 -0.0341797 0.0761719 1.01172
1532259520598941 -0.00537109 0.0834961 0.996582
1532259520646813 0.00634766 0.0634766 0.991699
1532259520996416 0.0195313 0.0551758 0.992676
1532259521056256 0.0107422 0.0458984 0.991699
1532259521565911 0.00634766 0.0649414 1.00781
1532259521693817 0.00878906 0.0615234 1.00098
1532259521836500 0.0126953 0.0527344 0.999023
1532259521956418 -0.0366211 0.123535 1.0415
1532259521979357 0.0253906 0.162598 0.985352
1532259522023240 0.0322266 0.12207 0.987305
1532259522046178 0.0102539 0.0678711 1.00732
1532259522119981 0.0317383 0.125 1.02783
1532259522158891 0.0717773 -0.0117188 0.941406
1532259522188797 0.117676 -0.0722656 0.973633
1532259522196775 0.28125 -0.0878906 0.890137
1532259522218716 0.253906 -0.0761719 0.881836
1532259522247639 0.130371 -0.0546875 0.9375
1532259522301495 0.0371094 -0.0512695 0.976074
1532259522329421 -0.0170898 -0.0449219 0.98584
1532259522429160 -0.102539 0.0361328 1.0498
1532259522481015 -0.11084 -0.015625 1.22607
1532259522501960 -0.158203 0.0498047 1.22852
1532259522532877 -0.210449 0.135254 1.18457
1532259522548834 -0.229004 0.123535 1.17529
1532259522578754 -0.260742 0.0307617 1.16357
1532259522608675 -0.384766 -0.0947266 1.12988
1532259522638615 -0.410156 -0.200195 1.06982
1532259522668530 -0.393066 -0.194824 1.05469
1532259522706413 -0.434082 -0.112793 0.975586
1532259522751293 -0.447266 -0.0776367 0.926758
1532259522803154 -0.394043 -0.120117 0.893555
1532259522878951 -0.385254 -0.0849609 0.775879
1532259522921836 -0.518555 0.428223 0.586426
1532259522998631 -0.554688 0.210938 0.661133
1532259523036530 -0.522949 0.26416 0.659668
1532259523058471 -0.506348 0.256348 0.67627
1532259523088391 -0.491211 0.249512 0.695801
1532259523109335 -0.500977 0.211426 0.711426
1532259523141250 -0.450195 0.16748 0.717773
1532259523162194 -0.432617 0.187988 0.730957
1532259523232007 -0.490234 0.245605 0.708496
1532259523260930 -0.496094 0.178711 0.751953
1532259523313788 -0.512695 0.131348 0.807129
1532259523326754 -0.506348 0.125488 0.83252
1532259523381607 -0.527832 0.210938 0.875488
1532259523409532 -0.499512 0.210938 0.891602
1532259523463396 -0.45752 0.220215 0.962891
1532259523486326 -0.452637 0.220215 0.973633
1532259523509266 -0.450684 0.223633 0.976563
1532259523584075 -0.399414 0.195313 0.94043
1532259523650887 -0.407715 0.156738 0.852539
1532259523667842 -0.364258 0.14209 0.834473
1532259523695767 -0.327637 0.0957031 0.845703
1532259523741644 -0.248047 -0.0161133 0.820801
1532259523771564 -0.245117 -0.0898438 0.830566
1532259523793506 -0.204102 -0.185059 0.868164
1532259523846364 -0.528809 -0.107422 0.662109
1532259523862322 -0.611328 0.102539 0.627441
1532259523883265 -0.572754 0.0986328 0.626465
1532259523922161 -0.579102 -0.00439453 0.712402
1532259523995964 -0.742188 -0.0498047 0.924805
1532259524040844 -0.64209 -0.200195 1.02148
1532259524147560 -0.489258 -0.181641 1.24072
1532259524214380 -0.697266 -0.293457 1.29199
1532259524334060 -0.521973 0.0805664 0.577637
1532259524504620 0.265137 -0.333008 0.580078
1532259524543500 0.279297 -0.490723 0.65918
1532259524686131 -0.462891 -0.374512 1.59375
1532259524730999 -0.708496 -0.149414 1.68213
1532259524766903 -0.96875 0.0224609 1.57568
1532259524783859 -0.866699 0.0625 1.37305
1532259524805799 -0.719238 0.0673828 1.11963
1532259524826743 -0.637207 0.155762 0.86084
1532259524880598 -0.594238 0.258789 0.500977
1532259524894561 -0.544922 0.156738 0.368652
1532259524903537 -0.480469 0.0664063 0.304688
1532259525007260 -0.0351563 -0.245117 0.369141
1532259525085052 0.341797 -0.295898 0.671387
1532259525149878 0.563965 -0.554688 1.18311
1532259525173816 0.228027 -0.721191 1.37695
1532259525203734 -0.0708008 -0.486328 1.50684
1532259525248614 -0.61377 -0.287109 1.87646
1532259525272550 -0.764648 -0.14502 1.90479
1532259525308455 -0.880859 -0.0253906 1.77588
1532259525325409 -0.919434 0.0385742 1.6123
1532259525346353 -0.703613 -0.0249023 1.1748
1532259525369292 -0.684082 0.0449219 0.95459
1532259525397217 -0.666016 0.10791 0.791016
1532259525407191 -0.618652 0.0805664 0.635254
1532259525457057 -0.567383 0.0585938 0.526367
1532259525501937 -0.588867 0.0390625 0.30127
1532259525576737 -0.135742 -0.050293 0.51709
1532259525663505 0.47168 -0.556641 0.897461
1532259525744288 0.050293 -0.56543 1.18457
1532259525833052 -0.647949 -0.149414 1.51807
1532259525871948 -0.693359 -0.116699 1.42285
1532259525948743 -0.52002 0.0698242 1.14795
1532259526031521 -0.539063 -0.0673828 0.818848
1532259526071415 -0.594727 -0.144043 0.725586
1532259526218022 -0.492188 0.0195313 0.733887
1532259526230987 -0.52002 0.000488281 0.800293
1532259526274870 -0.651855 0.0078125 0.922363
1532259526318753 -0.779297 0.275879 0.987793
1532259526344700 -0.766602 0.243652 1.00684
1532259526435443 -0.766602 0.370117 0.921875
1532259526439430 -0.817383 0.349609 0.865234
1532259526499269 -0.767578 0.318848 0.796387
1532259526642886 -0.695313 0.45166 0.425781
1532259526710705 -0.618164 0.548828 0.226074
1532259526801461 -0.573242 0.550293 0.0224609
1532259526853323 -0.370117 0.666504 -0.252441
1532259526973010 -0.480469 0.770508 -0.367676
1532259526993947 -0.491211 0.721191 -0.347656
1532259527050795 -0.44873 0.727539 -0.363281
1532259527118614 -0.459961 0.696777 -0.351563
1532259527264225 -0.51123 0.654785 -0.294922
1532259527342017 -0.506836 0.638672 -0.228516
1532259527430780 -0.566895 0.59375 -0.102051
1532259527544476 -0.544434 0.449219 0.269531
1532259527745943 -0.309082 0.210938 1.13232
1532259527762891 -0.262695 0.166992 1.16406
1532259527850656 0.0375977 0.14502 1.20313
1532259527882571 0.0571289 0.10498 1.21045
1532259527933435 0.0141602 -0.0419922 1.19775
1532259527970336 0.0234375 -0.0258789 1.11572
1532259527993275 0.034668 -0.0424805 1.37549
1532259528030176 -0.282715 0.166992 0.960449
1532259528053115 0.0126953 0.199707 1.06104
1532259528082038 0.0488281 0.0478516 1.00684
1532259528135893 0.0117188 0.178223 0.903809
1532259528158832 0.0166016 0.0761719 0.97168
1532259528217675 -0.0683594 0.0664063 1.03369
1532259528263552 -0.0761719 0.121094 1.02002
1532259528286491 -0.135742 0.0600586 1.0791
1532259528322394 -0.120605 0.0375977 1.01904
1532259528355307 -0.0761719 0.0708008 1.01611
1532259528377248 -0.11084 0.0605469 1.02734
1532259528414150 -0.0991211 0.0419922 0.999023
1532259528436091 0.0244141 0.00976563 1.04395
1532259528459029 0.0249023 -0.0332031 1.08203
1532259528488949 -0.0942383 0.133789 0.91748
1532259528511888 -0.0483398 0.170898 0.884766

1532259528555770 0.141113 0.03125 0.979492
1532259528586699 0.0678711 0.00341797 1.0542
1532259528661487 -0.11377 0.116699 1.00684
1532259528690411 0.0610352 0.0771484 0.999512
1532259528713349 0.0371094 0.0537109 0.980957
1532259528757232 0.000976563 0.137207 0.975098
1532259528781168 0.00195313 0.112305 0.992188
1532259528841018 -0.00927734 0.0737305 0.999512
1532259528855967 0.00537109 0.0742188 0.996094
1532259528893867 0.0112305 0.0634766 0.995117
1532259528915808 0.00976563 0.0512695 0.997559
1532259528937762 0.00634766 0.0581055 0.997559
1532259528952724 -0.00292969 0.0581055 0.999023
1532259528989611 0.000488281 0.0678711 1.00781
1532259529036485 0.0195313 0.0766602 1.00635
1532259529058438 -0.00683594 0.0703125 0.993652
1532259529102309 -0.0102539 0.0761719 1.00391
1532259529133226 -0.00341797 0.0546875 1
1532259529164144 0.00976563 0.059082 0.999023
1532259529216014 -0.0600586 0.167969 0.924805
1532259529238944 -0.107422 0.175781 0.996582
1532259529260885 0.103516 0.0986328 0.851074
1532259529319727 -0.0424805 0.103027 1.04492
1532259529343663 -0.101074 0.0766602 0.998047
1532259529411483 0.0683594 0.0517578 1.01367
1532259529456363 0.15332 0.0180664 0.850098
1532259529478304 0.268066 -0.0878906 0.869141
1532259529546126 0.0444336 -0.104004 0.994141
1532259529613941 -0.10498 -0.178711 1.14648
1532259529674778 -0.216797 0.0522461 1.21729
1532259529687747 -0.281738 0.0947266 1.17676
1532259529718661 -0.32959 -0.00976563 1.12793
1532259529747584 -0.362305 -0.0888672 1.12158
1532259529763541 -0.401367 -0.191406 1.10205
1532259529814405 -0.425293 -0.179199 1.02295
1532259529825375 -0.422363 -0.116211 0.979004
1532259529890202 -0.497559 -0.078125 0.911133
1532259529942064 -0.486328 -0.207031 0.864258
1532259529980973 -0.496094 -0.105469 0.827637
1532259530041797 -0.507813 -0.0419922 0.776367
1532259530115599 -0.507813 0.0380859 0.736816
1532259530201378 -0.504883 0.115234 0.713867
1532259530253232 -0.539551 0.120605 0.714355
1532259530328032 -0.547852 0.172852 0.697754
1532259530379893 -0.545898 0.202637 0.721191
1532259530408815 -0.558105 0.194336 0.709473
1532259530438735 -0.60791 0.196289 0.723145
1532259530497578 -0.587891 0.118652 0.765137
1532259530528495 -0.516113 0.0732422 0.810059
1532259530602297 -0.44873 0.163086 0.884766
1532259530662138 -0.512695 0.183594 0.921875
1532259530739935 -0.48877 0.190918 0.885254
1532259530791791 -0.41748 0.090332 0.851074
1532259530866592 -0.378906 0.0473633 0.79248
1532259530903492 -0.228516 -0.291992 0.841309
1532259530933413 -0.210449 -0.397461 0.746094
1532259530941392 -0.341309 -0.165039 0.653809
1532259530992255 -0.532227 -0.0751953 0.64502
1532259531052095 -0.691895 -0.125488 0.76416
1532259531153829 -0.809082 -0.0605469 0.965332
1532259531241589 -0.783203 -0.271484 1.25977
1532259531285470 -0.810547 -0.0429688 1.18457
1532259531346309 -0.659668 0.0571289 0.687988
1532259531384207 -0.607422 0.100098 0.543457
1532259531524831 0.102051 -0.134766 0.474609
1532259531572703 0.276367 -0.283691 0.478516
1532259531734271 -0.367188 -0.492188 1.4751
1532259531767183 -0.383301 -0.435547 1.56543
1532259531834004 -0.550781 -0.290527 1.72021
1532259531848964 -0.652344 -0.0883789 1.71631
1532259531909801 -0.620117 -0.0727539 1.08691
1532259531931742 -0.609863 -0.00488281 0.869629
1532259532005546 -0.451172 -0.0722656 0.353027
1532259532035466 -0.419434 -0.117676 0.32373
1532259532095306 -0.0366211 -0.161133 0.399414
1532259532163124 0.369629 -0.516602 0.741699
1532259532239919 -0.0429688 -0.557617 1.21045
1532259532323695 -0.140625 -0.50293 1.25732
1532259532357604 -0.0810547 -0.45752 1.36279
1532259532394506 -0.624023 -0.191895 1.72754
1532259532414452 -0.860352 0.0898438 1.62354
1532259532463322 -0.653809 0.0791016 1.10498
1532259532539119 -0.637695 0.130859 0.916016
1532259532593972 -0.427734 0.00830078 0.408203
1532259532648826 -0.0874023 -0.130371 0.472656
1532259532678746 -0.0834961 -0.237305 0.559082
1532259532818372 -0.165527 -0.437988 1.15234
1532259532883199 -0.354492 -0.373535 1.23633
1532259532954009 -0.643066 0.0107422 1.36035
1532259533027812 -0.602051 0.0380859 1.01025
1532259533088665 -0.508301 0.134766 0.715332
1532259533109593 -0.459961 0.105957 0.665039
1532259533146510 -0.441406 0.0595703 0.692871
1532259533229274 -0.472168 0.0957031 0.78125
1532259533265177 -0.636719 0.124023 0.8125
1532259533287118 -0.719238 0.132324 0.828125
1532259533325017 -0.785156 0.214844 0.788086
1532259533338980 -0.795898 0.247559 0.784668
1532259533349950 -0.825195 0.304199 0.769531
1532259533371895 -0.84082 0.308594 0.776367
1532259533398820 -0.814941 0.287109 0.76123
1532259533423753 -0.777344 0.309082 0.763672
1532259533520494 -0.752441 0.433594 0.64502
1532259533594296 -0.821777 0.477051 0.525879
1532259533610255 -0.775391 0.444824 0.474609
1532259533709988 -0.726563 0.50293 0.274902
1532259533823684 -0.691895 0.527832 0.187988
1532259533940371 -0.561523 0.585449 -0.059082
1532259534002223 -0.509277 0.626465 -0.230469
1532259534064040 -0.514648 0.681152 -0.312012
1532259534180729 -0.524414 0.671875 -0.361328
1532259534280463 -0.535645 0.640137 -0.323242
1532259534405129 -0.421387 0.51709 -0.0673828
1532259534489903 -0.452148 0.426758 0.205566
1532259534893822 -0.0375977 0.174316 1.271
1532259534931721 0.0205078 0.050293 1.12891
1532259534953662 0.0327148 0.00292969 1.23438
1532259534974605 0.074707 -0.124512 1.31982
1532259534998542 -0.161621 -0.00341797 1.0415
1532259535013502 -0.0844727 0.0883789 1.0083
1532259535034446 0.0454102 0.147461 0.958008
1532259535051401 0.157227 0.0385742 0.944336
1532259535102264 0 0.0810547 1.00635
1532259535172078 0.0141602 0.0361328 1.02148
1532259535253859 -0.0913086 0.0249023 1.02002
1532259535274803 -0.0263672 0.0263672 0.993164
1532259535297741 0.0219727 -0.00390625 1.02686
1532259535334655 -0.0620117 -0.0180664 1.04297
1532259535373548 -0.00585938 -0.0351563 0.927734

1532259535439363 0.0751953 0.317383 0.914551
1532259535454323 0.126465 -0.0942383 1.01074
1532259535470286 -0.0131836 -0.166992 1.01904
1532259535516158 -0.0952148 0.046875 1.02881
1532259535530121 -0.150391 0.108887 1.03076
1532259535561054 -0.109375 0.0864258 1.01953
1532259535583977 0.015625 0.034668 1.0127
1532259535613900 0.0415039 -0.00878906 0.989746
1532259535635840 0.046875 0.0244141 0.97998
1532259535656783 0.0327148 0.0761719 0.998047
1532259535703656 0.0258789 0.110352 0.983398
1532259535756515 -0.0126953 -0.0141602 0.990234
1532259535777459 0.000488281 -0.0219727 1.0083
1532259535844280 0.00390625 0.0449219 0.98877
1532259535902158 0.00488281 0.00488281 0.992676
1532259535914125 0.00195313 0.0185547 0.993164
1532259535950030 0.152344 0.107422 0.754395
1532259535974026 -0.601074 -0.215332 0.319824
1532259535995962 0.544434 0.216797 1.78418
1532259536009926 0.105957 -0.00878906 0.489258
1532259536031866 -0.530762 -0.200684 0.19873
1532259536050084 -0.472656 -0.135742 0.958496
1532259536070028 0.145996 0.078125 1.81445
1532259536091970 0.260742 0.126465 0.937012
1532259536108925 0.115723 0.0620117 0.899414
1532259536129869 -0.0131836 -0.0102539 0.999023
1532259536176743 -0.00976563 -0.00976563 1.0127
1532259536191704 -0.0131836 -0.0102539 1.01807
1532259536212647 -0.0463867 -0.0195313 1.00928
1532259536265506 -0.158691 0.0810547 0.827148
1532259536290440 -0.154785 -0.0219727 0.980957
1532259536325352 -0.0273438 -0.0571289 1.05078
1532259536348869 -0.0849609 -0.123047 1.07666
1532259536407713 -0.019043 0.015625 1.02002
1532259536476530 0.00927734 0.034668 1.00391
1532259536489495 -0.0703125 -0.0390625 0.99707
1532259536557314 -0.0385742 0.0283203 1.03906
1532259536617154 0.0307617 -0.0361328 0.995605
1532259536632113 0.0239258 -0.0380859 0.992676
1532259536676993 0.00634766 -0.0107422 0.995605
1532259536736833 0.0893555 -0.0522461 0.977051
1532259536806647 0.0742188 -0.0366211 0.958984
1532259536828588 0.0795898 0.0351563 0.964844
1532259536858515 0.0483398 -0.000488281 0.974609
1532259536939292 0.0854492 0.0507813 0.98877
1532259536956246 0.103027 -0.0820313 0.96582
1532259537018081 -0.0473633 -0.125488 1.0332
1532259537039025 -0.0830078 -0.0639648 1.05811
1532259537113825 -0.0708008 -0.0361328 1.01172
1532259537166684 -0.0249023 -0.00488281 1.06787
1532259537317281 0 0.111328 1.15527
1532259537345206 0.00292969 0.0966797 1.19482
1532259537385099 -0.0688477 0.0737305 1.15332
1532259537441947 -0.261719 -0.134766 1.02734
1532259537465884 -0.368164 -0.197266 0.979004
1532259537518742 -0.485352 -0.0283203 0.881348
1532259537541681 -0.492188 -0.0834961 0.862793
1532259537585564 -0.393066 -0.22998 0.830078
1532259537617493 -0.382324 -0.137695 0.797852
1532259537638422 -0.555176 0.0878906 0.681152
1532259537661361 -0.516113 0.0727539 0.666992
1532259537736160 -0.493164 0.0546875 0.63916
1532259537819936 -0.441895 0.0932617 0.686523
1532259537846865 -0.544922 0.0488281 0.708984
1532259537863820 -0.51709 0.0629883 0.728516
1532259537946598 -0.527832 0.0263672 0.855469
1532259538066278 -0.243164 0.218262 0.680664
1532259538102182 -1.0752 -0.0297852 0.895508
1532259538150069 -0.517578 -0.0722656 1.18555
1532259538178977 -0.348145 0.00195313 1.2627
1532259538208897 -0.554688 0.208496 0.679688
1532259538291678 -0.179688 -0.0581055 1.26367
1532259538305638 -0.703613 0.150879 0.590332
1532259538352513 -0.440918 -0.00683594 0.895996
1532259538402379 -0.348145 0.0273438 0.875977
1532259538420331 -0.350586 0.0234375 0.898438
1532259538464214 -0.345215 0.0444336 0.92627
1532259538493137 -0.36377 0.0561523 0.95459
1532259538539031 -0.54834 -0.194824 0.930664
1532259538575930 -0.659668 0.0078125 0.849121
1532259538604838 -0.650391 0.101563 0.745605
1532259538620795 -0.677734 0.0883789 0.68457
1532259538664678 -0.695313 0.185059 0.693359
1532259538681632 -0.751465 0.266113 0.617676
1532259538703574 -0.814453 0.23877 0.57666
1532259538731499 -0.879395 0.148926 0.54541
1532259538772390 -0.800781 0.125 0.560547
1532259538929969 -0.342773 0.0317383 0.658691
1532259539040672 0.160645 -0.569336 1.12939
1532259539198251 -0.660156 0.019043 1.55176
1532259539258090 -0.755371 0.108887 1.50586
1532259539290016 -0.743652 0.247559 0.689453
1532259539311966 -0.710449 0.316406 0.567871
1532259539332903 -0.599609 0.25293 0.473633
1532259539353835 -0.559082 0.146484 0.397949
1532259539406694 -0.335938 -0.0786133 0.325684
1532259539463542 -0.0175781 -0.0488281 0.399414
1532259539475510 0.0957031 -0.0664063 0.44043
1532259539561280 0.43457 -0.569824 0.768066
1532259539628102 0.236816 -0.590332 1.21729
1532259539664005 -0.0683594 -0.6875 1.40137
1532259539754763 -0.720703 -0.132813 1.73828
1532259539808619 -0.904297 -0.150391 1.52539
1532259539999109 -0.533203 0.152832 0.474121
1532259540068923 -0.0727539 -0.208008 0.433105
1532259540096847 0.124512 -0.196289 0.535645
1532259540187606 0.266113 -0.541504 1.08691
1532259540219520 0.0668945 -0.476563 1.16553
1532259540288336 -0.0947266 -0.369141 1.5542
1532259540397045 -0.57959 -0.186523 1.37012
1532259540413003 -0.529297 -0.117188 1.21875
1532259540459892 -0.500488 -0.0576172 1.02783
1532259540534677 -0.443359 -0.0683594 0.651367
1532259540592523 -0.359375 -0.00488281 0.559082
1532259540647380 -0.484863 -0.114746 0.787109
1532259540696246 -0.251953 -0.304199 0.915527
1532259540714197 -0.210938 -0.284668 0.991211
1532259540774038 -0.436035 -0.316895 1.09473
1532259540869781 -0.476074 0.081543 0.89209
1532259540924634 -0.433594 0.113281 0.867676
1532259540998437 -0.521973 0.195801 0.827637
1532259541028357 -0.537598 0.151855 0.880859
1532259541067258 -0.540527 0.135742 0.886719
1532259541193914 -0.660645 0.163574 1.00977
1532259541245782 -0.726563 0.253906 1.00293
1532259541381413 -0.70459 0.330566 0.713379
1532259541432277 -0.748047 0.387207 0.590332
1532259541569909 -0.708008 0.416504 0.394531
1532259541905013 -0.447266 0.65625 -0.469238
1532259542049626 -0.510742 0.63916 -0.476563
1532259542214186 -0.564941 0.581543 -0.302246
1532259542385731 -0.387695 0.477051 0.081543
1532259542431605 -0.484863 0.460938 0.393555
1532259542497428 -0.411133 0.393555 0.68457
1532259542521366 -0.275879 0.242188 0.746094
1532259542558266 -0.277832 -0.102539 1.14502
1532259542581204 -0.210449 0.00585938 1.25244
1532259542656004 0.0932617 0.137695 1.41455
1532259542693903 0.043457 -0.000976563 1.40674
1532259542774687 -0.0947266 0.0668945 1.21484
1532259542834527 -0.11377 0.111328 1.0542
1532259542866442 -0.109375 0.0795898 1.04834
1532259542894367 -0.027832 -0.0722656 0.947266
1532259542911336 0.348633 -0.214844 1.74414
1532259542933264 -0.100586 -0.415039 0.979492
1532259542956202 -0.476563 0.373047 1.07373
1532259543001094 -0.0444336 0.0283203 0.902344
1532259543015044 -0.00244141 -0.125488 1.09033
1532259543069898 0.122559 0.0898438 0.995117
1532259543081866 0.0351563 0.112793 0.95166
1532259543134725 0.11084 0.0883789 1.021
1532259543173621 -0.0585938 0.0629883 1.00928
1532259543210523 -0.0527344 -0.012207 1.08301
1532259543234458 -0.135742 0.0273438 1.07666
1532259543293300 -0.125 0.00830078 1.0542
1532259543337197 -0.0537109 -0.0717773 0.996582
1532259543405002 -0.0844727 -0.0639648 0.968262
1532259543441904 -0.0214844 0.0732422 0.941406

1532259543533665 -0.090332 -0.00195313 1.04688
1532259543600929 -0.0712891 0.0410156 1.08008
1532259543683710 -0.0161133 0.0541992 1.03076
1532259543773469 -0.0712891 -0.027832 1.00879
1532259543796409 -0.043457 -0.0371094 1.0083
1532259543839294 -0.0175781 -0.0249023 1.03125
1532259543901129 0.0180664 0.00927734 0.99707
1532259543952991 0.0185547 0.0317383 0.960449
1532259543975929 0.0336914 0.0332031 0.986328
1532259544012837 0.0185547 0.0170898 1.0127
1532259544035930 0.0170898 0.0444336 0.994141
1532259544056876 0.0351563 0.0844727 0.972168
1532259544095771 0.0356445 0.078125 0.959961
1532259544118710 0.03125 0.0771484 0.968262
1532259544156609 0.0556641 0.0883789 0.999512
1532259544179548 0.0356445 0.09375 1.00928
1532259544216449 0.0219727 0.0961914 0.994141
1532259544246370 0.0571289 0.0908203 0.979492
1532259544305212 0.0654297 0.0722656 0.965332
1532259544336130 0.0576172 0.0483398 0.98877
1532259544386993 0.0371094 0.0463867 0.991211
1532259544425889 0.0512695 0.0493164 0.985352
1532259544478748 0.0566406 0.0380859 0.993652
1532259544516646 0.0390625 0.027832 0.996582
1532259544599107 0.0209961 0.0249023 1.01074
1532259544636013 0.0292969 0.0283203 1.01416
1532259544718787 0.0366211 0.0205078 0.979492
1532259544739730 0.0234375 0.0253906 0.98584
1532259544807550 0.0297852 0.00195313 1.03027
1532259544859845 0.0288086 0.0673828 1.00732
1532259544920683 0.0317383 0.0351563 0.980957
1532259544937648 0.03125 0.0385742 0.994629
1532259544958580 0.0268555 0.0302734 0.990234
1532259544979525 0.0185547 0.0185547 0.995117
1532259545011439 0.0209961 0.0239258 0.995117
1532259545056177 0.0317383 -0.0102539 1.01221
1532259545079116 0.0341797 0.0327148 1.00879
1532259545144939 0.0307617 0.0454102 1
1532259545198796 0.0131836 0.0361328 0.994141
1532259545221733 0.0249023 0.0458984 0.992188
1532259545266614 0.0283203 0.00830078 1.00928
1532259545305510 0.0234375 0.0341797 0.999023
1532259545324218 0.0273438 0.0273438 1
1532259545355135 0.0371094 0.0366211 0.987305
1532259545384058 0.0322266 0.0439453 0.989258
1532259545431929 0.0229492 0.0419922 0.990234
1532259545466836 0.0258789 0.034668 0.998535
1532259545511716 0.0288086 0.0449219 0.997559
1532259545542634 0.0327148 0.0361328 0.993652
1532259545565573 0.0292969 0.0361328 0.988281
1532259545586516 0.0288086 0.0332031 0.994141
1532259545633391 0.0244141 0.0253906 0.996094
1532259545663311 0.0234375 0.0419922 1.00195
1532259545691236 0.0175781 0.0390625 0.997559
1532259545767033 0.0180664 0.0395508 1.00293
1532259545803940 0.0229492 0.0332031 0.998047
1532259545834852 0.0268555 0.0273438 1.00293
1532259545863775 0.019043 0.0361328 0.992188
1532259545946554 0.012207 0.0366211 1.00732
1532259545984452 0.0214844 0.0361328 0.989258
1532259546024345 0.0292969 0.0268555 0.998535
1532259546047284 0.0283203 0.0195313 1.00439
1532259546066233 0.0209961 0.027832 1.00244
1532259546104140 0.0219727 0.0258789 0.983887
1532259546129066 0.0263672 0.0175781 0.992188
1532259546163972 0.0239258 0.0273438 1.00586
1532259546189903 0.0141602 0.0380859 1
1532259546249465 0.0244141 0.0307617 1.00146
1532259546344194 0.0136719 0.0253906 1.00488
1532259546398052 0.0253906 0.0283203 0.993164
1532259546412018 0.0219727 0.0297852 0.990234
1532259546448921 0.0200195 0.0214844 1.00146
1532259546466873 0.0195313 0.0288086 0.998535
1532259546489812 0.0263672 0.0292969 0.998047
1532259546526734 0.0161133 0.0283203 0.995117
1532259546614479 0.0253906 0.0234375 1.0083
1532259546675368 0.0195313 0.0273438 0.996582
1532259546767109 0.0161133 0.0263672 0.996094
1532259546878810 0.0112305 0.0371094 0.998047
1532259546946629 0.0166016 0.0185547 0.998047
1532259547026415 0.0141602 0.0180664 1.00244
1532259547104324 0.0180664 0.0400391 1.00488
1532259547134259 0.0209961 0.0263672 0.994629
1532259547155188 0.0195313 0.0200195 1.00488
1532259547207050 -0.0332031 -0.0527344 1.05713
1532259547225002 -0.0356445 0.0297852 0.979004
1532259547284842 0.121582 0.166016 0.966309
1532259547326729 -0.0166016 0.103516 1.00684
1532259547366623 -0.0439453 0.0698242 1.01367
1532259547386569 0.0117188 0.0546875 1.01416
1532259547412500 0.0458984 0.0395508 1.02637
1532259547426463 0.0415039 0.0170898 1.03613
1532259547486303 0.0649414 -0.0449219 0.993164
1532259547584046 0.117188 -0.122559 1.05615
1532259547628922 -0.0258789 -0.034668 1.0332
1532259547665824 0.0317383 -0.0297852 1.01318
1532259547688761 0.0703125 -0.0634766 1.0415
1532259547726660 -0.110352 -0.0263672 1.09131
1532259547807444 -0.249023 0.081543 1.11133
1532259547846340 -0.394043 0.0170898 0.993164
1532259547867284 -0.388184 -0.0634766 1.02637
1532259547929119 -0.515625 -0.212891 0.977539
1532259547988959 -0.492188 0.0639648 0.903809
1532259548069742 -0.530273 0.222168 0.777344
1532259548208375 -0.410156 0.288574 0.683594
1532259548289156 -0.45166 0.377441 0.734863
1532259548521535 -0.626465 0.319336 0.697754
1532259548561428 -0.564453 0.0444336 0.708008
1532259548692078 -0.486328 0.159668 0.824219
1532259548837690 -0.405273 0.261719 0.963867
1532259548925455 -0.371094 0.184082 0.947266
1532259549210692 -0.366211 -0.0185547 0.833008
1532259549248603 -0.384277 0.0273438 0.79834
1532259549292476 -0.521484 0.0141602 0.935059
1532259549316408 -0.512207 0.0834961 0.94043
1532259549369279 -1.03564 0.118164 0.869141
1532259549459028 -0.992676 0.306152 0.669922
1532259549578708 -0.180664 0.103027 0.509277
1532259549780169 -0.212402 -0.600098 1.41357
1532259549847989 -0.656738 -0.179199 1.68701
1532259549900846 -0.777344 0.0864258 1.56055
1532259549936750 -0.908691 -0.0473633 1.38721
1532259549989609 -0.664063 0.0703125 0.661621
1532259550014542 -0.69873 0.268066 0.460938
1532259550034489 -0.570801 0.264648 0.305664
1532259550051443 -0.451172 0.0947266 0.282227
1532259550073385 -0.330566 -0.0439453 0.243652
1532259550202041 0.0136719 -0.265625 0.345215
1532259550289805 0.195313 -0.561035 1.23535
1532259550343662 -0.29834 -0.550293 1.62256
1532259550503235 -0.873535 0.0732422 1.30811
1532259550562077 -0.562012 0.231934 0.458984
1532259550577038 -0.484863 0.128906 0.379883
1532259550637878 -0.361328 -0.141113 0.350586
1532259550725640 0.0693359 -0.257813 0.519531
1532259550915134 -0.571289 -0.366211 1.66455
1532259550996923 -1.11963 0.229004 1.45166
1532259551079694 -0.550293 -0.000488281 0.859863
1532259551099640 -0.320313 0.10791 0.600098
1532259551117595 -0.23291 -0.0283203 0.647461
1532259551152498 -0.171875 -0.108398 0.708984
1532259551274173 -0.227051 -0.407227 0.907715
1532259551348973 -0.491699 0.0771484 1.02148
1532259551357950 -0.62207 0.114258 1.09082
1532259551391859 -0.645508 0.115723 1.09912
1532259551445717 -0.705566 0.191895 1.07471
1532259551483613 -0.697266 0.152344 1.02393
1532259551597310 -0.714844 0.26416 0.819824
1532259551633213 -0.668945 0.32666 0.73584
1532259551672109 -0.678711 0.365723 0.680664
1532259551852627 -0.70166 0.500488 0.307129
1532259551906482 -0.5625 0.472656 0.034668
1532259551942386 -0.556152 0.479492 -0.0668945
1532259552391187 -0.362305 0.510254 -0.322266
1532259552671438 -0.411133 0.156738 0.84082
1532259552701357 -0.277832 -0.000488281 0.971191
1532259552782141 -0.0634766 0.0600586 1.33594
1532259552802095 0.147949 -0.0415039 1.43213
1532259552868909 0.0366211 0.14502 1.3623
1532259552901822 -0.015625 0.0522461 1.25635
1532259552943709 -0.0810547 0.0302734 1.17285
1532259552984600 0.03125 -0.256348 1.21973
1532259553058402 0.0292969 0.0385742 0.935059
1532259553064387 0.00927734 -0.0522461 1.01904
1532259553127219 0.00927734 0.0546875 0.95166
1532259553162141 0.0844727 0.105469 0.964355
1532259553221965 -0.0131836 0.0268555 1.03955
1532259553261858 -0.0141602 0.0625 1.03076
1532259553334664 -0.0805664 0.00830078 1.00098
1532259553364584 0.0249023 -0.0205078 1.0415
1532259553412456 -0.123535 0.0117188 0.95166
1532259553478280 -0.116699 0.364258 0.864746

1532259553538120 0.0507813 -0.11084 1.05176
1532259553606936 -0.0249023 0.0170898 1.02393
1532259553644834 0.0288086 0.0107422 1.0166
1532259553680738 0.0351563 0.0493164 0.997559
1532259553741575 -0.0180664 0.0498047 1.02393
1532259553764515 -0.000976563 0.00146484 1.04199
1532259553802428 -0.0268555 0.00341797 1.04199
1532259553844317 0.0258789 0.000488281 0.982422
1532259553861734 0.0209961 0.0400391 0.959473
1532259553883677 0.0146484 0.00244141 1.01758
1532259553921576 0.0292969 -0.00927734 1.00977
1532259553964461 0.0444336 0.0341797 0.973145
1532259554004355 0.0922852 0.0185547 0.987305
1532259554034275 0.0795898 -0.000488281 1.05469
1532259554064195 0.0703125 0.0688477 1.00342
1532259554086136 0.0571289 0.103027 1.03076
1532259554109075 0.0932617 -0.0327148 1.06592
1532259554162931 0.138672 -0.0444336 1.0791
1532259554183874 0.0878906 0.03125 0.995605
1532259554204818 0.0908203 -0.00439453 0.890137
1532259554236751 0.157227 -0.0302734 0.872559
1532259554259672 0.219238 -0.027832 0.85498
1532259554281612 0.145508 0.112793 0.796875
1532259554364073 0.219238 -0.0634766 0.875488
1532259554453847 -0.0483398 0.0166016 1.22363
1532259554566539 0.103516 0.114258 1.00391
1532259554603476 0.139648 0.112793 1.04102
1532259554626401 0.0927734 0.0932617 1.04248
1532259554714166 -0.0141602 0.0131836 0.868652
1532259554746081 0.27002 0.0947266 0.873047
1532259554834843 0.0483398 0.0078125 0.936523
1532259554887702 0.0625 0.0634766 0.995605
1532259554947542 0.123047 0.0102539 0.995605
1532259554993419 0.10791 0.100098 0.991211
1532259555052262 0.128418 0.0375977 0.992188
1532259555067222 0.125488 0.0458984 1.00293
1532259555145014 0.0996094 0.046875 0.989746
1532259555186913 0.131836 0.0546875 0.981934
1532259555323537 0.156738 0.113281 0.972656
1532259555346474 0.16748 -0.00390625 0.981934
1532259555422272 0.0297852 -0.340332 1.04932
1532259555443217 -0.0708008 -0.328613 1.11523
1532259555571873 -0.23291 0.132324 1.13721
1532259555608773 -0.412598 -0.149902 0.984863
1532259555689558 -0.580566 -0.10791 0.879395
1532259555764358 -0.421875 -0.375977 0.945313
1532259556111430 -0.502441 0.197754 0.622559
1532259556531307 -0.411133 0.146484 0.763672
1532259556615083 -0.445801 0.120605 0.750977
1532259556688886 -0.330078 -0.0605469 0.704102
1532259556710827 -0.356934 -0.065918 0.733887
1532259556741744 -0.346191 -0.0493164 0.843262
1532259556755706 -0.380859 -0.0541992 0.952637
1532259556816544 -0.446289 -0.0297852 0.977051
1532259556859429 -0.602051 -0.286133 1.32227
1532259556891344 -1.14893 0.0107422 1.3335
1532259556936224 -1.21729 0.0195313 1.23291
1532259556959163 -1.02148 0.0463867 1.12305
1532259557013019 -0.79248 0.251465 0.821289
1532259557153643 0.059082 -0.0195313 0.344727
1532259557364080 -0.152344 -0.620605 1.38477
1532259557474784 -0.748535 -0.12207 1.7334
1532259557498719 -0.785645 -0.0595703 1.53809
1532259557513680 -0.765137 -0.0400391 1.2876
1532259557542603 -0.755859 -0.0258789 1.01855
1532259557577527 -0.64209 0.169434 0.632324
1532259557602443 -0.607422 0.202637 0.462891
1532259557620395 -0.543457 0.171875 0.347168
1532259557694197 -0.243652 -0.233887 0.240234
1532259557799915 0.0317383 -0.326172 0.431152
1532259557867733 0.871094 -0.495605 0.622559
1532259557978436 -0.64209 -0.328125 1.79932
1532259558069194 -1.21533 0.0273438 1.75635
1532259558099115 -0.55127 0.27832 0.766113
1532259558173914 -0.410645 0.333984 0.422363
1532259558210815 -0.172852 -0.121094 0.286133
1532259558287610 -0.100586 -0.219238 0.289063
1532259558293594 -0.0351563 -0.250977 0.333008
1532259558422267 0.14209 -0.644043 0.997559
1532259558458154 -0.393555 -0.422363 1.53711
1532259558548911 -0.682129 -0.0595703 1.65234
1532259558579829 -0.579102 0.112305 1.23975
1532259558626703 -0.507324 0.0351563 0.950195
1532259558645653 -0.534668 0.00537109 0.838867
1532259558692528 -0.370605 -0.0454102 0.695801
1532259558701504 -0.347656 -0.103027 0.683105
1532259558751369 -0.335449 -0.131348 0.710938
1532259558812207 -0.363281 -0.195801 0.865234
1532259558826170 -0.476074 -0.140625 0.959961
1532259558855092 -0.616211 0.0424805 0.983887
1532259558970793 -0.72998 0.15332 0.950684
1532259559080500 -0.773438 0.393066 0.708984
1532259559440527 -0.564453 0.555176 0.019043
1532259559658955 -0.546387 0.725586 -0.384277
1532259560214467 -0.466797 0.364258 0.413574
1532259560348109 -0.469727 0.366699 0.808105
1532259560489731 0.111816 0.194824 1.26025
1532259560512670 0.137207 0.215332 1.27197
1532259560612403 0.0541992 0.217285 1.15625
1532259560661272 0.0883789 0.15918 1.06982
1532259560685208 0.0551758 0.131836 1.03223
1532259560730088 0.292969 0.165527 1.41016
1532259560739064 -0.0625 0.212402 1.00732
1532259560766989 -0.0454102 0.455566 1.02686
1532259560828830 0.0756836 -0.0551758 1.06006
1532259560881683 0.0664063 0.20166 0.964844
1532259560956483 0.00488281 0.0683594 1.02783
1532259561008344 -0.00439453 0.0952148 1.01611
1532259561046243 -0.0351563 0.0732422 1.05176
1532259561082147 -0.0224609 0.0844727 1.00195
1532259561106084 -0.0263672 0.104492 1
1532259561158942 -0.0463867 0.0571289 1.01367
1532259561203831 -0.00146484 0.046875 0.971191
1532259561256680 0.0273438 0.0849609 1.01807
1532259561286600 0.0454102 0.0615234 1.08154
1532259561346440 0.231934 0.203613 0.796875
1532259561367384 0.0131836 0.47998 0.948242

1532259561383342 0.0698242 0.012207 0.969238
1532259561481080 -0.0209961 0.117188 1.05322
1532259561519993 -0.043457 0.123047 0.99707
1532259561601757 -0.000976563 0.107422 0.987305
1532259561653618 0.00585938 0.0839844 0.984375
1532259561704483 0.0195313 0.0463867 0.984863
1532259561803219 0.0200195 0.0620117 0.997559
1532259561841118 0.0131836 0.0341797 0.995605
1532259561871038 0.0239258 0.0463867 0.993652
1532259561885998 0.019043 0.0600586 1.00244
1532259561961810 0.0078125 0.0605469 1.00146
1532259561983750 0.000976563 0.0429688 1.01416
1532259562029613 0.00439453 0.0419922 1.01221
1532259562066515 0.0131836 0.0541992 0.995117
1532259562141314 -0.000488281 0.046875 1.02637
1532259562216115 0.00146484 0.150879 1.09082
1532259562246034 0.0439453 0.102051 0.993164
1532259562290916 0.0893555 -0.0644531 1.02148
1532259562358733 0.108398 -0.171387 1.17041
1532259562426552 -0.213379 0.106934 1.1543
1532259562510328 -0.444336 0.0581055 0.951172
1532259562570168 -0.655273 -0.10498 0.730469
1532259562644093 -0.679688 -0.012207 0.652832
1532259562771763 -0.54834 0.0117188 0.683594
1532259562796684 -0.361328 -0.115723 0.742676
1532259562913372 -0.489746 0.0629883 0.849609
1532259563054994 -0.520996 0.170898 0.918945
1532259563296366 -0.378418 0.0825195 0.790527
1532259563401076 -0.729492 0.0839844 0.914063
1532259563476866 -0.819824 0.105957 0.735352
1532259563489831 -0.708008 0.228027 0.677734
1532259563528727 -0.633789 0.122559 0.564453
1532259563610508 -0.467773 0.0229492 0.572754
1532259563657383 -0.241699 -0.0341797 0.671387
1532259563812967 -0.050293 -0.374512 1.09375
1532259563873804 -0.256348 -0.467285 1.41406
1532259563933644 -0.671387 -0.0375977 1.54639
1532259563969548 -0.807617 0.0673828 1.35645
1532259563986503 -0.817383 0.0327148 1.20605
1532259564017427 -0.722168 0.0527344 1.01953
1532259564045346 -0.60498 0.15625 0.67334
1532259564113164 -0.556641 0.166504 0.529297
1532259564130118 -0.481445 -0.00439453 0.355469
1532259564167020 -0.44043 -0.0375977 0.335938
1532259564256824 -0.208496 -0.0839844 0.365234
1532259564293726 0.37793 -0.467773 0.734863
1532259564510914 -0.756836 -0.081543 1.61768
1532259564539836 -0.75293 -0.090332 1.57617
1532259564556172 -0.720215 -0.0947266 1.41357
1532259564600057 -0.635254 0.0742188 1.06738
1532259564670866 -0.614746 0.146973 0.787109
1532259564711756 -0.414063 0.0776367 0.398438
1532259564766611 -0.183594 -0.090332 0.291016
1532259564811777 0.144043 -0.244629 0.388184
1532259564864638 0.293945 -0.37207 0.443359
1532259564931459 0.194336 -0.541016 1.00928
1532259564976339 -0.274414 -0.558105 1.33057
1532259565052165 -0.401367 -0.402344 1.61182
1532259565074107 -0.584961 -0.240234 1.59912
1532259565104049 -0.605469 -0.167969 1.54199
1532259565140928 -0.52832 -0.124512 1.30957
1532259565216725 -0.58252 -0.0786133 0.898926
1532259565239664 -0.488281 -0.0405273 0.713867
1532259565283546 -0.413574 -0.171387 0.559082
1532259565296730 -0.330078 -0.126465 0.495605
1532259565343605 -0.304199 -0.0571289 0.502441
1532259565356570 -0.335449 -0.0678711 0.546875
1532259565456304 -0.553223 -0.0854492 0.95459
1532259565461290 -0.567383 -0.0341797 1.00586
1532259565506181 -0.556152 0.0395508 1.14844
1532259565530117 -0.584961 0.0571289 1.18604
1532259565622870 -0.671875 0.202637 1.15381
1532259565663759 -0.664063 0.200684 1.04053
1532259565749530 -0.708496 0.246582 0.936035
1532259565801391 -0.73291 0.251953 0.876465
1532259565866218 -0.711914 0.306641 0.664551
1532259565972933 -0.695801 0.438477 0.385742
1532259565988890 -0.648926 0.436035 0.328125
1532259566108570 -0.476074 0.558105 -0.0751953
1532259566338955 -0.44043 0.678711 -0.460938
1532259566362894 -0.474609 0.672363 -0.488281
1532259566814714 -0.35498 0.503418 0.0385742
1532259566986971 -0.137207 0.000488281 1.34912
1532259567039829 0.0961914 0.108398 1.40527
1532259567137567 -0.0864258 0.202637 1.39404
1532259567159509 -0.0698242 0.231934 1.28955
1532259567186437 -0.0551758 0.134766 1.24414
1532259567197408 -0.0498047 -0.0234375 1.23047
1532259567219349 -0.0146484 -0.0390625 1.26221
1532259567257253 -0.203613 -0.00439453 1.01123
1532259567279189 -0.165527 0.22998 1.0376
1532259567317088 -0.0214844 0.00683594 0.943848
1532259567351994 -0.0576172 -0.0454102 1.04199
1532259567399051 -0.102539 0.0991211 1.03223
1532259567419997 -0.0737305 0.104004 1.01855
1532259567458893 0.0419922 -0.0112305 1.00977
1532259567486821 0.0141602 0.0126953 0.996094
1532259567518733 -0.034668 0.0273438 1.07129
1532259567541671 -0.0336914 0.0117188 1.09961
1532259567563613 -0.194336 0.0405273 0.933594
1532259567578574 -0.205566 -0.0200195 0.908203
1532259567616472 0.140625 0.356445 0.998047
1532259567667336 -0.0605469 0.0185547 1.00537
1532259567720194 -0.107422 0.0532227 1.02197
1532259567765075 -0.0908203 0.0532227 1.02051
1532259567796001 0.0112305 -0.0375977 0.993652
1532259567884755 -0.0268555 0.117676 0.995605
1532259567975512 -0.0332031 0.00878906 0.977051
1532259568021390 0.0112305 -0.00195313 0.975586
1532259568081228 -0.00488281 -0.0117188 0.964844
1532259568102173 -0.0136719 -0.0234375 0.959961
1532259568162013 -0.0507813 -0.0234375 1.00049
1532259568200909 -0.00732422 -0.0219727 1.00342
1532259568258755 -0.237793 -0.148438 1.20947
1532259568321587 -0.618164 -0.255859 0.362305
1532259568344536 -0.324707 -0.117676 1.29346
1532259568390402 0.282715 -0.119629 1.23486
1532259568455228 -0.0478516 -0.0576172 0.98877
1532259568517064 0.0961914 -0.0888672 1.13428
1532259568672648 -0.0473633 -0.078125 0.999512
1532259568741464 -0.0541992 -0.0708008 1.00391
1532259568778365 -0.0610352 -0.0722656 0.999512
1532259568868125 -0.0483398 -0.0776367 0.998047
1532259568964866 -0.0483398 -0.0830078 0.982422
1532259569003762 -0.0512695 -0.0839844 0.989746
1532259569080556 -0.0581055 -0.081543 1.00146
1532259569146380 -0.0566406 -0.0786133 0.999512
1532259569161341 -0.0605469 -0.0800781 0.999023
1532259569221181 -0.0717773 -0.0854492 1.00146
1532259569303975 -0.0551758 -0.0761719 0.995605
1532259569483479 -0.0615234 -0.0742188 0.987793
1532259569504424 -0.0629883 -0.0703125 0.989746
1532259569641058 -0.0605469 -0.0795898 0.996094
1532259569685949 -0.0605469 -0.0874023 0.994629
1532259569768717 -0.0595703 -0.0869141 0.994141
1532259569927293 -0.0610352 -0.0883789 0.998047
1532259570053954 -0.0585938 -0.0805664 0.99707
1532259570188593 -0.059082 -0.0825195 0.991211
1532259570307276 -0.600098 -0.220215 1.04639
1532259570593528 -0.140137 -0.122559 1.05371
1532259570827884 -0.0600586 -0.0712891 1.00195
1532259570869772 -0.0493164 -0.0644531 0.999512
1532259570893709 -0.0541992 -0.0625 0.996582
1532259571016380 -0.0551758 -0.0844727 0.978516
1532259571066247 -0.0561523 -0.0996094 0.995605
1532259571120103 -0.0507813 -0.0830078 1
1532259571314584 -0.0571289 -0.0629883 1.01807
1532259571367442 -0.0493164 -0.0600586 1.01074
1532259571456215 -0.0268555 -0.0512695 0.986328
1532259571523025 -0.00927734 -0.0458984 0.972656
1532259571628743 0.00927734 -0.0297852 1.05127
1532259571725484 0.0175781 0.239746 1.00635

1532259571778343 -0.00732422 0.0332031 0.994629
1532259571809274 -0.0317383 -0.0405273 1.00488
1532259571874086 0.0136719 -0.0419922 0.981445
1532259571920961 0.0336914 0.015625 0.981445
1532259571980813 -0.0141602 -0.0170898 1.02002
1532259572070575 0.0146484 0.0161133 1.0166
1532259572099105 -0.00976563 0.0322266 1.03027
1532259572122044 0 0.03125 1.02393
1532259572204822 0.0302734 -0.00146484 1.01514
1532259572233745 0.138672 -0.0341797 1.03418
1532259572256684 0.178711 -0.0253906 0.998047
1532259572273638 0.0688477 -0.0336914 0.993164
1532259572357973 -0.0219727 -0.188477 1.18115
1532259572409835 -0.233887 0.120605 1.16211
1532259572421802 -0.317871 0.104492 1.13135
1532259572460712 -0.402832 0.015625 1.02832
1532259572508584 -0.469238 0.000976563 0.955566
1532259572559448 -0.606934 -0.0708008 0.889648
1532259572576403 -0.617676 -0.0869141 0.836426
1532259572610312 -0.558594 -0.0419922 0.812988
1532259572649209 -0.555664 -0.012207 0.766602
1532259572711043 -0.400879 0.0444336 0.791504
1532259572803795 -0.479004 0.128906 0.751953
1532259572830725 -0.433594 0.140625 0.777832
1532259572905524 -0.493164 0.111816 0.775879
1532259572961373 -0.38916 0.0922852 0.791016
1532259573002265 -0.416504 0.174805 0.811035
1532259573083048 -0.428223 0.212891 0.915039
1532259573183779 -0.450195 0.217285 0.947266
1532259573261571 -0.421875 0.149414 0.882324
1532259573317421 -0.382813 0.0991211 0.84375
1532259573458615 -0.245605 -0.0527344 0.783691
1532259573482550 -0.237793 -0.160156 0.766602
1532259573536407 -0.449707 -0.158691 0.679688
1532259573576300 -0.635742 -0.165527 0.805176
1532259573671052 -0.682129 -0.0859375 1.05664
1532259573718918 -0.678223 -0.0883789 1.42822
1532259573812675 -0.797363 -0.0195313 1.33203
1532259573834616 -0.72168 0.102539 0.988281
1532259573886478 -0.674805 0.121094 0.844727
1532259573996184 -0.288086 -0.102539 0.358887
1532259574020121 -0.146484 -0.0571289 0.398438
1532259574088938 -0.0209961 -0.0224609 0.537109
1532259574147779 0.301758 -0.227539 0.597656
1532259574172712 0.430664 -0.568848 0.760742
1532259574418056 -0.847168 -0.0854492 1.63867
1532259574442989 -0.903809 -0.000976563 1.54492
1532259574470915 -0.76416 0.00195313 1.19922
1532259574506819 -0.735352 0.0400391 0.96582
1532259574518787 -0.740234 0.132813 0.77002
1532259574569651 -0.612305 0.138672 0.513672
1532259574830952 0.479004 -0.740723 1.07959
1532259574943651 -0.943848 -0.0751953 1.94189
1532259575047373 -0.659668 0.131348 1.14795
1532259575124168 -0.59082 0.0698242 0.675781
1532259575161083 -0.419922 -0.0908203 0.427246
1532259575213947 -0.325195 -0.0522461 0.374023
1532259575238861 -0.164551 -0.0166016 0.352539
1532259575311666 0.0610352 -0.305664 0.551758
1532259575347570 0.241211 -0.433594 0.781738
1532259575415425 0.14209 -0.797852 1.09521
1532259575452321 0.00878906 -0.734863 1.25488
1532259575477253 -0.182129 -0.544922 1.33887
1532259575553051 -0.490234 -0.322266 1.59619
1532259575625856 -0.712891 -0.0200195 1.30225
1532259575640816 -0.561523 -0.0483398 1.04199
1532259575687692 -0.536621 -0.0766602 0.965332
1532259575739552 -0.401855 0.00146484 0.660156
1532259575782453 -0.341309 -0.121094 0.583008
1532259575813370 -0.253906 -0.0849609 0.601563
1532259575828331 -0.193359 -0.13623 0.658691
1532259575889474 -0.241211 -0.171387 0.777344
1532259575909421 -0.424805 -0.0634766 0.916504
1532259576039074 -0.697754 0.216309 1.15332
1532259576070024 -0.729004 0.17627 1.14697
1532259576091933 -0.726563 0.211426 1.15381
1532259576144809 -0.740723 0.258789 1.07422
1532259576315500 -0.620117 0.280273 0.548828
1532259576369446 -0.594727 0.40625 0.39209
1532259576458209 -0.527832 0.53418 -0.0698242
1532259576562929 -0.460938 0.656738 -0.250488
1532259576585867 -0.489746 0.633301 -0.29541
1532259576788326 -0.428223 0.717773 -0.433594
1532259576803286 -0.433594 0.728516 -0.44873
1532259576991090 -0.46875 0.67627 -0.374023
1532259577065891 -0.397949 0.638184 -0.299805
1532259577276341 -0.394531 0.414551 0.384766
1532259577395097 -0.319336 0.0605469 1.16797
1532259577605739 0.00732422 0.00439453 1.22021
1532259577643637 -0.0644531 0.108398 1.13574
1532259577696496 -0.0942383 0.0791016 1.12256
1532259577726416 -0.254883 -0.276855 1.03076
1532259577748357 -0.241211 0.105957 1.03711
1532259577771314 -0.0712891 0.223633 1.03418
1532259577807235 -0.00292969 -0.0849609 1.05664
1532259577854127 -0.0151367 0.132813 0.969238
1532259577935891 0.0327148 -0.0166016 1.01953
1532259577973788 0.0571289 0.0673828 1.00928
1532259578032632 0.0400391 0.0722656 1.09033
1532259578086487 0.019043 0.0825195 0.899414
1532259578107432 0.0263672 0.0727539 0.983887
1532259578146328 -0.122559 0.390137 0.73584
1532259578176248 0.112793 0.0234375 1.11182
1532259578206168 -0.0400391 -0.00292969 1.01953
1532259578236087 -0.0141602 -0.00146484 0.998535
1532259578266007 -0.0429688 0.081543 1.04736
1532259578288947 -0.0800781 0.115234 1.02832
1532259578316871 -0.0546875 0.0800781 0.992188
1532259578363746 0.115723 0.0708008 0.964844
1532259578386693 0.0454102 0.0913086 1.00635
1532259578476445 0.0390625 0.0161133 0.970215
1532259578514343 0.0458984 0.0581055 0.975098
1532259578534290 0.0473633 0.0673828 0.974609
1532259578579170 0.012207 0.0170898 0.994141
1532259578612082 0.0131836 0.00390625 1.00146
1532259578639010 0.0327148 0.00830078 1.00195
1532259578713810 0.000488281 0.0424805 1.03662
1532259578781629 0.0288086 0.027832 0.987305
1532259578811549 0.0170898 0.0351563 0.978027
1532259578894328 0.0117188 -0.00585938 0.989746
1532259578931229 0.0249023 -0.00732422 0.989746
1532259579018995 0.0151367 0.0161133 1.00244
1532259579084818 0.00439453 0.0268555 0.969727
1532259579149645 0 -0.0136719 0.984863
1532259579159618 -0.00878906 -0.027832 0.997559
1532259579194525 -0.0141602 -0.0444336 1.02295
1532259579231427 -0.0302734 -0.0351563 1.03857
1532259579278301 -0.027832 -0.0273438 1.03516
1532259579295256 -0.034668 -0.0292969 1.02881
1532259579349112 -0.0175781 0.00146484 0.983887
1532259579361080 -0.0146484 -0.000488281 0.982422
1532259579419922 -0.0205078 -0.00341797 1.0083
1532259579471783 -0.0400391 -0.0146484 1.03662
1532259579571528 -0.0141602 -0.0161133 0.995117
1532259579594458 -0.0136719 -0.0131836 0.984375
1532259579674242 -0.0146484 -0.0219727 0.988281
1532259579699175 -0.0166016 -0.0151367 0.986816
1532259579742061 -0.0175781 -0.0229492 1.00537
1532259579752034 -0.019043 -0.0244141 1.00977
1532259579796914 -0.0117188 -0.0175781 1.01514
1532259579902635 -0.00878906 0.00195313 1.00146
1532259579953495 -0.000976563 0.000976563 1.00195
1532259580013334 -0.00292969 -0.0117188 0.991699
1532259580120049 -0.00537109 0.00634766 0.996582
1532259580194850 0.0209961 0.0141602 0.992188
1532259580213814 0.0229492 -0.000976563 0.988281
1532259580231751 0.0107422 -0.0268555 0.989746
1532259580260673 0.00292969 -0.0351563 0.989258
1532259580316524 -0.00292969 0.0131836 0.997559
1532259580352429 0.0297852 0.0332031 0.995605
1532259580405287 0.0263672 0.0195313 1.01318
1532259580518982 0.126953 -0.115723 1.01953
1532259580545911 0.0473633 -0.219238 1.0874
1532259580634688 -0.44873 -0.0981445 1.07129
1532259580681549 -0.505859 -0.034668 1.03955
1532259580734407 -0.544922 -0.0913086 0.862793
1532259580824166 -0.587891 -0.027832 0.751465
1532259580961812 -0.505859 -0.0517578 0.689453
1532259581108407 -0.561523 0.0512695 0.768555
1532259581161265 -0.501465 -0.144531 0.898926
1532259581342780 -0.518066 0.0493164 0.861328
1532259581483418 -0.526367 0.0131836 0.814941
1532259581587126 -0.535645 0.0766602 0.875977
1532259581612060 -0.492676 0.0117188 0.873535
1532259581639985 -0.479492 -0.0810547 0.899414
1532259581784599 -0.477051 -0.0439453 0.831055
1532259581957151 -0.490723 -0.0942383 0.896484
1532259582003015 -0.615234 -0.14209 1.02344
1532259582119702 -0.808594 0.0820313 0.941895
1532259582173559 -0.659668 0.141113 0.69043
1532259582269302 -0.367188 -0.0273438 0.532227
1532259582348091 -0.0698242 -0.000976563 0.480957
1532259582414913 0.456543 -0.48584 0.695801
1532259582491708 0.254395 -0.668945 1.15723
1532259582542572 -0.163086 -0.477539 1.41553
1532259582563516 -0.245605 -0.422363 1.46094
1532259582601415 -0.292969 -0.299805 1.49805
1532259582625355 -0.411621 -0.199707 1.54492
1532259582676214 -0.63916 -0.161621 1.57227
1532259582690177 -0.6875 -0.147949 1.46826
1532259582751027 -0.695313 -0.0341797 0.880859
1532259582842769 -0.595215 0.104492 0.578125
1532259582907596 -0.29541 -0.176758 0.351074
1532259582952476 0.0605469 -0.10791 0.513184
1532259583082129 0.375 -0.554199 1.09619
1532259583170909 -0.305176 -0.394043 1.34424
1532259583199814 -0.478516 -0.230957 1.63281
1532259583246688 -0.671875 -0.105957 1.69629
1532259583289574 -0.762207 0.0668945 1.31885
1532259583397286 -0.608887 0.150391 0.709961
1532259583503003 -0.407715 -0.0864258 0.361816
1532259583524944 -0.312988 -0.148438 0.349609
1532259583675542 0.328613 -0.540527 0.97168
1532259583711446 0.0756836 -0.435547 1.09863
1532259583725409 -0.272461 -0.510742 1.3335
1532259583833120 -0.408203 0.034668 1.4751
1532259583852070 -0.38916 0.090332 1.4458
1532259584026603 -0.611816 -0.00292969 0.696777
1532259584093425 -0.183105 -0.158691 0.722168
1532259584290897 -0.614746 0.105957 1.20703
1532259584370683 -0.668457 0.223145 1.09424
1532259584691824 -0.481934 0.500977 0.147461
1532259585023936 -0.428711 0.664551 -0.456543
1532259585127659 -0.438965 0.697266 -0.487793
1532259585194481 -0.443359 0.687012 -0.470703
1532259585231401 -0.430664 0.692871 -0.432129
1532259585254320 -0.417969 0.686523 -0.408691
1532259585319146 -0.42041 0.694824 -0.378418
1532259585408907 -0.418945 0.717773 -0.275879
1532259585526592 -0.507324 0.536621 0.0336914
1532259585614357 -0.419922 0.471191 0.400879
1532259585786896 -0.428223 0.0742188 1.2207
1532259585871670 -0.120117 -0.0302734 1.30664
1532259585929515 0.0253906 0.0473633 1.20996
1532259585996336 0.0844727 0.0244141 1.16895
1532259586079115 -0.126953 0.487793 1.07959
1532259586131973 0.0366211 -0.147461 1.10254
1532259586149925 -0.0551758 -0.00927734 1.00244
1532259586198794 -0.0527344 0.0356445 1.00195
1532259586259637 -0.15332 0.0493164 1.01563
1532259586277591 -0.13623 -0.00830078 1.04639
1532259586335433 -0.149414 -0.00878906 1.01465
1532259586352384 -0.157715 0.0078125 1.02051
1532259586409231 -0.00537109 -0.00244141 1.00488
1532259586432171 -0.0151367 -0.0541992 1.07129
1532259586487041 -0.152832 0.102539 0.931641
1532259586508965 0.115723 0.097168 0.920898

1532259586611691 -0.0185547 0.0512695 1.02051
1532259586731378 0.0117188 0.0527344 0.994629
1532259586791217 -0.0229492 0.0600586 0.978027
1532259586832107 -0.0141602 0.0688477 0.995605
1532259586852054 -0.0263672 0.0820313 0.996094
1532259586906907 -0.00585938 0.0991211 1.05518
1532259586912904 -0.0205078 0.012207 1.07666
1532259586989686 -0.0107422 0.484375 0.913086
1532259587063488 -0.140137 0.0200195 1.01123
1532259587079446 0.0214844 0.0478516 1.02295
1532259587132304 -0.00341797 0.0961914 1.00635
1532259587182171 0.046875 0.000488281 0.973633
1532259587212090 0.0942383 0.0532227 0.955078
1532259587258966 0.183105 -0.0273438 0.906738
1532259587341744 0.019043 -0.0546875 1.02441
1532259587392608 -0.0834961 0.0268555 1.04395
1532259587474390 -0.226563 0.059082 1.07227
1532259587529243 -0.280273 0.015625 1.07617
1532259587595067 -0.379395 -0.0419922 1.02002
1532259587648922 -0.400879 -0.0336914 1.01172
1532259587691808 -0.524902 -0.0107422 0.870117
1532259587762619 -0.577148 -0.0527344 0.819336
1532259587797526 -0.508789 -0.100098 0.855469
1532259587813482 -0.399414 -0.152832 0.87207
1532259587836423 -0.39209 -0.234375 0.880859
1532259587890277 -0.431641 -0.156738 0.841797
1532259587949120 -0.464844 -0.0732422 0.8125
1532259587962098 -0.460938 -0.0712891 0.834473
1532259588023920 -0.478027 -0.065918 0.806641
1532259588075782 -0.487793 0.00195313 0.833496
1532259588142602 -0.490234 0.0141602 0.828613
1532259588173537 -0.51123 0.0244141 0.797363
1532259588202443 -0.520508 0.0327148 0.777832
1532259588242345 -0.507813 0.0595703 0.76709
1532259588355035 -0.460938 0.178223 0.865234
1532259588390953 -0.502441 0.241211 0.861328
1532259588442800 -0.472168 0.208008 0.88623
1532259588526589 -0.477539 0.172363 0.888672
1532259588655245 -0.44873 0.0898438 0.853516
1532259588691149 -0.376953 0.0737305 0.846191
1532259588773937 -0.279785 0.000488281 0.852539
1532259588946466 -0.550293 -0.169434 0.839844
1532259589052184 -0.446777 -0.147461 0.907715
1532259589282567 -0.661133 -0.0673828 1.18506
1532259589346396 -0.607422 -0.114258 1.02393
1532259589427181 -0.5625 0.180664 0.597168
1532259589499986 -0.437012 0.065918 0.40625
1532259589566807 -0.261719 0.0161133 0.418945
1532259589607698 0.410156 -0.452148 0.73584
1532259589706434 0.327148 -0.491699 1.14258
1532259589741341 0.10498 -0.53418 1.30762
1532259589807172 -0.248047 -0.336914 1.51904
1532259589831108 -0.42627 -0.308594 1.54834
1532259589905908 -0.717773 -0.09375 1.35498
1532259589958766 -0.819824 0.129883 0.902344
1532259590032568 -0.634766 0.143066 0.696777
1532259590147263 -0.591309 0.0742188 0.60791
1532259590183166 -0.622559 0.0517578 0.501465
1532259590237031 0.394043 -0.356445 0.56543
1532259590319801 0.540039 -0.530762 0.971191
1532259590441476 -0.20459 -0.468262 1.52637
1532259590520265 -0.747559 -0.078125 1.43701
1532259590535225 -0.806152 -0.0283203 1.26367
1532259590566143 -0.765625 0.0654297 1.09863
1532259590596076 -0.605957 0.13916 0.760742
1532259590724718 -0.490723 0.111328 0.418457
1532259590745662 -0.401367 0.0527344 0.364258
1532259590797523 0.11084 -0.17334 0.470703
1532259590867336 0.417969 -0.60791 0.73291
1532259591067801 -0.430176 -0.208984 1.57861
1532259591144595 -0.414063 -0.0375977 1.34277
1532259591204435 -0.537109 0.158691 0.88916
1532259591218398 -0.526855 0.153809 0.824707
1532259591248317 -0.52002 0.0473633 0.762207
1532259591354052 -0.529785 -0.0141602 0.675781
1532259591408889 -0.182617 -0.0913086 0.557617
1532259591556494 -0.310547 -0.21582 1.25049
1532259591595391 -0.318848 -0.213379 1.31299
1532259591631294 -0.292969 -0.0727539 1.30957
1532259591661214 -0.356445 0.0498047 1.26953
1532259591771918 -0.511719 0.0864258 1.13672
1532259591901571 -0.618652 0.207031 0.874023
1532259592237673 -0.433105 0.535645 -0.29541
1532259592454093 -0.459473 0.683594 -0.536133
1532259592607683 -0.469727 0.644043 -0.45752
1532259592757283 -0.523438 0.637207 -0.296387
1532259592981699 -0.494141 0.399414 0.25293
1532259593296857 0.0546875 0.0371094 1.31787
1532259593447437 -0.0234375 0.0537109 1.07666
1532259593507277 0.0141602 -0.00488281 1.28613
1532259593574111 0.03125 0.0668945 0.958496
1532259593655880 -0.108398 0.0375977 1.02979
1532259593686814 -0.0986328 0.144043 1.06982
1532259593728685 -0.0673828 -0.019043 1.01904
1532259593775559 0.0454102 -0.000488281 1.09619
1532259593789523 -0.0302734 -0.0224609 1.10889
1532259593829416 -0.123535 0.015625 0.946777
1532259593859335 0.152832 -0.0639648 0.967773

1532259593897238 0.110352 0.277832 0.938477
1532259593926157 -0.0634766 -0.118164 1.02393
1532259593949096 -0.137695 -0.0908203 1.05957
1532259593977021 -0.148926 0.00634766 1.05225
1532259594051821 0.0415039 0.0341797 0.995117
1532259594076755 0.0766602 0.090332 0.963867
1532259594146568 0.059082 0.103027 0.959961
1532259594249292 0.0703125 0.0844727 0.977539
1532259594309139 0.0512695 0.0634766 0.989746
1532259594346040 0.0634766 0.065918 0.99707
1532259594411864 0.0610352 0.0717773 0.992676
1532259594457741 0.0561523 0.0517578 1.00098
1532259594473698 0.0527344 0.0556641 0.991699
1532259594525587 0.0551758 0.0463867 0.977539
1532259594623355 0.0385742 0.0483398 0.99707
1532259594684193 0.034668 0.0444336 1.01465
1532259594751778 0.0317383 0.0366211 1.02344
1532259594834558 0.0371094 0.03125 1.01025
1532259594878442 0.0249023 0.0366211 0.966797
1532259594909359 0.0361328 0.0078125 0.980957
1532259595014079 0.0317383 0.0429688 0.996094
1532259595050980 0.0341797 0.0234375 1.01172
1532259595079903 0.0297852 0.0229492 1.01172
1532259595216537 0.0078125 0.0146484 0.98584
1532259595313279 0.0205078 0.00488281 0.978027
1532259595339209 0.0307617 0.0224609 0.999512
1532259595373118 0.0195313 0.0151367 1.01318
1532259595389075 0.0239258 0.0170898 1.00977
1532259595411024 0.0214844 0.0239258 1.01221
1532259595463876 0.0185547 0.0283203 1.00684
1532259595502772 0.0214844 -0.00390625 1.02002
1532259595553654 0.00585938 0.0761719 1.00488
1532259595574579 0.149902 0.0400391 1.03564
1532259595634419 -0.0200195 0.0908203 0.967773
1532259595734153 -0.0117188 0.0415039 1.0083
1532259595755097 0.0361328 0.0195313 1.00244
1532259596273710 0.0898438 -0.0112305 0.92041
1532259596373444 0.161133 -0.125 1.04932
1532259596416329 0.0307617 -0.0341797 1.18018
1532259596497113 -0.292969 0.0673828 1.10547
1532259596574920 -0.397949 -0.0712891 0.955566
1532259596693588 -0.39209 -0.00292969 0.800293
1532259596744452 -0.462891 -0.012207 0.804199
1532259596874105 -0.47998 -0.0366211 0.768555
1532259596916989 -0.42334 0.0166016 0.832031
1532259597243117 -0.45166 0.106934 0.895996
1532259597279022 -0.452637 0.150391 0.930664
1532259597316921 -0.431152 0.0727539 0.958984
1532259597398702 -0.45166 0.0625 0.906738
1532259597437609 -0.446289 0.0424805 0.897461
1532259597535336 -0.428223 0.00146484 0.882324
1532259597675960 -0.246094 -0.121582 0.759766
1532259597805614 -0.324707 -0.334473 0.85498
1532259598080878 -0.496582 -0.236328 1.16455
1532259598172632 -0.632324 -0.161133 1.05176
1532259598226488 -0.604492 -0.0649414 0.773438
1532259598230478 -0.598633 0.00830078 0.626953
1532259598284333 -0.688965 0.0727539 0.497559
1532259598345171 -0.345215 -0.059082 0.424805
1532259598381078 -0.126465 -0.0483398 0.462402
1532259598515715 0.521484 -0.733887 0.859863
1532259598764051 -0.739746 -0.242188 1.30469
1532259598838861 -0.688477 0.0214844 0.733398
1532259598997427 -0.234863 -0.145996 0.34668
1532259599141043 0.575684 -0.487305 0.998535
1532259599203887 0.126953 -0.488281 1.31543
1532259599250749 -0.223145 -0.43457 1.56543
1532259599324552 -0.608887 -0.15918 1.66846
1532259599387385 -0.571777 -0.00927734 1.18408
1532259599414312 -0.585938 0.0673828 0.985352
1532259599492107 -0.578125 0.258789 0.650391
1532259599628739 -0.106934 -0.167969 0.439453
1532259599694563 0.68457 -0.533691 0.677246
1532259599820227 0.158691 -0.365234 1.19336
1532259599949880 -0.465332 -0.0791016 1.5542
1532259599992765 -0.527344 0.0307617 1.38037
1532259600021688 -0.53418 0.0786133 1.24512
1532259600046621 -0.589844 0.157715 0.943848
1532259600086514 -0.546387 0.199707 0.82959
1532259600106461 -0.495605 0.203613 0.678223
1532259600149346 -0.460449 0.131348 0.557129
1532259600188243 -0.367188 -0.050293 0.473145
1532259600323880 -0.245117 -0.123047 0.669434
1532259600384717 0.147949 -0.155273 0.940918
1532259600436578 0.131348 -0.347168 1.18555
1532259600483453 -0.14502 -0.0605469 1.34033
1532259600503400 -0.246094 0.00537109 1.34717
1532259600580194 -0.23291 0.0512695 1.30469
1532259600652002 -0.29248 -0.019043 1.23145
1532259600705858 -0.459473 0.0913086 1.13525
1532259600847479 -0.550781 0.228516 0.864258
1532259600907320 -0.566895 0.361816 0.622559
1532259600931256 -0.578613 0.371582 0.54834
1532259600960178 -0.57373 0.378906 0.473145
1532259601124738 -0.629883 0.621094 0.141113
1532259601158648 -0.706543 0.602539 0.119141
1532259601216493 -0.609863 0.626465 -0.0825195
1532259601284311 -0.453125 0.445801 -0.308105
1532259601336183 -0.524414 0.596191 -0.433105
1532259601409976 -0.520508 0.601563 -0.537109
1532259601493752 -0.565918 0.637695 -0.567871
1532259601508711 -0.545898 0.62207 -0.546387
1532259601559575 -0.524902 0.626465 -0.525879
1532259601589495 -0.453125 0.622559 -0.519043
1532259601636370 -0.448242 0.621094 -0.514648
1532259601689229 -0.47168 0.655762 -0.494629
1532259601710173 -0.475586 0.641113 -0.492676
1532259601749069 -0.429199 0.610352 -0.465332
1532259601785970 -0.493164 0.644043 -0.433105
1532259601868759 -0.464355 0.602539 -0.340332
1532259601898669 -0.439941 0.596191 -0.311523
1532259601928607 -0.536133 0.602539 -0.183594
1532259601981447 -0.495117 0.589355 -0.146484
1532259602062231 -0.592285 0.492676 0.0405273
1532259602085170 -0.601074 0.45166 0.324707
1532259602131047 -0.512207 0.473633 0.51416
1532259602183906 -0.524902 0.28125 0.703613
1532259602212839 -0.355957 0.287109 0.856445
1532259602228786 -0.33252 0.198242 0.990723
1532259602267682 -0.229004 0.123047 1.06201
1532259602288625 -0.00927734 0.176758 1.22754
1532259602332508 -0.0429688 -0.118652 1.35059
1532259602431245 0.160645 0.162598 1.26465
1532259602469143 0.12207 0.0390625 1.23926
1532259602550924 0.11084 0.0751953 1.47217
1532259602595804 -0.266602 0.20752 0.945313
1532259602661628 0.0791016 0.0185547 1.03125
1532259602680577 0.120605 -0.0200195 1.05469
1532259602708503 -0.0141602 0.0830078 1.01123
1532259602731442 0.0268555 0.046875 1.02588
1532259602768355 -0.015625 0.0986328 1.02686
1532259602791282 -0.0473633 0.121094 1.01465
1532259602812225 -0.0283203 0.109375 1.01514
1532259602881049 -0.0102539 0.0961914 0.992676
1532259602933900 0.0161133 0.195801 0.864258
1532259602976786 0.115723 0.336426 0.790039
1532259602993740 -0.000488281 0.49707 0.899902

1532259603022663 0.158691 0.0234375 0.977539
1532259603053581 -0.015625 0.0991211 0.977051
1532259603082503 0.0429688 0.10498 1.01123
1532259603136359 -0.00537109 0.181152 0.98584
1532259603158300 0.0253906 0.0922852 0.984375
1532259603210161 0.097168 0.105957 0.977051
1532259603293937 0.0380859 0.081543 0.99707
1532259603332833 0.0395508 0.113281 0.999512
1532259603359761 0.0336914 0.120117 1.01074
1532259603437553 0.0380859 0.11377 1.01465
1532259603458489 -0.0400391 -0.00195313 1.08008
1532259603495392 -0.147461 0.243652 0.870605
1532259603633025 0.0517578 0.0917969 0.983887
1532259603653975 0.0805664 0.11377 1.00049
1532259603713809 0.124512 -0.0327148 0.943848
1532259603758689 0.134277 -0.000976563 0.908203
1532259603833489 0.0913086 0.0268555 0.968262
1532259603917264 0.0581055 0.104004 0.964844
1532259603959159 -0.03125 -0.065918 0.94873
1532259603989079 -0.0102539 -0.0273438 1.00049
1532259604035953 -0.0336914 0.123535 1.10107
1532259604080834 -0.0571289 0.133789 1.15967
1532259604117735 -0.0463867 0.115723 1.11816
1532259604199517 -0.00976563 0.161133 1.19629
1532259604210487 -0.0527344 0.166016 1.17236
1532259604240407 -0.0825195 0.188965 1.18701
1532259604284300 -0.0952148 -0.0976563 1.1123
1532259604337149 -0.147949 -0.168945 1.09277
1532259604395991 -0.40625 -0.262207 0.958496
1532259604441869 -0.380371 -0.200684 0.851074
1532259604665284 -0.528809 0.17627 0.639648
1532259604741082 -0.445801 0.110352 0.696777
1532259604764019 -0.512207 0.166016 0.699219
1532259604966478 -0.530762 0.112305 0.845703
1532259605017342 -0.503418 0.208496 0.891113
1532259605203843 -0.460449 0.14209 0.859863
1532259605506035 -0.789063 0.0698242 0.775391
1532259605595799 -0.93457 0.208008 0.90625
1532259605762350 -0.633789 0.14502 0.487305
1532259605933891 0.291504 -0.40332 0.688965
1532259606000713 0.216797 -0.370605 0.93457
1532259606204193 -0.477051 -0.132324 1.53711
1532259606360750 -0.671387 0.113281 0.666016
1532259606431560 -0.590332 0.059082 0.43457
1532259606464472 -0.17041 -0.104492 0.370605
1532259606633021 0.554688 -0.399902 0.880859
1532259606812542 -0.292969 -0.268066 1.58154
1532259606864403 -0.817871 -0.0742188 1.41455
1532259606910281 -0.851074 -0.139648 1.28857
1532259606970120 -0.630371 0.34082 0.637695
1532259607037954 -0.496582 0.226563 0.334473
1532259607172592 0.187988 -0.179199 0.478027
1532259607291262 0.149414 -0.335449 1.3667
1532259607448840 -0.318359 0.0917969 1.5
1532259607604424 -0.506348 0.144043 0.535645
1532259607667256 -0.361328 0.0996094 0.442871
1532259607778957 -0.150391 -0.0473633 0.649414
1532259607801896 -0.125488 -0.0913086 0.69043
1532259607867720 -0.341309 -0.0375977 1.08008
1532259607951503 -0.449707 0.155273 1.28369
1532259608026302 -0.364746 0.191895 1.25146
1532259608304562 -0.69043 0.381348 0.874023
1532259608509005 -0.63623 0.491699 0.307129
1532259608558871 -0.562988 0.509277 0.181152
1532259608649629 -0.53125 0.574707 0.0400391
1532259608709469 -0.550293 0.680176 -0.160645
1532259608738391 -0.510742 0.680664 -0.236328
1532259608814189 -0.460938 0.64502 -0.331055
1532259608851105 -0.492676 0.702637 -0.384277
1532259608986727 -0.396973 0.670898 -0.544434
1532259609106407 -0.433594 0.623047 -0.573242
1532259609205144 -0.462891 0.655762 -0.547363
1532259609332802 -0.452637 0.690918 -0.438965
1532259609397643 -0.42334 0.700195 -0.342773
1532259609474424 -0.408203 0.720215 -0.251465
1532259609818509 -0.470703 0.0688477 1.11865
1532259609892307 -0.0375977 0.00976563 1.27051
1532259609931202 0.132813 0.0898438 1.31201
1532259610088792 -0.959961 0.384766 0.994629
1532259610171561 0.0859375 -0.0854492 1.05762
1532259610214454 0.0161133 0.0541992 0.991699
1532259610239378 -0.046875 -0.00878906 0.955566
1532259610291239 -0.0175781 0.0439453 1.02686
1532259610352076 -0.0610352 -0.0224609 1.03076
1532259610426885 -0.131836 0.0356445 1.00977
1532259610439842 -0.147949 0.0322266 1.01563
1532259610471757 -0.128906 -0.0263672 1.04883
1532259610492700 -0.12793 -0.03125 1.07031
1532259610507661 -0.152344 0.0219727 0.922363
1532259610568507 -0.0771484 -0.0249023 1.01855
1532259610591437 -0.0268555 0.112793 0.948242
1532259610621359 -0.118652 0.0791016 0.858398
1532259610651276 -0.0742188 0.572266 0.697266

1532259610694162 0.246582 -0.236328 1.20996
1532259610719096 -0.0161133 -0.116211 1.01172
1532259610769959 -0.0566406 0.166504 0.947266
1532259610831036 -0.156738 0.0351563 1.01123
1532259610853991 -0.0537109 0.116699 0.999512
1532259610980638 -0.0180664 0.0424805 0.985352
1532259611011556 -0.0478516 0.0869141 0.994629
1532259611094334 -0.0356445 0.0551758 1.00195
1532259611122259 -0.0253906 0.0600586 1
1532259611154174 -0.0219727 0.0532227 1.02051
1532259611199054 -0.0239258 0.0585938 1.02393
1532259611259891 -0.03125 0.0488281 1.00293
1532259611302777 -0.0161133 0.0385742 0.975098
1532259611333694 -0.00976563 0.0375977 1.00537
1532259611393548 -0.0258789 0.0708008 1.00195
1532259611422457 -0.0131836 0.0449219 1.00928
1532259611453374 -0.0161133 0.0136719 1.0625
1532259611499251 -0.0708008 0.128906 0.867676
1532259611595993 -0.0629883 0.0366211 1.04834
1532259611633891 -0.0629883 0.0239258 1.01563
1532259611655832 0.00683594 0.00683594 1.01855
1532259611685752 0.0107422 0.0322266 1.01758
1532259611754569 -0.00927734 0.0712891 1.02393
1532259611807427 0.0878906 0.116211 0.983398
1532259611880232 0.208984 -0.18457 1.0542
1532259611911149 0.1875 -0.20166 1.03418
1532259612031830 -0.375977 -0.180176 1.09717
1532259612116600 -0.466309 -0.0776367 1.00049
1532259612143528 -0.604004 -0.0224609 0.927246
1532259612244259 -0.564941 0.0874023 0.812988
1532259612255230 -0.557617 0.0922852 0.814941
1532259612311081 -0.524414 0.0952148 0.74707
1532259612434750 -0.543457 0.213379 0.638184
1532259612495587 -0.549316 0.336914 0.620117
1532259612543459 -0.479492 0.179688 0.639648
1532259612738936 -0.55127 0.334961 0.796875
1532259612840664 -0.43457 0.388672 0.906738
1532259612870597 -0.393555 0.353027 0.91748
1532259612966328 -0.419434 0.345703 0.91748
1532259613067059 -0.32959 0.247559 0.800781
1532259613149846 -0.243652 0.140625 0.748047
1532259613367256 -0.621582 -0.143555 1.08398
1532259613404158 -0.596191 -0.282715 1.16357
1532259613442056 -0.504395 -0.160156 1.27393
1532259613554759 -0.484375 -0.192871 1.37646
1532259613607614 -0.716797 -0.238281 1.17383
1532259613674452 -0.568848 0.0498047 0.819336
1532259613758220 -0.569336 0.0351563 0.460449
1532259613781149 -0.476074 -0.00488281 0.423828
1532259613907811 0.200684 -0.104004 0.561523
1532259613949698 0.546875 -0.495117 0.750488
1532259614087331 -0.109863 -0.476074 1.36426
1532259614198034 -0.586914 -0.178223 1.48193
1532259614226956 -0.615234 -0.127441 1.38037
1532259614249896 -0.611328 -0.114258 1.24463
1532259614303752 -0.626465 -0.0859375 0.815918
1532259614347635 -0.615234 -0.00292969 0.583496
1532259614423444 -0.474609 -0.126953 0.414063
1532259614505213 -0.0429688 -0.230469 0.501465
1532259614535133 0.0454102 -0.187012 0.545898
1532259614603949 0.281738 -0.294922 0.721191
1532259614723661 0.171875 -0.319824 1.22217
1532259614865283 -0.468262 -0.245605 1.42871
1532259614881247 -0.513184 -0.137207 1.24268
1532259614911167 -0.549316 -0.027832 1.08447
1532259614942078 -0.588867 0.034668 0.960938
1532259614984963 -0.608887 0.0722656 0.575684
1532259615037840 -0.618164 -0.0307617 0.490234
1532259615086690 -0.443359 -0.0307617 0.454102
1532259615091678 -0.23877 -0.103516 0.415039
1532259615234296 0.351074 -0.480469 0.720703
1532259615270200 0.272461 -0.460449 1.04199
1532259615360958 -0.00341797 -0.262695 1.28174
1532259615527512 -0.295898 -0.118164 1.32178
1532259615586355 -0.544922 -0.0410156 1.03027
1532259615647192 -0.516602 -0.14502 0.759277
1532259615706048 -0.332031 -0.0610352 0.683594
1532259615726979 -0.333496 -0.10791 0.727051
1532259616051112 -0.614258 0.255371 0.988281
1532259616102973 -0.651855 0.262207 0.898926
1532259616185759 -0.685547 0.354004 0.786621
1532259616268531 -0.601074 0.467773 0.568359
1532259616343331 -0.699219 0.501465 0.405762
1532259616366274 -0.725098 0.527344 0.294434
1532259616494941 -0.665039 0.598145 0.202148
1532259616554766 -0.59375 0.52832 -0.027832
1532259616576706 -0.525391 0.583496 -0.115234
1532259616749245 -0.280762 0.635254 -0.505859
1532259616876904 -0.385254 0.675293 -0.621582
1532259616944723 -0.437012 0.685547 -0.569824
1532259616988616 -0.42334 0.645996 -0.498047
1532259617077368 -0.388184 0.67041 -0.447754
1532259617251902 -0.447754 0.631836 -0.262695
1532259617319720 -0.512207 0.595215 -0.150879
1532259617409479 -0.237793 0.318359 0.393066
1532259617461340 0.027832 0.212402 0.731445
1532259617536141 -0.318848 0.251953 1.42188
1532259617657822 0.178223 0.166504 1.39648
1532259617692722 0.134766 0.0488281 1.30664
1532259617731618 0.0571289 0.128906 1.17578
1532259617851310 0.0693359 0.122559 0.95752
1532259617917122 0.163574 -0.0439453 1.3042
1532259617970978 0.0454102 0.317383 0.941895
1532259618008877 0.0307617 0.0380859 0.933105
1532259618059741 -0.0654297 0.101563 1.0708
1532259618136536 0.0307617 0.065918 0.984863
1532259618188397 0.0336914 0.0693359 1.01611
1532259618211335 0.0195313 0.0961914 1.04199
1532259618277175 -0.131348 0.119141 0.939453
1532259618338994 0.137695 0.0507813 0.956543

1532259618370909 0.0878906 0.133301 0.951172
1532259618399832 -0.074707 0.0532227 1.04443
1532259618418780 -0.0683594 0.0693359 1.03711
1532259618487597 -0.00830078 0.0668945 1.0127
1532259618542450 0.0078125 0.0766602 0.977539
1532259618563394 0.00830078 0.123535 0.995605
1532259618599298 0.000488281 0.0532227 1.00244
1532259618676093 0.00830078 0.0712891 0.999512
1532259618700029 0.0175781 0.0693359 1.00244
1532259618735933 0.0175781 0.0805664 0.996094
1532259618763858 0.0292969 0.0698242 0.991699
1532259618795773 0.0205078 0.0625 0.99707
1532259618819709 0.0209961 0.0722656 1.00293
1532259618839655 0.0249023 0.0493164 1.01465
1532259618879559 0.0107422 0.0629883 1.01074
1532259618924445 0.046875 0.0498047 1.01367
1532259618969308 0.0541992 0.0341797 1.02393
1532259618996236 0.0600586 0.0444336 1.01709
1532259619027154 0.0463867 0.0566406 1.021
1532259619044108 0.0478516 0.0600586 1.01807
1532259619057073 0.0668945 0.0576172 1.02295
1532259619080012 0.0834961 0.0605469 1.02344
1532259619101954 0.0908203 0.0761719 1.01855
1532259619164785 0.111328 0.0820313 1.01855
1532259619231607 0.14209 0.0776367 0.988281
1532259619277581 0.169434 0.118164 0.962402
1532259619358371 0.226074 0.162109 0.913086
1532259619785763 0.216309 0.225586 0.928223
1532259620057047 0.111816 0.113281 0.994141
1532259620121864 0.0771484 0.0991211 1.01416
1532259620206637 0.0556641 0.0708008 1.00439
1532259620310359 0.0341797 0.0732422 1.00195
1532259620440013 0.17334 0.00390625 0.944336
1532259620490877 -0.034668 0.0649414 0.93457
1532259620567673 -0.117676 0.0634766 1.06055
1532259620602578 -0.0644531 0.00488281 1.01563
1532259620639479 -0.0161133 -0.0463867 1.00537
1532259620686354 -0.0180664 0 0.998047
1532259620717271 -0.00585938 0.0288086 0.997559
1532259620778108 -0.0327148 0.0146484 1.00928
1532259620819997 0.0664063 -0.00341797 0.947754
1532259620843947 0.129883 0.00146484 0.941895
1532259620886818 0.0185547 -0.0751953 0.927734
1532259620978572 0.0117188 0.00585938 1.0127
1532259621001512 0.00195313 -0.0200195 0.996582
1532259621031431 -0.00341797 -0.00195313 1.00488
1532259621061352 -0.0795898 0.0336914 1.03662
1532259621099250 -0.123047 0.0541992 1.09424
1532259621145129 -0.101074 0.0893555 1.10547
1532259621181031 -0.129395 0.0405273 1.09473
1532259621203986 -0.137695 0.012207 1.1001
1532259621256828 -0.164063 0.0405273 1.05225
1532259621285765 -0.164551 0.0375977 1.03467
1532259621325645 -0.191406 -0.0170898 1.0498
1532259621382494 -0.180176 0.0292969 1.02539
1532259621444327 -0.332031 -0.090332 1.02246
1532259621466269 -0.374512 -0.112793 1.06201
1532259621517133 -0.390137 -0.0488281 1.06055
1532259621569991 -0.431152 -0.00488281 0.968262
1532259621591932 -0.434082 0 0.927246
1532259621698647 -0.425293 0.0219727 0.725586
1532259621751506 -0.484863 0.16748 0.697754
1532259621804365 -0.503906 0.0874023 0.674316
1532259621847266 -0.400879 0.0473633 0.705566
1532259621901107 -0.585938 0.195801 0.675293
1532259621953964 -0.565918 0.216797 0.733398
1532259621997847 -0.533203 0.0917969 0.772461
1532259622021782 -0.48877 0.146973 0.802246
1532259622064668 -0.504395 0.276367 0.834961
1532259622103564 -0.396973 0.327148 0.896484
1532259622126503 -0.385742 0.345703 0.920898
1532259622156437 -0.388184 0.388672 0.941895
1532259622169388 -0.368652 0.349609 0.941895
1532259622224242 -0.355469 0.276855 0.925781
1532259622245186 -0.358887 0.242188 0.892578
1532259622306023 -0.278809 0.103027 0.759277
1532259622359879 -0.189453 -0.0576172 0.706055
1532259622403776 -0.116211 -0.187012 0.65918
1532259622584279 -0.470215 -0.172363 1.28857
1532259622612204 -0.467285 -0.287598 1.36475
1532259622653101 -0.540527 -0.3125 1.34863
1532259622717921 -0.543457 -0.243652 1.3374
1532259622784743 -0.661621 -0.0385742 0.997559
1532259622855553 -0.636719 0.0351563 0.868652
1532259622906417 -0.574219 0.100098 0.428223
1532259622934343 -0.512695 0.0629883 0.349121
1532259622966257 -0.393066 -0.0507813 0.352051
1532259623004165 -0.149414 -0.165527 0.355469
1532259623064993 0.237793 -0.249512 0.460449
1532259623087948 0.504883 -0.479492 0.644531
1532259623206615 0.119629 -0.603516 1.25098
1532259623259474 -0.0395508 -0.527344 1.52295
1532259623409073 -0.837891 -0.0883789 1.19238
1532259623445975 -0.805664 0.0673828 0.650879
1532259623466919 -0.731934 0.148926 0.553711
1532259623506812 -0.661133 0.0874023 0.427246
1532259623534737 -0.580078 -0.0102539 0.419434
1532259623566651 -0.274414 -0.125488 0.436035
1532259623603553 -0.00390625 -0.0615234 0.480957
1532259623647435 0.146973 -0.197754 0.509766
1532259623663393 0.333008 -0.326172 0.549316
1532259623707276 0.458008 -0.600098 0.699219
1532259623784070 0.255371 -0.603516 1.0415
1532259623813991 0.0546875 -0.574707 1.15381
1532259623865852 -0.302246 -0.553711 1.41455
1532259623909734 -0.811035 -0.385742 1.604
1532259623948630 -0.842773 -0.265137 1.65527
1532259623977553 -0.831543 -0.149902 1.5752
1532259623986529 -0.865234 -0.0571289 1.41357
1532259624016449 -0.839355 -0.0581055 1.24512
1532259624040385 -0.757324 -0.059082 1.04443
1532259624106210 -0.539551 0.0869141 0.540527
1532259624182007 -0.354492 -0.0825195 0.339355
1532259624248828 0.0605469 -0.312988 0.560059
1532259624352550 0.304199 -0.548828 0.958496
1532259624393441 0.129395 -0.501953 1.06299
1532259624497164 -0.401367 -0.223633 1.43799
1532259624517110 -0.415527 -0.200684 1.44775
1532259624556006 -0.533691 -0.0698242 1.33545
1532259624602881 -0.589844 -0.0268555 1.26318
1532259624631803 -0.54834 -0.0214844 1.00391
1532259624653744 -0.598145 -0.0185547 0.853516
1532259624668706 -0.59375 0.043457 0.786621
1532259624705607 -0.578613 0.0117188 0.728027
1532259624742508 -0.551758 -0.0854492 0.652832
1532259624802348 -0.308105 -0.161133 0.648926
1532259624834262 -0.235352 -0.150879 0.658691
1532259624873158 -0.164063 -0.192871 0.729492
1532259624990844 -0.299316 -0.112305 1.10156
1532259625019766 -0.381348 -0.0625 1.17383
1532259625065643 -0.458984 -0.00585938 1.21191
1532259625149419 -0.385742 0.0258789 1.13525
1532259625318966 -0.641113 0.279297 0.841797
1532259625378807 -0.708984 0.353027 0.780273
1532259625604204 -0.661133 0.59668 0.253418
1532259625637115 -0.653809 0.643555 0.181641
1532259625711915 -0.639648 0.67041 0.124512
1532259625839574 -0.435547 0.657715 -0.184082
1532259625904416 -0.40625 0.680664 -0.356934
1532259625964240 -0.385742 0.67334 -0.429199
1532259626033057 -0.424316 0.730469 -0.46582
1532259626185649 -0.422363 0.742676 -0.438965
1532259626295355 -0.455078 0.724121 -0.395508
1532259626333254 -0.446289 0.71875 -0.38916
1532259626372150 -0.45166 0.733398 -0.388672
1532259626491839 -0.495117 0.750977 -0.272461
1532259626702267 -0.45166 0.630371 -0.115234
1532259626814966 -0.584961 0.54248 0.312988
1532259626934656 -0.5 0.384277 0.67627
1532259626992491 -0.338379 0.119629 1.02246
1532259627077265 -0.0112305 -0.0317383 1.27734
1532259627218885 -0.09375 0.0541992 1.17676
1532259627421360 -0.0839844 -0.019043 0.968262
1532259627442297 -0.101074 -0.104492 1.04053
1532259627555984 -0.0454102 -0.0166016 1.05469
1532259627578922 -0.0273438 0.0146484 1.14941
