1532259928183599 0.161621 0.0458984 0.881348
1532259928232469 0.0571289 -0.00195313 0.92041
1532259928307268 -0.0205078 0.0961914 0.981445
1532259928381071 0.0737305 0.160645 1.15576
1532259928561588 0.35791 -0.361816 1.1499
1532259928583530 0.28125 -0.201172 1.08447
1532259928741108 0.483398 -0.0917969 0.899902
1532259929271690 0.0961914 -0.349121 1.12646
1532259929331530 -0.20166 -0.235352 0.962891
1532259929349482 -0.288086 -0.199707 0.914063
1532259929483124 -0.462402 -0.0107422 0.817383
1532259929574879 -0.526855 -0.0712891 0.822754
1532259929616767 -0.375 -0.101074 0.838379
1532259929633733 -0.256348 -0.046875 0.860352
1532259929649679 -0.153809 0.0209961 0.870117
1532259929717497 -0.194824 0.0141602 0.858887
1532259929762378 0.0556641 -0.109863 0.915527
1532259929789306 0.118652 -0.12207 0.848145
1532259929846154 0.210449 -0.305664 0.919434
1532259930089502 -0.00878906 -0.0678711 1.1416
1532259930149342 -0.202148 -0.0253906 1.20752
1532259930197215 -0.256836 -0.0449219 1.27832
1532259930232121 -0.495117 0.173828 1.23145
1532259930308916 -0.522461 0.325684 1.07178
1532259930351801 -0.612305 0.34375 0.832031
1532259930450544 -0.59375 0.383789 0.38916
1532259930610137 -0.546875 0.47998 0.0571289
1532259930827556 -0.694336 0.585449 -0.0161133
1532259930878419 -0.807617 0.661621 0.0385742
1532259931091849 -0.987793 0.527344 0.580078
1532259931162660 -0.300293 0.472168 0.938965
1532259931299294 0.241699 0.583008 0.504395
1532259931337193 0.21875 0.5 0.592285
1532259931374094 0.0878906 0.439941 0.671875
1532259931396035 0.0639648 0.47998 0.688965
1532259931561593 -0.00390625 0.216309 0.817383
1532259931614451 -0.302246 0.512695 1.09277
1532259931711202 -0.52002 0.623535 1.11768
1532259931734131 -0.455078 0.652832 1.04443
1532259931788006 -0.446777 0.759766 1.05225
1532259931815913 -0.291504 0.71582 0.982422
1532259931838862 -0.246094 0.653809 0.988281
1532259931995432 0.0380859 0.562012 0.839355
1532259932034329 0.107422 0.553711 0.790039
1532259932115112 0.229004 0.650879 0.792969
1532259932174952 0.129883 0.767578 0.740723
1532259932234797 -0.0961914 0.805176 0.598145
1532259932251747 -0.116211 0.779785 0.561523
1532259932281670 -0.0893555 0.709473 0.566406
1532259932341507 -0.00146484 0.637695 0.532227
1532259932395375 0.294434 0.595703 0.665039
1532259932416310 0.334961 0.550293 0.693848
1532259932431267 0.354492 0.592773 0.700684
1532259932461201 0.383301 0.685059 0.702148
1532259932475150 0.416992 0.696289 0.624512
1532259932514046 0.40918 0.681641 0.683594
1532259932541971 0.383789 0.602539 0.735352
1532259932573886 0.217285 0.845215 0.692383
1532259932619763 0.143066 0.848633 0.65625
1532259932633726 0.0688477 0.755371 0.678711
1532259932716504 -0.00439453 1.05762 0.368652
1532259932745427 -0.00292969 0.890625 0.393066
1532259932776345 0.0922852 0.734375 0.461914
1532259932874097 0.22998 0.602539 0.54541
1532259932933923 0.439453 0.693359 0.62793
1532259932993763 0.465332 0.572754 0.657715
1532259933023690 0.371094 0.51416 0.65332
1532259933157325 0.0874023 1.03516 0.447754
1532259933217165 0.138672 0.927246 0.340332
1532259933301939 0.25293 0.890625 0.490234
1532259933316899 0.292969 0.856445 0.552246
1532259933353800 0.599609 0.611816 0.73291
1532259933436579 0.504395 0.47168 0.657227
1532259933457523 0.464844 0.339355 0.756836
1532259933533320 -0.0517578 0.927246 0.563477
1532259933616099 0.0366211 1.03564 0.38916
1532259933779661 0.105957 0.884766 0.512695
1532259933840507 0.203125 0.743164 0.661133
1532259933879394 0.22998 0.771973 0.690918
1532259934118755 -0.0375977 0.537598 0.702637
1532259934178603 -0.0625 0.49707 0.735352
1532259934260376 0.125977 0.480469 0.76416
1532259934502728 0.345215 0.558105 0.956543
1532259934552594 0.371094 0.405273 0.937988
1532259934562568 0.346191 0.444824 0.914551
1532259934612435 0.34082 0.339355 0.942871
1532259934642355 0.355957 0.416504 0.919922
1532259934674269 0.326172 0.356934 0.966309
1532259934689230 0.285645 0.25293 0.985352
1532259934702194 0.276367 0.226074 0.96582
1532259934741106 0.222656 0.290039 0.95752
1532259934763043 0.165527 0.241699 0.986328
1532259934778989 0.138672 0.19043 0.973633
1532259934801927 0.131836 0.219727 0.949219
1532259934831848 0.106445 0.248047 0.977051
1532259934838829 0.104004 0.261719 1.00195
1532259934861767 0.164063 0.260742 1.06641

1532259934906647 0.244141 0.155273 1.04785
1532259934959516 0.255859 0.385742 1.00732
1532259934981463 -0.0454102 0.302246 0.898438
1532259935026328 -0.0839844 0.149902 0.897949
1532259935086168 0.102051 0.238281 0.933594
1532259935109106 0.143555 0.270508 0.94873
1532259935161965 0.0390625 0.260742 0.907715
1532259935235767 0.140625 0.157227 1.02539
1532259935258706 0.0981445 0.28418 0.998535
1532259935281645 0.0766602 0.274902 0.970215
1532259935302588 0.108887 0.217773 0.98584
1532259935401325 0.111816 0.216309 0.95459
1532259935446221 0.101074 0.235352 0.956543
1532259935549927 0.119629 0.243164 0.950195
1532259935581842 0.106445 0.184082 0.978516
1532259935618743 0.109863 0.155273 0.962891
1532259935641682 0.112793 0.212402 0.955566
1532259935679580 0.11084 0.248047 0.960449
1532259935724461 0.128418 0.192383 0.96582
1532259935827186 -0.478027 0.0302734 0.310547
1532259935850125 -0.23584 0.104004 1.29248
1532259935872066 0.525879 0.348145 1.78955
1532259935924925 0.368164 0.194824 1.20557
1532259935984764 0.252441 0.172852 0.916504
1532259936006706 0.356445 -0.015625 1.06494
1532259936029644 0.12207 0.11084 1.0166
1532259936092477 -0.0107422 0.0185547 0.930176
1532259936129378 0.148438 0.0620117 0.943848
1532259936158300 0.0839844 0.108887 0.943848
1532259936213154 -0.0131836 0.197266 1.02002
1532259936286956 -0.0405273 0.191406 1.07422
1532259936306903 -0.0522461 0.161621 1.12646
1532259936344802 -0.0493164 0.116211 1.08057
1532259936375719 -0.107422 0.15332 1.13379
1532259936413618 -0.177246 0.0917969 1.11621
1532259936435577 -0.21582 0.0537109 1.09961
1532259936458498 -0.284668 0.0537109 1.08545
1532259936504376 -0.374023 0.0917969 1.0459
1532259936524322 -0.445801 0.081543 0.968262
1532259936547260 -0.492676 0.097168 0.943359
1532259936577180 -0.510254 0.116211 0.908203
1532259936629042 -0.54248 0.135742 0.80957
1532259936652978 -0.584473 0.124512 0.769531
1532259936666940 -0.629883 0.101074 0.750488
1532259936767671 -0.655273 0.188965 0.729492
1532259936907298 -0.620117 -0.078125 0.817871
1532259937390007 0.11084 0.0893555 0.989258
1532259937622386 -0.495117 0.439941 1.05029
1532259937666269 -0.708008 0.461426 0.876953
1532259937709153 -0.711914 0.519043 0.630859
1532259937727105 -0.756836 0.52832 0.590332
1532259937750044 -0.706055 0.527832 0.487305
1532259937826839 -0.736816 0.562988 0.369141
1532259937876706 0.0410156 0.647461 0.447754
1532259938026305 -0.492676 0.424316 0.377441
1532259938049244 -0.382813 0.562988 0.44873
1532259938169921 -0.664063 0.580566 0.0498047
1532259938371383 -0.874023 0.731934 0.158203
1532259938499044 -0.884277 0.55957 0.414063
1532259938551900 -0.691406 0.543457 0.663086
1532259938725435 -0.26123 0.493164 0.891113
1532259938782284 0.309082 0.51709 0.673828
1532259938926897 0.178711 0.590332 0.64209
1532259939074502 0.22168 0.470703 0.787598
1532259939128359 -0.33252 0.660645 0.893066
1532259939172241 -0.575684 0.867188 0.741699
1532259939188216 -0.692871 0.924316 0.739258
1532259939271974 -0.185059 0.959961 0.567871
1532259939331815 0.0170898 0.892578 0.523926
1532259939405631 0.105469 0.875977 0.536621
1532259939504353 0.907715 0.641113 0.72998
1532259939565203 0.894043 0.560059 0.698242
1532259939615057 0.492188 0.743652 0.604004
1532259939624033 0.256836 0.880371 0.525391
1532259939707815 -0.123535 0.95166 0.359375
1532259939749703 -0.199219 0.947266 0.349121
1532259939794584 0.264648 0.731934 0.514648
1532259939842455 0.442383 0.713867 0.567383
1532259939901309 1.03516 0.621582 0.595703
1532259939915261 1.04346 0.518555 0.581543
1532259939931217 0.839844 0.643555 0.626953
1532259939982082 0.395508 0.839355 0.501953
1532259940034941 0.046875 0.982422 0.331543
1532259940096775 -0.00732422 1.18701 0.0825195
1532259940139660 -0.210938 1.18848 0.0795898
1532259940154621 -0.220703 1.04004 0.0854492
1532259940185551 -0.150391 1.00098 0.160156
1532259940237399 0.419434 0.847656 0.39502
1532259940276306 0.691406 0.775391 0.452148
1532259940314194 1.08838 1.03906 0.252441
1532259940359074 1.4585 0.585938 0.26709
1532259940380017 1.14551 0.560059 0.354492
1532259940396973 0.983398 0.552734 0.359375
1532259940441852 0.541016 0.721191 0.530762
1532259940516653 -0.246094 0.921875 0.241211
1532259940642316 -0.256348 1.2251 0.306152
1532259940717116 0.748047 0.964355 0.299805
1532259940734071 1.00146 0.909668 0.222168
1532259940778951 1.0791 0.716309 0.322266
1532259940837794 0.703125 0.568359 0.338867
1532259940919575 0.131836 0.723633 0.623535
1532259940973431 -0.10791 0.8125 0.543945
1532259940996370 -0.168457 0.866211 0.467285
1532259941017314 -0.305664 1.12988 0.276367
1532259941152951 -0.0498047 1.10205 0.416504
1532259941213788 0.437988 0.783203 0.489258
1532259941258685 0.817383 0.512695 0.59375
1532259941279612 0.615723 0.564453 0.621582
1532259941318507 0.588379 0.452148 0.710938
1532259941460129 -0.165039 0.914551 0.502441
1532259941596764 -0.250488 0.886719 0.747559
1532259941641652 0.0644531 0.795898 0.76709
1532259942038583 0.178711 0.570801 0.807129
1532259942106402 0.361816 0.509277 0.839844
1532259942181202 0.515137 0.476563 0.809082
1532259942196161 0.447266 0.461426 0.86084
1532259942219100 0.370117 0.37793 0.915527
1532259942262982 0.386719 0.503418 0.904785
1532259942280934 0.358398 0.480957 0.916504
1532259942323820 0.36377 0.22998 0.994141
1532259942361719 0.349121 0.662598 0.925781

1532259942449484 0.0922852 0.188477 0.982422
1532259942464444 0.0800781 0.22168 1.02637
1532259942547223 0.125488 0.257324 1.01416
1532259942643963 0.124512 0.200684 0.963867
1532259942704801 0.12207 0.232422 0.994629
1532259942764674 0.0957031 0.26123 0.990234
1532259942786615 0.0966797 0.213379 0.98877
1532259942846703 0.12207 0.226563 0.973145
1532259942886596 0.0917969 0.180176 0.967773
1532259942924495 0.109863 0.208496 0.943359
1532259942945439 0.11084 0.222656 0.944824
1532259942999295 0.114746 0.217285 0.955566
1532259943004282 0.123535 0.216797 0.958008
1532259943045172 0.0952148 0.244141 0.975098
1532259943088072 0.117188 0.248535 0.982422
1532259943105012 0.0991211 0.256348 0.986816
1532259943154884 0.0883789 0.267578 1
1532259943206745 0.139648 0.197754 0.927246
1532259943244644 0.158203 0.217773 0.983398
1532259943274598 0.156738 0.210938 1.01367
1532259943289558 0.10498 0.110352 1.02881
1532259943326459 0.0405273 0.224121 1.01416
1532259943373339 -0.0454102 0.618652 0.856934
1532259943427196 0.220215 0.0654297 0.785156
1532259943447137 0.300781 0.0546875 0.894531
1532259943566816 0.209961 -0.0151367 0.983887
1532259943607707 0.12207 0.106934 0.947266
1532259943637627 0.0649414 0.17041 0.969727
1532259943705446 -0.0654297 0.149414 1.03125
1532259943747348 -0.131836 0.189941 1.05322
1532259943793227 -0.0913086 0.239258 1.03564
1532259943846070 -0.0288086 0.210449 1.09082
1532259943926854 -0.0957031 0.162109 1.08301
1532259943986694 -0.170898 0.163574 1.18262
1532259944004646 -0.214844 0.222656 1.18213
1532259944049530 -0.208984 0.100098 1.13818
1532259944199125 -0.587402 0.314453 0.727051
1532259944272928 -0.758789 0.393066 0.519531
1532259944340747 -0.638184 0.271973 0.536133
1532259944475387 -0.584961 0.257813 0.662598
1532259944507302 -0.53418 0.306641 0.692871
1532259944587089 -0.537109 0.234375 0.742188
1532259944679840 -0.239746 0.227539 1.04297
1532259944776582 0.175293 0.182129 0.69043
1532259944896275 0.0507813 0.250488 0.955566
1532259944940143 -0.00439453 0.233398 0.979492
1532259945015941 0.125 0.32959 0.932129
1532259945048854 0.0649414 0.230957 0.898926
1532259945100715 -0.120605 0.246094 1.07666
1532259945159558 -0.270996 0.292969 1.0459
1532259945175531 -0.370117 0.300293 0.988281
1532259945249317 -0.82959 0.416016 0.661133
1532259945309161 -0.775879 0.500488 0.540039
1532259945392933 -0.708008 0.564941 0.246094
1532259945466736 -0.804199 0.569824 0.118164
1532259945587414 -0.73584 0.568848 0.155273
1532259945669195 -0.771973 0.559082 0.11084
1532259945773915 -0.698242 0.532715 0.00830078
1532259946014271 -0.975586 0.479492 0.692383
1532259946090076 -0.361816 0.328613 0.845215
1532259946127968 0.237793 0.355957 0.682129
1532259946225706 0.353516 0.345215 0.612793
1532259946282554 0.103516 0.30957 0.83252
1532259946374308 -0.0498047 0.460449 0.799805
1532259946494987 0.0244141 0.478516 0.733398
1532259946531888 -0.102539 0.46875 0.896973
1532259946628629 -0.402344 0.447754 0.962402
1532259946696458 -0.508789 0.509277 1
1532259946747311 -0.352539 0.624023 0.943848
1532259946758282 -0.26709 0.665039 0.910156
1532259946848042 0.433594 0.771484 0.821777
1532259946906885 0.800781 0.687988 0.855957
1532259946951764 0.655273 0.802734 0.651855
1532259946994650 0.225098 0.835449 0.47998
1532259947033546 -0.45166 0.942383 0.487793
1532259947055487 -0.541504 0.908691 0.475586
1532259947122309 -0.486328 0.821777 0.608887
1532259947154225 0.295898 0.608398 0.578125
1532259947175167 0.719238 0.629883 0.606934
1532259947191124 0.988281 0.690918 0.535156
1532259947235007 1.12842 0.473145 0.447266
1532259947251962 1.01758 0.503418 0.633789
1532259947294847 0.689941 0.508789 0.681152
1532259947311802 0.54248 0.65332 0.65918
1532259947354698 0.209473 0.896973 0.583496
1532259947431482 0.027832 1.13086 0.26123
1532259947475364 -0.105469 1.16699 0.325684
1532259947574101 0.528809 0.675781 0.438477
1532259947633941 0.805176 1.01514 0.392578
1532259947693781 1.06836 0.566895 0.310547
1532259947776559 0.585938 0.583008 0.59668
1532259947814457 0.342285 0.851074 0.472168
1532259947851362 -0.0117188 1.07031 0.320313
1532259947874298 -0.153809 1.05566 0.144043
1532259947896241 -0.262695 1.26465 0.081543
1532259947917182 -0.368164 1.36328 0.0859375
1532259947934138 -0.222168 1.14844 0.0913086
1532259948016917 0.424316 0.939941 0.275879
1532259948076757 0.900391 0.791504 0.376465
1532259948113658 1.00293 0.678223 0.280273
1532259948136597 0.882324 0.322754 0.462891
1532259948157540 0.836426 0.194824 0.555664
1532259948217380 0.311523 0.508301 0.832031
1532259948294175 -0.277832 1.12939 0.33252
1532259948316116 -0.31543 1.17773 0.164063
1532259948345042 -0.186523 1.24219 0.162598
1532259948376953 -0.0888672 1.35889 0.316406
1532259948413855 -0.000488281 1.12256 0.371094
1532259948436794 -0.00830078 1.13525 0.415527
1532259948479679 0.237305 0.851074 0.40918
1532259948518575 0.343262 0.361328 0.745117
1532259948579412 0.425781 0.852539 0.584961
1532259948899556 0.17334 0.358887 0.879883
1532259948976351 0.138184 0.43457 0.779785
1532259949059130 0.206055 0.470215 0.796387
1532259949230670 0.291016 0.519043 0.888184
1532259949275551 0.413086 0.645996 0.826172
1532259949304473 0.406738 0.510742 0.931641
1532259949326415 0.412109 0.294922 0.869141
1532259949344367 0.415039 0.407715 0.842285
1532259949364313 0.354492 0.528809 0.801758
1532259949403209 0.289551 0.473633 0.896484
1532259949424154 0.378906 0.342285 0.902832
1532259949545828 0.288574 0.457031 0.899902

1532259949566771 -0.0512695 0.383789 0.804199
1532259949607662 0.106445 0.105469 0.882324
1532259949626612 0.161621 0.148438 0.937988
1532259949665507 0.0654297 0.275391 0.942383
1532259949749284 0.148926 0.180176 0.902344
1532259949786185 0.293945 0.0996094 1.00195
1532259949866969 0.15332 0.09375 1.06592
1532259949903871 0.0800781 0.161133 1.05029
1532259949964708 0.059082 0.191406 1.01758
1532259950061449 0.0844727 0.169434 0.974609
1532259950085385 0.0727539 0.182129 0.976563
1532259950122292 0.0600586 0.175293 0.98291
1532259950170158 0.0854492 0.144531 1.01172
1532259950212047 0.0693359 0.174316 0.994141
1532259950241967 0.0698242 0.194336 0.978516
1532259950263908 0.0732422 0.177734 0.958496
1532259950285849 0.0913086 0.163574 0.954102
1532259950324745 0.0795898 0.152832 0.977051
1532259950361647 -0.435059 0.119141 0.334961
1532259950384585 0.642578 0.405273 1.77051
1532259950421495 -0.507324 -0.0952148 0.39209
1532259950467364 0.509277 0.316406 1.90625
1532259950513273 0.392578 0.302246 0.980469
1532259950527236 -0.0136719 0.139648 0.935547
1532259950564137 0.161133 0.268066 1.06885
1532259950582093 0.101563 0.223145 0.935547
1532259950623993 0.478516 0.286133 0.936523
1532259950647914 -0.293945 0.0112305 0.254395
1532259950661876 0.224609 0.290039 1.03174
1532259950684815 0.043457 0.132813 1.05225
1532259950716729 0.0688477 0.199219 0.984375
1532259950744655 0.178711 0.0615234 0.927734
1532259950761610 0.226074 -0.00537109 0.932129
1532259950781556 0.302734 0.0200195 0.883789
1532259950804501 0.256836 0.0302734 0.887695
1532259950841396 0.074707 0.0673828 0.986328
1532259950864335 0.0727539 0.0610352 0.998047
1532259950902234 -0.00585938 0.134277 0.975098
1532259950924175 -0.0473633 0.154297 0.989746
1532259950984015 -0.0429688 0.0913086 0.95166
1532259951021913 -0.03125 0.161621 1.07764
1532259951044852 -0.000976563 0.209961 1.11279
1532259951104692 -0.0751953 0.21582 1.14893
1532259951141595 -0.0541992 0.152344 1.13232
1532259951164532 -0.0717773 0.182617 1.14746
1532259951195450 -0.0761719 0.208496 1.15625
1532259951225370 -0.0463867 0.215332 1.1499
1532259951289199 -0.043457 0.230957 1.17725
1532259951345049 -0.225098 0.222168 1.00195
1532259951383957 -0.425293 0.231934 0.830078
1532259951494649 -0.538574 0.339355 0.47998
1532259951751961 -0.347168 0.311523 0.916504
1532259951773903 -0.217773 0.32666 0.895996
1532259951826762 0.00292969 -0.0561523 0.857422
1532259951871641 0.212402 -0.146484 0.887207
1532259951909540 0.209961 0.102051 0.900879
1532259951969380 0.266602 0.259277 0.92041
1532259952029221 0.11377 0.117676 1.01904
1532259952044180 0.0678711 0.141113 1.01563
1532259952148900 0.0371094 0.173828 0.973145
1532259952169843 0.0532227 0.160156 0.986328
1532259952253619 0.0112305 0.237793 1.11865
1532259952372302 -0.0732422 0.293457 1.1416
1532259952523896 -1.1499 0.52002 0.297363
1532259952589720 -0.962891 0.260742 0.286621
1532259952659535 -0.641113 0.952637 -0.0786133
1532259952710408 -1.11279 0.521484 -0.0302734
1532259952750296 -0.601074 0.636719 0.0180664
1532259952876953 -0.591309 0.561523 0.0952148
1532259952928814 -0.629395 0.600098 0.10498
1532259952988661 -0.757324 0.669434 0.102051
1532259953017577 -0.755859 0.689453 0.117188
1532259953049497 -0.87207 0.74707 0.125977
1532259953086393 -0.902832 0.766113 0.177246
1532259953137257 -0.983398 0.679199 0.292969
1532259953154231 -0.957031 0.730469 0.394043
1532259953191113 -0.990234 0.646484 0.577637
1532259953244969 -0.862793 0.593262 0.743652
1532259953288852 -0.427734 0.363281 0.869141
1532259953369635 0.36377 0.244629 0.696289
1532259953415513 0.362305 0.416504 0.60791
1532259953559129 0.182617 0.370605 0.71875
1532259953576083 0.19043 0.435059 0.716309
1532259953618969 0.307617 0.459473 0.648438
1532259953671844 -0.132324 0.375488 1.00684
1532259953693774 -0.327148 0.312012 1.06299
1532259953769566 -0.675781 0.744141 1.04053
1532259953836387 -0.491211 0.477539 0.938965
1532259953913182 0.0756836 0.465332 0.848145
1532259953984990 0.477051 0.583496 1.01172
1532259954008926 0.754395 0.674316 0.917969
1532259954031865 0.73291 0.626465 0.857422
1532259954054803 0.632813 0.63623 0.787109
1532259954068782 0.525879 0.68457 0.772949
1532259954091705 0.326172 0.742676 0.726563
1532259954121625 0.0922852 0.824219 0.62793
1532259954174483 -0.544434 1.04248 0.533203
1532259954196425 -0.506836 0.888672 0.530273
1532259954232329 -0.270508 0.648926 0.50293
1532259954255267 -0.161621 0.619629 0.522461
1532259954292168 0.27002 0.778809 0.605469
1532259954324083 0.647949 0.866699 0.535645
1532259954331064 0.98291 0.708984 0.550293
1532259954376942 0.915527 0.214355 0.679688
1532259954397886 0.686035 0.152344 0.754395
1532259954413843 0.544922 0.300781 0.893555
1532259954451742 0.467773 0.307129 0.987305
1532259954473683 0.383301 0.550781 0.884766
1532259954533540 -0.180664 0.97168 0.681152
1532259954571430 0.0791016 1.23535 0.54248
1532259954594361 0.160645 1.33545 0.570313
1532259954615304 -0.0742188 1.23145 0.529785
1532259954654201 -0.232422 1.02051 0.375488
1532259954721022 -0.0717773 0.745117 0.51709
1532259954751938 0.103516 0.57373 0.686523
1532259954794824 0.481934 0.753418 0.685547
1532259954811779 0.719727 0.772949 0.682617
1532259954878600 0.660645 0.341797 0.734863
1532259954893560 0.658203 0.294434 0.724121
1532259954931459 0.653809 0.391602 0.846191
1532259954954404 0.5 0.553711 0.808594
1532259955036178 -0.312012 1.15332 0.435059
1532259955074078 -0.26123 1.31934 0.27832
1532259955110979 -0.228516 1.21533 0.39502
1532259955193769 0.124023 0.891113 0.623047
1532259955314435 0.788086 0.12793 0.791504
1532259955357320 0.521484 0.227539 0.727051
1532259955553796 -0.257324 1.20215 0.606445
1532259955636573 -0.0898438 0.849609 0.677734
1532259955696413 0.0415039 0.720215 0.803223
1532259956039496 -0.15332 0.308105 0.975586
1532259956084375 -0.136719 0.314941 0.928223
1532259956182114 -0.0888672 0.434082 0.838379
1532259956366621 0.123535 0.479492 0.816895
1532259956417485 0.290039 0.367188 0.883301
1532259956596008 0.417969 0.442383 0.866699
1532259956661832 0.26709 0.223633 0.937988
1532259956768546 0.166016 0.291504 0.999023
1532259956821415 0.133301 0.347656 1.04834
1532259956842349 -0.00341797 0.380859 0.88916

1532259956881245 0.0390625 -0.00390625 0.914063
1532259956965022 0.15332 0.273926 0.961426
1532259957045805 0.0341797 0.277832 0.980957
1532259957099661 0.125 0.0976563 1.00537
1532259957182439 0.0507813 0.208984 1.01123
1532259957227320 0.0546875 0.160645 1
1532259957262226 0.0756836 0.131836 0.998535
1532259957302130 0.0449219 0.169434 0.988281
1532259957322066 0.0561523 0.157715 1.00098
1532259957383901 0.0600586 0.150879 0.994629
1532259957429778 0.0688477 0.156738 0.989746
1532259957467677 0.0795898 0.167969 0.996582
1532259957519544 0.0678711 0.160156 0.99707
1532259957542477 0.0854492 0.159668 0.975098
1532259957593341 0.0854492 0.14209 0.973145
1532259957652184 0.0947266 0.156738 0.980469
1532259957700055 -0.0288086 0.228516 0.893555
1532259957741944 0.23291 0.0454102 0.874512
1532259957842674 0.0380859 0.152344 0.991699
1532259957923458 0.161133 0.179688 0.945801
1532259957962358 0.224609 0.0546875 0.893555
1532259958004242 0.29248 0.00488281 0.940918
1532259958065079 0.144043 -0.0297852 1.00684
1532259958081037 0.123047 -0.0239258 1.05371
1532259958102978 0.0874023 -0.0170898 1.06152
1532259958163816 -0.0957031 0.137695 1.09521
1532259958223655 -0.209473 0.0986328 1.07275
1532259958238616 -0.29541 0.147949 1.02539
1532259958261554 -0.336426 0.214355 0.990234
1532259958351314 -0.408691 0.124512 0.899902
1532259958434093 -0.52832 0.221191 0.86084
1532259958465016 -0.556641 0.208008 0.842773
1532259958503906 -0.614746 0.23584 0.822754
1532259958544797 -0.60791 0.172852 0.759766
1532259958604643 -0.592773 0.0917969 0.766602
1532259958689410 -0.652344 0.175781 0.70166
1532259958831032 -0.773438 0.304688 0.588867
1532259958906828 -0.676758 0.346191 0.834473
1532259958996588 -0.714355 0.22168 0.844727
1532259959125245 -0.111816 -0.0698242 0.972656
1532259959198049 0.285645 0.118164 0.865234
1532259959243927 0.212891 -0.0649414 0.803223
1532259959326706 -0.0727539 0.046875 0.98584
1532259959347650 -0.046875 0.0224609 0.995605
1532259959535148 -0.289063 0.027832 1.13281
1532259959587010 -0.36377 0.265625 1.10205
1532259959626903 -0.718262 0.317383 0.869141
1532259959725639 -0.832031 0.791992 0.39502
1532259960014900 -0.687012 0.601074 0.149414
1532259960085676 -0.685547 0.581055 0.10498
1532259960149505 -0.683105 0.567383 0.0605469
1532259960211342 -0.741699 0.57373 0.0566406
1532259960294119 -0.963379 0.776855 0.205566
1532259960376897 -1.0459 0.685059 0.466309
1532259960429756 -0.848145 0.65332 0.887207
1532259960449703 -0.538086 0.626953 0.898438
1532259960503559 -0.123535 0.155762 0.864746
1532259960517521 0.0795898 0.23291 1.03906
1532259960580353 0.56543 0.351074 0.717773
1532259960626231 0.508789 0.369141 0.621094
1532259960729964 0.26709 0.233887 0.76709
1532259960774833 0.214844 0.220703 0.838867
1532259960796774 0.117188 0.449707 0.841797
1532259960885550 0.0825195 0.411621 0.952637
1532259960930417 -0.151855 0.566895 1.05615
1532259960969313 -0.262695 0.635742 1.04932
1532259960990257 -0.397461 0.637695 1.07617
1532259961029153 -0.500977 0.718262 0.99707
1532259961051094 -0.496582 0.706055 0.95459
1532259961066054 -0.447266 0.709961 0.915039
1532259961127889 -0.269043 0.58252 0.874023
1532259961186732 0.375488 0.62793 0.793457
1532259961238593 0.692383 0.511719 0.728027
1532259961252556 0.709961 0.54248 0.723145
1532259961312402 0.619141 0.722168 0.682617
1532259961336344 0.481934 0.733398 0.630371
1532259961389190 0.0532227 0.841309 0.515137
1532259961477960 -0.380859 1.03369 0.42041
1532259961508876 -0.330566 0.871094 0.420898
1532259961531816 -0.182129 0.785645 0.471191
1532259961591656 0.447266 0.741211 0.674805
1532259961613597 0.683105 0.79248 0.689453
1532259961651496 0.892578 0.719238 0.486816
1532259961672439 0.87793 0.527832 0.492676
1532259961740259 0.856445 0.509766 0.641602
1532259961749234 0.760742 0.643066 0.616699
1532259961792119 0.479492 0.758301 0.628906
1532259961824034 0.34668 0.766113 0.645508
1532259961912797 -0.182129 1.07617 0.353027
1532259961952691 -0.0698242 1.14502 0.35498
1532259962071373 0.557129 0.796387 0.444336
1532259962094312 0.599121 0.677734 0.504395
1532259962108280 0.613281 0.736816 0.488281
1532259962131230 0.777344 0.883789 0.482422
1532259962154180 0.975098 0.915039 0.410645
1532259962168115 1.02979 0.854004 0.332031
1532259962236930 0.915527 0.443359 0.34668
1532259962273836 0.710938 0.42627 0.535156
1532259962311730 0.458984 0.595215 0.721191
1532259962354620 0.0961914 0.829102 0.684082
1532259962394525 -0.0869141 0.932129 0.408203
1532259962431409 -0.0395508 0.924805 0.379883
1532259962535133 0.237305 1.10596 0.390625
1532259962551090 0.36377 1.08057 0.390137
1532259962574031 0.506348 1.01563 0.36377
1532259962601954 0.52832 0.773438 0.391602
1532259962639852 0.643066 0.740723 0.355469
1532259962661793 0.770508 0.802734 0.257813
1532259962699692 0.836426 0.574707 0.376953
1532259962721634 0.759766 0.462402 0.382813
1532259962766514 0.662598 0.480469 0.396484
1532259962857271 0.220215 0.748535 0.550781
1532259962879212 0.0595703 0.865723 0.597168
1532259962917112 0.0493164 1.10449 0.45166
1532259962977948 0.0878906 1.16992 0.540527
1532259963036791 0.229004 1.25439 0.612305
1532259963262189 0.219238 0.58252 0.559082
1532259963346963 0.12793 0.428711 0.722656
1532259963381868 0.0849609 0.59668 0.79541
1532259963396829 0.0791016 0.696777 0.816895
1532259963428743 0.0507813 0.636719 0.84375
1532259963622226 -0.00244141 0.481934 0.788086
1532259963698023 0.104004 0.557129 0.783203
1532259963749884 0.251465 0.57666 0.833984
1532259963779804 0.330078 0.569824 0.860352
1532259963803741 0.384766 0.625488 0.847656
1532259963825681 0.416504 0.666992 0.868652
1532259963921435 0.552246 0.53418 0.841309
1532259963961319 0.580566 0.48877 0.837402
1532259964081996 0.255859 0.28125 0.963867
1532259964179735 0.453613 0.415527 0.924316

1532259964254536 0.140137 0.0722656 0.848633
1532259964674411 0.140137 0.239746 0.952637
1532259964719292 0.141602 0.26123 0.967285
1532259964794092 0.126953 0.251465 0.977539
1532259964816034 0.150391 0.266113 0.95752
1532259964853948 0.156738 0.265137 0.953125
1532259964898842 0.151855 0.226563 0.920898
1532259964932747 0.149902 0.234375 0.931152
1532259964964649 0.147461 0.200195 0.956543
1532259965039449 0.623535 0.44873 1.81201
1532259965099310 -0.477539 0.043457 0.434082
1532259965144191 0.155273 0.233887 1.02686
1532259965159151 0.185547 0.422363 0.96875
1532259965198047 0.18457 0.240234 0.974121
1532259965227967 0.128418 0.236328 0.96582
1532259965298778 0.625977 0.331055 1.77051
1532259965339668 0.292969 0.097168 0.887207
1532259965415465 0.23584 0.20459 0.978027
1532259965519188 0.0517578 0.280273 1.15967
1532259965564067 -0.0668945 0.329102 1.1792
1532259965619918 -0.189941 0.355469 1.13818
1532259965702697 -0.42041 0.415039 1.00977
1532259965754559 -0.467773 0.406738 0.82959
1532259965777497 -0.530762 0.352051 0.657715
1532259965798441 -0.551758 0.367188 0.60498
1532259965850303 -0.550781 0.439453 0.489746
1532259965918121 -0.481934 0.470703 0.415527
1532259965994915 -0.500977 0.45459 0.277832
1532259966130564 -0.674805 0.541504 0.233887
1532259966172440 -0.8125 0.609375 0.282227
1532259966195379 -0.845703 0.593262 0.309082
1532259966262202 -0.913574 0.54248 0.45166
1532259966330019 -0.674805 0.413574 0.634766
1532259966459677 -0.276367 0.220703 0.89209
1532259966803753 0.163574 0.224121 0.996582
1532259966871572 0.135254 0.153809 1.00049
1532259966886535 0.111816 0.162109 1.01025
1532259966955359 0.0888672 0.123047 0.992188
1532259966984279 0.0654297 0.114258 0.986328
1532259967083007 0.0996094 0.0722656 1.2373
1532259967131876 -0.204102 0.195801 0.631836
1532259967164788 0.87793 0.249512 1.32471
1532259967214654 0.147461 0.0932617 1.18311
1532259967268510 -0.304688 0.0864258 0.537598
1532259967327353 0.880371 0.294922 1.37451
1532259967366253 0.0683594 0.150879 1.06787
1532259967577700 -0.706055 0.466797 0.47168
1532259967666458 -0.742188 0.504883 0.109375
1532259967734264 -0.642578 0.391602 0.147461
1532259967786125 -0.70752 0.45752 0.163574
1532259967859929 -0.72998 0.553223 0.170898
1532259967906804 -0.680176 0.526367 0.195801
1532259968048424 -1.03418 0.710938 0.115723
1532259968070366 -1.08594 0.76709 0.162109
1532259968156136 -1.20703 0.733887 0.4375
1532259968215991 -0.984375 0.483887 0.726074
1532259968324687 0.40625 0.370605 0.737793
1532259968500216 -0.115234 0.325195 0.838867
1532259968566041 -0.127441 0.398438 0.847656
1532259968619896 0.111328 0.388184 0.646484
1532259968687715 0.0712891 0.276855 0.694336
1532259968731597 -0.117188 0.393555 0.809082
1532259968770494 -0.180176 0.418457 0.848633
1532259968859256 -0.421387 0.371582 1.03516
1532259968897155 -0.506836 0.529785 1.07959
1532259969076675 -0.26416 0.615234 0.930176
1532259969114573 -0.162109 0.538574 0.904297
1532259969211327 0.57666 0.515137 0.758789
1532259969256195 0.90625 0.540527 0.682617
1532259969277139 0.870117 0.576172 0.592773
1532259969317032 0.74707 0.611816 0.614258
1532259969343960 0.320801 0.771484 0.625977
1532259969361913 -0.046875 0.922852 0.636719
1532259969398814 -0.399414 1.02637 0.635742
1532259969441698 -0.583008 1.04639 0.544922
1532259969516498 0.121094 0.642578 0.523438
1532259969577336 0.868652 0.831543 0.522949
1532259969599278 1.00977 0.719727 0.457031
1532259969637176 0.992188 0.536133 0.472168
1532259969662125 0.912598 0.553711 0.427734
1532259969674078 0.887207 0.506836 0.518066
1532259969727933 0.777344 0.584961 0.641602
1532259969764846 0.350586 0.914551 0.634277
1532259969791763 0.059082 0.918945 0.547363
1532259969914434 -0.230957 0.899902 0.493652
1532259969997213 0.580566 0.719238 0.552734
1532259970036110 1.34375 0.89209 0.338867
1532259970057054 1.31445 0.781738 0.344727
1532259970078995 1.17578 0.637695 0.321289
1532259970116894 0.995605 0.324707 0.552246
1532259970142824 0.808594 0.334473 0.654297
1532259970155790 0.558105 0.544434 0.728027
1532259970176733 0.25 0.736328 0.771484
1532259970199672 -0.0454102 0.777832 0.747559
1532259970236573 -0.378906 0.908691 0.686523
1532259970277464 -0.430664 1.02686 0.496582
1532259970337318 -0.124512 1.16211 0.433594
1532259970426067 0.555176 1.10107 0.375
1532259970439031 0.829102 1.05322 0.358887
1532259970456984 0.946777 0.910645 0.303711
1532259970476931 0.872559 0.777832 0.381836
1532259970499869 0.87207 0.625977 0.386719
1532259970536770 0.736328 0.436523 0.514648
1532259970577662 0.672852 0.291016 0.631836
1532259970598605 0.645996 0.192383 0.713379
1532259970679389 0.03125 0.634766 0.687012
1532259970705320 -0.150879 0.864746 0.646484
1532259970765160 -0.375977 1.19775 0.505859
1532259970777127 -0.347168 1.20996 0.584473
1532259970799069 -0.34668 1.16016 0.625
1532259970876861 0.181152 0.912598 0.685547
1532259970959639 0.60791 0.423828 0.60791
1532259971101261 -0.027832 0.723633 0.736328
1532259971116221 -0.0473633 0.740723 0.727051
1532259971399463 0.0537109 0.302734 0.93457
1532259971520141 -0.0507813 0.358398 0.871094
1532259971639820 0.222168 0.553711 0.896973
1532259971699660 0.358398 0.616699 0.847656
1532259971746536 0.396973 0.538574 0.839844
1532259971789420 0.429199 0.53418 0.804199
1532259971875204 0.393555 0.379395 0.885254
1532259971919074 0.361816 0.38916 0.858398
1532259971948994 0.338867 0.375977 0.870605
1532259972010830 0.348633 0.32373 0.945801
1532259972098594 -0.0141602 0.446777 0.817383

1532259972151453 0.132324 0.0898438 0.859863
1532259972219271 0.106934 0.287598 0.916992
1532259972262172 0.338379 0.410156 1.26318
1532259972300298 -0.0634766 0.401367 1.01025
1532259972339195 0.20166 0.244141 0.956543
1532259972362133 0.167969 0.174316 1.00977
1532259972421973 0.120117 0.27832 0.944336
1532259972435936 0.12793 0.273438 0.981445
1532259972488802 0.0874023 0.206543 1.00977
1532259972541653 0.0991211 0.249512 0.975586
1532259972586533 0.136719 0.254883 0.966797
1532259972640389 0.132324 0.256836 0.942871
1532259972705216 0.125977 0.22168 0.952148
1532259972736133 0.150879 0.236328 0.959473
1532259972765056 0.0791016 0.193359 1.03955
1532259972782010 0.0322266 0.149414 0.95459
1532259972841851 0.166504 0.374512 0.880859
1532259972863792 0.123535 0.368652 0.922852
1532259972917648 0.203125 0.337891 0.843262
1532259972961531 0.415039 -0.015625 0.862793
1532259972998431 0.372559 0.0449219 0.847168
1532259973050293 0.200684 -0.0444336 0.888184
1532259973102154 -0.00927734 0.0209961 0.995605
1532259973118111 0.00830078 0.0654297 1.0332
1532259973207872 -0.078125 0.0664063 1.06445
1532259973321568 -0.176758 0.0859375 1.13965
1532259973381413 -0.25293 -0.00488281 1.12646
1532259973411343 -0.285645 0.0273438 1.05371
1532259973464186 -0.401367 -0.145996 1.0376
1532259973544970 -0.483887 -0.142578 0.773438
1532259973612795 -0.509766 -0.199707 0.731934
1532259973672629 -0.537109 -0.0664063 0.700684
1532259973750421 -0.598633 -0.156738 0.677246
1532259973801284 -0.681152 -0.0151367 0.757813
1532259973824223 -0.679199 -0.0546875 0.774902
1532259973900020 -0.683105 -0.378906 0.867676
1532259973975818 0.0869141 -0.515137 0.807617
1532259973989780 0.331543 -0.799316 0.744141
1532259974026682 0.509277 -0.593262 0.797363
1532259974063588 -0.328613 -0.615723 0.893066
1532259974101482 -0.346191 -0.53125 0.941895
1532259974139381 -0.340332 -0.466797 0.902344
1532259974169300 -0.339844 -0.428223 0.875977
1532259974221162 -0.311035 -0.477539 0.848145
1532259974281999 -0.27002 -0.44873 0.821289
1532259974342837 -0.241699 -0.475586 0.830078
1532259974394698 -0.19043 -0.524414 0.812012
1532259974454538 -0.209961 -0.538086 0.867188
1532259974484458 -0.135254 -0.395996 0.995117
1532259974520362 -0.168457 -0.431641 0.984863
1532259974598154 -0.244629 -0.585449 1.04834
1532259974656996 -0.395996 -0.483398 1.07275
1532259974731796 -0.853516 0.0566406 0.81543
1532259974835519 -0.681152 0.243164 0.530273
1532259975066900 -0.731445 0.471191 0.218262
1532259975151674 -0.70166 0.445313 0.171875
1532259975391033 -1.16992 0.726563 0.117676
1532259975579529 -0.600586 0.38623 0.734863
1532259975637380 -0.227539 0.179688 1.00879
1532259975690233 0.263184 -0.180664 0.566406
1532259975757055 0.081543 0.716797 0.533691
1532259975766031 0.0473633 0.111328 0.627441
1532259975946548 -0.150879 0.293945 0.759277
1532259976290628 -0.719727 0.615723 0.956543
1532259976329524 -0.683594 0.624023 0.902832
1532259976356452 -0.543945 0.740234 0.918945
1532259976373407 -0.436523 0.722168 0.88623
1532259976433247 -0.114746 0.719238 0.87793
1532259976541957 0.286621 0.738281 0.782715
1532259976569881 0.724121 0.609863 0.72168
1532259976600799 0.90625 0.478027 0.650879
1532259976667631 0.836426 0.749023 0.640137
1532259976694548 0.526367 0.820801 0.648926
1532259976749402 0.106934 0.79248 0.656738
1532259976814228 -0.335938 0.98877 0.526367
1532259976855124 -0.166016 0.808105 0.52832
1532259976876070 -0.0336914 0.751953 0.543457
1532259976941886 0.400391 0.633301 0.650391
1532259977019678 1.12842 0.571289 0.602539
1532259977070542 0.901855 0.361328 0.662598
1532259977093481 0.709961 0.589844 0.8125
1532259977144345 0.220215 1.01465 0.558594
1532259977257044 -0.0610352 0.964844 0.318848
1532259977287978 -0.0400391 0.921387 0.32373
1532259977334836 0.15625 0.638672 0.384766
1532259977357775 0.429688 0.592285 0.469238
1532259977436564 1.18848 0.714355 0.269531
1532259977497413 0.817383 0.315918 0.644043
1532259977575193 -0.00537109 0.736816 0.866211
1532259977635033 -0.350586 1.34082 0.422852
1532259977676921 -0.268555 1.36328 0.313965
1532259977702852 -0.0688477 1.1709 0.316895
1532259977714820 0.0239258 1.02979 0.344238
1532259977777652 0.328125 0.878418 0.382324
1532259977814552 0.731445 0.748535 0.450195
1532259977917278 0.908691 0.251953 0.512695
1532259978096798 -0.286621 1.1792 0.475586
1532259978257369 0.531738 0.846191 0.556152
1532259978354113 0.683105 0.442871 0.459473
1532259978517672 -0.174316 0.666016 0.668457
1532259978637353 -0.09375 1.22314 0.875
1532259978803907 0.615234 -0.227539 0.749023
1532259978817870 0.478027 -0.244629 0.780273
1532259978884691 0.259766 0.202148 0.921875
1532259979075182 0.180664 0.491211 0.924805
1532259979119064 0.361328 0.520996 0.871582
1532259979169928 0.522461 0.500977 0.820313
1532259979199848 0.569824 0.665527 0.858398
1532259979223796 0.563477 0.563965 0.814941
1532259979246723 0.580566 0.555176 0.78418
1532259979283625 0.583008 0.519043 0.763184
1532259979336483 0.470215 0.222656 0.820801
1532259979419267 0.319824 0.245117 1.00293
1532259979441206 0.357422 0.0717773 1.01025
1532259979464147 0.416992 0.322266 0.762695
1532259979479102 0.108398 0.599609 0.70459
1532259979517998 0.517578 0.202637 0.953125
1532259979522984 0.416504 0.345703 1.02051

1532259979577852 0.0327148 0.154785 0.876465
1532259979591800 0.125488 0.078125 0.856934
1532259979612744 -0.145996 0.135254 0.94873
1532259979650642 0.63623 0.414551 1.46094
1532259979672584 0.594238 0.543945 1.79639
1532259979702504 0.736816 0.505859 1.09375
1532259979732424 -0.527344 0.12793 0.646484
1532259979779302 0.428711 0.151855 0.983398
1532259979794259 0.165039 0.11377 1.06152
1532259979837144 0.122559 0.0952148 1.01758
1532259979852105 0.0800781 0.168457 0.994629
1532259979875042 0.0766602 0.205078 1.01807
1532259979891000 0.375977 0.299316 0.800293
1532259979912942 -0.311035 0.0493164 0.175293
1532259979958823 -0.0136719 0.153809 0.957031
1532259980003698 0.11377 0.112793 0.975586
1532259980056558 0.0712891 0.126953 1.04297
1532259980078499 0.0776367 0.140137 1.03467
1532259980132355 0.0629883 0.181152 1.01953
1532259980152302 0.0629883 0.17041 1.01758
1532259980205160 0.0766602 0.156738 0.994141
1532259980251038 0.0869141 0.186035 0.993164
1532259980273976 0.0698242 0.121582 0.955078
1532259980294920 0.0830078 0.110352 0.95166
1532259980378696 0.0463867 0.0878906 1.00586
1532259980438544 0.00537109 0.244629 0.983887
1532259980482419 0.274902 0.150391 0.837402
1532259980521315 0.223145 0.225586 0.871582
1532259980550237 0.307617 0.26709 0.897461
1532259980581155 0.239258 -0.0141602 0.875977
1532259980628029 0.319336 0.0195313 0.938965
1532259980679890 0.208008 0 0.889648
1532259980752696 0.0307617 0.0366211 0.977539
1532259980782615 -0.0151367 0.0732422 1.06201
1532259980904308 -0.00830078 0.137695 1.26074
1532259980941191 -0.106934 0.157715 1.14795
1532259981001032 -0.0336914 -0.0371094 1.14648
1532259981023970 -0.0424805 -0.0141602 1.10205
1532259981037934 -0.116211 0.0351563 1.08398
1532259981105752 -0.212891 -0.00732422 1.00342
1532259981190525 -0.299805 -0.0112305 0.85498
1532259981258354 -0.357422 -0.0170898 0.806641
1532259981262333 -0.385254 -0.0361328 0.780273
1532259981311203 -0.438965 -0.000488281 0.76123
1532259981375046 -0.458008 0.027832 0.804199
1532259981407944 -0.505859 -0.0263672 0.828125
1532259981459805 -0.549805 0.0327148 0.820801
1532259981588461 -0.535645 -0.0561523 0.960938
1532259981617384 -0.530762 -0.090332 1.0166
1532259981728088 -0.111328 -0.234863 1.01416
1532259981771971 0.895996 -0.394043 0.930176
1532259981812877 -0.0117188 -0.194336 0.549805
1532259981871703 -0.606445 -0.341797 0.540039
1532259981947501 -0.461914 -0.34375 0.991699
1532259981997367 -0.0361328 -0.187988 0.940918
1532259982022301 -0.0849609 -0.217773 0.970703
1532259982050226 -0.0859375 -0.23291 0.977539
1532259982097101 -0.0644531 -0.23877 1.00391
1532259982140983 -0.0375977 -0.269043 0.973633
1532259982268642 -0.231934 -0.325195 1.08057
1532259982291581 -0.270996 -0.38623 1.12939
1532259982367378 -0.314941 -0.357422 1.125
1532259982412258 -0.567383 0.0170898 1.02783
1532259982487062 -0.710449 0.315918 0.649414
1532259982546898 -0.714844 0.318359 0.366211
1532259982645635 -0.663574 0.445313 0.215332
1532259982704477 -0.658691 0.383789 0.204102
1532259982755341 -0.697266 0.437012 0.194336
1532259982829143 -0.727539 0.447754 0.140137
1532259982891975 -0.904785 0.579102 0.0297852
1532259982958797 -1.06006 0.652832 0.0878906
1532259982994700 -1.18506 0.743164 0.157227
1532259983035591 -1.2334 0.712891 0.262695
1532259983095431 -1.01318 0.400879 0.577637
1532259983124367 -0.930664 0.379883 0.683105
1532259983200151 0.097168 0.0874023 0.817383
1532259983331800 0.267578 0.221191 0.725586
1532259983401612 0.229492 0.25293 0.786133
1532259983678871 -0.695313 0.703125 0.923828
1532259983791569 0.861328 0.851563 0.774414
1532259983819495 0.980957 0.606445 0.705078
1532259983834455 0.818359 0.497559 0.70752
1532259983889308 0.469238 0.73291 0.699219
1532259983965106 -0.297363 0.89209 0.618652
1532259983993036 -0.46582 0.95166 0.567871
1532259984013984 -0.520508 0.902832 0.479492
1532259984059852 -0.266602 0.753418 0.503418
1532259984074812 0.0727539 0.751465 0.463379
1532259984111730 0.53418 0.524414 0.780762
1532259984134652 0.818848 0.776367 0.707031
1532259984159599 1.10693 0.847656 0.577148
1532259984171554 1.12207 0.708984 0.565918
1532259984194492 1.04297 0.78418 0.52002
1532259984234386 0.973633 0.425293 0.656738
1532259984262310 0.95752 0.398926 0.650879
1532259984292231 0.674316 0.587891 0.607422
1532259984361047 0.0322266 0.895508 0.401367
1532259984444823 -0.269043 1.08594 0.403809
1532259984494690 0.109375 0.836914 0.549316
1532259984512642 0.397461 0.827637 0.648438
1532259984533585 0.875 0.856445 0.664551
1532259984555527 1.29639 0.851074 0.584473
1532259984588441 1.32178 0.886719 0.393555
1532259984638306 1.04541 0.156738 0.573242
1532259984674209 0.755859 0.34082 0.629395
1532259984752001 -0.216797 0.958496 0.45752
1532259984773943 -0.447266 1.2334 0.300781
1532259984841761 -0.585449 1.20898 0.527832
1532259984871682 0.125 1.02002 0.588379
1532259984916562 0.635254 1.12793 0.460449
1532259984954460 1.44385 0.902344 0.30127
1532259984991361 1.06104 0.42334 0.473145
1532259985193833 -0.644043 1.38916 0.575195
1532259985253660 -0.154297 0.88916 0.660645
1532259985374337 0.824219 0.473145 0.427246
1532259985530918 -0.641113 1.13037 0.872559
1532259985756316 0.484375 0.169922 0.572754
1532259985801196 0.348145 -0.0292969 0.822266
1532259985816173 0.32666 0.10791 0.854004
1532259985907910 0.239258 0.332031 0.98877
1532259986116354 0.290527 0.533203 0.833008
1532259986161238 0.416016 0.666992 0.830078
1532259986197138 0.457031 0.62793 0.76123
1532259986229051 0.498535 0.730469 0.765137
1532259986287894 0.537109 0.513184 0.720703
1532259986311830 0.522949 0.47168 0.744141
1532259986333772 0.524902 0.344238 0.778809
1532259986386630 0.501465 0.321777 0.903809
1532259986432514 0.283691 0.723633 0.845703
1532259986453459 0.239258 0.316895 0.89209

1532259986476403 -0.0571289 0.193848 0.889648
1532259986530246 0.0830078 0.0947266 0.90625
1532259986567148 0.0859375 0.193359 1.00488
1532259986582107 0.0805664 0.179688 0.977539
1532259986625997 0.0449219 0.30127 0.912109
1532259986654920 0.0654297 0.273438 0.871582
1532259986678856 0.306152 -0.187988 0.930176
1532259986693816 -0.0966797 0.320313 1.0083
1532259986782578 0.161621 0.0444336 1.06738
1532259986806514 0.108887 0.208984 1.02002
1532259986859373 0.103027 0.208008 0.979492
1532259986947161 0.0649414 0.188477 0.986816
1532259986979076 0.0444336 0.195313 0.986816
1532259987016975 0.10498 0.141602 0.978027
1532259987076815 0.0644531 0.183594 0.973633
1532259987136655 0.0957031 0.169922 0.980957
1532259987159594 0.0756836 0.174805 0.98584
1532259987197493 0.074707 0.185059 0.999512
1532259987241403 0.0878906 0.191406 0.983398
1532259987256360 0.0888672 0.183105 0.973633
1532259987300242 0.0805664 0.177246 0.983398
1532259987316207 0.0688477 0.169434 0.97168
1532259987345123 0.0673828 0.166504 0.968262
1532259987398984 0.0849609 0.140625 0.958984
1532259987436186 0.0942383 0.147949 1.00342
1532259987481079 -0.00390625 0.140137 1.01953
1532259987496041 0.0180664 0.345703 0.858398
1532259987539922 0.187988 0.239258 0.87207
1532259987631677 0.0205078 0.185547 0.921387
1532259987661597 0.208984 0.109863 0.937988
1532259987683538 0.287598 0.169922 0.915527
1532259987721440 0.364258 0.0488281 0.833984
1532259987781276 0.201172 -0.0595703 0.858398
1532259987819175 0.119629 -0.0483398 0.97168
1532259987841116 0.0507813 -0.0566406 0.95459
1532259987879015 0.0698242 -0.0737305 1.03125
1532259987924892 0.0498047 -0.147461 1.06299
1532259987944839 -0.100098 -0.0708008 1.10889
1532259987961793 -0.118164 -0.0439453 1.104
1532259988043575 -0.279785 -0.0688477 1.07861
1532259988058535 -0.242188 -0.0981445 1.05566
1532259988102417 -0.240723 -0.15625 1.01172
1532259988141313 -0.458008 0.00927734 1.06689
1532259988162258 -0.533203 0.015625 1.08887
1532259988247031 -0.259766 -0.172363 0.905273
1532259988298910 -0.317871 -0.22168 0.882324
1532259988342775 -0.416504 -0.239258 0.87793
1532259988397629 -0.438965 -0.237305 0.836914
1532259988418572 -0.426758 -0.252441 0.86377
1532259988472428 -0.439941 -0.288086 0.829102
1532259988524290 -0.448242 -0.229492 0.861328
1532259988561191 -0.604004 -0.13916 0.83252
1532259988600092 -0.661133 -0.12207 0.82373
1532259988659927 -0.502441 -0.224121 0.776367
1532259988719767 -0.47998 -0.375977 0.874512
1532259988732732 -0.272949 -0.475586 1.01904
1532259988763650 0.165527 -0.252441 0.935059
1532259988802545 0.20166 -0.438477 0.904297
1532259988808530 0.19873 -0.718262 0.806641
1532259988876360 0.170898 -0.416992 0.861328
1532259988953158 -0.0458984 -0.445313 0.901855
1532259988995031 -0.153809 -0.366211 0.896484
1532259989009991 -0.164551 -0.327148 0.918945
1532259989077810 -0.102051 -0.387207 0.994141
1532259989139645 -0.0566406 -0.491211 1.00781
1532259989235388 -0.249023 -0.432129 1.16016
1532259989304204 -0.535156 -0.283203 1.19482
1532259989355068 -0.806641 0.156738 0.967773
1532259989507660 -0.545898 0.248535 0.350098
1532259989643298 -0.611328 0.428711 0.257324
1532259989715105 -0.668457 0.509277 0.173828
1532259989745026 -0.698242 0.541992 0.167969
1532259989782924 -0.734863 0.513672 0.197754
1532259989796900 -0.762207 0.546387 0.130371
1532259989873681 -0.749512 0.536621 0.0581055
1532259989972422 -1.13623 0.704102 0.208496
1532259990060182 -1.07617 0.601074 0.543945
1532259990129996 -0.624023 0.59668 0.902832
1532259990197831 0.494629 0.229492 0.702637
1532259990414236 0.179199 0.330566 0.72168
1532259990489036 -0.117676 0.475586 0.864746
1532259990540897 -0.29541 0.489746 0.96582
1532259990599741 -0.776367 0.75 0.937012
1532259990629660 -0.817871 0.704102 0.943359
1532259990676534 -0.515625 0.541504 0.898438
1532259990698475 -0.12793 0.582031 0.87207
1532259990729393 0.146973 0.581055 0.817871
1532259990797212 0.369629 0.662598 0.783691
1532259990818156 0.438965 0.675781 0.76709
1532259990869020 0.706543 0.641602 0.668945
1532259990932849 0.585938 0.727539 0.770508
1532259990990695 0.196777 0.916992 0.648926
1532259991019617 -0.0273438 0.976563 0.595215
1532259991097409 -0.151367 0.683594 0.477539
1532259991116358 -0.119629 0.666504 0.509766
1532259991156252 0.0913086 0.679199 0.541016
1532259991171212 0.357422 0.571777 0.612305
1532259991192156 0.616211 0.491699 0.713867
1532259991210108 0.848145 0.519043 0.721191
1532259991251995 0.883789 0.661621 0.569824
1532259991269948 0.924805 0.609375 0.578125
1532259991290892 0.992188 0.384277 0.638672
1532259991329788 0.822754 0.337402 0.87793
1532259991352726 0.715332 0.51416 0.794434
1532259991412566 0.285156 0.837402 0.749023
1532259991434508 0.241211 0.842285 0.679199
1532259991449468 0.21875 0.960938 0.576172
1532259991510304 -0.308594 1.00635 0.453613
1532259991532247 -0.232422 0.938477 0.427734
1532259991552193 -0.164551 0.974121 0.463867
1532259991629984 0.365723 0.697266 0.541016
1532259991658907 0.522949 0.639648 0.506836
1532259991711766 0.683594 0.63916 0.557129
1532259991792550 0.664551 0.0615234 0.609863
1532259991831447 0.637207 0.304688 0.552246
1532259991852390 0.562988 0.408203 0.592773
1532259991891286 0.250488 0.525879 0.731934
1532259991912230 0.0302734 0.63916 0.671387
1532259991973081 -0.459961 1.65674 0.645996
1532259992056844 -0.183594 0.870605 0.89209
1532259992152587 0.441406 0.379883 0.846191
1532259992214422 0.628418 0.328125 0.69043
1532259992265286 0.361328 0.217285 0.602539
1532259992358037 0.209961 0.0512695 0.874512
1532259992393941 0.0966797 -0.0683594 1.09277
1532259992431840 0.182129 -0.0327148 1.19678
1532259992482705 0.238281 -0.0410156 1.23193
1532259992596401 0.152344 0.161621 1.05664
1532259992774922 0.199707 0.408203 0.806641
1532259992834763 0.200195 0.506836 0.819336
1532259992894603 0.330078 0.580078 0.786133
1532259992941482 0.424805 0.390137 0.836426
1532259992972395 0.438965 0.455078 0.818359
1532259993039216 0.504395 0.474609 0.823242
1532259993150918 0.430664 0.266113 1.01074
1532259993250651 0.0620117 0.565918 0.883789

1532259993263616 -0.0927734 0.306152 0.854492
1532259993324454 0.0317383 0.202148 0.939453
1532259993338417 0.043457 0.290039 0.923828
1532259993397258 0.123047 0.251465 0.910156
1532259993436155 0.429688 0.318848 1.20703
1532259993496995 0.128418 0.163574 0.974121
1532259993542870 0.223145 0.0776367 1.06104
1532259993577776 0.0922852 0.223145 0.99707
1532259993593733 0.09375 0.191406 1.00732
1532259993644608 0.0483398 0.234375 1.02881
1532259993676518 0.0419922 0.227539 0.995605
1532259993729371 0.0610352 0.156738 0.990723
1532259993796192 0.0795898 0.176758 0.963867
1532259993819130 0.0986328 0.163574 0.962402
1532259993856041 0.0864258 0.137207 0.96875
1532259993893930 0.0805664 0.138672 0.976074
1532259993938811 0.0800781 0.168457 0.983887
1532259993953773 0.0786133 0.15332 0.994141
1532259993998651 0.0703125 0.16748 0.981934
1532259994074448 0.0927734 0.150879 0.962402
1532259994096392 0.0727539 0.143066 0.974121
1532259994134300 0.0756836 0.158691 0.977051
1532259994207099 0.0859375 0.169922 0.983398
1532259994224054 0.0805664 0.167969 0.973145
1532259994261959 0.0957031 0.15332 0.965332
1532259994282902 0.0800781 0.158691 0.981934
1532259994298860 0.0771484 0.163574 0.994629
1532259994343740 0.0732422 0.142578 0.983887
1532259994358700 0.0854492 0.143066 0.968262
1532259994373660 0.0952148 0.152832 0.963379
1532259994396599 0.0932617 0.165527 0.974609
1532259994419537 0.0776367 0.172363 0.974121
1532259994500321 0.050293 0.0708008 1.13135
1532259994553180 -0.0317383 0.267578 0.90332
1532259994576125 0.224121 0.0961914 1.01465
1532259994599058 0.0727539 0.119629 0.965332
1532259994620001 -0.0195313 0.20459 1.03271
1532259994679841 0.142578 0.128906 0.935059
1532259994696796 0.141113 0.139648 0.970703
1532259994741676 0.131348 0.174805 0.951172
1532259994769601 0.17627 0.15625 0.888184
1532259994800519 0.27002 -0.0151367 0.866699
1532259994816476 0.243164 0.0375977 0.905273
1532259994839415 0.211914 0.0532227 0.87207
1532259994876316 0.108398 0.0361328 0.93457
1532259994899255 0.0908203 -0.00341797 0.972168
1532259994920199 0.0615234 -0.0102539 0.986328
1532259994959095 -0.00927734 0.0444336 0.961914
1532259994982045 -0.0488281 -0.00878906 0.974609
1532259994996005 -0.111816 -0.0551758 1.00293
1532259995041873 0.0253906 0.0258789 1.06738
1532259995107713 -0.0161133 0.0151367 1.02881
1532259995183507 0.0249023 -0.0947266 1.08105
1532259995259291 -0.0185547 -0.129395 1.09717
1532259995282230 -0.0161133 -0.125 1.05469
1532259995319132 -0.059082 -0.163086 1.04492
1532259995341073 -0.137207 -0.231934 1.08984
1532259995401910 -0.134766 -0.227051 1.05566
1532259995438812 -0.234375 -0.263672 0.956543
1532259995461754 -0.269531 -0.248535 0.922363
1532259995498652 -0.317383 -0.244629 0.889648
1532259995537548 -0.334961 -0.25293 0.850098
1532259995581430 -0.380859 -0.238281 0.833496
1532259995602375 -0.371582 -0.246094 0.836914
1532259995641270 -0.43457 -0.233887 0.837891
1532259995664209 -0.458008 -0.219727 0.867188
1532259995701110 -0.430176 -0.206055 0.851563
1532259995730033 -0.46875 -0.200195 0.861816
1532259995761948 -0.404785 -0.260254 0.884277
1532259995798848 -0.416016 -0.236328 0.867676
1532259995842732 -0.414551 -0.231445 0.896484
1532259995879633 -0.413086 -0.262207 0.895996
1532259995950443 -0.509766 -0.185059 0.831543
1532259996003302 -0.367188 -0.108398 0.806641
1532259996099046 0.0800781 -0.428711 1.06494
1532259996152902 -0.0351563 -0.65625 0.756836
1532259996188806 0.050293 -0.89502 0.962402
1532259996226705 -0.138184 -0.374023 0.931152
1532259996249644 -0.222168 -0.375 0.923828
1532259996293526 -0.205078 -0.467285 0.93457
1532259996332423 -0.214355 -0.35498 0.927246
1532259996354364 -0.228516 -0.349609 0.908691
1532259996377315 -0.238281 -0.391113 0.896484
1532259996429164 -0.19873 -0.442871 0.877441
1532259996519921 -0.217285 -0.436523 0.885742
1532259996562806 -0.159668 -0.491699 0.979004
1532259996591728 -0.247559 -0.428711 1.06592
1532259996630625 -0.333984 -0.415527 1.07666
1532259996669520 -0.364258 -0.528809 1.1377
1532259996744321 -0.44873 -0.437988 1.12939
1532259996809148 -0.640625 -0.00585938 1.01758
1532259996850037 -0.618164 0.110352 0.888672
1532259996983680 -0.524414 0.253906 0.35791
1532259996997644 -0.541016 0.305664 0.29834
1532259997060476 -0.550781 0.334961 0.216797
1532259997185142 -0.697266 0.493652 0.240234
1532259997276897 -0.759277 0.566406 0.160156
1532259997386603 -0.76709 0.557129 0.046875
1532259997674833 0.0556641 0.297363 0.804688
1532259997709739 0.329102 0.15918 0.757324
1532259997739659 0.550781 0.285645 0.717773
1532259997832412 0.175293 0.371582 0.758789
1532259997876293 0.16748 0.306152 0.677734
1532259997949098 -0.0214844 0.45752 0.769531
1532259997983009 -0.0483398 0.491211 0.786621
1532259998109671 -0.595703 0.626465 1.06201
1532259998258273 -0.0209961 0.686035 0.880371
1532259998312134 0.285645 0.862793 0.805664
1532259998350027 0.566406 0.680176 0.794434
1532259998368976 0.683594 0.674805 0.70459
1532259998408869 0.732422 0.823242 0.486816
1532259998489654 0.423828 0.810547 0.483398
1532259998506608 0.210449 0.870117 0.418945
1532259998528550 0.0366211 0.867676 0.41748
1532259998574427 -0.229492 0.902344 0.327637
1532259998649233 -0.0556641 0.637207 0.42627
1532259998709067 0.468262 0.571289 0.476074
1532259998730011 0.757324 0.52002 0.597656
1532259998791846 1.0083 0.765625 0.57959
1532259998805809 0.721191 0.869141 0.426758
1532259998849691 0.873535 0.558594 0.627441
1532259998888594 0.660645 0.410645 0.729004
1532259998911526 0.48584 0.765625 0.696777
1532259998994304 -0.198242 0.830078 0.628906
1532259999077096 -0.146484 1.02051 0.416992
1532259999172826 0.691895 0.703613 0.459473
1532259999211723 0.720215 0.702637 0.477051
1532259999292507 0.645996 0.330566 0.652832
1532259999331403 0.588867 0.370117 0.715332
1532259999352347 0.582031 0.432129 0.762695
1532259999429141 -0.147461 0.878906 0.705566
1532259999533861 0.0537109 1.23047 0.661133
1532259999631600 -0.00537109 0.671387 0.820313
1532259999699419 0.515137 0.558105 0.793457
1532260000074416 0.491699 0.96582 0.925781
1532260000194096 0.433105 0.125 0.893066
1532260000501279 0.0541992 0.332031 0.890137
1532260000539187 0.100098 0.349609 0.902344
1532260000606991 0.177734 0.330078 0.902832
1532260000636912 0.210938 0.429688 0.894043
1532260000710730 0.251953 0.521973 0.903809
1532260000733653 0.310547 0.458496 0.848145
1532260000756591 0.32666 0.423828 0.841309
1532260000794490 0.278809 0.261719 0.845215
1532260000816431 0.276367 0.301758 0.783691
1532260000837376 0.27002 0.359863 0.758301
1532260000854332 0.258789 0.385742 0.797852
1532260000890234 0.310547 0.255371 0.875
1532260000915168 0.308105 0.272949 0.87207
1532260000936111 0.298828 0.370117 1.01172
1532260000958061 0.262695 0.157227 0.930176
1532260001003930 0.535645 0.323242 1.19922
1532260001017892 0.197754 0.65918 1.10156

1532260001063786 -0.216309 0.193848 0.77002
1532260001094687 0.0239258 0.0395508 0.807129
1532260001137579 0.0390625 0.219238 0.918457
1532260001154541 0.0200195 0.300781 0.883301
1532260001220351 0.611816 -0.0126953 1.61328
1532260001244302 -0.22168 0.253906 1.00391
1532260001274208 0.0693359 0.305176 0.986328
1532260001317093 0.0610352 0 1.08398
1532260001377930 0.0991211 0.190918 0.983398
1532260001416826 0.0541992 0.194336 0.980957
1532260001437775 0.0429688 0.163086 0.977539
1532260001476666 0.0927734 0.0712891 0.946777
1532260001497610 0.0800781 0.0786133 0.96875
1532260001514565 0.0517578 0.10791 0.96875
1532260001557450 0.0498047 0.157227 0.962402
1532260001596346 0.0791016 0.132324 0.967773
1532260001633248 0.0639648 0.12207 1.00586
1532260001656186 0.0488281 0.191895 0.993164
1532260001701066 0.0478516 0.209473 0.989746
1532260001716035 0.0668945 0.15625 0.989746
1532260001738967 0.0561523 0.136719 0.980469
1532260001776864 0.0844727 0.127441 0.976074
1532260001813765 0.0795898 0.161133 0.974609
1532260001836717 0.0639648 0.157227 1.00098
1532260001902528 -0.0185547 0.24707 0.794434
1532260001940426 0.220215 0.180664 0.911133
1532260001985305 0.0253906 0.160645 0.962402
1532260002055124 0.117676 0.0473633 1.00195
1532260002099002 0.158203 0.122559 0.941406
1532260002127936 0.218262 0.0107422 0.898926
1532260002158842 0.298828 -0.0229492 0.839355
1532260002187764 0.165527 0.00927734 0.917969
1532260002239625 0.0722656 -0.0185547 0.964355
1532260002257577 0.0483398 0.00830078 0.975098
1532260002278522 0 0.0151367 0.975098
1532260002331394 -0.0585938 -0.0112305 0.919922
1532260002360302 -0.0249023 -0.0200195 1.03027
1532260002384239 0.00488281 -0.0356445 1.05469
1532260002399199 -0.0703125 0.00878906 1.06641
1532260002436100 -0.0395508 -0.0102539 1.03369
1532260002578719 -0.105957 -0.0776367 1.08203
1532260002622601 -0.0922852 -0.141113 1.07959
1532260002660500 -0.0800781 -0.202637 1.08984
1532260002729316 -0.115234 -0.248535 1.02246
1532260002819076 -0.116211 -0.382813 0.958984
1532260002862993 -0.206543 -0.271484 0.900879
1532260002878916 -0.244629 -0.255859 0.901855
1532260002901889 -0.280273 -0.292969 0.898926
1532260002922798 -0.339355 -0.309082 0.902344
1532260002966682 -0.388672 -0.257324 0.844238
1532260002989620 -0.427734 -0.230957 0.844727
1532260003026522 -0.453613 -0.253906 0.84082
1532260003082373 -0.461426 -0.194824 0.833496
1532260003181108 -0.541992 -0.146973 0.755859
1532260003253914 -0.640137 -0.100098 0.729004
1532260003307770 -0.755371 0.00390625 0.705566
1532260003364622 -0.398438 0.0195313 0.75
1532260003443407 -0.342773 -0.176758 1.0918
1532260003514218 0.168945 -0.895508 0.616211
1532260003529178 0.460449 -1.23193 0.94873
1532260003570069 0.0170898 -0.557617 0.851074
1532260003592010 -0.341309 -0.0131836 0.925781
1532260003626916 -0.156738 -0.344238 0.918457
1532260003644869 -0.0849609 -0.434082 0.944336
1532260003664814 -0.144043 -0.387207 0.944824
1532260003694735 -0.154785 -0.331543 0.919434
1532260003721664 -0.125977 -0.320313 0.912598
1532260003772527 -0.157715 -0.378906 0.918457
1532260003784495 -0.15918 -0.395508 0.921387
1532260003849321 -0.151367 -0.433105 0.941406
1532260003867273 -0.143066 -0.432617 0.977539
1532260003935091 -0.0830078 -0.492188 1.01758
1532260003993935 -0.303711 -0.405273 1.17383
1532260004010890 -0.325195 -0.358398 1.13916
1532260004065743 -0.353027 -0.36084 1.18213
1532260004114611 -0.609863 0.0356445 1.0835
1532260004144531 -0.612793 0.0893555 0.943848
1532260004215358 -0.647461 0.169434 0.736816
1532260004275182 -0.53125 0.109863 0.518066
1532260004347988 -0.626953 0.425781 0.307129
1532260004431764 -0.633789 0.41748 0.244629
1532260004529503 -0.674316 0.479492 0.177734
1532260004604331 -0.752441 0.467285 0.163574
1532260004672122 -0.854492 0.558105 0.144043
1532260004730964 -1.02881 0.748535 0.216309
1532260004919460 -0.355957 0.342285 0.873047
1532260004971321 0.189941 0.33252 0.845703
1532260005037145 0.384766 0.0473633 0.783691
1532260005123913 0.230469 0.278809 0.67334
1532260005197715 0.152832 0.349121 0.683105
1532260005257556 0.200684 0.42334 0.70752
1532260005332356 -0.540039 0.411621 1.03174
1532260005385223 -0.763672 0.590332 1.02979
1532260005586675 0.806641 0.69043 0.626953
1532260005908814 0.358887 0.460938 0.484863
1532260005931755 0.678223 0.553711 0.602051
1532260005997577 0.971191 0.57373 0.622559
1532260006029492 0.837402 0.452637 0.657227
1532260006081369 0.656738 0.578613 0.722168
1532260006140195 0.319824 0.390137 0.770996
1532260006194051 0.191895 0.682129 0.907715
1532260006229955 -0.0356445 0.887207 0.725586
1532260006297774 -0.074707 1.45508 0.398926
1532260006357614 0.116211 0.750488 0.378418
1532260006419449 0.437012 0.835449 0.490723
1532260006470313 0.809082 0.632324 0.439453
1532260006494249 1.0498 0.583984 0.51123
1532260006569049 0.842285 0.203125 0.459473
1532260006651826 0.0698242 0.404785 0.826172
1532260006704686 0.0478516 0.806152 0.755859
1532260006748569 0.0166016 1.10938 0.627441
1532260006771508 -0.00244141 1.12402 0.607422
1532260006855283 -0.244629 1.08252 0.473633
1532260006891186 -0.0722656 0.956055 0.55957
1532260007039790 1.02246 0.0942383 0.802734
1532260007554414 0.390625 0.0874023 0.955078
1532260007731939 -0.142578 0.279297 0.881348
1532260007851619 0.157715 0.440918 0.877441
1532260007881538 0.193848 0.445313 0.883789
1532260007934398 0.304199 0.613281 0.861328
1532260007994237 0.499023 0.33252 0.840332
1532260008040121 0.491211 0.381836 0.877441
1532260008075021 0.479492 0.338379 0.857422
1532260008158811 0.293945 0.208984 0.915527
1532260008210658 0.263184 0.321289 0.883301
1532260008262520 0.562012 0.193359 0.993164
1532260008294439 -0.116699 0.224609 0.799805

1532260008331335 0.128418 0.0249023 0.924316
1532260008385218 0.159668 0.145996 0.991699
1532260008414140 0.0966797 0.258789 1.03369
1532260008437080 0.45166 0.0532227 1.33691
1532260008473980 0.00292969 0.412598 1.00146
1532260008496919 0.174316 0.208008 0.935547
1532260008547783 0.174805 0.00292969 1.02295
1532260008593660 0.0639648 0.125977 0.999023
1532260008654497 0.103027 0.0825195 1.01221
1532260008690429 0.109375 0.146973 0.984863
1532260008736306 0.0771484 0.136719 1.01025
1532260008751266 0.0800781 0.134766 1.00146
1532260008783181 0.0986328 0.133789 0.999023
1532260008856984 0.0673828 0.0996094 0.992676
1532260008916824 0.0581055 0.158691 0.975098
1532260008942754 0.0869141 0.169922 0.981934
1532260008991623 -0.0913086 0.151367 0.854004
1532260009072408 -0.500977 -0.251953 0.364746
1532260009117288 0.374512 0.492676 1.76318
1532260009127261 0.664551 0.504883 1.10596
1532260009170146 0.0600586 0.192871 0.941406
1532260009209042 0.0776367 0.106445 0.960449
1532260009229986 0.195313 0.138672 0.95752
1532260009245944 0.176758 0.208984 0.961914
1532260009276889 -0.0634766 0.0478516 0.910156
1532260009330745 0.49707 0.0371094 0.786133
1532260009349694 0.279297 -0.00927734 0.85791
1532260009486329 -0.0078125 -0.0249023 0.97168
1532260009530211 -0.0371094 0.0180664 1.06982
1532260009560131 -0.00878906 -0.0629883 1.0918
1532260009568113 -0.0205078 0.00146484 1.10059
1532260009591064 -0.0532227 0.0585938 1.10986
1532260009622964 -0.0844727 0.0419922 1.07813
1532260009696766 -0.0722656 -0.0712891 1.07617
1532260009807470 0.012207 -0.172852 1.09619
1532260009908200 0.0170898 -0.287598 1.06104
1532260009945102 -0.0366211 -0.241699 1.03467
1532260009986990 -0.178711 -0.304688 0.971191
1532260010025886 -0.325684 -0.265137 0.923828
1532260010115659 -0.417969 -0.250488 0.850586
1532260010147560 -0.432617 -0.266602 0.82373
1532260010242307 -0.521484 -0.214355 0.830078
1532260010252280 -0.509766 -0.174805 0.794434
1532260010342040 -0.561035 -0.0678711 0.772461
1532260010368968 -0.537109 -0.120117 0.783203
1532260010470711 -0.569336 0.00390625 0.719238
1532260010531534 -0.588867 -0.155762 0.759766
1532260010604349 -0.580566 -0.204102 0.806152
1532260010679139 0.321777 -0.721191 0.678223
1532260010710056 0.188965 -0.480957 0.984375
1532260010761918 -0.129395 -0.116699 0.946289
1532260010785854 -0.19873 -0.21582 0.990234
1532260010858659 -0.189941 -0.253418 0.926758
1532260010871625 -0.168945 -0.22168 0.925781
1532260010959390 -0.185059 -0.276367 0.929199
1532260010965374 -0.204102 -0.268555 0.923828
1532260011000281 -0.155762 -0.342773 0.953125
1532260011024217 -0.134277 -0.370605 0.973633
1532260011090041 -0.0756836 -0.348145 1.02393
1532260011160851 -0.182129 -0.254883 1.10742
1532260011196754 0.178711 -0.0683594 1.56885
1532260011302473 0.0795898 0.363281 1.29053
1532260011352339 -0.78125 0.197754 0.697754
1532260011434120 -0.572754 0.330078 0.284668
1532260011555804 -0.609375 0.423828 0.203613
1532260011581725 -0.64209 0.491211 0.19873
1532260011712376 -0.735352 0.579102 0.27002
1532260011782190 -0.68457 0.581055 0.227051
1532260011848013 -0.813477 0.556152 0.0712891
1532260011884915 -1.00195 0.740234 0.153809
1532260011984648 -1.13184 0.668457 0.453613
1532260012136243 0.219238 0.344727 0.908203
1532260012337704 0.0258789 0.287598 0.759766
1532260012403528 0.185059 0.46875 0.628418
1532260012465362 -0.148926 0.493652 0.816895
1532260012548141 -0.82373 0.525391 1.06689
1532260012569085 -1.01855 0.63916 1.08789
1532260012645880 0.0380859 0.51416 0.877441
1532260012666824 0.0986328 0.505859 0.862305
1532260012726663 0.580566 0.62793 0.861328
1532260012764563 0.745605 0.72998 0.713867
1532260012800467 0.80127 0.728027 0.698242
1532260012807448 0.845703 0.750977 0.691406
1532260012824403 0.811035 0.76416 0.708496
1532260012867288 0.583008 0.719727 0.795898
1532260012891252 0.433594 0.720215 0.810547
1532260012927156 -0.0551758 0.875977 0.738281
1532260012951092 -0.336914 0.989746 0.720703
1532260012987996 -0.720703 1.04395 0.592773
1532260013002953 -0.838379 1.08252 0.668945
1532260013047833 -0.712402 0.705078 0.617676
1532260013063791 -0.354004 0.485352 0.649902
1532260013093711 0.165039 0.520996 0.722656
1532260013123631 0.89209 1.00391 0.499023
1532260013169508 1.07031 0.876465 0.338867
1532260013334074 0.775391 0.310059 0.686523
1532260013386927 0.196777 0.861816 0.801758
1532260013476687 -0.196777 1.01904 0.458008
1532260013610328 0.219238 0.773926 0.592285
1532260013649225 0.714844 0.900879 0.585938
1532260013709065 1.01123 0.539063 0.438477
1532260013753945 0.835449 0.461914 0.47168
1532260013806811 0.727051 0.353516 0.697266
1532260013836724 0.626953 0.445801 0.651367
1532260013896563 0.224121 0.977539 0.561035
1532260013919502 0.0537109 1.0293 0.602539
1532260013932468 -0.204102 0.825195 0.543945
1532260013970367 -0.00976563 1.14795 0.339355
1532260014069102 0.125 0.908691 0.484863
1532260014128942 0.422363 0.659668 0.618652
1532260014188782 0.752441 0.60791 0.657227
1532260014256601 0.898926 0.0458984 0.584961
1532260014593700 0.162109 0.648438 0.976563
1532260014855001 -0.0214844 0.102539 1.1333
1532260015074414 0.0678711 0.208008 1.00391
1532260015095358 0.050293 0.206055 0.967285
1532260015274878 0.343262 0.400879 0.779297
1532260015366632 0.359863 0.502441 0.812012
1532260015419491 0.442383 0.57373 0.79248
1532260015449426 0.407227 0.621094 0.740723
1532260015471353 0.51416 0.237793 0.782227
1532260015494292 0.536621 0.200684 0.834961
1532260015516233 0.466309 0.226563 0.887207
1532260015554132 0.352539 0.367676 0.90625
1532260015593028 0.318359 0.394531 0.911621
1532260015634915 0.29834 0.275879 0.855957
1532260015673813 0.522949 0.353027 0.916992

1532260015702737 0.210449 0.363281 0.86377
1532260015754596 0.124512 0.00146484 0.891602
1532260015794489 0.167969 0.242676 0.964844
1532260015830393 0.0771484 0.205566 0.857422
1532260015875272 0.237305 -0.166016 0.93457
1532260015905193 -0.167969 0.359375 1.02441
1532260015930126 0.043457 0.479492 1.04004
1532260015951069 0.229492 0.0341797 1.06299
1532260015979993 0.213379 0.0185547 1.01367
1532260015996947 0.134277 0.191895 1.01611
1532260016033848 0.103516 0.224121 0.985352
1532260016056787 0.0942383 0.148926 0.976074
1532260016093689 0.0771484 0.101563 0.956055
1532260016123608 0.10498 0.114746 0.953125
1532260016130598 0.0986328 0.125 0.945801
1532260016154526 0.114258 0.126953 0.967773
1532260016176467 0.09375 0.134766 0.984863
1532260016197411 0.074707 0.138184 0.999512
1532260016236327 0.0849609 0.118164 1.01074
1532260016257251 0.0869141 0.111328 1.02051
1532260016296147 0.078125 0.150879 1.02637
1532260016318089 0.078125 0.17334 1.00684
1532260016363966 0.0991211 0.0952148 0.995605
1532260016400866 0.0932617 0.0976563 0.989746
1532260016439763 0.111328 0.0917969 0.991699
1532260016460707 0.0732422 0.0644531 1.01514
1532260016484643 -0.0078125 0.102539 0.956543
1532260016504602 0.081543 0.160156 0.932617
1532260016544483 0.172852 0.209473 0.962891
1532260016576398 0.139648 0.0717773 0.971191
1532260016641224 0.0825195 0.0908203 0.932129
1532260016678126 0.253418 0.135254 0.966309
1532260016752925 0.314941 -0.0991211 0.879883
1532260016807778 0.0595703 -0.097168 0.955566
1532260016826728 0.0820313 -0.0322266 0.943359
1532260016880595 -0.101074 -0.123535 1.04639
1532260016904520 -0.123047 -0.11084 1.10645
1532260017038163 -0.13623 -0.125 1.13086
1532260017089027 -0.230957 -0.156738 1.14551
1532260017141889 -0.398926 -0.290039 1.04395
1532260017167816 -0.405273 -0.374512 1.00342
1532260017224663 -0.40332 -0.39209 0.931152
1532260017239623 -0.449219 -0.34375 0.893555
1532260017293479 -0.490723 -0.289063 0.821777
1532260017315421 -0.445801 -0.267578 0.785156
1532260017389224 -0.572266 -0.238281 0.630371
1532260017469011 -0.654785 -0.17334 0.613281
1532260017611630 -0.706055 -0.100586 0.619629
1532260017699394 -0.52832 -0.0600586 0.724121
1532260017744280 -0.657227 -0.0922852 0.746094
1532260017802119 -0.489258 -0.366211 0.974121
1532260017893874 0.310547 -0.956055 0.772461
1532260017932770 -0.00537109 -0.457031 0.851563
1532260017963688 -0.10791 -0.434082 0.870117
1532260018022535 -0.185059 -0.487793 0.904785
1532260018104311 -0.222656 -0.410645 0.891602
1532260018157170 -0.205078 -0.425293 0.874512
1532260018239948 -0.195313 -0.445313 0.952148
1532260018275853 -0.148926 -0.569824 1.09424
1532260018289816 -0.223145 -0.574219 1.1333
1532260018329708 -0.347656 -0.473145 1.21045
1532260018374591 -0.471191 -0.39209 1.16309
1532260018412487 -0.575195 -0.113281 1.02393
1532260018442408 -0.687012 0.0371094 0.900391
1532260018480307 -0.740234 0.161133 0.777344
1532260018599990 -0.555664 0.272461 0.304199
1532260018628909 -0.608887 0.421875 0.239258
1532260018747592 -0.680664 0.508789 0.185059
1532260018824386 -0.682617 0.493164 0.220215
1532260018898193 -0.657715 0.467285 0.205566
1532260018972989 -0.795898 0.486328 0.0512695
1532260019047789 -1.05908 0.785645 0.211426
1532260019069730 -1.14502 0.736328 0.270508
1532260019108636 -1.06641 0.56543 0.453125
1532260019145527 -1.02783 0.542969 0.674805
1532260019184424 -0.797363 0.473145 0.829102
1532260019275180 -0.18457 0.178223 0.881836
1532260019320061 0.428711 0.0776367 0.743652
1532260019417799 0.285156 0.164551 0.737793
1532260019468665 0.116699 0.271973 0.855469
1532260019589341 -0.408203 0.418457 1.06494
1532260019641203 -0.76123 0.341309 1.09375
1532260019688079 -0.688965 0.450684 1.02393
1532260019708030 -0.293945 0.538086 0.914551
1532260019737943 -0.12793 0.539551 0.881348
1532260019783821 0.342285 0.654297 0.750977
1532260019830712 0.426758 0.692871 0.719727
1532260019857623 0.625 0.794434 0.691406
1532260019897517 0.739258 0.77002 0.658203
1532260019949378 0.689941 0.734863 0.694336
1532260020007223 0.103516 0.796875 0.710938
1532260020030162 -0.0581055 0.898438 0.719238
1532260020046119 -0.216797 0.979004 0.641602
1532260020068060 -0.349121 1.09229 0.564453
1532260020106957 -0.285645 0.89502 0.424316
1532260020143870 0.279785 0.576172 0.468262
1532260020166796 0.409668 0.666016 0.54834
1532260020307420 0.680176 0.296387 0.784668
1532260020367260 0.647461 0.708008 0.776367
1532260020429095 0.170898 0.69043 0.822266
1532260020443065 0.081543 0.769043 0.650879
1532260020503895 0.000488281 1.23047 0.422852
1532260020569719 -0.0195313 0.756836 0.356934
1532260020608615 0.133301 0.679688 0.45752
1532260020623575 0.244629 0.65625 0.594238
1532260020683414 0.969238 0.809082 0.726074
1532260020736284 0.873047 0.229004 0.805176
1532260020766200 0.60791 0.224609 0.794922
1532260020803095 0.461426 0.572754 0.851074
1532260020856951 0.182129 1.0166 0.738281
1532260020908816 -0.0449219 1.1792 0.192871
1532260021050433 0.643555 0.710449 0.681641
1532260021170114 0.696289 0.703613 0.452637
1532260021246908 0.371094 0.145996 0.850098
1532260021289794 0.207031 0.609863 0.90625
1532260021366588 0.212402 0.564941 0.962891
1532260021404489 0.164551 0.291992 1.00684
1532260021672769 0.168945 0.434082 0.803711
1532260021800428 0.355957 0.543945 0.830566
1532260021897169 0.416992 0.425293 0.79834
1532260021937071 0.436523 0.353516 0.824707
1532260021959004 0.448242 0.398438 0.791504
1532260022011863 0.431641 0.315918 0.821289
1532260022092647 0.349121 0.25293 1.03516
1532260022108604 0.349609 0.246094 1.01904
1532260022152487 0.0722656 0.710449 0.714844
1532260022184402 0.428223 0.175293 0.948242

1532260022251236 0.112793 0.0605469 0.896973
1532260022296103 0.0878906 0.190918 0.969727
1532260022319041 0.101074 0.214844 0.953613
1532260022348961 0.159668 0.240723 0.930176
1532260022431740 -0.101074 0.485352 1.04199
1532260022452684 0.1875 0.400879 0.95752
1532260022497564 0.155762 0.106934 1.06104
1532260022528051 0.074707 0.263184 1.00293
1532260022572932 0.131836 0.143555 1.05615
1532260022611831 0.0786133 0.208008 0.99707
1532260022639775 0.0834961 0.194336 0.975586
1532260022656722 0.109863 0.148438 0.980957
1532260022693623 0.106934 0.160156 0.957031
1532260022716562 0.109375 0.15625 0.96582
1532260022754462 0.0966797 0.147461 0.98291
1532260022768423 0.0776367 0.146973 0.979004
1532260022814316 0.108887 0.160156 0.962891
1532260022828263 0.0957031 0.159668 0.974609
1532260022865164 0.0844727 0.158691 0.970215
1532260022874140 0.0834961 0.172852 0.998535
1532260022911059 0.0698242 0.172852 1.00781
1532260022933980 0.078125 0.176758 0.997559
1532260022954924 0.0869141 0.154785 0.990723
1532260022993846 0.0825195 0.150879 0.981445
1532260023016787 0.0825195 0.145508 0.97168
1532260023068650 0.0820313 0.17041 0.966309
1532260023082611 0.0771484 0.150879 0.969727
1532260023120509 0.0756836 0.131348 0.983398
1532260023135469 0.0795898 0.146484 0.989746
1532260023157410 0.0898438 0.173828 0.980469
1532260023179352 0.0922852 0.147949 0.991211
1532260023217250 0.0844727 0.168457 0.994629
1532260023239191 0.104004 0.177246 1.02246
1532260023262130 0.03125 0.12793 1.04248
1532260023307011 0.081543 0.269043 0.847168
1532260023321971 0.0410156 0.172852 0.94043
1532260023345907 0.163574 0.103027 0.971191
1532260023381811 0.0581055 0.260254 0.974609
1532260023399763 0.0683594 0.276855 0.976074
1532260023437661 0.0322266 0.202637 0.937012
1532260023488525 0.20752 0.134766 0.928711
1532260023503485 0.304688 0.09375 0.854492
1532260023562328 0.257813 -0.0151367 0.88623
1532260023630146 0.0849609 -0.012207 0.96582
1532260023659069 0.0463867 0.03125 0.979004
1532260023690984 -0.0493164 0.0649414 0.980957
1532260023753816 -0.0161133 0.0224609 1.08643
1532260023765784 -0.0131836 0.0146484 1.09521
1532260023827626 -0.120605 0.128906 1.12061
1532260023876488 -0.133301 0.00878906 1.13379
1532260023899434 -0.112793 -0.00878906 1.1377
1532260023946301 -0.115723 -0.027832 1.09814
1532260023959266 -0.13623 -0.0541992 1.08936
1532260023983202 -0.168945 -0.0957031 1.06299
1532260023997165 -0.205566 -0.122559 1.04053
1532260024045037 -0.317871 -0.0830078 0.979004
1532260024063986 -0.359375 -0.0605469 0.890137
1532260024101885 -0.422852 0.0336914 0.837402
1532260024116845 -0.410156 -0.00341797 0.825684
1532260024177682 -0.433105 -0.0410156 0.775879
1532260024221565 -0.513672 -0.00634766 0.740234
1532260024290384 -0.555176 0.00634766 0.773926
1532260024328280 -0.532227 -0.00488281 0.790527
1532260024432999 -0.446289 -0.0537109 0.901367
1532260024473890 -0.394043 -0.059082 0.966797
1532260024547693 0.0581055 -0.54834 0.805664
1532260024584594 0.276855 -0.794922 1.04004
1532260024599554 0.183594 -0.394531 1.02637
1532260024619501 -0.0136719 -0.19873 0.99707
1532260024674355 -0.117188 -0.219727 0.979004
1532260024709261 -0.10791 -0.448242 1.02148
1532260024727213 -0.112305 -0.359863 0.998047
1532260024747159 -0.132324 -0.285645 0.984375
1532260024780071 -0.10498 -0.285645 0.980469
1532260024807997 -0.0947266 -0.331055 1.00439
1532260024839911 -0.111816 -0.384766 1.05371
1532260024868834 -0.144531 -0.390625 1.10059
1532260024881799 -0.166992 -0.40625 1.09717
1532260024905735 -0.19873 -0.362305 1.12109
1532260024926679 -0.253418 -0.339355 1.13916
1532260024952610 -0.338867 -0.344727 1.146
1532260024959591 -0.388672 -0.388184 1.13818
1532260025001479 -0.523438 -0.20166 1.10938
1532260025033394 -0.597168 -0.0517578 1.06836
1532260025047357 -0.537109 0.0732422 1.13818
1532260025122157 -0.659668 0.347656 0.987305
1532260025153074 -0.671387 0.232422 0.822754
1532260025229868 -0.5625 0.296875 0.480469
1532260025295692 -0.453125 0.28418 0.226074
1532260025431335 -0.630371 0.518066 0.164063
1532260025618830 -0.882813 0.64209 0.0981445
1532260025733522 -1.18359 0.652832 0.501953
1532260025761447 -1.17578 0.566406 0.967773
1532260025867164 0.266602 0 0.941406
1532260025926007 0.557129 0.188965 0.75
1532260025962908 0.354492 0.173828 0.620605
1532260026077605 0.0756836 0.373047 0.751953
1532260026123479 -0.0600586 0.404785 0.861328
1532260026361859 -0.0571289 0.416992 0.939453
1532260026397746 0.126465 0.393066 0.914551
1532260026422688 0.339355 0.482422 0.891602
1532260026443623 0.638184 0.714844 0.745605
1532260026489517 0.771973 0.73877 0.59668
1532260026543356 0.733398 0.833008 0.666504
1532260026564300 0.588867 0.84375 0.69873
1532260026609180 0.179199 0.949219 0.750488
1532260026645084 -0.0722656 0.893066 0.620117
1532260026691959 -0.344727 1.02881 0.4375
1532260026704925 -0.464355 0.92041 0.490723
1532260026721879 -0.439453 0.720703 0.508301
1532260026751799 -0.41748 0.657227 0.544922
1532260026764764 -0.327637 0.695801 0.604492
1532260026824604 0.328125 0.649414 0.729492
1532260026841558 0.67627 0.711426 0.650391
1532260026871489 0.904297 0.791992 0.531738
1532260026902396 1.0127 0.864258 0.381836
1532260026924337 0.830566 0.958008 0.212402
1532260026969217 0.656738 0.549316 0.411621
1532260027005128 0.749023 0.531738 0.728027
1532260027044017 0.839844 0.652832 0.745605
1532260027064961 0.74707 0.775879 0.739258
1532260027081916 0.566406 0.842285 0.736328
1532260027124801 -0.0473633 1.00146 0.785645
1532260027140758 -0.284668 0.783691 0.690918
1532260027169681 -0.27832 0.858887 0.647461
1532260027224535 -0.713379 1.06982 0.427734
1532260027284375 -0.128418 0.672852 0.564941
1532260027305319 0.109863 0.616699 0.647461
1532260027366156 0.67041 0.729492 0.625488
1532260027381116 0.90918 0.683105 0.573242
1532260027448951 0.775391 0.374023 0.67041
1532260027507777 0.564453 0.496582 0.771973
1532260027583575 0.090332 0.709473 0.716309
1532260027666353 -0.555176 0.842773 0.536621
1532260027711242 -0.291992 1.24854 0.729492
1532260027726193 -0.520508 1.1001 0.668457
1532260027748134 -0.376465 0.878906 0.691406
1532260027787030 -0.15332 0.930664 0.724121
1532260027807974 -0.0708008 0.838379 0.73291
1532260027823932 0.152344 0.589844 0.792969
1532260027877800 0.436523 0.498047 0.743164
1532260027906711 0.674316 0.240723 0.717773
1532260027995473 0.195801 0.196289 0.854004
1532260028115153 0.326172 0.414551 1.09766
1532260028168012 0.70752 0.268066 0.892578
1532260028189953 0.71582 0.437012 0.807617
1532260028227852 0.589844 0.187012 0.687988
1532260028266748 0.451172 0.00732422 0.868164
1532260028309633 0.341309 0.00341797 0.899414
1532260028332571 0.357422 -0.124023 0.946777
1532260028356508 0.34668 -0.209473 1.00781
1532260028426321 0.321289 0.0415039 1.09229
1532260028469206 0.14502 0.0170898 1.12549
1532260028633766 0.0341797 0.162109 0.912109
1532260028669670 0.0341797 0.145508 0.886719
1532260028770413 0.116699 0.322266 0.849121
1532260028889084 0.441406 0.564941 0.835449
1532260028912038 0.490234 0.535645 0.819336
1532260028962886 0.468262 0.444336 0.797363
1532260028988817 0.498047 0.381836 0.839355
1532260029037686 0.367188 0.304199 0.833008
1532260029068603 0.32373 0.309082 0.983887
1532260029113490 0.394531 0.370605 0.77002
1532260029166342 0.423828 0.517578 0.987793

1532260029190278 -0.178711 0.221191 0.726563
1532260029234160 0.112305 -0.0239258 0.865723
1532260029272060 0.0908203 0.200195 0.904297
1532260029308976 0.148926 0.346191 0.863281
1532260029331910 0.181152 0.320313 0.85498
1532260029352844 0.382324 0.369629 1.39746
1532260029391739 -0.288574 0.480469 1.04883
1532260029412683 -0.0751953 0.522461 1.03174
1532260029428641 0.181152 0.0620117 1.03271
1532260029472523 0.154785 0.205078 0.973633
1532260029511433 0.0751953 0.22998 0.943848
1532260029549320 0.112793 0.143555 0.986816
1532260029600183 0.0610352 0.165039 0.970703
1532260029609161 0.0893555 0.13623 0.998047
1532260029654045 0.0737305 0.166016 1.00439
1532260029691937 0.074707 0.172363 0.976563
1532260029751776 0.0668945 0.160156 0.98584
1532260029779702 0.0693359 0.169434 0.990234
1532260029788678 0.0541992 0.177246 0.99707
1532260029832560 0.0610352 0.171387 0.998047
1532260029887450 0.074707 0.168457 0.99707
1532260029914342 0.0913086 0.192383 0.99707
1532260029937281 0.0581055 0.238281 0.593262
1532260029960219 0.214355 0.200195 0.713379
1532260029997178 0.439453 0.288574 1.91113
1532260030087936 0.171387 0.36084 0.758301
1532260030148773 0.103516 0.245605 1.00928
1532260030199637 0.204102 0.180176 0.924805
1532260030236539 0.693359 0.468262 1.64404
1532260030292389 0.365234 0.0546875 0.904297
1532260030375168 0.185059 0.0512695 0.858398
1532260030425034 0.113281 -0.0102539 0.96875
1532260030476895 -0.0166016 -0.00830078 0.915039
1532260030536736 0.0390625 -0.111816 1.0791
1532260030656416 -0.0366211 -0.122559 1.104
1532260030688330 -0.0473633 -0.112305 1.13281
1532260030726228 -0.108887 0.000488281 1.12354
1532260030839925 -0.0922852 -0.306641 0.999023
1532260030896773 -0.296875 -0.284668 0.939941
1532260030935669 -0.291016 -0.203613 0.867676
1532260030979551 -0.34375 -0.28418 0.857422
1532260031001493 -0.344238 -0.333496 0.850586
1532260031197967 -0.572754 -0.202637 0.76123
1532260031266783 -0.414063 -0.148926 0.875
1532260031311664 -0.204102 -0.179199 0.97998
1532260031332607 -0.138184 -0.250977 1.00049
1532260031358538 0.0288086 -0.277832 0.964844
1532260031410400 0.165527 -0.364746 0.820801
1532260031487195 0.214355 -0.755859 1.02539
1532260031564987 -0.177734 -0.39209 0.91748
1532260031578949 -0.132813 -0.366699 0.897461
1532260031634799 -0.114746 -0.400391 0.896484
1532260031687664 -0.169434 -0.457031 0.910156
1532260031762458 -0.105469 -0.567383 1.00195
1532260031816314 -0.243652 -0.530762 1.13477
1532260031918042 -0.521973 -0.307617 1.15137
1532260032001817 -0.626953 -0.0566406 0.999512
1532260032243175 -1.22754 0.281738 -0.14502
1532260032279076 -0.941406 0.470215 0.0205078
1532260032398760 -0.711426 0.46875 0.142578
1532260032459594 -0.800293 0.547852 0.0737305
1532260032647101 -1.06836 0.555176 0.771484
1532260032780735 0.372559 0.115234 0.71875
1532260033007130 0.13623 0.411621 0.618652
1532260033089908 -0.0532227 0.380859 0.811035
1532260033118831 -0.409668 0.409668 1.04785
1532260033246490 -0.546387 0.64209 1.06006
1532260033277406 -0.464844 0.660645 1.05566
1532260033352207 -0.0112305 0.595215 0.923828
1532260033389108 0.377441 0.728027 0.90918
1532260033434986 0.587402 0.731934 0.869629
1532260033522751 0.380371 0.695801 0.686035
1532260033607524 -0.114746 0.921387 0.525879
1532260033681327 -0.0405273 0.681641 0.475586
1532260033762110 0.594238 0.664063 0.522461
1532260033778068 0.752441 0.650391 0.538086
1532260033802003 0.788086 0.704102 0.47998
1532260033837910 0.833008 0.668457 0.458008
1532260033906724 0.713379 0.537598 0.567871
1532260033942628 0.662598 0.506348 0.634277
1532260033966563 0.562988 0.425293 0.723145
1532260034041365 0.155273 1.104 0.730469
1532260034101203 0.173828 1.27979 0.375
1532260034145087 -0.0244141 1.13086 0.265625
1532260034169023 0.0908203 0.898926 0.29248
1532260034243838 0.374023 0.813965 0.413086
1532260034281721 0.440918 0.661133 0.443848
1532260034324606 0.708008 0.499512 0.489746
1532260034580921 0.059082 1.01514 0.558105
1532260034739498 -0.0307617 0.974121 0.606445
1532260034905069 0.61377 0.265137 0.575684
1532260035002793 0.0566406 0.582031 0.949219
1532260035225199 0.560059 0.166992 1.00244
1532260035271091 0.481445 0.140625 0.796875
1532260035406713 0.285645 -0.0644531 0.951172
1532260035487498 0.0317383 0.0888672 0.833496
1532260035647070 0.383301 0.427734 0.979004
1532260035690952 0.358398 0.418945 0.941406
1532260035716884 0.353516 0.497559 0.932617
1532260035766751 0.528809 0.57373 0.900391
1532260035834587 0.638672 0.350098 0.821289
1532260035894408 0.358398 0.292969 0.818848
1532260035946271 0.235352 0.272461 0.926758
1532260035976189 0.277344 0.23877 0.940918
1532260036006110 0.294434 0.291504 0.82666
1532260036052985 0.691895 0.366211 0.942871
