1532256321013050 -30.875 -24.1875 11.25
1532256321066907 -33.9375 -2.875 15.0625
1532256321081867 -43.875 14.9375 34.1875
1532256321106800 -55.625 37.0625 70.625
1532256321126747 -31.8125 38.1875 45.1875
1532256321157670 21.75 30.375 43.1875
1532256321208528 43.3125 15.3125 65.5625
1532256321237451 -54.5 -3.5625 72.625
1532256321259392 -41.375 -5.6875 75.125
1532256321304272 -24.8125 -28.375 65.75
1532256321343180 -45.5 -39.25 63.9375
1532256321424949 -65.0625 -81.3125 33.8125
1532256321484815 -41.6875 -81.0625 -4.75
1532256321544669 -37.625 -75.8125 -14.625
1532256321583565 -13.8125 -47.375 -16.1875
1532256321620466 -8.1875 -27.125 -23.9375
1532256321643421 -6.375 -2.875 -18.0625
1532256321664349 13.125 25.6875 0.5625
1532256321703245 16.625 50.8125 6
1532256321822925 38.9375 195.563 38.75
1532256321859826 72.375 210.688 33.3125
1532256321884760 67.875 212.813 12.3125
1532256321926647 77.625 202.813 -12.8125
1532256321994466 76.9375 144 -25.5
1532256322010423 66.25 121.5 -38.4375
1532256322040344 45.5625 64.4375 -58.4375
1532256322063282 27.375 28.5625 -59.8125
1532256322100191 8.0625 -33.875 -66
1532256322171000 2 -77.4375 -69.5
1532256322288702 -13.4375 -117.5 -123.625
1532256322325604 -23 -90.875 -96.1875
1532256322370483 5.25 -56.5625 -74.1875
1532256322490164 -5.4375 -48.4375 -39.25
1532256322603860 0.0625 1.25 9.3125
1532256322655720 2.8125 19.9375 13.6875
1532256322670684 8.6875 25.5625 22.9375
1532256322693620 17.1875 30.25 37.8125
1532256322790361 53.75 37.125 52
1532256322821278 63.5625 44.0625 66.0625
1532256322858180 24.6875 19.875 97.5625
1532256322879123 -0.5625 1.3125 109.813
1532256322911038 1.625 -32.625 95.125
1532256322931982 10.9375 -45.4375 99.6875
1532256322976862 0.25 -58.5 101.063
1532256322993822 -5.1875 -72.8125 94.6875
1532256323036702 -42.5625 -97.5 76.125
1532256323067620 -40.125 -97.5 86.3125
1532256323121482 -54.0625 -90.3125 61.8125
1532256323133443 -44.625 -86.875 69.4375
1532256323193283 -20.375 -88.75 44.75
1532256323216222 -28.625 -81.1875 34.875
1532256323254121 -24.375 -70.0625 19.375
1532256323299001 -4 -56.875 12.6875
1532256323335902 -2.125 -35.75 14.6875
1532256323374798 7.5625 -7.5 14.6875
1532256323418681 21.0625 19.9375 5.125
1532256323441619 25.6875 33.4375 2.8125
1532256323478521 30.3125 51.0625 -8.5625
1532256323576260 56.125 69.375 -49.625
1532256323599197 67.0625 63 -62.625
1532256323659039 79.125 47.6875 -106.313
1532256323673998 89.25 36.4375 -120.375
1532256323695940 89.6875 22.5625 -138.688
1532256323733849 70.375 -7.875 -151.125
1532256323793678 92.1875 -43.1875 -166.438
1532256323819608 76.6875 -59.6875 -168.5
1532256323876456 15.6875 -72.3125 -139.438
1532256323898398 16.125 -71.875 -128.25
1532256323936297 14.0625 -62.375 -105.625
1532256323977198 -6.125 -44.375 -64.25
1532256324019075 -16.25 -24.3125 -40.6875
1532256324138755 -18.6875 33.6875 26.625
1532256324198595 -31.375 56 58.3125
1532256324236494 -34.1875 64.25 82.75
1532256324258435 -65.4375 64.875 92.5
1532256324296333 -68.625 64.9375 105.063
1532256324336227 -13.875 74.3125 98.3125
1532256324397064 -24.8125 99.1875 118.438
1532256324460893 0.3125 97.875 79.3125
1532256324536691 15.875 44.625 47.5
1532256324591545 45.5625 -1.625 38.625
1532256324681305 28.375 -78.1875 1.4375
1532256324770067 -32.25 -120.375 -13.125
1532256324798989 -50.375 -70.5625 -8.625
1532256324820930 -43.4375 -56.25 -18
1532256324843869 -30.5625 -45.75 -11.875
1532256324865811 -24.375 -29.875 -1.9375
1532256324889746 -24.3125 -21.3125 3.875
1532256324944600 20.4375 -0.875 12.5
1532256324966541 13.375 -2.3125 7.125
1532256325012419 11.8125 0.3125 1.8125
1532256325034361 9.25 4.1875 0.5
1532256325056314 -41.6875 37.8125 -8.6875
1532256325101191 -54.5625 86.3125 -21.6875
1532256325145076 -101.375 128.188 -38.125
1532256325166009 -131.188 146.875 -46.1875
1532256325196925 -178 170.25 -69.9375
1532256325220877 -200.313 168.125 -79.8125
1532256325256765 -204.25 157.938 -81.375
1532256325286685 -173.625 132.625 -87.0625
1532256325296659 -161.313 124.563 -86.6875
1532256325324584 -155.125 112.063 -83.625
1532256325356498 -156.063 94.4375 -82.1875
1532256325378440 -163.188 80.3125 -93.4375
1532256325399384 -149.438 70.875 -93.6875
1532256325461231 -105.688 29.625 -117.563
1532256325514077 -108.5 17.875 -112.313
1532256325565938 -76.4375 -24.25 -122.313
1532256325618798 25.125 -51.5 -52.625
1532256325639741 -9.75 -42.6875 -33.8125
1532256325678637 -6.25 -9.375 -15.8125
1532256325708557 16.4375 2.9375 -8
1532256325721524 18.375 8.75 -0.0625
1532256325745459 14.875 10.3125 13.625
1532256325760419 13 10.9375 23
1532256325806296 29.5 15.1875 35.625
1532256325836216 35.5625 17.125 39.9375
1532256325858173 24.1875 15.5 46.125
1532256325879101 21.375 9.375 48.875
1532256325896055 29.625 -0.0625 51.5625
1532256325917997 38 -5.8125 52
1532256325940936 44.6875 -8.875 48.875
1532256325955896 47.875 -12.1875 43.5625
1532256326000776 60.125 -16.9375 37.375
1532256326053634 115.125 -15.25 18.375
1532256326098514 137.438 -18.9375 17
1532256326143394 194 -96.6875 20.4375
1532256326179298 177.625 -113.938 15.0625
1532256326203249 168.813 -117.563 11.6875
1532256326255107 76 -102.188 -0.875
1532256326300973 51.9375 -91.3125 -9.0625
1532256326314936 40.6875 -70.125 -4.75
1532256326337874 35.375 -62.125 -1.125
1532256326360815 22.875 -60.75 1.1875
1532256326405696 29.5625 -45.375 -4.25
1532256326428632 37.875 -36.75 -2.5
1532256326480493 5.875 -23 2.25
1532256326501437 7.3125 -16.6875 0
1532256326556290 7.0625 -8.1875 1.4375
1532256326624109 -16.1875 1.625 6.3125
1532256326644055 13.375 2.625 7

1532256326720865 15 23.1875 9.6875
1532256326758749 7.375 44.0625 -6.6875
1532256326780716 -54.0625 20.3125 15.6875
1532256326818614 -16.4375 -31.0625 12.875
1532256326840556 16.4375 -44.6875 17.375
1532256326878455 48.125 -4.875 -2.875
1532256326908374 30.3125 29.4375 -0.5
1532256326989159 25.5 -5.5 7.875
1532256327021073 7.0625 -1.9375 -1.3125
1532256327042017 -2.5625 0 -2.875
1532256327080913 3.875 1.0625 -1.5
1532256327101857 4.25 0.0625 -1.125
1532256327118812 4.0625 2.1875 -2.875
1532256327148732 -4.125 1.875 -1.5625
1532256327221537 -1.625 -1.4375 -0.125
1532256327237494 4.6875 1.875 -1.25
1532256327260432 3.1875 -0.25 -1.6875
1532256327297334 11.3125 -1.4375 -6.0625
1532256327343224 29.5625 3 -6.8125
1532256327425990 12.5 -7.1875 -4.5625
1532256327434967 -12.375 -4.3125 5
1532256327478850 -56.8125 -0.75 22.5625
1532256327515752 -24.1875 16.8125 43.4375
1532256327536694 4.0625 42.5 47.0625
1532256327552652 17.6875 48.0625 51.5625
1532256327596534 -21.9375 68.0625 70.125
1532256327679313 13.0625 32.25 88.375
1532256327697266 28.6875 30.25 72.875
1532256327717211 -14.1875 1.625 77.625
1532256327777052 -19.8125 -39.5625 60.1875
1532256327815948 -47.8125 -57.8125 48.75
1532256327853847 -50 -90.8125 12.6875
1532256327898727 -63.25 -97.5 -6.3125
1532256327935629 -54.875 -82.125 -33.9375
1532256328002449 -32.1875 -54.25 -16.3125
1532256328153046 -13.875 12.8125 -14.5625
1532256328212886 -23.875 -0.0625 -1.8125
1532256328272726 21.5625 1.875 0.6875
1532256328316608 15.1875 9.0625 0.1875
1532256328407366 12.75 57.6875 10.5
1532256328468208 19.75 119.25 23.3125
1532256328565942 37 188.563 31.5625
1532256328610831 68.9375 192.375 24.25
1532256328631766 72.9375 186.813 15.5
1532256328708561 58.75 139.063 -16.5625
1532256328792337 31.0625 35.1875 -46.3125
1532256328881099 16.375 13.5 -49.25
1532256328906033 -4.75 -58 -63
1532256328926976 3.25 -90.0625 -72.4375
1532256328968866 27.25 -113.5 -68.5625
1532256329015744 -42.875 -127.125 -51.4375
1532256329069596 -40.8125 -120.938 -62.9375
1532256329106497 27.5 -86.5625 -60.4375
1532256329143398 3.9375 -58.0625 -47.6875
1532256329165339 -15.25 -28.6875 -26.5625
1532256329196257 -19.0625 -18.25 -15.375
1532256329226176 -15.0625 -5.9375 3.875
1532256329269062 14.75 -1.75 5.375
1532256329313942 0.5 4.0625 0.4375
1532256329345857 -8.125 4.375 4.5
1532256329385750 -1.6875 5.4375 4.0625
1532256329421654 2.4375 7.125 2.625
1532256329445590 -6.1875 10.5 9.5625
1532256329465537 -0.5625 14.6875 21.6875
1532256329525377 23.6875 23.25 28.6875
1532256329548327 27.125 25.75 33.3125
1532256329629099 30.25 27.125 39.0625
1532256329656027 28.8125 30.125 42.1875
1532256329668993 19.9375 26.125 67.375
1532256329704896 9.625 11.875 68.75
1532256329771717 29.9375 -44.75 80.8125
1532256329831558 -17.75 -78.5625 81.0625
1532256329876438 -28.3125 -103.063 85.8125
1532256329894390 -36.9375 -111.063 81.75
1532256329939270 -40.9375 -124.063 75.5
1532256329975173 -50.0625 -115.688 59.6875
1532256329996118 -60.4375 -111.125 47.9375
1532256330034016 -56.625 -91.875 40.8125
1532256330055958 -42.75 -82.875 29.875
1532256330093856 -36.25 -63.5625 2.4375
1532256330115797 -40.9375 -52.125 5.3125
1532256330155691 -30.875 -34.1875 -1
1532256330177641 -17.75 -26.0625 -6.25
1532256330198576 -8.5625 -19.5 -6.1875
1532256330221516 -7.9375 -14.875 -1.1875
1532256330251435 3 -3.625 2.1875
1532256330273376 14.5625 2.25 1.25
1532256330312272 18.1875 17.75 3.375
1532256330358150 28.5625 36.0625 -2.125
1532256330371115 34.4375 53.625 -5.875
1532256330415995 51.1875 77.5 -20.5625
1532256330520714 74.8125 111.063 -44.0625
1532256330596512 104.063 83.375 -93.125
1532256330611471 118.875 72.5625 -109.813
1532256330693253 93.8125 3.75 -138.625
1532256330724171 80.125 -10.5625 -138.875
1532256330776032 50.0625 -43.4375 -122.438
1532256330813931 21.5 -57 -109.063
1532256330835872 11.1875 -62.25 -100.5
1532256330852827 2.25 -67.6875 -87.4375
1532256330880753 -8.75 -72.1875 -76.875
1532256330933611 -27.4375 -63.1875 -49.4375
1532256330956549 -19.3125 -53.3125 -36.6875
1532256331040325 -21.8125 -3.8125 -9.0625
1532256331061269 -12.5625 35.25 7.4375
1532256331084212 -12.0625 50.5 17.0625
1532256331114128 -13.375 69.6875 32.9375
1532256331173968 -16.625 70.375 58.1875
1532256331233808 -11.5625 54.3125 73.75
1532256331296640 -36 31.9375 92.9375
1532256331377423 -3.3125 36.4375 86.1875
1532256331496106 -15.0625 15.1875 86.25
1532256331579893 33.375 -12.125 68.625
1532256331617781 12.875 -21.1875 60.625
1532256331677621 7.375 -52.4375 4.75
1532256331715520 3.125 -63.3125 -12.9375
1532256331736463 3.5625 -64.125 -10.875
1532256331782340 -13.9375 -76.25 -23.9375
1532256331813258 -18.6875 -72.5625 -24.6875
1532256331818250 -18.0625 -68.625 -15.125
1532256331835200 -16.5 -68.125 -9.1875
1532256331866118 -20.4375 -60.6875 -11.625
1532256331912005 -17.125 -44.25 0.375
1532256331933935 -11.8125 -36.4375 4.0625
1532256331954881 -4.875 -18.4375 3.125
1532256331976821 2.3125 -10.125 5.0625
1532256332015724 10.1875 11.4375 4.8125
1532256332036661 -4.9375 23.3125 -0.125
1532256332060597 -19.25 40.25 -10.375
1532256332104480 -36.4375 79.25 -30.0625
1532256332135398 -79.375 105.875 -43.375
1532256332195237 -100.688 117.688 -49.125
1532256332218175 -127.5 133.063 -67.75
1532256332256074 -141.25 120.563 -65.4375
1532256332277018 -137.438 109.188 -63.8125
1532256332315914 -113.5 86.0625 -66.8125
1532256332336859 -113.188 68.75 -61.1875
1532256332443572 -133.938 51.3125 -60.4375
1532256332465514 -119.438 39.6875 -64.4375
1532256332503413 -104.875 31.5625 -71
1532256332577215 -98.125 -23.125 -86.0625
1532256332616112 -79.125 -33.9375 -75.625
1532256332637056 -49.25 -44.375 -71.625
1532256332653026 -8.6875 -51.875 -66.4375
1532256332705872 19 -56.4375 -48.5
1532256332735792 -25.5 -42.5 -35.625
1532256332756735 -27.75 -31.6875 -29.8125
1532256332772693 -15.1875 -18.0625 -25.0625
1532256332816575 1.6875 -2.625 -12.8125
1532256332855471 -3.25 6.9375 3.1875
1532256332876415 5.5625 9.25 10.3125
1532256332892381 16.875 10.0625 15.3125
1532256332916308 28.125 10.625 20.625
1532256332938250 31.75 13 25.5
1532256332953210 33.6875 13.6875 27.6875
1532256332983130 43.6875 12.5625 29.125
1532256332998090 58.875 12.3125 28.125
1532256333057930 89.4375 12.75 29.5
1532256333118768 131.75 -1 42.0625
1532256333155675 136 -31.625 36.3125
1532256333185600 141.438 -49.6875 36
1532256333215525 173.125 -80.9375 31.8125
1532256333238447 186.063 -81.75 26.9375
1532256333275348 164.375 -97.1875 27.6875
1532256333321226 105.75 -99.25 13.4375
1532256333358128 73.125 -86.1875 -4.0625
1532256333379071 68.5 -71.6875 -11.5625
1532256333396026 54.875 -61.8125 -14.375
1532256333417968 34.6875 -55.125 -15.9375
1532256333446890 14.1875 -48.3125 -14.4375
1532256333483791 17.3125 -38.375 -13.375
1532256333515706 28.625 -30.9375 -11.625
1532256333538645 14.6875 -24.1875 -10.3125
1532256333598484 8 3.5625 0.125
1532256333628418 7.375 7.25 0.5
1532256333695225 39.75 25.6875 -3.875
1532256333724149 62.6875 37.4375 -1.9375
1532256333801952 -8.25 35.1875 -9.4375

1532256333822884 -42.625 0 6.0625
1532256333837845 -4.875 5.5 3.375
1532256333860783 3.0625 2.4375 10.3125
1532256333904665 14.375 0.5625 4.9375
1532256333920623 13.8125 -5.8125 6.5
1532256333980463 8.5625 -1.9375 7.6875
1532256334002405 13.9375 -1.875 2.8125
1532256334025343 7.875 -2.3125 0.25
1532256334116101 4.5625 -1.9375 -1.5625
1532256334141034 8 -0.125 -3.125
1532256334160992 -0.0625 1.625 -5.5
1532256334197882 -7.375 1.5 -5.8125
1532256334234783 -3 -0.1875 -6.6875
1532256334303599 -5.0625 0.5 -4.625
1532256334371418 -4.0625 0.375 -4.9375
1532256334379397 -3.0625 -1.25 -6.3125
1532256334408319 -5.25 -1.8125 -5.9375
1532256334438239 -5 -2.875 -5.6875
1532256334528001 -3.5 -4.0625 -3.625
1532256334541962 -3.5625 -3.4375 -2.8125
1532256334601841 1.5 -2 -0.4375
1532256334670657 -0.1875 -0.625 -0.5625
1532256334721521 7.5 -0.8125 -0.3125
1532256334738476 -7.0625 -0.75 1
1532256334978836 1 -2.5 -3.125
1532256335112478 -16.25 16.0625 12.625
1532256335181303 -10.5 38.125 46.375
1532256335224178 -3.6875 44.9375 58
1532256335248114 -13.3125 48.9375 48.9375
1532256335286012 -22 46.6875 58.3125
1532256335322914 -60.375 36.1875 51.5625
1532256335344855 -79.75 30.1875 47.5625
1532256335360812 -64.3125 18.75 44.125
1532256335389735 -35 0.5 40.375
1532256335404695 -16.5625 -23.6875 29.625
1532256335443590 -49.5 -64.125 16.625
1532256335481489 -76.625 -86.0625 12.25
1532256335524390 -58.125 -129.5 -14.125
1532256335584215 14.6875 -104.313 -7.9375
1532256335600184 -17.4375 -91.625 -15.625
1532256335803628 -19.25 7.125 -2.9375
1532256335923308 -24.5625 60.5625 33.8125
1532256335983148 8.4375 134.563 67.25
1532256336028027 16.5 169.125 75
1532256336095846 74.1875 190.813 61.9375
1532256336118785 74.875 187.438 47
1532256336133745 75.75 180.313 32.3125
1532256336163665 86.0625 149.75 10.5
1532256336223505 59.8125 63.125 -36.625
1532256336311270 50.8125 32.5625 -44.5
1532256336387068 37.625 2.0625 -50.1875
1532256336412000 1.25 -140.938 -79.3125
1532256336447905 77.25 -136.313 -60.0625
1532256336468850 29.375 -129.063 -56.5
1532256336492785 30.9375 -122.125 -33.125
1532256336531681 37.8125 -92.1875 -25.8125
1532256336575564 55.875 -47.625 -18.8125
1532256336613462 -43.75 -21.25 6.125
1532256336653355 -60.0625 -5.5625 16.1875
1532256336708209 2.875 -5.0625 7.3125
1532256336790988 -15.875 18.875 5.8125
1532256336838872 -9.5 42.1875 17.3125
1532256336906678 30 73.75 49
1532256336927622 45.3125 84.9375 50.25
1532256336993445 49.3125 67.1875 75.375
1532256337038326 -9.75 40.75 72.4375
1532256337132075 -3.6875 -37.125 73.1875
1532256337159003 10.5625 -53.125 63
1532256337188923 -16.0625 -80.8125 62
1532256337210865 -18.9375 -89.875 58.3125
1532256337248763 -46.375 -97.25 49.5
1532256337270704 -55.875 -101.563 35
1532256337293644 -63.4375 -104.313 32.125
1532256337331541 -61.9375 -99.75 32.3125
1532256337353484 -56.0625 -95.9375 22
1532256337413323 -27.25 -93.25 14.5625
1532256337430278 -27.375 -94.1875 12.125
1532256337511061 -16.75 -48 4.375
1532256337551952 5.875 -24.5 -2.3125
1532256337570902 11.125 -11.5625 2
1532256337633734 30.625 32.125 -2.6875
1532256337656673 31.5 47 -5.5
1532256337694572 32.875 79.0625 -14.9375
1532256337791312 83.375 117.813 -72.25
1532256337811259 100.875 113.688 -89.9375
1532256337834216 117.375 102.813 -112.063
1532256337871099 133.5 79.6875 -140.875
1532256337912001 105.063 50.875 -147.875
1532256337953877 114.75 13.875 -143.75
1532256337993771 86.0625 -11.875 -130.063
1532256338023691 77 -23.6875 -122
1532256338058598 70.0625 -42.5625 -129
1532256338073558 58.3125 -51.1875 -117.625
1532256338091516 38.0625 -56.0625 -104.188
1532256338111456 31.6875 -61 -96.75
1532256338133398 29.75 -68.125 -93.125
1532256338171296 -8.25 -70.25 -69.0625
1532256338193238 -26.875 -67.5 -58.4375
1532256338231137 -20.375 -66.6875 -40.5
1532256338255077 -21.75 -62.125 -29.75
1532256338331867 -19.875 -9.8125 12.5625
1532256338412651 -15.9375 51.5625 23.1875
1532256338493435 -14.875 73.0625 44.375
1532256338532331 -10.0625 71.5 53.9375
1532256338593184 -25.875 66 73.125
1532256338616107 -29.6875 59 75.1875
1532256338631067 -34.5 52.625 75.9375
1532256338673952 -35.0625 47.375 85.1875
1532256338713858 -69.5 32.6875 83.9375
1532256338734789 -73.5625 36.5625 84.0625
1532256338854470 -93.625 15.375 69.5
1532256338953206 -52.0625 -0.3125 46.8125
1532256339072885 -15.8125 -80.6875 44.3125
1532256339110784 -24.3125 -91.0625 61.1875
1532256339176608 -5.4375 -89.9375 20.625
1532256339193563 13.25 -77.8125 23.6875
1532256339214522 -0.5625 -69.8125 23.375
1532256339253402 -46 -49.9375 -5
1532256339274347 -46.875 -22.875 -10.9375
1532256339291302 -37.375 16.0625 -9.1875
1532256339313242 -17.9375 44.625 -3.9375
1532256339350144 17.875 81.5625 -10.1875
1532256339394027 38.875 88.625 -24.6875
1532256339409984 40.5625 88.0625 -31.8125
1532256339432923 41.75 85.1875 -38.375
1532256339469824 60.6875 78.75 -50
1532256339493761 62.5 58.5625 -52.75
1532256339514704 55.5625 34.625 -57.5625
1532256339553600 43.75 -6.5 -53.5
1532256339576539 41.25 -21.75 -46.625
1532256339598480 41.125 -35.625 -42.4375
1532256339651339 39.8125 -48.625 -36.6875
1532256339679264 38.125 -66.875 -6.6875
1532256339710181 39.875 -63.25 -5.6875
1532256339733127 38.4375 -50.375 -4.875
1532256339777003 12.8125 -31.125 -0.25
1532256339815914 -6.1875 -18.625 -1.75
1532256339875739 -16.6875 22.5625 0.625
1532256339898678 -20.5 39.1875 -3.4375
1532256339958517 -58.6875 72.625 -12.6875
1532256339967494 -70.875 91.9375 -14.9375
1532256340017360 -119.25 133.5 -35.5
1532256340033317 -126.313 139.688 -36.25
1532256340063237 -133.438 140.938 -44.25
1532256340084181 -143.625 143.063 -49.875
1532256340139035 -124.813 127.563 -54.25
1532256340205856 -109.75 118.875 -61.0625
1532256340234779 -84.25 79.3125 -76.5
1532256340264698 -92.4375 68.375 -89.375
1532256340316560 -54.9375 31.1875 -107.875
1532256340377400 -52.625 -5.1875 -114.813
1532256340421280 -56.125 -29.1875 -106.375
1532256340452197 -45.0625 -37.5625 -104
1532256340477136 -35.6875 -42.625 -95.625
1532256340498074 -25.625 -49.5 -83.6875
1532256340519018 -1.9375 -61.4375 -62.25
1532256340535973 -3.25 -56.8125 -52.9375
1532256340557927 -14.125 -49.5 -40.5625
1532256340595834 -16.4375 -24.125 -18.875
1532256340618752 -15.5 -11.5625 -12.25
1532256340663632 -2.0625 -0.1875 3.5625
1532256340685573 1.4375 8.375 10.6875
1532256340738443 -0.25 15.125 18.75
1532256340759376 11.5 13.4375 16.75
1532256340805253 16.4375 10.5625 15
1532256340836170 12.875 -0.8125 14.6875
1532256340887034 26.1875 -7.375 8.6875
1532256340918949 -14.6875 -8.875 8
1532256340985771 31.3125 -18.625 4.3125
1532256341068549 84.375 -26 6.5
1532256341098468 141.188 -56.5625 30.1875
1532256341135370 197.313 -81.5625 31.5625
1532256341158320 210.75 -101.125 44.75
1532256341196208 198.25 -100.5 42.125
1532256341218149 154.375 -98.5625 49.4375
1532256341255070 122.313 -78.0625 31.4375
1532256341285967 127.125 -67.625 15.75
1532256341338826 42.9375 -57.3125 16.6875
1532256341374741 10.0625 -48.6875 4.6875
1532256341398666 24.4375 -37.1875 -6.25
1532256341435568 27.125 -22.5625 4.125
1532256341480447 -4.3125 -8 -0.5
1532256341518362 27.5 -2.6875 3.1875
1532256341609109 54.25 23.5 -7.4375
1532256341639023 56.375 19.9375 10.3125

1532256341720822 38.9375 22.75 -14.5
1532256341794612 -37.5 -6.125 -3.9375
1532256341863429 -21.5 -9.0625 0.25
1532256341884386 3.875 -7.25 -1.1875
1532256341907347 3.1875 -3.5 -0.9375
1532256341961203 -3.0625 -0.125 -1
1532256341982146 -2.5 -0.3125 -1.75
1532256342042012 1.1875 0.1875 -1.125
1532256342094876 -0.875 1.375 -3.5
1532256342118811 -4.3125 0.375 -3.0625
1532256342163692 -2.875 -0.375 -3
1532256342178651 -6.4375 0.0625 -3.125
1532256342221537 -6.375 1 -2.75
1532256342245484 -5.9375 0.625 -2.3125
1532256342298362 -5.4375 0.375 -1
1532256342343241 3.5 -1.9375 1.25
1532256342403083 2.4375 -0.75 2.0625
1532256342529743 1.625 4 3.625
1532256342621498 25.625 4.1875 -2.1875
1532256342727216 -0.9375 2.375 -6.4375
1532256342822959 -73.3125 -9.3125 18.3125
1532256342844901 -56.8125 11.25 8.625
1532256342911722 3.6875 21.5625 65.375
1532256342971562 4.875 49.5625 77.75
1532256343034404 5.5625 -7.0625 121.188
1532256343068303 -8.75 -47.5 86.4375
1532256343106201 -9.6875 -87.8125 67.375
1532256343151082 -37.125 -116.188 36.4375
1532256343219899 -80.5 -109.75 -20.5625
1532256343368501 -3 33.375 -20.125
1532256343428355 -45.4375 3.8125 2.0625
1532256343451279 -25.6875 -1.0625 10.6875
1532256343469241 -0.0625 1.375 22.4375
1532256343528074 0.4375 52.5 26.375
1532256343578937 -29.25 111.688 38.0625
1532256343588910 -16.0625 143.125 45.9375
1532256343608857 7.5625 164.938 62.125
1532256343648751 1 202.563 68.5625
1532256343691636 38.3125 211.5 71.125
1532256343736516 70.5 201.375 42.9375
1532256343805340 71.6875 143.938 3.875
1532256343874149 68.5 84 -21.0625
1532256343933989 -8.1875 -50.4375 -45.8125
1532256343971887 23.8125 -78.3125 -61.25
1532256344008788 44.4375 -90.75 -60.9375
1532256344159386 48.125 -109.75 -57.875
1532256344189306 20.0625 -57.125 -57.25
1532256344208255 11.25 -35 -32.3125
1532256344231193 -15.9375 -27.4375 -22.75
1532256344249146 -24.5625 -15 -16.6875
1532256344269092 -18.6875 -6.5625 -11.375
1532256344324943 -9.8125 -1.0625 -9.3125
1532256344358852 1.1875 -1.75 -5.5625
1532256344437650 11.3125 8.3125 -5.875
1532256344465566 1.25 9.5625 -5.4375
1532256344508452 -5.875 8.375 -3.5625
1532256344601204 5.4375 7.3125 -3.5625
1532256344644089 7.1875 7.125 8.25
1532256344713902 17.75 7.5 16.5
1532256344735844 39.25 18.9375 47.1875
1532256344770750 49.1875 21.875 77.625
1532256344788703 40.25 17.5625 80.6875
1532256344808649 28.375 8.875 84.3125
1532256344838569 7.1875 -4.6875 85.8125
1532256344924340 -5.75 -61.625 82.3125
1532256344954260 1.6875 -69.875 71.5
1532256344990164 -38.5625 -87.3125 57.75
1532256345029059 -35.0625 -93.9375 63.75
1532256345050004 -40.75 -92.375 57.75
1532256345070948 -42.8125 -92.5625 39.5
1532256345109848 -45.1875 -82.5 33.375
1532256345130788 -39 -74.875 24.125
1532256345148739 -38.5625 -67.1875 12.3125
1532256345230534 -33.8125 -49.6875 5.8125
1532256345251465 -21.4375 -45.0625 4.75
1532256345290361 -16.1875 -37.625 6.5
1532256345312302 -14.5 -32.5 2.4375
1532256345351199 -9.625 -18.8125 3.125
1532256345388100 6 -5.125 2
1532256345411039 9.125 5.375 0.6875
1532256345470878 18.75 34.9375 -2.625
1532256345493817 24.5625 44.6875 -7.6875
1532256345559641 38.375 79.125 -18
1532256345590558 48.8125 98.0625 -39.875
1532256345650399 92 108.25 -88.9375
1532256345711236 106.938 74.9375 -120.938
1532256345830916 79.375 -18.6875 -108
1532256345851859 70.9375 -24.8125 -106.625
1532256345928654 16.9375 -37.125 -71.875
1532256345950600 3.625 -34.25 -65.8125
1532256346017418 -18.8125 -21.0625 -48.5625
1532256346092217 -13.8125 -6 -17
1532256346190970 -3 3.8125 16.3125
1532256346310633 -15.6875 26.1875 29.25
1532256346365486 -16.9375 32 36.25
1532256346414355 -0.1875 58.375 69.1875
1532256346461237 -27.375 77.625 62.375
1532256346596874 -15.0625 81.5625 68.75
1532256346633775 -10.4375 66.375 76.875
1532256346639759 15.75 38.875 63.1875
1532256346760436 -15.5 -80.3125 27.9375
1532256346813295 -9.3125 -108.625 13.25
1532256346836234 -13.25 -104.563 7
1532256346858174 -28 -106.438 5.25
1532256346902057 -34.375 -99.25 8.125
1532256346993824 13.6875 -12.3125 4.375
1532256347055647 -15.6875 -16.5 -5.125
1532256347090553 -6.875 -15.5 -1.75
1532256347135433 -7.125 -13.5625 -7.5
1532256347180313 -13.3125 2 -0.4375
1532256347243145 2.625 44.0625 -8.25
1532256347293026 -49.375 115.063 -27.625
1532256347336895 -82.6875 147.5 -39.5625
1532256347375791 -120.438 167.125 -64.125
1532256347421668 -137.125 169.875 -69.375
1532256347444607 -152.188 156.875 -86.4375
1532256347498467 -157.813 144.625 -91.6875
1532256347616148 -112.438 14.3125 -115.813
1532256347682969 -93 -31.5625 -110
1532256347780708 -10.375 -65.875 -79.875
1532256347824590 -17.1875 -48.5 -49.9375
1532256347840547 -17.0625 -39.0625 -37.75
1532256347876452 -2.1875 -12.25 -22.375
1532256347915347 12.6875 -0.875 -0.6875
1532256347959230 15.6875 4.625 7.8125
1532256347992142 12.375 9.8125 13.5
1532256348042008 11.875 14 20.1875
1532256348058963 9.6875 17.1875 25.875
1532256348095865 18.9375 11.0625 27.25
1532256348125785 30.6875 2.9375 23.9375
1532256348178644 89.4375 -35.8125 -1.4375
1532256348200585 85.625 -35.625 -2.4375
1532256348244467 91.25 -28 15.5
1532256348266409 103.063 -29.6875 15.25
1532256348314294 130.875 -37.375 18.75
1532256348336239 189.188 -115.063 52.5
1532256348358163 158.688 -120.938 38.4375
1532256348402046 137.063 -101.625 12.5625
1532256348418005 106 -92.625 13.0625
1532256348439945 73.9375 -82.9375 16.5625
1532256348478841 47.8125 -60.8125 1.6875
1532256348529705 39.5625 -54.1875 1.875
1532256348546659 41 -48.1875 4.5625
1532256348560635 24.6875 -33.9375 -0.5
1532256348598521 15.375 -20 2.75
1532256348626446 12.125 -16.8125 4.5625
1532256348658376 0.375 -2 4
1532256348679305 7.1875 6.3125 5.0625
1532256348739145 15.9375 13.6875 10.3125
1532256348778040 50.125 28.5 -4.375
1532256348798985 23.9375 15.0625 3.75
1532256348837880 15.0625 31.3125 0.125

1532256348905700 -0.875 -0.25 5.6875
1532256348919662 23.6875 1.625 -0.9375
1532256348958558 23.125 -8.125 1.375
1532256349123371 19.5625 -0.5625 4.3125
1532256349198162 -8.75 -2.6875 -1.8125
1532256349318838 -3.375 2.625 -1.25
1532256349392640 -8.625 4 1.0625
1532256349407601 -2.5625 3.125 1.9375
1532256349498358 1.25 0.875 2.4375
1532256349521297 1.375 0.625 1.3125
1532256349589115 -2.4375 0.0625 -0.4375
1532256349609063 0.0625 -0.125 -0.6875
1532256349788582 0.0625 0.8125 -0.5625
1532256349904273 -0.6875 -0.9375 0.1875
1532256349964126 19.25 4.375 -3.5625
1532256350065854 -29.9375 -6.125 6.8125
1532256350247368 -27.3125 46.375 108.875
1532256350397966 -29.8125 -61.6875 93.1875
1532256350404952 -29.5 -79.8125 80.9375
1532256350457806 -30.25 -109.313 47.375
1532256350488740 -36.5625 -117.313 3.75
1532256350523630 -67.75 -85.3125 -9.875
1532256350592445 -78.125 -52.25 -32.1875
1532256350646302 -50 -20.3125 -24.8125
1532256350697165 -28.25 28.3125 -23.6875
1532256350726089 -79.5625 14.5625 -20.9375
1532256350785929 13.375 -6.875 -0.5
1532256350845768 28.375 -10.5625 22
1532256350928547 42.9375 125.125 36.9375
1532256350951486 63.9375 155.625 46.9375
1532256350966446 65.6875 185.125 40.9375
1532256350988387 63.6875 205.813 34.125
1532256351014317 51.1875 213.375 33.5
1532256351026285 42.1875 210.75 30.625
1532256351048227 47.5625 205.938 19.4375
1532256351066179 60.5 199.375 8.4375
1532256351086126 72.875 186.938 2
1532256351112056 69.6875 169.625 -5.25
1532256351168904 39.5625 81 -30.5
1532256351186856 39.8125 58.1875 -44.5625
1532256351231736 35.3125 16.3125 -57.6875
1532256351259661 24.75 -9.4375 -53.125
1532256351297560 2.6875 -35.4375 -56
1532256351351417 10.125 -70.9375 -58.5
1532256351386323 42.5 -115.563 -53.25
1532256351416243 57.8125 -125.375 -55.875
1532256351446163 41.4375 -102.125 -61.4375
1532256351469102 20.875 -83.25 -52.8125
1532256351508995 -21.375 -46.1875 -42.5
1532256351537918 -28.375 -40.125 -39.3125
1532256351606734 2.75 -29.6875 -16.25
1532256351652610 12.25 -25.375 -6.9375
1532256351687517 -5.875 2.0625 4.9375
1532256351726428 7.5625 7.3125 6.625
1532256351747357 11.625 10.5625 7.375
1532256351788249 2.6875 17.625 12.9375
1532256351808195 -2.1875 21.3125 18.6875
1532256351831134 -0.6875 23.9375 26.1875
1532256351876014 28 27.1875 40.75
1532256351897955 41.75 34.25 49.5
1532256351905933 52.5 46 58.4375
1532256351949816 47.875 52.0625 66.375
1532256351980745 32.125 57.6875 67
1532256352016637 4.3125 39.5 85.0625
1532256352048552 -18.5625 3.8125 83.5625
1532256352076477 -26.9375 -6.625 87.125
1532256352114376 -33.625 -46.6875 87.5625
1532256352152275 -35.8125 -72.8125 69.5
1532256352206131 -48.0625 -113.25 59.375
1532256352236051 -58.9375 -116.25 53
1532256352249016 -69.3125 -114.438 54.75
1532256352265971 -75.9375 -114.625 53.375
1532256352287912 -77.625 -113.75 42.75
1532256352309853 -75.1875 -107.75 33.9375
1532256352348749 -63.25 -94.75 31.8125
1532256352408589 -18.0625 -70.3125 22.125
1532256352445491 -7.25 -47.25 7.375
1532256352468430 -2.3125 -35.125 5.9375
1532256352491368 4.125 -27 9.75
1532256352506328 7.1875 -18 10.3125
1532256352549215 11.8125 7.0625 3.1875
1532256352566168 12.5625 18.875 3
1532256352588109 20.4375 27.3125 0.8125
1532256352609053 32.0625 34.8125 1.6875
1532256352647949 34.125 55.25 3.3125
1532256352684851 47.3125 66.3125 -6.625
1532256352729731 52.9375 69.0625 -16.375
1532256352768627 72.8125 66.0625 -42
1532256352789570 83.9375 60.875 -55.75
1532256352828466 93 46.4375 -79.5
1532256352851405 92 36.9375 -92.625
1532256352888307 99.5 12.25 -104.438
1532256352911245 94.5 -0.3125 -107.375
1532256352948147 62.875 -19.5625 -103.313
1532256353016962 51.0625 -38.8125 -94.1875
1532256353090765 -0.25 -29.5 -64.625
1532256353111709 -8.5 -22.625 -55.1875
1532256353171549 -23.8125 -39.875 -22.375
1532256353188521 -26.25 -42.125 -18.0625
1532256353218424 -24.5 -40.6875 -14.5625
1532256353271290 -19.875 -25.1875 1.1875
1532256353299207 -14.3125 -11.3125 -0.0625
1532256353308184 -5.0625 4.875 2.1875
1532256353331122 2.3125 18 4.1875
1532256353368024 4.75 40.9375 10.9375
1532256353390963 10.5625 50.75 13.9375
1532256353411906 10.8125 58.75 18.3125
1532256353428860 12.9375 63.3125 23.8125
1532256353450818 5.875 65.9375 29.25
1532256353495682 -8.9375 73.5625 37.6875
1532256353516626 -0.0625 74.0625 34.4375
1532256353556520 13.6875 77.0625 53.5
1532256353570482 -13.75 81.1875 65.125
1532256353593420 -22.625 78.125 59.8125
1532256353691160 -21.125 68.9375 50
1532256353751005 17.125 28.5 56.1875
1532256353847741 20.8125 -55.8125 18.4375
1532256353893619 -3.8125 -81.25 -6.5625
1532256353931517 -6.625 -94.8125 -5.25
1532256353953458 -28.3125 -108.75 -21.1875
1532256353974402 -38.5625 -106.313 -24.3125
1532256353990360 -37.0625 -93.625 -13.375
1532256354013298 -26.375 -83 -10.0625
1532256354036237 -32.1875 -66.1875 -15.4375
1532256354074136 -19.4375 -41.25 -7.5
1532256354096077 -15.5 -34.6875 -0.1875
1532256354111037 -6.9375 -22.375 7.1875
1532256354156913 4.4375 -6.4375 7.8125
1532256354207777 3.8125 -0.8125 7.625
1532256354253655 -19.4375 21 -10.375
1532256354307512 -38.4375 60.6875 -22.125
1532256354359373 -69.6875 97.9375 -42
1532256354412232 -133.75 133.313 -72.125
1532256354477058 -147.813 132 -87.875
1532256354513959 -150.188 123.188 -90.375
1532256354538899 -165 114.125 -89.6875
1532256354613692 -123.25 74.8125 -101.938
1532256354689489 -115.438 61.5625 -107.875
1532256354763293 -55.3125 -1.25 -111.5
1532256354809170 -53.3125 -11.125 -108.813
1532256354833106 -17.25 -39.4375 -77.6875
1532256354900926 1.625 -34.75 -31.4375
1532256354964754 18.4375 -4.25 6.625
1532256354997666 16.5625 4.75 30.0625
1532256355032580 39.4375 10.75 45.6875
1532256355077452 41.1875 13.625 49.5
1532256355094418 29.4375 15.8125 52.5625
1532256355139287 55.875 5.25 52.6875
1532256355212098 157.438 -17.1875 48.125
1532256355231042 154.813 -20.25 54.5
1532256355265949 195.125 -92.875 58.9375
1532256355295869 272 -131.188 43.4375
1532256355333768 215.75 -132 63.25
1532256355393607 20.4375 -103 26.1875
1532256355460445 54.375 -67.25 -4.75
1532256355497330 -7 -51.875 2.3125
1532256355521266 -18.1875 -41 0.3125
1532256355564151 6.5625 -21.5625 -4.9375
1532256355632968 32.0625 6.8125 -4.25

1532256355759629 -61.625 -4.5 22.0625
1532256355775586 -25.5 -31.5625 15.125
1532256355843405 55.6875 32.9375 -10
1532256355887287 -26.5625 -2.125 6.5
1532256355918207 -12.25 -0.25 -3
1532256355969068 5.6875 1.8125 4.0625
1532256356007982 -6.1875 3.75 4.5
1532256356224404 -9.625 8.125 -0.125
1532256356239364 -5.875 8.4375 -0.4375
1532256356278271 -6.625 7.5 -0.25
1532256356299204 -4.9375 5.5625 1.125
1532256356354058 -6.625 7.375 7.3125
1532256356380985 0.125 3.625 4.375
1532256356486713 23.8125 6.875 -23.5
1532256356501662 1.75 7.1875 -0.6875
1532256356540558 -22 13.625 -10.9375
1532256356626328 -19.125 5.75 -2.125
1532256356704121 -33.5625 -5.8125 5.875
1532256356741022 -26.9375 12.5625 7.375
1532256356800869 -10.9375 27.5 56.375
1532256356888628 10.25 30.625 71.375
1532256356916553 8.875 31.5 73.8125
1532256356966420 -31.375 -0.125 90.625
1532256357199795 -27.5 -71.5 -7.75
1532256357426190 -12.25 27.4375 6.4375
1532256357565830 22.75 174.875 30.75
1532256357633649 12.5625 197.438 21.0625
1532256357650591 19.0625 192.313 11.125
1532256357680527 24.4375 183.375 2.25
1532256357719413 24.4375 144.188 -3.875
1532256357749326 24.8125 90.8125 -13.1875
1532256357786227 49.25 37.8125 -33.3125
1532256357806174 58.25 12.125 -39.4375
1532256357844072 65.0625 -33.75 -51.9375
1532256357874991 64.625 -54.25 -56.6875
1532256357920867 47 -67.3125 -55.3125
1532256357941811 26.875 -74.375 -49.25
1532256357988686 38.375 -88.875 -59
1532256358027582 10.125 -84.75 -48.9375
1532256358048525 -8.5625 -74.9375 -56.8125
1532256358064483 -7.25 -61.6875 -41.6875
1532256358083432 -13.5 -48.5 -36.3125
1532256358106371 -3.625 -39.0625 -29.1875
1532256358152256 6.5625 -22.6875 -12.5
1532256358166212 1.75 -16.25 -6.5625
1532256358228046 -1.625 -9.1875 -0.25
1532256358245997 -5.0625 -3.875 0.4375
1532256358280905 -8 8.4375 2.875
1532256358303843 -12.625 18.3125 13.5
1532256358341742 -15.375 26.5 19.375
1532256358391609 4.25 42.5625 35.5625
1532256358406569 10.125 47.25 41.8125
1532256358424521 15.75 49.25 47.0625
1532256358446462 20.9375 49.0625 50.5
1532256358550197 25.0625 45.4375 52.1875
1532256358604041 -5.3125 -5.125 49.5
1532256358632963 -1.375 -9.6875 50.5
1532256358670871 -11.25 -30.875 41.6875
1532256358706766 -25.5 -47.5625 40.0625
1532256358723720 -28.0625 -52.9375 34.375
1532256358745662 -27.5 -60.9375 24.625
1532256358766606 -28.375 -68.4375 22.125
1532256358790542 -33.3125 -75.8125 22.4375
1532256358805501 -38.9375 -78.625 20
1532256358826446 -40.875 -81.0625 14.5625
1532256358843400 -37.8125 -86.5625 15.0625
1532256358866339 -34.5625 -89.875 13.5625
1532256358886286 -34.375 -86.75 4.5
1532256358926179 -38.9375 -83.0625 -6.25
1532256358947123 -42.125 -82.25 2.0625
1532256358963093 -43.8125 -75.8125 2.0625
1532256359006963 -38.4375 -67.3125 -11.3125
1532256359022920 -37.625 -67.25 -6.5
1532256359128638 -9 -42.75 8.75
1532256359194461 -1.125 -22.5625 8.125
1532256359225379 8.3125 -7.5 2.625
1532256359286228 2.4375 0.75 -0.375
1532256359323117 4.0625 0.375 -2.9375
1532256359405897 16 26.625 14.4375
1532256359442797 36.3125 56.75 17.25
1532256359502638 46.875 108.625 4.875
1532256359593404 87.625 124.563 -36.625
1532256359629299 100.688 109.875 -59
1532256359728035 93.1875 14.8125 -106.563
1532256359748979 94.5 1.625 -106.875
1532256359810814 63.125 -38.4375 -99.875
1532256359848727 50.625 -57 -93.375
1532256359885626 30.5 -68.0625 -82.375
1532256359929496 4.1875 -84.375 -63.6875
1532256360006291 -33.9375 -96.5625 -34.125
1532256360066131 -38.75 -79.125 -14.5
1532256360109016 -28.25 -52.875 -14.0625
1532256360125971 -25.9375 -32.75 -9.3125
1532256360170851 -26.25 5.4375 0.4375
1532256360216728 -16.125 26.375 3.6875
1532256360236675 4.75 61.5625 15.875
1532256360268589 -5.125 81 35.5625
1532256360305491 5.125 93.5 47.4375
1532256360328429 19.4375 97.5 54.3125
1532256360349373 21.5 97.3125 61.25
1532256360389267 14 92.8125 66.5625
1532256360412205 12.0625 82.5 87.9375
1532256360433150 4.8125 74.125 90.125
1532256360478038 -26 39.75 105.438
1532256360551832 -44.0625 -5.5 96.375
1532256360688467 80.1875 23.875 21.0625
1532256360771245 -2.875 -31 -14.9375
1532256360808151 25.5625 -61.6875 -40.8125
1532256360852029 16.4375 -92.0625 -34.375
1532256360890925 -8.5625 -105.313 -16.75
1532256360911868 -17.1875 -99.375 -9.375
1532256360950766 -7.6875 -56.75 9.125
1532256360994648 -2.4375 -18.125 13.5
1532256361031549 -5.3125 1.75 15.875
1532256361070445 2.4375 8.5625 11.9375
1532256361108344 -11.6875 15.1875 -3.0625
1532256361131282 -25.6875 28.625 -10.875
1532256361152226 -32.25 48.3125 -16.3125
1532256361197106 -91.375 83.25 -26.375
1532256361250962 -75.8125 126.875 -47.625
1532256361295842 -133.5 141.25 -63.625
1532256361318781 -170.375 144.313 -67.125
1532256361407543 -150.063 105.5 -92.6875
1532256361453421 -153.688 79.8125 -97.875
1532256361476360 -144.063 61.4375 -106.813
1532256361498301 -121.25 41.0625 -118.438
1532256361557144 -84.4375 -13.75 -134.75
1532256361640934 -78.6875 -41.1875 -91.0625
1532256361670840 -3.0625 -31.6875 -51.5
1532256361730679 12.5625 -11.5 -8.6875
1532256361774563 -2.4375 -4.8125 9.0625
1532256361790520 18.5625 -0.5 17.4375
1532256361866316 49.125 6.625 33.8125
1532256361873298 52.9375 6.5625 37.875
1532256361933139 108.25 -0.625 51.0625
1532256361971037 150.5 -13.1875 63.4375
1532256361998962 165.688 -33.0625 62.875
1532256362014919 187.063 -59.5 57.5
1532256362053815 221.938 -105.25 51.75
1532256362083736 217.813 -105.375 54.5
1532256362120637 142.313 -94.1875 35.6875
1532256362136594 115.625 -84.25 18.0625
1532256362173507 39 -74.25 4.25
1532256362194439 24.875 -60 -4.6875
1532256362210397 24.125 -46.375 -10
1532256362254279 3.1875 -32.9375 -8.3125
1532256362293185 15.8125 -26.125 -5.875
1532256362316114 20.375 -26.875 -3
1532256362330077 31.3125 -21.125 -2.375
1532256362353015 59.25 -8.25 -16.75
1532256362398902 34.125 5.625 3.3125
1532256362420859 66 51.25 -3.625

1532256362458756 -60.75 -0.9375 28.875
1532256362503636 10.625 -9 11.75
1532256362555498 -14.4375 -4.25 3.9375
1532256362659227 46.75 -3.5 15.125
1532256362714096 32.0625 1.3125 7.5625
1532256362728042 3.0625 -1.1875 -2.8125
1532256362780902 -1.1875 1.125 -0.25
1532256362816806 -1.3125 1.375 -0.9375
1532256362833760 -3.1875 0.9375 -2
1532256362855702 -4.3125 -0.1875 -1.5
1532256362884624 -4.375 -1.1875 -1.75
1532256362938480 -1.6875 0.6875 5.3125
1532256362997323 3.6875 -4.8125 0.4375
1532256363101045 31.625 8.8125 -13.3125
1532256363171872 -24.5625 5.9375 -15.875
1532256363223718 -2.9375 -8.5625 10.625
1532256363254635 -7.6875 -6.1875 4.6875
1532256363341403 -15.8125 8.4375 86.75
1532256363424181 28.4375 48.375 73.8125
1532256363461082 10.75 9.9375 81.625
1532256363566800 -19.125 -70.375 36.25
1532256363618662 -48.3125 -97.625 4.6875
1532256363701453 -20.375 -70.3125 -8.5625
1532256363723392 -23.25 -70.875 -5.875
1532256363801191 -17.875 -45.8125 -5.3125
1532256363852048 5.9375 -5 -0.1875
1532256363903909 -46.5625 45.5625 24.4375
1532256364001664 26.125 212.688 52.125
1532256364068473 46.0625 213.125 18.625
1532256364229047 -21.375 11.875 -55.4375
1532256364270927 -11.8125 -34.0625 -74.9375
1532256364333776 29.125 -100.875 -89.8125
1532256364368667 -3.5 -121.875 -73.0625
1532256364430501 -19.4375 -79.8125 -57.625
1532256364478373 23.3125 -53.125 -26.5625
1532256364521259 11.5625 -13.875 -2.5
1532256364543200 10.875 -8.0625 -2.0625
1532256364668864 -7.5 16.125 9.625
1532256364716735 4.625 29.8125 22.1875
1532256364762613 14.5625 46.8125 41.375
1532256364803504 5.125 59.375 48
1532256364924181 36 26.875 68.4375
1532256364963082 33.875 -2.0625 69.625
1532256364984021 29.625 -18.4375 65.125
1532256365005962 17 -34.1875 64.4375
1532256365043862 -15.75 -58.125 58.5
1532256365061814 -23.375 -77.375 63.8125
1532256365083755 -15.625 -96.4375 67.1875
1532256365121653 -0.9375 -114.5 49.8125
1532256365163551 -21.3125 -122.625 47.6875
1532256365210416 -18.1875 -131.813 44.9375
1532256365225376 -9.5625 -129.125 31.4375
1532256365263274 6.5625 -126.188 23.8125
1532256365344058 -20.875 -107.438 3.5
1532256365420853 3.25 -36.1875 -5.3125
1532256365443792 5.375 -17.125 -1.375
1532256365480704 -0.125 9.75 -5.6875
1532256365510613 2 22.6875 -9.4375
1532256365563472 14 54.5625 -18.0625
1532256365631290 11.6875 74.1875 -39.375
1532256365683152 51.5 89.5625 -72.0625
1532256365721050 56.875 90.75 -78.4375
1532256365742991 60.4375 86.375 -85.75
1532256365771914 71.9375 82 -98.5625
1532256365803842 77.875 64.625 -113.813
1532256365825771 70.125 51.5 -115.813
1532256365840730 58.875 36.5625 -117.813
1532256365884614 49.3125 14.125 -117.75
1532256365900571 48.25 7 -120.188
1532256365923509 48.1875 -2.375 -123.5
1532256365960410 38.4375 -17.1875 -124.688
1532256365999307 13.75 -41.5625 -118.563
1532256366035210 0.0625 -59.25 -97.75
1532256366162868 -20.0625 -50.25 -23.875
1532256366199770 -15.125 -22.375 -8.25
1532256366274570 -14.0625 30.125 20.6875
1532256366343386 -19.125 69.375 63.5625
1532256366447109 -0.8125 80.5625 98.875
1532256366486019 -6.375 82.6875 101.563
1532256366530885 -26.9375 76.375 98.0625
1532256366650578 17.1875 33.625 90.5625
1532256366665525 32 28.1875 82.4375
1532256366703423 22.375 7.8125 55.5625
1532256366823103 17.9375 -50.75 18.9375
1532256366861999 4 -71.125 7.4375
1532256366905882 -26.0625 -81.5625 -1.5
1532256366942783 -26.625 -72.875 -3.625
1532256366981679 -4.75 -60.9375 -5.6875
1532256367048501 -24.375 -22.9375 11.6875
1532256367093387 -10.3125 -22.25 2.375
1532256367108340 2.75 -17.9375 4.875
1532256367161200 -17.0625 -13.875 6.25
1532256367182143 -11.4375 -5.8125 1.9375
1532256367242981 4.4375 2.1875 -1.25
1532256367294842 9.9375 26.125 -14.875
1532256367348698 -40.875 83.375 -39
1532256367440453 -134.063 127.25 -91.4375
1532256367528218 -156.25 101.125 -121.688
1532256367588072 -131.563 60.375 -131.813
1532256367683817 -134.188 11.75 -133.5
1532256367729681 -146.25 -21.25 -128.75
1532256367745650 -110.313 -35.3125 -112.75
1532256367828415 -11.5 -49.5 -71.3125
1532256367849358 -12.5 -45.375 -53.5625
1532256367888255 -3.875 -27.25 -32.8125
1532256367939119 -5.875 -9.625 -9.8125
1532256367965050 2.125 -3.625 -1.5
1532256368015914 7.8125 12.375 24.75
1532256368053812 35 15.4375 33.6875
1532256368074756 32.625 13.625 38.375
1532256368111658 45.75 4.125 42
1532256368180473 128.125 -9.125 34.875
1532256368226351 124.25 -21.9375 53.875
1532256368232336 138.25 -31.0625 64.0625
1532256368294169 160 -46.6875 67.875
1532256368312122 213.188 -112.063 55.375
1532256368352015 192.688 -107.438 49.0625
1532256368367984 161.438 -102.5 45.875
1532256368412863 75.1875 -86.625 30.875
1532256368435791 54.6875 -73.4375 23.6875
1532256368479673 46.625 -43.25 15.3125
1532256368495630 33.375 -31.3125 14.5625
1532256368533530 22.0625 -11.9375 10.5625
1532256368586388 15.25 0.875 7.3125
1532256368638249 8.9375 -1 2.75
1532256368653210 15 -5.5625 1.375
1532256368691125 64 24.4375 -11.375
1532256368735988 48.5 -0.25 -5.125
1532256368757929 22.375 25.6875 -2.75

1532256368831731 -40.4375 31.1875 12.4375
1532256368850686 -16.375 3.1875 10.3125
1532256368893567 -20.6875 -0.9375 -7.8125
1532256368930467 7 -2.3125 11.375
1532256368953407 1.75 -4 10.875
1532256368991306 9.6875 -2.8125 -0.5625
1532256369036197 -6.375 -1.4375 -2.625
1532256369075081 -14.5 -0.375 -0.9375
1532256369108991 -13.4375 -1.625 0.0625
1532256369138911 7.3125 -3.875 -1.75
1532256369207727 -1.4375 -8.25 -4
1532256369253604 3.1875 -6.6875 -3.5625
1532256369267567 -2.6875 -5.0625 -2.9375
1532256369381182 43.4375 -2.8125 -8.9375
1532256369493878 -28.0625 2.75 26.625
1532256369521804 -26.5625 -22.8125 31.125
1532256369553719 -78 13.9375 3.75
1532256369613558 2.625 34.4375 50.9375
1532256369634513 0.625 40.875 66.6875
1532256369650460 -11.5625 54.125 72
1532256369673398 -3 60 83
1532256369704315 21.4375 45.9375 94.375
1532256369739222 12.625 -5.8125 104.313
1532256369778118 24 -47.625 109.5
1532256369822998 7.0625 -71.9375 71
1532256369843956 -29 -82.4375 46.875
1532256369957638 -93.1875 -46.75 -34.875
1532256370124193 -5 0.125 -19.0625
1532256370421398 23.4375 142.125 68.6875
1532256370462289 26.0625 181.938 94.6875
1532256370578976 75.0625 188.625 78.75
1532256370600918 75.25 175.375 64.375
1532256370660758 82.8125 115.875 25
1532256370813350 21.9375 -70.5625 -59.1875
1532256370880171 6.8125 -154.625 -74.9375
1532256370949984 44.1875 -167.813 -81.125
1532256370978907 -3 -133.688 -69.5625
1532256371001845 18.375 -107.5 -66
1532256371088613 -29.3125 -40.8125 -33.5
1532256371099584 -3.375 -27.25 -32.1875
1532256371141484 -7.9375 -13.125 -13.9375
1532256371219264 5.5625 5.875 -4.375
1532256371294064 -7.125 11.8125 3.75
1532256371322986 -3.5 26.4375 16.125
1532256371358891 -9.375 44.75 36
1532256371400797 -3.5625 49.5625 45.5
1532256371450645 56.6875 52.1875 62.875
1532256371466603 52.4375 48.5 72.625
1532256371540406 2.4375 -4.25 92.5
1532256371579301 13.4375 -39.5625 93.75
1532256371600245 21.0625 -58.25 90.8125
1532256371660086 -17.8125 -87.6875 78.375
1532256371681029 -21.375 -97.5 67.8125
1532256371740870 -23.6875 -124.125 59.375
1532256371781760 -52.25 -133.5 44.25
1532256371801707 -49.75 -141.688 40.75
1532256371900443 -26.75 -79.625 5
1532256371961281 -26.1875 -28.25 -3.875
1532256371982224 -9.5625 -11.5625 -4.875
1532256371998187 -0.5 3.375 -3.25
1532256372058023 3.625 44.5625 -2.5
1532256372080960 15.75 56.125 -1.625
1532256372118859 23.5 78.375 -6.3125
1532256372161743 35.25 109.125 -8.125
1532256372200641 54.4375 121.75 -21.875
1532256372221584 57 122.813 -32.625
1532256372238539 67.125 122.688 -44.75
1532256372281424 100.813 117.063 -68.5
1532256372321317 117.813 96.8125 -93.6875
1532256372342261 115.75 82.3125 -100.438
1532256372402101 87.25 30.3125 -104.813
1532256372433019 81.1875 13.5625 -106.313
1532256372521781 38.4375 -50.5625 -90.1875
1532256372622512 -17 -70.5 -46.25
1532256372680357 -25.0625 -42.875 -29.75
1532256372726235 -26.1875 -15.1875 -13.1875
1532256372843920 -13.5 61.875 36.6875
1532256372935674 12 74.8125 72.8125
1532256373063333 -4.4375 33 83.75
1532256373131152 7.4375 -28.75 66.1875
1532256373190992 6.875 -66.5625 38.6875
1532256373203957 13.0625 -78.9375 30.5
1532256373265792 -11.25 -104.875 -0.375
1532256373304688 -32.8125 -75.75 -3.1875
1532256373439327 -21.125 -14.25 6.875
1532256373521109 4.3125 -13.125 8.5625
1532256373543051 -5.5625 2.625 1.0625
1532256373563994 -9.3125 16 -2.3125
1532256373603888 -24.375 50.8125 -19.875
1532256373639792 -52.5 84.75 -30.125
1532256373685669 -75.5625 109 -46.1875
1532256373731546 -127.563 126.375 -64.75
1532256373791386 -131 121.188 -66.1875
1532256373887157 -153.75 95.625 -89.1875
1532256373970934 -117.375 45.3125 -104.125
1532256374023802 -125.688 17.125 -115.125
1532256374078646 -88.3125 -6.875 -116.438
1532256374187355 10.4375 -54.25 -52
1532256374226251 8.4375 -28.0625 -23.4375
1532256374254176 -4.625 -14.75 -14.1875
1532256374286091 21.6875 5.5625 0.4375
1532256374307034 29.4375 13.3125 11.875
1532256374383830 55.0625 17 45.5
1532256374405775 75.5625 15 48.25
1532256374442673 97.875 14.375 51.6875
1532256374465617 105.063 10.3125 60.625
1532256374486554 127.938 1.625 70.75
1532256374516474 159.375 -11.125 77.9375
1532256374554374 217.75 -46.75 74.9375
1532256374586288 203.063 -82.6875 71.125
1532256374645131 176.813 -95.8125 74.6875
1532256374683030 89.9375 -94.3125 20.3125
1532256374712950 87.1875 -93.8125 15.4375
1532256374735888 71 -87.5625 7.625
1532256374765808 29.1875 -74.9375 -7.4375
1532256374788747 12.625 -72.0625 -6.9375
1532256374870528 9.625 -54.4375 -16.125
1532256374930369 1.9375 -3.9375 0.5625
1532256375049050 41.6875 24.5 -7.0625
1532256375066005 27.75 22 -9.5
1532256375087946 25.3125 4.6875 -4.5625
1532256375116884 39.25 27.875 -3.9375
1532256375142800 -5.5625 21.9375 -9.9375

1532256375169729 -25.375 -6.5625 4.5625
1532256375185690 13.375 -2.1875 4.6875
1532256375208624 18.5625 -4.1875 -0.3125
1532256375229568 20.4375 -5.5 -2.1875
1532256375245527 21.0625 -8.125 7.0625
1532256375268464 10.0625 -8.9375 12.4375
1532256375289408 17.125 -5.75 17.6875
1532256375328907 47.6875 -1.6875 6.6875
1532256375349854 24.6875 -3.3125 0.4375
1532256375395735 -19.125 -4.75 -2.6875
1532256375416675 -21.1875 -4.6875 -4.25
1532256375440627 -15.5 -5.625 -7.8125
1532256375484493 -4.6875 -3.5 -3.6875
1532256375493469 -1.1875 -3.5 -1.1875
1532256375546340 -3.5 -5.875 -4.625
1532256375568269 -3.1875 -6.75 -2.75
1532256375606168 -2.625 -4.875 0.75
1532256375628123 -3.5625 -7.5 -2.3125
1532256375658029 4.75 -6.625 -5.1875
1532256375672989 21.375 -4.1875 -7.625
1532256375724851 44.75 1.125 -12.25
1532256375755768 38.25 2.9375 4.875
1532256375778707 -23.8125 5 -8.625
1532256375791672 -26.75 -7.6875 5.75
1532256375830579 -22.1875 2.4375 10.1875
1532256375851513 -47.25 -6.125 32
1532256375890408 -49 37.375 16.9375
1532256375951263 5.25 61.3125 98.25
1532256375996125 27.6875 65.6875 97.625
1532256376011085 41.25 65.1875 100.125
1532256376033027 -11.75 40.6875 113.688
1532256376047987 -27.375 9.625 119.813
1532256376070925 -13.75 -12.625 124
1532256376091869 12 -33.9375 107.375
1532256376108824 42.75 -58.8125 81.375
1532256376130767 34.6875 -73.75 57.6875
1532256376151709 5.4375 -89.125 34.0625
1532256376168664 -37.4375 -121.75 21.5625
1532256376211548 -114.313 -149.5 4.125
1532256376228504 -175.063 -124.5 -19.4375
1532256376272387 -72.0625 -64.25 -54.875
1532256376311283 -68.125 -49.25 -39.125
1532256376332226 -133.938 -29.4375 -47.75
1532256376348197 -114.313 17.9375 -47.1875
1532256376435949 -65.75 2.5625 -25.8125
1532256376602503 4.3125 2.75 -6
1532256376638408 -8.8125 -0.9375 -2.75
1532256376736146 -28.0625 24.4375 7.375
1532256376887741 -32.1875 175.938 66.625
1532256376916664 -10.4375 174.375 107
1532256376976508 53.375 168.125 85.6875
1532256376998445 63.4375 159.75 84.1875
1532256377039336 53 132.813 67.0625
1532256377058284 55.75 118.625 57.875
1532256377098177 63.875 80.25 32.625
1532256377152034 68.9375 28 1.4375
1532256377172978 63.0625 1.3125 -11.8125
1532256377203896 51.25 -57.3125 -48.5625
1532256377232817 46.25 -81.3125 -68
1532256377247778 52.75 -106.813 -83.3125
1532256377303629 53.3125 -163.125 -96.4375
1532256377376434 -20.5625 -95.5 -91.3125
1532256377479160 33 2.625 4.6875
1532256377524052 -66 15.4375 25.5
1532256377556951 -12.0625 11.6875 19.8125
1532256377601832 25.25 5.75 14.5625
1532256377643720 -2.5625 11.6875 15.875
1532256377658679 -12.75 19.5 18.25
1532256377767389 9.0625 38.9375 33.6875
1532256377878093 37.3125 13.3125 94.6875
1532256377943916 3.625 -45.625 85.0625
1532256377983810 -14.5625 -76.9375 75.625
1532256378018717 -26.9375 -102.125 46.6875
1532256378056615 -20.5 -128.938 45.4375
1532256378123437 -43.6875 -135.938 21.625
1532256378194247 -9.5 -121.938 1.125
1532256378336866 45.5625 -12.1875 -18.875
1532256378793664 72.25 39.4375 -94.5
1532256378806629 63.5 24.625 -98
1532256378838544 61.4375 9.8125 -102.375
1532256378867475 38.75 -16.75 -109.938
1532256378919327 -2.4375 -53.9375 -84.25
1532256378936282 -10 -62.375 -76.5625
1532256378981163 -27.25 -71.125 -59.6875
1532256379086879 -27.9375 -65.3125 -29.1875
1532256379175642 -0.6875 46.375 26.0625
1532256379220522 -2.125 73.625 42.875
1532256379235483 3.4375 86 51.8125
1532256379258421 18.625 100.313 56.3125
1532256379303300 28.5625 115.5 59.4375
1532256379341199 26.6875 116 63.5625
1532256379378101 26.25 98.125 79.75
1532256379407024 10.6875 83.375 76.75
1532256379474842 8.125 -2.9375 67.75
1532256379520731 -14.5 -44.875 56.625
1532256379549642 -7.0625 -66.125 52.6875
1532256379588538 21 -103.938 33.75
1532256379722181 -15.1875 -63.0625 1.0625
1532256379761107 -21.625 -31.1875 -0.25
1532256379798008 -30.375 -6.4375 0.25
1532256379820947 -26.6875 -2.25 3.0625
1532256379843890 -20.0625 -1.5625 2.125
1532256379880787 -4.0625 -3.5 2.125
1532256379933654 -14.9375 -9 4.1875
1532256379946610 0.5 -3.875 -3.3125
1532256380001464 -49.0625 33.5625 -4.8125
1532256380038366 -21 74.375 -12
1532256380082248 -37.5 100.563 -26.1875
1532256380106185 -68.9375 112.063 -32.875
1532256380121144 -93 124.688 -37.75
1532256380143086 -105.75 133.313 -40.5625
1532256380195944 -99.375 139.188 -50.5625
1532256380204920 -122.313 139.813 -74.1875
1532256380241822 -124.688 133.188 -85.8125
1532256380264760 -125.063 115.375 -97.8125
1532256380284707 -130.75 104.75 -108.625
1532256380323603 -146.5 71.0625 -127.438
1532256380337566 -149.25 54.75 -127.75
1532256380414376 -158.313 35.0625 -135.813
1532256380443283 -150.75 3.3125 -130.813
1532256380503123 -58.75 -39.6875 -111
1532256380541022 -10.1875 -46 -79
1532256380583917 0.3125 -31.4375 -40.0625
1532256380668680 8.75 8.9375 16.0625
1532256380705582 19.5625 11.25 9.4375
1532256380803320 11.5 18.875 43.875
1532256380841219 34.9375 14.25 45.8125
1532256380884104 56.3125 0.5 44.1875
1532256380923000 67.6875 -7.9375 46.9375
1532256380951922 83.75 -10.6875 50.125
1532256380983838 134.438 -26.25 65.0625
1532256381005779 159.5 -49.5625 67.6875
1532256381028718 181.875 -70.375 67.8125
1532256381064621 185.563 -103.25 62
1532256381080578 175.75 -106.688 64.25
1532256381124461 139.125 -98.6875 39.9375
1532256381163366 90.1875 -100.875 20
1532256381184301 71.125 -100.188 9
1532256381252120 57.4375 -63.375 -8.625
1532256381305975 22.25 -36.375 -8.8125
1532256381327917 37.375 -27.875 -6.875
1532256381371800 44.5625 -16.375 3
1532256381386760 29.875 -12.5 2.875
1532256381425664 29.375 -7.4375 3.75
1532256381463554 37.1875 -9.6875 4.6875
1532256381491480 37.4375 7.125 -3.375
1532256381506440 -7.5625 -0.9375 -2.375
1532256381547330 15.75 12.5625 -26.5
1532256381574284 -17.5 45.5 10

1532256381627142 11.125 -4.1875 -9.75
1532256381643099 8.25 -2.75 -4.4375
1532256381672022 -2.3125 -9 6.875
1532256381686982 1.1875 -8.0625 6.5
1532256381733857 30.3125 -13 6.3125
1532256381754801 24.625 -9.625 7.3125
1532256381770770 11.25 -6.875 3.625
1532256381791702 -1.375 -5.75 -0.3125
1532256381823626 -6.6875 -6.125 -1.625
1532256381860518 -3.6875 -5.25 1.1875
1532256381889441 4.375 -3.25 0.5
1532256381928336 9.25 -4.75 -1.125
1532256381966235 -6.4375 -4.125 0.125
1532256381987179 0.125 0.25 0.5
1532256382011115 3.5 -3.4375 0
1532256382033066 4.375 -6 -2.8125
1532256382062976 30.25 -2.625 -6.75
1532256382085963 33.5625 1.625 -0.3125
1532256382114885 31.5625 0.1875 -3.5625
1532256382145803 27 4.25 -11.9375
1532256382168760 -8 14.5625 -10.25
1532256382228582 -36.1875 2.375 6
1532256382250522 -99.4375 -0.0625 9.875
1532256382265483 -94.875 7.5 3.9375
1532256382318342 -1.8125 25.1875 37.625
1532256382339285 6.0625 40.1875 52.1875
1532256382377184 -27.8125 55.6875 80.3125
1532256382386160 -50.3125 55.6875 85.5
1532256382429045 17.375 47.875 88
1532256382446000 -1.6875 19.3125 96.375
1532256382467952 -8.875 -6.3125 90.8125
1532256382489883 -20.25 -20.0625 89
1532256382505840 -25.875 -41.5625 67.1875
1532256382528779 -27.9375 -68.1875 55.625
1532256382549723 -29.5 -95 49.5
1532256382565680 -39.125 -118.688 32.625
1532256382609563 -50.5 -147.5 -4.75
1532256382729243 -54.8125 -30.375 -43.125
1532256382827978 -79.3125 9.875 -14.3125
1532256382910757 38.0625 -6.625 23.75
1532256382970598 -6.0625 6 16.75
1532256383030437 -12.9375 73 9.9375
1532256383096262 -30.5625 127.063 3.5
1532256383137152 -18.375 143.625 39
1532256383180049 -5 149.375 61.6875
1532256383223936 27.875 150.813 65.3125
1532256383253840 58.125 144.875 57.125
1532256383275781 57.3125 137.063 50.375
1532256383316672 40.1875 117.438 34.3125
1532256383354571 38.25 84.5625 25.4375
1532256383373520 39.3125 66.875 13.125
1532256383421406 43.4375 31.1875 -3.125
1532256383471259 38.75 15 -8.1875
1532256383498187 30.625 0.0625 -13.1875
1532256383564012 17.125 -74.1875 -34.6875
1532256383584955 3.0625 -82.4375 -42.9375
1532256383667736 50.3125 -113.625 -56.75
1532256383735563 20 -80.875 -46.375
1532256383764475 41.8125 -66.125 -46.1875
1532256383796390 -9 -29.3125 -44.6875
1532256383833291 -37.875 -26.5625 -34.875
1532256383854234 -38 -11.0625 -18.3125
1532256383893130 -1 -0.25 -3.1875
1532256383938011 16.5625 5.625 15.125
1532256383967930 7.0625 14 22.875
1532256383995855 -17.4375 28.1875 39.3125
1532256384036746 -19.0625 34.75 43.0625
1532256384059685 -2 48.5625 52.6875
1532256384105563 19.25 42 60.5
1532256384111546 47.3125 33.875 58.6875
1532256384150443 48.5 35.75 52.8125
1532256384176373 15.0625 13.1875 63.75
1532256384194325 2.375 6.75 68.1875
1532256384236213 -12.9375 -12.5625 46.5625
1532256384254165 6.8125 -26.5625 55.1875
1532256384274112 27.125 -42.75 60.1875
1532256384296052 28 -60.3125 62.125
1532256384336944 -13.0625 -90.625 67.6875
1532256384358885 -27.25 -94.5625 66.1875
1532256384409749 -15.875 -112.25 59.4375
1532256384434682 -11.25 -117.375 55.8125
1532256384453631 -11.25 -107.563 49.5625
1532256384494523 -19.4375 -110.188 40.75
1532256384622180 -5.3125 -73.1875 29.5
1532256384694986 -17.9375 -39.125 4.25
1532256384754826 8.25 -2.3125 -1.5
1532256384793722 3.375 38.625 -0.1875
1532256384815664 5.4375 54.75 -0.25
1532256384854560 13 85.25 -7
1532256384956287 47.75 109.688 -38
1532256384979226 56.9375 104.813 -45.875
1532256385001167 68.125 96 -55.25
1532256385016127 72.875 87.1875 -65.8125
1532256385034081 74.625 81.9375 -78.375
1532256385143786 66.6875 24.125 -115.438
1532256385384146 -20.75 -31.3125 -36.125
1532256385437001 -16.0625 -13.4375 -20.875
1532256385513797 8.125 34.8125 20
1532256385580619 -15.0625 50.9375 48.5
1532256385633477 14.5625 64.4375 63.9375
1532256385717253 -10.125 63.8125 69.625
1532256385812997 -5.375 -1.625 55.5625
1532256385895781 -9.5 -56.625 42.1875
1532256385963594 8.25 -67.1875 12.375
1532256386052370 7.5 -40.75 -14.9375
1532256386119178 -38.6875 -29.8125 5.6875
1532256386158074 -12.75 -19.5625 -6.4375
1532256386195972 -17.0625 -15.9375 7.125
1532256386218911 -23.625 -16.0625 8.4375
1532256386278751 -13.875 -14 -2.4375
1532256386375492 -6.25 18.9375 -6.375
1532256386398435 -11.0625 30.9375 -8.9375
1532256386419375 -10.75 44.1875 -14.8125
1532256386458282 -11.875 75.4375 -28.1875
1532256386512127 -52.25 105.938 -33.875
1532256386557007 -86.875 125.688 -51.6875
1532256386568975 -99.125 128.313 -61
1532256386622830 -123.125 120.063 -73.375
1532256386633802 -139.313 117.375 -82.1875
1532256386658734 -140.563 107.688 -91.1875
1532256386720570 -133.688 94.6875 -105.938
1532256386726554 -143.313 86.0625 -114.438
1532256386749492 -129.438 74.6875 -118.813
1532256386795369 -132.75 52.4375 -126.063
1532256386856208 -133.188 4.6875 -115.063
1532256386892111 -127.625 -6.625 -141.438
1532256386960927 -29.4375 -16.75 -85.6875
1532256387089594 24.8125 -12.75 -5.75
1532256387140446 34.875 -2.125 13.625
1532256387327945 68.75 -28 47.25
1532256387418703 171 -76.125 62.4375
1532256387500484 187.25 -112.188 48.5
1532256387538383 139.125 -93.3125 26.75
1532256387561321 130.438 -89.9375 21.4375
1532256387583263 117.313 -86.3125 20.4375
1532256387612185 82.4375 -78.1875 14.125
1532256387642104 58.0625 -52.0625 -3.5625
1532256387658063 66.1875 -43.5 -1.1875
1532256387681998 55.0625 -38.375 6
1532256387733860 32.5 -25.4375 0.4375
1532256387761785 23.5 -20.625 3.125
1532256387800682 23.1875 -15.875 -3.125
1532256387837582 59.625 1.0625 -9.4375
1532256387897423 19.1875 10.5625 12.6875
1532256387922356 12.5625 43.625 -20.875

1532256388011118 -38.25 1.6875 -0.75
1532256388083934 -5.5625 -0.9375 4.125
1532256388123831 -8.8125 2.1875 0.125
1532256388184655 -13.9375 6.8125 -3.625
1532256388204601 -11.875 5.375 -3.875
1532256388220565 -11.375 4.75 -3
1532256388257481 -14.0625 2.25 -4.75
1532256388280399 -12.9375 0.4375 -4.3125
1532256388317299 -7.625 -2.75 -5.5
1532256388363176 -4.5625 -3.0625 -3.0625
1532256388384121 1.625 -3.5 -4.4375
1532256388407059 3.75 -5.1875 -3.875
1532256388429005 3.0625 -7.1875 -3.3125
1532256388462922 0.875 -8.3125 -3.1875
1532256388488841 7.5625 -11.5625 -5.4375
1532256388564638 37.8125 -1.625 -2.0625
1532256388603534 -8.625 -3.125 -8.375
1532256388640442 -6.125 6.0625 8.3125
1532256388663381 -67.375 7.1875 5.6875
1532256388684325 -99.25 9.5 5.625
1532256388707263 -69.5625 4.5625 12.6875
1532256388731208 -32.875 20.625 22.8125
1532256388747155 -11.1875 39.9375 31.125
1532256388760122 -14.9375 40.25 60.875
1532256388799017 -15.375 59.9375 84.3125
1532256388827940 -6.0625 53.875 94.5625
1532256388865843 34.875 50.5625 87.5
1532256388879801 23 22.25 104.563
1532256388925681 -41.625 -31.4375 102.813
1532256388940639 -45.25 -46 78.8125
1532256388985518 21.0625 -73.4375 51.4375
1532256389046356 -69.5625 -120.438 13.0625
1532256389083257 -99.4375 -101.5 -25.125
1532256389143097 -102.813 -74.3125 -34.375
1532256389246820 -66.5 41 -19.3125
1532256389488185 5.1875 29.875 17.6875
1532256389509119 -6.3125 55.1875 21.625
1532256389585913 -13.875 124.875 34
1532256389651737 2.5 149.75 67.5625
1532256389674676 24.625 154.25 73.8125
1532256389705602 65.1875 144.688 67.5
1532256389733519 78.25 133.5 42.875
1532256389752468 80.3125 116 39.3125
1532256389778398 82 94.5625 36.0625
1532256389796351 77 73.3125 23.5625
1532256389828265 71.0625 61.6875 6.125
1532256389832254 67.625 49.9375 -1.75
1532256389861177 66.25 34.375 -8.5
1532256389876137 58.625 20.5 -19.8125
1532256389922014 40.75 -6.125 -44.4375
1532256389944953 37.25 -26.375 -51.25
1532256390045684 -2.125 -89.375 -64.0625
1532256390074606 60.4375 -101.5 -64.4375
1532256390096554 33.8125 -101.25 -42.6875
1532256390110510 7.9375 -96.0625 -48.9375
1532256390138435 5.5 -94.625 -64.125
1532256390162389 24.6875 -96.4375 -65.3125
1532256390194286 24.875 -69.6875 -50.5
1532256390214233 5.1875 -59.25 -43
1532256390230190 2.8125 -49.4375 -36.5
1532256390251135 -7.1875 -38.1875 -24.125
1532256390299010 -34.875 -23.8125 1.3125
1532256390333913 -8.6875 -16.125 2.5
1532256390393753 -15.5625 -5 8.875
1532256390424670 -8.0625 -0.8125 8.625
1532256390448606 1.375 4.3125 6.125
1532256390453594 9.125 10.125 6.125
1532256390494498 0.9375 31.3125 14.8125
1532256390513433 -1.8125 44 18.5625
1532256390531385 2.8125 54.625 19.875
1532256390551332 2.1875 61.875 28.3125
1532256390573273 -2.375 68.1875 39.125
1532256390619150 5 82.625 51.1875
1532256390642089 18.3125 83.5 54.1875
1532256390650068 31.5625 84.0625 57.8125
1532256390726862 27 84.5625 77.3125
1532256390784708 -3.0625 21.25 92.3125
1532256390807645 10.375 -1.75 96.25
1532256390851535 -23.1875 -57.625 79.125
1532256390951263 -70.5625 -134.75 40.8125
1532256390979189 -86.625 -137.375 37.875
1532256391019083 -73.8125 -141.438 15.75
1532256391191619 -15.25 -60.1875 -24.875
1532256391211566 8.8125 -61.625 -29.75
1532256391293347 -11.8125 14.0625 23.3125
1532256391372136 34.3125 53.4375 7.3125
1532256391431977 28.375 91.6875 4.125
1532256391533705 48.5625 118.938 -24.75
1532256391593545 81 105.625 -45.6875
1532256391619491 88.0625 92.8125 -53.125
1532256391640419 87.4375 78.8125 -64.4375
1532256391694275 79.6875 31.125 -72.625
1532256391821934 25.125 -39.9375 -74.0625
1532256391857838 22.125 -54.4375 -69.3125
1532256391879779 7.8125 -59.9375 -64.8125
1532256391918675 -16.9375 -72.3125 -49.9375
1532256391939619 -23.3125 -79.75 -40.1875
1532256391954579 -31.75 -87.8125 -31.125
1532256392014419 -34.25 -72.6875 -12.0625
1532256392053315 -31.9375 -44.3125 -10.625
1532256392091214 -26.8125 -27.0625 -5.9375
1532256392142077 -17.5 18.8125 7
1532256392178979 2 47.1875 19.3125
1532256392210894 10.25 74.875 31.25
1532256392254776 14.125 93.4375 41.5625
1532256392300660 14.9375 113.5 51.1875
1532256392353513 37.6875 124.063 50
1532256392436291 -18.5625 76.4375 68.8125
1532256392698598 -8.5625 -113.625 -6.3125
1532256392757438 8.75 -80.875 -2.8125
1532256392817273 -21.125 -34.75 10.3125
1532256392856168 -0.625 -15.375 3.1875
1532256392899053 -15.125 -2.6875 9.5625
1532256392960888 5.0625 18.1875 -7.5
1532256392996792 -40.125 51.4375 -25
1532256393013747 -50.0625 71.875 -36.375
1532256393035689 -61.375 90.375 -45.875
1532256393095528 -128 126.875 -69.4375
1532256393178312 -157 135.313 -88.75
1532256393193267 -168.375 125.5 -85.5
1532256393247137 -128.875 95.4375 -85.625
1532256393303971 -116.75 58.625 -98.8125
1532256393372787 -91.375 5.1875 -114.938
1532256393478504 -45.25 -40.5 -84.6875
1532256393598197 -14.75 -24.0625 -20.8125
1532256393660019 2.625 -1.4375 -0.875
1532256393701907 -0.5 8.25 9.375
1532256393746787 26.25 15 19.125
1532256393806627 45.0625 5.1875 32.9375
1532256393919325 167.438 -32.9375 71.0625
1532256393936280 195.438 -66.8125 77.625
1532256393966199 218.375 -100.375 79.1875
1532256394003118 223.188 -138.625 87.375
1532256394033021 197 -136.188 91.5625
1532256394055960 120.375 -99.625 48.1875
1532256394077901 119.25 -85.9375 40.5
1532256394099848 135.563 -72.125 28.375
1532256394115800 123.75 -61.0625 14.125
1532256394159682 52.75 -47.5 1.375
1532256394175640 35.0625 -44.375 -0.125
1532256394198579 26.8125 -39.125 -2.875
1532256394265400 26.6875 -27.4375 -11.5625
1532256394309282 4.5 -20.8125 -7.8125
1532256394341206 2.5 -2 -11.875
1532256394386077 27.5 8.4375 -6.5625
1532256394437939 8.4375 47.3125 -3.6875
1532256394459879 -16.625 21.375 1.25

1532256394520718 -33.4375 2.0625 -7.5625
1532256394565597 3.125 -3.5 -4.0625
1532256394625459 8.25 -6.125 5.6875
1532256394701234 -6 -4.9375 -3.125
1532256394715197 -9.125 -4.9375 -3.625
1532256394856170 -5.125 -2.8125 -5.1875
1532256394954902 -4.375 -2.375 -2.5625
1532256395021724 -5.25 -0.3125 -0.4375
1532256395060630 -0.25 0.125 0.3125
1532256395090539 0.5625 0.4375 -0.25
1532256395143398 -5.75 -1.125 0.3125
1532256395166338 -3.8125 -2 0.1875
1532256395209222 -4.375 -0.875 -0.6875
1532256395262081 -5.8125 0.8125 0.375
1532256395321922 -3.625 3.5 0.4375
1532256395381760 -3.6875 4.1875 -0.375
1532256395420656 -3.5625 2.375 -0.1875
1532256395503453 -4.1875 1.5 -0.375
1532256395623115 -3.625 1.75 -0.5625
1532256395661021 -0.6875 1.1875 -0.5
1532256395767744 1.375 -1.125 0.1875
1532256395863479 6.0625 -2 -0.75
1532256395931297 1.125 1.4375 0.375
1532256395999116 3.5 -3.75 -3.125
1532256396080449 -0.3125 -5.25 -2.5
1532256396103387 1.4375 -6.0625 -2.0625
1532256396124331 2.0625 -5.6875 -0.9375
1532256396140289 -1.9375 -4.875 -0.4375
1532256396163227 -4.1875 -3.5 -0.625
1532256396186166 -3.875 -2.0625 -1.5
1532256396216086 -1.4375 -0.9375 -1.9375
1532256396254982 1.9375 -1.0625 -0.4375
1532256396312827 -3.9375 -2.8125 1.1875
1532256396343751 1.25 -3.125 1.375
1532256396364689 -2.6875 -1.875 0.625
1532256396386630 -1.5625 0.1875 -0.875
1532256396411572 -0.9375 0.0625 -0.9375
1532256396545206 -1.0625 0.3125 -0.25
1532256396708768 1.625 -0.9375 0.8125
1532256397248383 23.125 1.5 -3.0625
1532256397319194 21.6875 4.3125 6.1875
1532256397548579 -10.8125 56.1875 81.8125
1532256397595458 37.375 53.5 83.1875
1532256397608420 21.6875 14.75 106.188
1532256397768991 -91.8125 -129.875 2.75
1532256397810878 -132.563 -94.1875 -30.375
1532256397828847 -126.875 -62.9375 -42.4375
1532256397908619 -82.75 -15.125 -25.6875
1532256397931555 -84.0625 -1.4375 -30.9375
1532256397956496 -58.5 9.375 -16.4375
1532256398051235 -24.375 0.0625 12.4375
1532256398090131 20.0625 -1.3125 13.25
1532256398128030 11.8125 13.1875 11.1875
1532256398150969 7.5 28.625 15.625
1532256398188883 2.1875 63.125 7.25
1532256398240729 12.8125 87.5 8.3125
1532256398271646 5.4375 114.375 12.4375
1532256398330489 -25.9375 147.313 43.75
1532256398352435 -5.0625 149.188 49.8125
1532256398397311 53.6875 163.313 48.625
1532256398412271 65.125 163.938 45.375
1532256398435210 59.625 160.313 34.375
1532256398465136 44.625 149 23.3125
1532256398503028 42.3125 122.063 16.6875
1532256398541924 53.1875 108.938 6.25
1532256398591790 46.375 27.5 -24.6875
1532256398607748 40.8125 9.125 -24.9375
1532256398668586 34.125 -14 -28.5625
1532256398803231 -8.5625 -69.25 -40
1532256398857081 6.625 -146.438 -70.75
1532256398878025 -2.125 -152.125 -68.3125
1532256398907944 -26.8125 -94.125 -65.625
1532256398930883 -26.6875 -74.875 -65.3125
1532256398951827 -0.125 -57.4375 -55.125
1532256398975763 16.3125 -39.4375 -39.75
1532256398990727 6.375 -24.3125 -25.0625
1532256399019659 -16.125 -10.5625 -10.125
1532256399071508 0.625 6.75 10.9375
1532256399132345 -2.5 17.9375 16
1532256399163270 -4.75 22.8125 20.875
1532256399252025 27.4375 55.875 53.75
1532256399275968 31.0625 59.5625 59.5625
1532256399290926 28.8125 60.4375 66.3125
1532256399387663 4.9375 40.125 71.5625
1532256399410602 -0.25 9.3125 78.5
1532256399454501 -20.25 -17.375 61.9375
1532256399493379 -36.0625 -51.8125 60.25
1532256399514339 -21.75 -67.5 58
1532256399531279 -11.1875 -82 49.1875
1532256399553220 -17.1875 -93.0625 43.375
1532256399574180 -31.4375 -99.5 42.6875
1532256399650971 -41.9375 -120.125 29
1532256399710807 -18.4375 -111.563 18.3125
1532256399814529 -25.5 -69.625 -1.6875
1532256399913256 -0.75 -20.8125 -2.4375
1532256400053897 18.875 70.125 17.0625
1532256400093781 42.6875 87.5625 16.375
1532256400235396 79.8125 92.1875 -42.875
1532256400438854 64.4375 -24 -98.75
1532256400475760 37.3125 -44.625 -87.9375
1532256400520633 11.75 -56.5 -63.0625
1532256400617373 -32.875 -52.375 -20.875
1532256400648291 -34.9375 -47.4375 -18.125
1532256400677221 -25.9375 -32.1875 -3.3125
1532256400716110 -19.3125 -7.4375 3.125
1532256400737054 -15.9375 6.5 6.875
1532256400783929 -6.4375 35.6875 12.375
1532256400820830 13.6875 65.5 21.5
1532256400864720 21.1875 85.6875 35.4375
1532256400916590 14.125 92.625 53.5
1532256400978408 -36.125 76 63.4375
1532256401016308 -21.75 48.375 75.4375
1532256401097091 -15.6875 -13.75 70.3125
1532256401179874 -26.0625 -57.5625 41.375
1532256401195827 -26.0625 -63.9375 38.6875
1532256401223753 -16.0625 -64.75 28.9375
1532256401239725 -6.25 -72.1875 17.25
1532256401261650 -1.125 -77.1875 7.625
1532256401300546 -11 -70.5 13.875
1532256401315507 -23.8125 -61.375 10.4375
1532256401359389 -26.875 -31.8125 6.25
1532256401376344 -32.8125 -22.625 6.1875
1532256401419230 -23 -5.4375 7.1875
1532256401458126 -11 -2.9375 5.9375
1532256401482062 -3.875 -3.125 -5.9375
1532256401503005 7.9375 4.4375 -6.0625
1532256401517966 6.25 12.8125 -2.3125
1532256401564840 -12.25 21.4375 -9.375
1532256401569827 -21.4375 35.125 -16.3125
1532256401615703 -59.375 88.25 -35.0625
1532256401638643 -64.25 111 -44.8125
1532256401675555 -71.125 134.688 -53
1532256401698494 -98.375 147.375 -62
1532256401719426 -124.125 153.438 -65.875
1532256401735384 -129 154 -68.25
1532256401803203 -116.688 141 -80.9375
1532256401855064 -104.625 132.438 -88.9375
1532256401871021 -101.438 126.875 -97.0625
1532256401906926 -125.813 75.3125 -118.938
1532256401938839 -92.125 50.5 -129.438
1532256401959784 -85.375 31.0625 -127.688
1532256401998680 -98.9375 3.25 -133.438
1532256402019624 -89.4375 -7.8125 -122.438
1532256402058520 -77.375 -23.25 -110.313
1532256402095421 -4.9375 -33.625 -78.25
1532256402118359 -4.1875 -34.6875 -66.25
1532256402222083 9.8125 -18.3125 -21.3125
1532256402320827 33.4375 4.3125 26.1875
1532256402501336 146.125 -46.8125 71
1532256402613037 161.188 -106.25 59
1532256402641959 137.938 -91.8125 43.9375
1532256402718759 100.188 -73.8125 -1.0625
1532256402740696 69.375 -66.5 1.9375
1532256402784578 23.9375 -51 5.5625
1532256402821480 29.4375 -35.5625 -1
1532256402861377 15.875 -22.125 2.3125
1532256402897276 -7.9375 -3.5 2.375
1532256402958115 15.4375 -5.1875 2.8125
1532256403068818 17.25 12.375 -6.8125
1532256403106717 -34.875 4.9375 12.375

1532256403128658 -58.875 -7.125 4.6875
1532256403173538 7.375 -3.9375 -0.5
1532256403214433 -3.25 -10.125 2.3125
1532256403235373 -1.3125 -12.5 1.75
1532256403263298 8.75 -11.5625 1.6875
1532256403309190 7 -10.5625 -3.375
1532256403422887 2.4375 -11.9375 -5.8125
1532256403467767 5 -16.5625 -4.0625
1532256403526609 11.875 -21.625 -3.5
1532256403586449 8.4375 -20.0625 -0.5
1532256403646289 18.25 -12.1875 1.9375
1532256403706129 -0.875 1.5625 2.0625
1532256403745041 -4.1875 8.3125 2.5625
1532256403788907 -6.3125 12.1875 1.9375
1532256403813849 -5.0625 11.4375 0.625
1532256403848748 -7.25 8.4375 -0.6875
1532256403968428 2.1875 3.0625 -3.6875
1532256404040236 -5.25 -3 -1.1875
1532256404148944 1.9375 -3.5625 2.0625
1532256404208785 1.625 -2.8125 1.5625
1532256404256657 3.25 -0.3125 1.875
1532256404286577 1.9375 4.8125 0.75
1532256404426203 -10.5 2.875 1.875
1532256404459116 -16.5625 -1 15.0625
1532256404659637 27.5 74.6875 87.75
1532256404688559 20.6875 62 92.4375
1532256404727459 -7.75 6.8125 118.188
1532256404765353 -13.4375 -15.1875 107.188
1532256404787296 7.3125 -50.375 69.0625
1532256404809237 -0.8125 -74.8125 56.625
1532256404849130 -71.625 -119.938 39.375
1532256404907973 -115.5 -117.75 4.5
1532256404946868 -69.5 -69.125 -20.125
1532256405006709 -95.1875 -17.6875 -36.375
1532256405048596 -68.8125 52.4375 -40.125
1532256405066549 -40 50.25 -28.4375
1532256405108437 -57.5625 4.5625 -13.625
1532256405162307 33.125 -6.875 -15.5625
1532256405201188 59.4375 7.125 -2.6875
1532256405246069 -61.5625 -0.1875 17.6875
1532256405288954 -35.5625 69.5 17.5
1532256405365760 7.4375 155.625 46.875
1532256405425591 5.5625 181.875 61.5
1532256405448527 26.875 179.938 55.1875
1532256405470468 49.6875 178 42.5625
1532256405508367 63.5 151.625 22.625
1532256405529311 62.25 131.813 16.125
1532256405546266 56.4375 106.563 10
1532256405589151 46.375 58.375 -12.125
1532256405628047 33.1875 4.25 -22.125
1532256405681905 29 -18 -21.9375
1532256405719802 52.125 -49 -38.9375
1532256405776650 25.3125 -73.125 -44.5
1532256405913284 -7.3125 -73.875 -54.25
1532256405987086 -19.25 -83.5625 -57.5625
1532256406019999 76.8125 -50.625 -64.6875
1532256406091807 -19 9.125 9.4375
1532256406151656 -9.9375 24.8125 34.375
1532256406175583 -15.1875 35.1875 43.125
1532256406219466 -18.5625 46.9375 60.1875
1532256406355103 36.5625 67.375 75.0625
1532256406468799 -36.4375 -13.1875 65.125
1532256406490756 -19.5625 -59.4375 44.5
1532256406519663 -30.6875 -78.125 42.9375
1532256406558559 -69.375 -120.875 43.75
1532256406588478 -72.75 -140.75 35.125
1532256406632361 -68 -141.375 13.3125
1532256406647322 -55.6875 -145.375 1.0625
1532256406692201 -21.3125 -129 -0.4375
1532256406708159 -14.5 -117.813 -2.75
1532256406829834 4 -66.5 6.625
1532256406873716 23.875 13.25 8.75
1532256406910617 31.875 38.5 3.25
1532256406947518 38 58.625 2.5625
1532256407001382 52.375 74.5 -6.3125
1532256407074179 70.0625 84.625 -27.875
1532256407180895 86.75 57 -75.0625
1532256407261679 66.125 3.25 -98.5
1532256407413273 -36.125 -69.3125 -51.5
1532256407434225 -51.5 -69.75 -39.9375
1532256407451172 -59.75 -69.9375 -30
1532256407494058 -59.625 -68 -18.0625
1532256407511011 -55.625 -60.0625 -7.9375
1532256407569864 -34.125 -14.3125 15.9375
1532256407621716 -3.5 30.3125 22
1532256407630692 8.625 50.625 25.75
1532256407674575 28 85 34
1532256407690531 38.875 102.375 37.375
1532256407796249 49.25 144.688 54
1532256407856089 22.6875 106.125 59.375
1532256407915929 -30 44.625 77.125
1532256407975769 46.875 -23.9375 39
1532256407998708 52.3125 -44.25 28.625
1532256408035612 -17.5625 -85.6875 31.4375
1532256408073509 -44.4375 -110.313 2
1532256408095449 -46.125 -114.813 -9.8125
1532256408133348 -39.6875 -120.688 -9.5625
1532256408177230 -1.25 -88.25 -13.3125
1532256408245059 -19.0625 -51.125 4.6875
1532256408296910 -37.8125 -19.75 -9.0625
1532256408356751 -29.875 -1.125 -4.9375
1532256408395646 -22.375 12.5625 -7.5625
1532256408418585 -41.6875 21.5 -8.25
1532256408463465 -18.8125 57.9375 -21.375
1532256408507354 -64 92.3125 -32.3125
1532256408537268 -90.875 124.188 -40.625
1532256408597108 -133.438 139.125 -64.9375
1532256408613065 -145.063 142.5 -67.3125
1532256408636004 -144.188 144.375 -68.3125
1532256408656948 -139.25 139.688 -74
1532256408672905 -135.063 131.25 -81.625
1532256408697838 -137.313 120.938 -88.25
1532256408716795 -133.063 109.5 -81.25
1532256408746707 -122.188 97.375 -79.4375
1532256408785608 -115.063 69.1875 -99.6875
1532256408800580 -113.5 57.5 -103.563
1532256408852426 -76.8125 17.125 -113.063
1532256408883342 -80.125 3.75 -113
1532256408899300 -68.6875 -5.875 -107.188
1532256408927225 -56.4375 -14.9375 -97.875
1532256408981081 -27 -38.375 -89.375
1532256409019977 -17.0625 -42.375 -66.25
1532256409055880 -15.4375 -32.0625 -44.1875
1532256409159604 27.1875 -12 12.6875
1532256409228421 21.6875 5.8125 34.875
1532256409258340 52.9375 8.1875 46.25
1532256409303219 44.8125 8.5625 52.1875
1532256409386010 129.188 -5.4375 56.75
1532256409459801 124.875 -36.3125 79.0625
1532256409474761 146.75 -54.375 70.5
1532256409526622 203.563 -79.25 66
1532256409550557 196.375 -92.0625 66.125
1532256409587461 149.75 -83.25 46.8125
1532256409618394 74.625 -90.25 30.75
1532256409639321 64.875 -95.0625 22.3125
1532256409678216 66.9375 -94.6875 2.375
1532256409701157 76.5 -86.875 -8.125
1532256409715134 73.375 -74.75 -5.375
1532256409738071 45.6875 -62.875 0.5625
1532256409765982 0.25 -43.1875 2.125
1532256409804898 19.125 -26.0625 -6.25
1532256409833833 30.875 -19.625 -2.9375
1532256409902637 5 -1.0625 3.125
1532256409923580 4.1875 1.5 5.0625
1532256409962482 -5.3125 -3.25 4.6875
1532256410014338 42.4375 12.5 -10.8125
1532256410113073 -54 8.5625 6.1875

1532256410174908 -38.875 -20.0625 17.875
1532256410185882 5.25 -3.625 9.875
1532256410253697 10 -9.0625 5.3125
1532256410412273 -10.625 -0.5625 -4.0625
1532256410523984 -2.6875 -7.875 -2.625
1532256410562885 0.75 -6.125 -5.125
1532256410623723 -2.375 -4.5625 -0.4375
1532256410675584 -3.25 -2.25 -1.0625
1532256410720464 -5.5625 -2.75 0.6875
1532256410726448 -4.4375 -2.125 -1.625
1532256410789280 43.9375 9.0625 0.125
1532256410824187 24 14.375 0.5625
1532256410846127 13.0625 3.75 -7.0625
1532256410872059 -15.625 3.4375 -5.375
1532256410916611 -2.125 -15.625 15.125
1532256410951516 -76.875 -7.9375 18.5
1532256410988416 6.875 27.6875 24.25
1532256411029306 34.375 26.75 69.25
1532256411066208 -37.5625 47.125 75.25
1532256411086155 -12.3125 51.625 74.5
1532256411104107 17.3125 54.1875 67.625
1532256411124055 2.5625 42.75 72.75
1532256411147989 -36.375 17.375 83.75
1532256411183901 0.6875 -24.0625 94.8125
1532256411213813 -7.4375 -48 77.6875
1532256411231766 -15 -65.625 59.9375
1532256411273654 -14.4375 -92.0625 42.3125
1532256411284629 -34.125 -96.1875 5.625
1532256411425248 -75.1875 -83.9375 -12.625
1532256411485088 -48.625 31.3125 -30.75
1532256411703504 25.5 45.75 15.875
1532256411905963 30.625 183.125 52.0625
1532256411926907 51.625 175.875 42.1875
1532256411942864 58.5 161.875 31.375
1532256411986746 51.125 129.875 24.4375
1532256412025649 51 90.9375 13.3125
1532256412048582 58.125 72.1875 2.5625
1532256412084485 62.4375 55.1875 -9.9375
1532256412099445 63.625 35.625 -20.9375
1532256412118395 61.4375 13.1875 -28.1875
1532256412191200 42.1875 -27.3125 -35.125
1532256412319856 5.8125 -111.375 -60.625
1532256412341797 -15.1875 -110.438 -64.4375
1532256412369723 -21.3125 -108.188 -61
1532256412417595 -22.5625 -88.75 -49.8125
1532256412436544 24.375 -24.5 -24.625
1532256412469456 -15.0625 -1.3125 -3.625
1532256412506357 -15.4375 0.1875 5.1875
1532256412566197 -18.375 -2.75 11.9375
1532256412609082 12.125 4.1875 13.125
1532256412688869 4.3125 53.1875 48.5625
1532256412708815 27.0625 76.3125 58.4375
1532256412729772 16.375 84.5625 62.8125
1532256412768656 18.4375 82 80.75
1532256412805557 28.75 60.125 77.25
1532256412850439 20.375 35.0625 72.3125
1532256412954160 -55.5 -69.875 50.0625
1532256413008016 -56.9375 -135.375 42.9375
1532256413029957 -55.5 -142.938 24.6875
1532256413068854 -52.375 -160.313 19.9375
1532256413105754 -71.6875 -154.938 16.75
1532256413188533 -33.5625 -101.625 1.4375
1532256413368052 -15.5 13 4.0625
1532256413449834 23.0625 51.1875 2.5625
1532256413691189 97.375 49.375 -72.4375
1532256413751029 87.4375 24.25 -98.4375
1532256413839791 42.9375 -25.6875 -100.313
1532256413870721 26.75 -44.4375 -91.5
1532256413908607 3.1875 -54.8125 -80.0625
1532256413974435 -28.6875 -58.5 -64.625
1532256414019311 -49.125 -59.9375 -44.3125
1532256414075162 -33.375 -53.875 -19.4375
1532256414111066 -36.4375 -37.5 2.125
1532256414132009 -27.625 -26.375 12
1532256414170906 -10.875 5.5 25
1532256414191850 -10.5625 18.25 27.9375
1532256414259669 12.3125 78.375 47.875
1532256414311530 31 118.125 50.875
1532256414357412 31.75 125.813 58.125
1532256414471103 -23.125 60.4375 81.5625
1532256414635676 -16.3125 -67.375 27.25
1532256414694506 -1.125 -74.25 -4.1875
1532256414756357 -45.0625 -47 4.125
1532256414771300 -46.8125 -34.6875 -2.25
1532256414801221 -36.6875 -25.8125 -3.125
1532256414837124 -28.4375 -21.625 -2.0625
1532256414876020 -45.4375 -22.1875 -4.125
1532256414912922 -26.0625 -20.375 1.125
1532256414973759 11.1875 -0.0625 -1.4375
1532256414994703 20.6875 9.5 -1.8125
1532256415033599 -19.8125 39.5 -10.9375
1532256415054543 -38.25 54.9375 -16.125
1532256415116379 -46.625 95.8125 -47
1532256415167242 -97.75 112.125 -55.1875
1532256415182201 -141.563 120.063 -62.9375
1532256415257999 -126.875 118.25 -87.75
1532256415294899 -138.875 100.438 -87.0625
1532256415333797 -152.25 78.375 -91.625
1532256415393637 -123.813 51.5625 -107.125
1532256415439527 -115.313 37.875 -110
1532256415444500 -112.688 25.4375 -108.938
1532256415483396 -77.5 -2.375 -98.4375
1532256415497358 -83.5625 -9.75 -92.9375
1532256415557199 6.1875 -37.5625 -72.125
1532256415676878 0 -13.8125 -13.5625
1532256415738713 34 5 -0.875
1532256415837452 62.875 11.125 24.0625
1532256415933194 145.188 -31.5625 62.25
1532256415979095 218.625 -82.1875 71.75
1532256416015990 228.875 -121.625 94.4375
1532256416038910 215.563 -120.5 68.5
1532256416060865 187.063 -99.875 30.75
1532256416096756 119.313 -95.25 42.6875
1532256416112714 114.938 -93.875 33.5625
1532256416135652 104.375 -77.6875 1.75
1532256416156596 86 -64.75 -12.25
1532256416203471 67.875 -63.9375 -4.3125
1532256416233390 35.125 -57.75 -5.625
1532256416346090 105.063 11.75 -9.875
1532256416376008 28.8125 45.25 11.9375
1532256416442831 -91.9375 5.3125 -0.4375

1532256416466767 -47.4375 31.8125 -1.75
1532256416533588 -0.875 7.5 16.5
1532256416573481 -4.75 13.3125 6
1532256416594436 -6.75 10.875 8.625
1532256416681193 -27.625 13.875 -5.5625
1532256416773946 -13.4375 4.5625 -1.3125
1532256416833785 -1 4.1875 3.625
1532256416891631 -7.9375 1.125 4.875
1532256416943492 -6.75 0.5625 0.125
1532256416981390 -7.4375 1.75 0.4375
1532256417012308 -3.625 0.75 0.75
1532256417044223 -5.625 1 -0.5
1532256417067161 -12 1.6875 -3.5625
1532256417096084 -13.375 1.5 -2.0625
1532256417140974 -9.1875 1.5 -0.375
1532256417149939 -4.0625 1.6875 0.25
1532256417199807 -6.5 0.625 -0.1875
1532256417221763 -5.75 0.75 0.0625
1532256417251667 -3.875 0.625 0.3125
1532256417281587 -0.375 -0.625 0.6875
1532256417413236 -1.25 -2.1875 1.5
1532256417431188 -1.0625 -1.4375 1.875
1532256417523939 -2.0625 -2 2.25
1532256417561838 -1.5625 -2.375 1.75
1532256417611705 -0.9375 -2.1875 1.875
1532256417663572 -2.75 -2 0.125
1532256417741365 -4.1875 -1.875 -0.375
1532256417802203 -0.25 0.25 1.125
1532256417821151 -0.375 1.25 1.0625
1532256417854063 -2.375 1.9375 1.3125
1532256417862042 -2.1875 3.0625 1.5
1532256417903944 -1.875 2.5625 -0.375
1532256417921896 -3.9375 2.75 -0.1875
1532256417942840 -3.6875 2.6875 0.0625
1532256417966776 -3.125 3.0625 -0.625
1532256418002680 -2.1875 2.5 -0.375
1532256418041578 -2.5625 -0.5625 -2
1532256418062520 -5.0625 -0.3125 -1.1875
1532256418101416 -1.125 -0.8125 -0.625
1532256418153277 1.625 -0.625 0.4375
1532256418197159 -0.3125 -0.4375 1.375
1532256418226084 2.4375 0.3125 3.25
1532256418244042 6.3125 -1 4
1532256418281934 10.25 -3.0625 1.1875
1532256418303888 5.9375 -3.3125 -0.9375
1532256418323822 1.8125 -2.625 -1.375
1532256418364720 -4.0625 -2.5 -3.125
1532256418383661 -4.5625 -0.4375 -3.5
1532256418451480 -1.75 -1.375 -5.625
1532256418490391 -0.3125 -1.125 -5.875
1532256418503356 0.6875 -4.4375 -4.8125
1532256418544261 14 -6.8125 -3.5625
1532256418564193 30.875 -6.125 3.4375
1532256418632011 35.5625 -4.6875 -29.3125
1532256418663927 -21.1875 -9.8125 -12.9375
1532256418740721 -33.125 -10.5625 -2.375
1532256418745708 -22.625 -14.6875 0.3125
1532256418864390 0.1875 24 50.25
1532256418881346 -18.1875 21.125 106.063
1532256418947169 25 45.6875 71.3125
1532256418984071 36.5625 -1.0625 88.4375
1532256419000046 15.4375 -26.3125 106.5
1532256419022967 -39.0625 -50.9375 100.875
1532256419044908 -37.875 -72.9375 80.0625
1532256419089788 14.9375 -103.688 59.9375
1532256419120717 -36.25 -130.938 16.3125
1532256419165598 -87.8125 -112.188 -8.0625
1532256419225425 -75.5625 -60.75 -34.875
1532256419286263 -56.5625 -23.3125 -27.4375
1532256419346103 -44.5625 20.6875 -20.3125
1532256419383004 -43.5 13.6875 -15.625
1532256419412924 -54.0625 7.4375 -11.5625
1532256419554544 8.875 27.125 21.25
1532256419585462 -11.4375 75.9375 16.625
1532256419728092 32.8125 206.313 70.9375
1532256419743041 62.9375 201.688 62.5
1532256419765996 86.25 195.688 47.9375
1532256419786924 92.8125 188.75 33.3125
1532256419816844 93.75 175.25 22.9375
1532256419832801 86.4375 154.813 18.9375
1532256419924559 41.5 79.75 -10.1875
1532256419967454 12.875 -27.125 -35.625
1532256420027281 64.9375 -78.5625 -56
1532256420072161 -13.5 -96.5625 -57.4375
1532256420112055 -15.3125 -109.313 -63.25
1532256420140976 -17.5625 -109.938 -55.1875
1532256420185856 102.188 -133.375 -80.4375
1532256420208806 105.688 -123.875 -65.625
1532256420229740 19.875 -91.8125 -50.375
1532256420305537 11.625 -12.75 -28.5
1532256420328475 -19.375 -0.9375 -11.5
1532256420366374 -31.625 7.3125 2.9375
1532256420397292 -7.625 18.3125 20.4375
1532256420426214 14.5625 38.0625 42.625
1532256420488065 20.875 46.4375 53.625
1532256420529937 58.125 66.6875 78.3125
1532256420583793 38.4375 59.0625 85.0625
1532256420665575 -8.6875 -28.9375 81.5
1532256420734402 17.25 -72.0625 79.5
1532256420739377 5.6875 -88.625 68.625
1532256420786252 -52.5625 -111.313 59.1875
1532256420829136 -44.0625 -122.25 33.875
1532256420868045 -49.875 -108.313 19.6875
1532256420889977 -40.0625 -106.375 21.9375
1532256420928877 -17.4375 -90.25 8.75
1532256420956795 -16.5625 -82.625 7
1532256421025612 -24.8125 -64.3125 -1.1875
1532256421070491 -0.1875 -44.6875 1.75
1532256421174214 6.1875 17.8125 2.375
1532256421228072 28.9375 61.8125 -4.25
1532256421331793 51.75 92.8125 -26.4375
1532256421370688 59 90.625 -45.5
1532256421408587 71.625 83.375 -62
1532256421438507 80.25 74.5625 -69.1875
1532256421497350 82.0625 47.875 -95
1532256421631990 20.25 -20.1875 -84.625
1532256421670897 9.25 -33.75 -74.125
1532256421738705 -31.8125 -50.0625 -52.625
1532256421859382 -42.625 -57.5625 -29.5
1532256421887307 -27.5625 -35.4375 20.625
1532256421911243 -22.75 -19.9375 25.3125
1532256421932186 -14 0.375 28.625
1532256421992027 11.125 60.3125 38.9375
1532256422015963 22.8125 77.1875 45.75
1532256422060867 30.25 97.4375 52.5
1532256422119692 7 96.6875 77.0625
1532256422233388 7.3125 11.875 76.5625
1532256422314172 11.875 -16.3125 54.8125
1532256422434857 -18.3125 -61 3.5625
1532256422480730 -35.4375 -52.4375 -13.375
1532256422494689 -42.625 -37.375 -15.3125
1532256422518625 -49.3125 -18.5625 -8.875
1532256422549542 -50.375 -4.8125 -3.5
1532256422570486 -30.25 10 -1.875
1532256422593425 -13.9375 15 -1.9375
1532256422638305 -13.1875 18 -0.375
1532256422676204 -35.25 23.9375 -16
1532256422714102 -49.375 53.5625 -38
1532256422734050 -48.75 64.375 -47
1532256422772944 -93.125 76.4375 -71.75
1532256422809845 -142.063 96.25 -82.5625
1532256422833783 -156.625 101 -80.5625
1532256422902598 -159.938 114.75 -101.25
1532256422906588 -160 114.25 -108.438
1532256422940497 -143.813 104.625 -99.75
1532256422959446 -118.938 82.0625 -93.6875
1532256422982385 -128.375 72.3125 -95.5
1532256423021281 -101.063 44.25 -95.9375
1532256423042225 -98.9375 37.8125 -100.875
1532256423073143 -93.625 15.3125 -113.563
1532256423119019 -76.9375 -1.1875 -100.063
1532256423148954 -84.5625 -15.875 -88
1532256423163918 -64.8125 -21.75 -79.1875
1532256423186838 -36 -24.375 -69.8125
1532256423300535 -3.5 -10.6875 -12.8125
1532256423401265 9.8125 6.3125 11.1875
1532256423439164 32.375 7 18.75
1532256423598737 163.938 -23 80.5625
1532256423618684 164.5 -33.75 81
1532256423641623 184.688 -58.0625 81.0625
1532256423678523 211.188 -112.938 80.1875
1532256423704454 197.688 -121.688 71.375
1532256423746353 175.313 -100.125 24.5
1532256423779254 114.75 -74.75 16.625
1532256423821142 53.125 -45.375 18.25
1532256423839094 50.9375 -34.25 10.3125
1532256423859040 54 -24.375 0.6875
1532256423880982 51.4375 -19.0625 -0.1875
1532256423918890 31.9375 -14.6875 8.6875
1532256423956779 27.4375 -13.125 8.375
1532256424049531 51.25 -16.0625 0.1875
1532256424071473 52.75 -12.375 -2.125
1532256424121339 7.1875 -6.125 -7.125
1532256424139291 12.875 45.4375 17.8125
1532256424160235 3.75 56.3125 20.4375
1532256424181179 -16.125 27.625 35.25
