1532261051356188 0.334473 0.191406 0.966797
1532261051375137 0.345703 0.208496 0.941406
1532261051398075 0.347168 0.219727 0.934082
1532261051421014 0.341309 0.202148 0.942383
1532261051485840 0.342285 0.191895 0.976563
1532261051573606 0.356445 0.189941 0.956543
1532261051633446 0.347168 0.216309 0.952637
1532261051693302 0.348633 0.213379 0.963379
1532261051762118 0.345703 0.203613 0.980469
1532261051822955 0.340332 0.20166 0.96875
1532261051858859 0.351074 0.203613 0.95459
1532261051903767 0.356934 0.209473 0.951172
1532261051972590 0.356934 0.203613 0.958984
1532261052125174 0.36084 0.200684 0.95752
1532261052131158 0.356934 0.189453 0.963379
1532261052158086 0.346191 0.188477 0.962402
1532261052203963 0.333496 0.203125 0.952637
1532261052297713 0.359863 0.20752 0.962891
1532261052402432 0.35498 0.205078 0.961914
1532261052424390 0.353516 0.193359 0.964355
1532261052468271 0.353027 0.192871 0.972656
1532261052485227 0.334961 0.191895 0.966309
1532261052672777 0.352051 0.192383 0.955566
1532261052693709 0.345215 0.188477 0.990234
1532261052740589 0.346191 0.174316 0.987305
1532261052805416 0.349609 0.179688 0.972168
1532261052874232 0.364746 0.18457 0.958496
1532261052893180 0.371094 0.184082 0.964355
1532261052956032 0.370117 0.118652 1.09668
1532261052970972 0.523926 0.0400391 1.01025
1532261053020840 0.469238 0.216797 1.33057
1532261053090653 0.291016 0.0771484 1.33789
1532261053167447 -0.360352 0.189453 1.21387
1532261053193378 -0.12793 0.160156 0.839355
1532261053210333 -0.0693359 0.258789 0.718262
1532261053254215 0.0385742 0.378906 0.696777
1532261053359932 0.0532227 0.118652 0.807129
1532261053434732 0.102051 0.0185547 0.992188
1532261053449693 0.0991211 0.0126953 1.02393
1532261053472633 0.0961914 -0.0117188 1.03564
1532261053509532 0.137207 -0.000976563 1.11279
1532261053615250 0.0556641 0.0371094 1.14111
1532261053629213 0.0864258 0.0375977 1.15527
1532261053654146 0.0927734 0.00585938 1.14355
1532261053690049 0.0322266 0.0722656 1.09961
1532261053727949 0.0712891 0.0976563 1.09912
1532261053734930 0.090332 0.059082 1.14551
1532261053763853 0.0585938 0.0800781 1.17383
1532261053773832 0.197754 0.907715 0.349609
1532261053794770 -1.12793 -1.9043 -0.601563
1532261053832677 -0.353516 0.0600586 0.844238
1532261053891510 -0.0185547 0.0249023 1.27832
1532261053915461 0.185059 0.0361328 1.15088
1532261053984264 -0.0693359 -0.0644531 1.1792
1532261053998226 -0.0078125 -0.0131836 1.15186
1532261054049090 -0.00439453 0.0634766 1.02881
1532261054094967 0.09375 0.138672 0.80127
1532261054115911 0.0737305 0.168457 0.791504
1532261054154814 0.122559 0.360352 0.822754
1532261054193703 -0.0175781 0.300781 0.781738
1532261054328344 -0.290527 -0.219238 0.884766
1532261054426082 0.135742 0.0166016 1.23486
1532261054620561 0.429688 0.22168 1.10693
1532261054661452 0.195313 0.034668 0.911621
1532261054671425 0.296875 0.229492 0.830078
1532261054773154 0.866699 0.447266 1.41602
1532261054862913 0.884766 0.419922 1.29492
1532261055192033 0.33252 0.192383 0.941406
1532261055242898 0.352539 0.238281 0.895996
1532261055280796 0.288086 0.210449 1.04297
1532261055453334 0.29248 0.182617 1.00977
1532261055496220 0.312012 0.233398 0.988281
1532261055535120 0.284668 0.270996 0.956055
1532261055558054 0.291016 0.257324 0.946777
1532261055626871 0.297363 0.262695 0.942383
1532261055654796 0.298828 0.266113 0.945313
1532261055693694 0.307129 0.253906 0.972168
1532261055715633 0.305664 0.260254 0.973633
1532261055737574 0.287109 0.249023 0.995605
1532261055767495 0.282715 0.25293 0.996582
1532261055790471 0.282227 0.258301 1.00342
1532261055863239 0.286621 0.267578 0.990234
1532261055905126 0.294434 0.274902 0.992188
1532261055948053 0.299316 0.288574 0.996094
1532261055977933 0.29541 0.26709 0.978516
1532261056051734 0.339355 0.247559 0.976563
1532261056068689 0.339844 0.23291 0.976563
1532261056136509 0.308105 0.246094 0.941406
1532261056158449 0.305664 0.260254 0.94873
1532261056228262 0.331055 0.181152 0.984375
1532261056249206 0.341309 0.171875 0.977539
1532261056269153 0.339844 0.171875 0.970215
1532261056317025 0.359375 0.182129 0.967773
1532261056328994 0.372559 0.178223 0.953125
1532261056405788 0.35791 0.185059 0.930176
1532261056503526 0.362793 0.190918 0.925293
1532261056525468 0.369141 0.188477 0.922852
1532261056564364 0.361816 0.174805 0.938965
1532261056585308 0.324219 0.14502 0.978027
1532261056624204 0.32373 0.146484 0.980469
1532261056646144 0.32666 0.159668 0.992676
1532261056842620 0.318848 0.122559 0.982422
1532261056855585 0.333008 0.126953 0.977539
1532261056922407 -0.330078 0.0224609 0.788574
1532261057064028 0.652344 0.13916 1.34961
1532261057112897 0.947754 0.363281 1.11523
1532261057130849 0.32373 0.197754 0.991211
1532261057153787 0.336914 0.181641 1.00244
1532261057162764 0.342285 0.161621 1.00586
1532261057229585 0.356934 0.141602 0.967285
1532261057386165 0.358887 0.149414 0.961914
1532261057413095 0.342285 0.157227 0.963379
1532261057458972 0.34082 0.180176 0.942871
1532261057480913 0.344238 0.180176 0.976563
1532261057486897 0.331055 0.175293 0.992676
1532261057522801 0.35498 0.15918 1.01807
1532261057570672 0.351074 0.128906 0.998535
1532261057651480 0.341797 0.120605 0.98877
1532261057710337 0.340332 0.140625 0.97998
1532261057731281 0.32959 0.193359 0.941895
1532261057779153 0.330566 0.192383 0.947754
1532261057826028 0.321777 0.179688 0.989258
1532261057848967 0.341797 0.135254 0.999512
1532261057868916 0.332031 0.131836 0.98291
1532261057951705 0.335449 0.158203 0.97998
1532261057965654 0.331543 0.182129 0.976563
1532261058012529 0.341309 0.189941 0.958008
1532261058101292 0.299316 0.172852 0.976563
1532261058166118 0.331055 0.149902 0.966309
1532261058214988 0.331543 0.150879 0.958008
1532261058236929 0.336914 0.174805 0.967285
1532261058287813 0.31543 0.195313 1.00098
1532261058333671 0.321777 0.18457 0.996582
1532261058355612 0.325684 0.177246 0.98584
1532261058377553 0.320313 0.192383 0.962402
1532261058401489 0.310547 0.200684 0.965332
1532261058512194 0.32373 0.183594 0.974121
1532261058587997 0.336914 0.178223 0.966309
1532261058609938 0.336426 0.171387 0.979004
1532261058655815 0.344727 0.169434 0.98877
1532261058723650 0.350586 0.165527 0.98584
1532261058781496 0.342285 0.159668 0.982422
1532261058827385 0.337891 0.164551 0.976563
1532261058935086 0.355957 0.177734 0.961426

1532261059032824 0.355957 0.17041 0.962891
1532261059100649 0.367188 0.147461 0.954102
1532261059145522 0.337891 0.169922 0.969727
1532261059256227 0.358398 0.172363 0.967773
1532261059299112 0.353516 0.173828 0.953125
1532261059324045 0.348145 0.165527 0.953613
1532261059375907 0.342285 0.168457 0.987305
1532261059418026 0.354492 0.174316 0.985352
1532261059541695 0.356934 0.177246 0.964844
1532261059600538 0.356934 0.177734 0.964355
1532261059637440 0.348145 0.183105 0.964844
1532261059676335 0.332031 0.180664 0.975098
1532261059727199 0.335449 0.185059 0.98291
1532261059766096 0.340332 0.172363 0.96875
1532261059834911 0.347168 0.172363 0.959473
1532261059855856 0.34668 0.174316 0.96582
1532261059884777 0.334473 0.186035 0.960938
1532261059908714 0.339844 0.187988 0.973633
1532261059953594 0.337402 0.186035 0.972656
1532261060048341 0.344238 0.180664 0.976074
1532261060075269 0.347656 0.178223 0.975098
1532261060155056 0.352539 0.178223 0.96875
1532261060229855 0.345703 0.175781 0.966797
1532261060297674 0.336914 0.178223 0.963379
1532261060319616 0.34082 0.188477 0.962402
1532261060435306 0.339355 0.195801 0.958984
1532261060448275 0.338867 0.190918 0.961914
1532261060470213 0.34668 0.181152 0.967773
1532261060507114 0.344727 0.185547 0.969238
1532261060603854 0.356934 0.196289 0.96875
1532261060711568 0.355957 0.183105 0.968262
1532261060732512 0.333984 0.170898 0.978516
1532261060809308 0.341309 0.182617 0.977051
1532261060861167 0.352539 0.182617 0.968262
1532261060920010 0.354004 0.175293 0.961914
1532261060967882 0.36084 0.171387 0.950195
1532261061173349 0.358398 0.188965 0.956055
1532261061265087 0.351074 0.187012 0.950684
1532261061283039 0.354004 0.178711 0.949219
1532261061302985 0.351074 0.181641 0.964355
1532261061521419 0.345215 0.179199 0.964844
1532261061795668 0.364746 0.150879 1.02637
1532261061910361 0.34668 0.127441 1.28662
1532261061956241 -0.179199 0.116211 1.09326
1532261062066943 0.0961914 0.336914 0.777344
1532261062104843 0.0952148 0.260254 0.79541
1532261062113818 0.0996094 0.166016 0.799805
1532261062134761 0.138672 0.138672 0.806641
1532261062171663 0.173828 0.259277 0.861328
1532261062285359 0.12207 0.159668 1.04004
1532261062375125 0.135742 0.158691 1.06885
1532261062494799 0.0854492 0.147949 1.0625
1532261062533695 0.0537109 0.180664 1.0293
1532261062600516 0.0561523 0.238281 1.03125
1532261062629440 0.153809 0.196777 1.07471
1532261062741140 -0.00146484 0.102539 1.20801
1532261062795993 0.0722656 0.0537109 1.15186
1532261062818937 0.0600586 0.180664 1.09375
1532261062878784 0.0551758 0.173828 1.021
1532261062905701 0.0380859 0.194824 0.976563
1532261062951577 0.0644531 0.197266 0.946777
1532261062999449 0.124512 0.118652 0.924316
1532261063026377 0.208984 0.0507813 0.930176
1532261063063278 0.258789 0.12793 0.90625
1532261063096205 0.189453 0.357422 0.917969
1532261063118132 0.081543 0.439941 0.90625
1532261063223849 -0.129883 0.323242 0.89502
1532261063245790 -0.238281 0.205078 0.854492
1532261063268729 0.182129 -0.00732422 1.21143
1532261063305631 0.0654297 0.208984 1.06055
1532261063371454 0.120605 0.0136719 1.13672
1532261063463209 0.229492 0.074707 1.06396
1532261063523049 0.538086 0.308594 1.19043
1532261063718529 0.427734 0.146484 1.01465
1532261063780388 0.352051 0.0732422 1.03516
1532261063793346 0.294922 0.180664 1.02783
1532261063800327 0.268555 0.176758 1.03223
1532261063884103 0.27832 0.198242 1.00977
1532261064068609 0.290039 0.214355 0.989258
1532261064122466 0.322266 0.203125 0.953613
1532261064214220 0.214844 0.125488 1.06006
1532261064228182 0.202148 0.143555 1.05225
1532261064275057 0.260742 0.228516 1.00049
1532261064297996 0.27832 0.255859 0.984863
1532261064334898 0.30127 0.277832 0.96582
1532261064393748 0.327148 0.210938 0.922852
1532261064415681 0.328125 0.229492 0.921875
1532261064505441 0.312012 0.251953 0.916504
1532261064526385 0.288574 0.245117 0.931152
1532261064596199 0.265625 0.22998 0.94043
1532261064609164 0.219238 0.215332 1.02539
1532261064635095 0.215332 0.115723 1.07959
1532261064671996 0.216797 0.111328 1.06885
1532261064692940 0.229004 0.131348 1.04883
1532261064738817 0.277344 0.220703 1.00391
1532261064805639 0.287109 0.244629 0.986328
1532261064852513 0.310547 0.265137 0.95166
1532261064889418 0.304688 0.239258 0.956543
1532261064911361 0.288574 0.235352 0.966309
1532261064956236 0.284668 0.181152 1.00928
1532261064972194 0.296387 0.160645 1.01172
1532261065023057 0.298828 0.146973 0.98584
1532261065045996 0.307129 0.140137 0.997559
1532261065128774 0.32666 0.137207 0.994141
1532261065165676 0.334961 0.147461 0.981934
1532261065209558 0.350586 0.161621 0.95166
1532261065224518 0.344727 0.168945 0.940918
1532261065337217 0.348145 0.185547 0.948242
1532261065360156 0.34668 0.150879 0.945801
1532261065427974 0.337891 0.125488 0.93457
1532261065443931 0.327637 0.128906 0.961914
1532261065502775 0.337402 0.13623 1.02002
1532261065524716 0.333984 0.145508 1.01367
1532261065545660 0.324219 0.156738 1.00293
1532261065592535 0.330566 0.171387 0.980957
1532261065637414 0.339355 0.173828 0.971191
1532261065660353 0.34668 0.183105 0.964844
1532261065706230 0.35498 0.18457 0.948242
1532261065780033 0.336426 0.196289 0.974609
1532261065802972 0.327148 0.191895 0.976074
1532261065892731 0.322754 0.136719 0.987793
1532261065983488 0.361328 0.146484 0.970215
1532261066045323 0.328125 0.185059 0.960938
1532261066237809 0.325195 0.173828 0.980469
1532261066313606 0.346191 0.168945 0.955078
1532261066357489 0.345215 0.17627 0.966797
1532261066471184 0.314453 0.146484 0.997559
1532261066515084 0.327148 0.12793 0.980957
1532261066552966 0.347656 0.166016 0.963379
1532261066724507 0.302246 0.135254 1.02783
1532261066815265 0.310547 0.129883 1.03613
1532261066868123 0.305176 0.202637 0.966309
1532261066891063 0.297363 0.196777 0.971191
1532261067091526 0.305176 0.189941 0.97168
1532261067131419 0.328613 0.160156 0.983887
1532261067150368 0.327148 0.161621 0.982422
1532261067190262 0.334961 0.168945 0.988281
1532261067212203 0.336426 0.160645 0.974609
1532261067325899 0.342285 0.176758 0.973145
1532261067383744 0.351074 0.158203 0.965332
1532261067535339 0.325195 0.147461 0.981445
1532261067566256 0.334473 0.147461 0.981934

1532261067610139 0.334473 0.140625 0.972168
1532261067634075 0.337402 0.149414 0.970703
1532261067654021 0.351563 0.155273 0.975586
1532261067706881 0.368652 0.152832 0.955078
1532261067745787 0.369141 0.155273 0.950684
1532261067767718 0.352051 0.151367 0.961426
1532261067790657 0.345215 0.146484 0.972656
1532261067926307 0.328613 0.131836 0.985352
1532261067963195 0.361816 0.15918 0.963379
1532261068044983 0.34668 0.165527 0.964355
1532261068090854 0.342285 0.166992 0.961426
1532261068136731 0.35791 0.136719 0.977051
1532261068180613 0.346191 0.143066 0.975586
1532261068232491 0.333008 0.141113 0.983887
1532261068368117 0.33252 0.156738 0.96582
1532261068391057 0.334473 0.163086 0.976074
1532261068434939 0.339844 0.158203 0.969727
1532261068497771 0.349121 0.156738 0.961914
1532261068533677 0.34375 0.15332 0.970703
1532261068555622 0.344238 0.154785 0.975586
1532261068758075 0.345215 0.148926 0.972656
1532261068833872 0.345215 0.161133 0.96875
1532261068838859 0.34668 0.154785 0.976563
1532261068929616 0.346191 0.161621 0.971191
1532261069013392 0.342285 0.150879 0.967285
1532261069052288 0.349121 0.147949 0.973145
1532261069095174 0.359863 0.146973 0.970703
1532261069199893 0.349609 0.161133 0.972656
1532261069247766 0.358398 0.158691 0.969238
1532261069315584 0.360352 0.143066 0.955566
1532261069319573 0.356445 0.141602 0.95166
1532261069373430 0.342773 0.157227 0.97168
1532261069478149 0.343262 0.151367 0.966797
1532261069603814 0.32373 0.166016 0.986328
1532261069666646 0.330078 0.170898 0.987793
1532261069761391 0.338379 0.17334 0.963867
1532261069816260 0.339355 0.175293 0.971191
1532261069846166 0.329102 0.17041 0.973633
1532261069869103 0.339844 0.15625 0.973633
1532261069942910 0.348633 0.162598 0.963379
1532261070010737 0.35498 0.143555 0.97168
1532261070075552 0.338867 0.154785 0.970215
1532261070181269 0.325195 0.161133 0.975586
1532261070221162 0.35498 0.162109 0.962891
1532261070310923 0.34375 0.162598 0.958984
1532261070332881 0.345215 0.165039 0.965332
1532261070378742 0.343262 0.148438 0.980957
1532261070401680 0.34375 0.151855 0.974121
1532261070423635 0.341797 0.155762 0.975586
1532261070458528 0.32666 0.173828 0.97168
1532261070475483 0.332031 0.17334 0.976563
1532261070520363 0.341797 0.172852 0.974609
1532261070634059 0.343262 0.176758 0.976563
1532261070655003 0.35498 0.166504 1.01563
1532261070678955 0.373535 0.0893555 1.09131
1532261070715840 0.407227 0.0551758 1.12256
1532261070729802 0.355957 0.145996 1.15186
1532261070760720 0.334961 0.0629883 1.17188
1532261070828539 0.181641 0.0678711 1.26611
1532261070903338 -0.105469 -0.0415039 1.10547
1532261070925291 -0.186035 0.378418 0.917969
1532261070941248 -0.0839844 0.473145 0.902832
1532261070961184 0.00292969 0.463867 0.897461
1532261071000080 0.165527 0.344238 0.876953
1532261071022035 0.210449 0.367188 0.858887
1532261071059920 0.0371094 0.227051 0.803223
1532261071082858 0.0698242 0.142578 0.816406
1532261071097819 0.142578 0.154297 0.858398
1532261071142706 0.129883 0.187988 0.911133
1532261071194560 0.126953 0.164551 0.978027
1532261071202538 0.135742 0.182617 1.01025
1532261071261381 0.138184 0.155762 1.06592
1532261071300277 0.12793 0.194336 1.06104
1532261071321221 0.152832 0.219238 1.05273
1532261071360118 0.126465 0.188477 1.01025
1532261071389040 0.133789 0.20752 1.02197
1532261071419957 0.103027 0.217773 1.00635
1532261071463840 0.0302734 0.418457 0.890625
1532261071532656 0.576172 1.45459 1.8042
1532261071547616 0.0292969 0.342285 0.893555
1532261071600474 0.0366211 0.00732422 1.12354
1532261071645355 0.0371094 0.328613 1.09912
1532261071675274 -0.0512695 0.303223 1.021
1532261071719157 -0.000976563 0.289063 0.987305
1532261071766032 0.0317383 0.296875 0.870117
1532261071870751 0.161621 0.255371 0.822266
1532261071885712 0.146484 0.230957 0.80127
1532261071913637 0.0249023 0.524902 0.997559
1532261071932587 -0.261719 0.444336 0.951172
1532261071976469 0.103516 0.0712891 1.06885
1532261072043290 0.401855 0.0683594 1.20361
1532261072063236 0.41748 0.0307617 1.18164
1532261072140048 0.128906 -0.369141 1.09961
1532261072162970 0.0449219 -0.24707 0.876953
1532261072184922 0.191895 0.0551758 0.806152
1532261072275668 0.451172 0.160156 1.02881
1532261072365429 0.343262 0.0449219 0.984863
1532261072402330 0.334473 0.200684 0.978027
1532261072424271 0.293457 0.196289 0.978027
1532261072463176 0.235352 0.279785 1.01367
1532261072506053 0.231445 0.195313 1.07129
1532261072532980 0.233887 0.183594 1.06592
1532261072874069 0.249023 0.193359 1.03711
1532261072920943 0.27832 0.212891 1.00781
1532261072935903 0.319336 0.276367 0.919434
1532261072949866 0.224121 0.265625 0.986816
1532261072992762 0.271973 0.279297 0.967285
1532261073018682 0.293457 0.276367 0.953613
1532261073228128 0.309082 0.289551 0.928711
1532261073274005 0.226074 0.175781 1.0459
1532261073476464 0.230957 0.167969 1.00781
1532261073515360 0.307617 0.250977 0.957031
1532261073551268 0.302246 0.282715 0.956543
1532261073596144 0.29541 0.243164 0.976563
1532261073639036 0.296387 0.210938 0.983398
1532261073791625 0.282227 0.219238 0.981934
1532261073878389 0.32666 0.189941 0.950195
1532261073965157 0.340332 0.188477 0.927246
1532261074010037 0.296875 0.193359 0.943359
1532261074035967 0.279785 0.175293 0.990234
1532261074261365 0.309082 0.215332 0.977539
1532261074346139 0.318848 0.212402 0.979004
1532261074359103 0.314941 0.214844 0.970703
1532261074472800 0.292969 0.25293 0.95459
1532261074497733 0.289063 0.261719 0.962891
1532261074584500 0.285645 0.253906 0.995605
1532261074614420 0.294434 0.226563 0.995605
1532261074646343 0.294922 0.156738 0.981934
1532261074659301 0.290527 0.152344 0.980957
1532261074727120 0.313477 0.224121 0.978027
1532261074842811 0.307617 0.208984 0.97168
1532261074846800 0.302246 0.213867 0.98291
1532261074863757 0.307129 0.161133 0.973145
1532261074939551 0.306641 0.193848 0.966309
1532261075051252 0.310547 0.189453 0.99707
1532261075073195 0.304688 0.183105 1.00879
1532261075185907 0.318359 0.190918 0.957031
1532261075237754 0.32373 0.235352 0.958496
1532261075397327 0.280762 0.206055 0.969238
1532261075440213 0.296387 0.181641 0.999023
1532261075470132 0.306641 0.202148 0.965332
1532261075493072 0.327148 0.207031 0.961426
1532261075627711 0.299316 0.204102 0.96875
1532261075695531 0.299316 0.162109 1.00098
1532261075710490 0.308105 0.159668 0.973633
1532261075739417 0.313965 0.167969 0.955078
1532261075839146 0.305664 0.229492 0.986816
1532261075988760 0.295898 0.1875 0.97998
1532261076010687 0.325195 0.198242 0.990234
1532261076048585 0.325684 0.208496 0.985352
1532261076116404 0.307617 0.179688 0.972656
1532261076181231 0.307617 0.188477 0.968262
1532261076266004 0.309082 0.184082 0.97168
1532261076301909 0.325684 0.189941 0.975586
1532261076348783 0.337891 0.169922 0.969727
1532261076370724 0.339355 0.172852 0.96875

1532261076543280 0.351074 0.187988 0.971191
1532261076591151 0.354004 0.178711 0.943359
1532261076606141 0.330078 0.1875 0.966797
1532261076648024 0.316895 0.179688 0.991211
1532261076692904 0.324707 0.154785 0.996094
1532261076716840 0.330078 0.161133 0.981934
1532261076761720 0.346191 0.17041 0.960449
1532261076812586 0.333496 0.202637 0.956055
1532261076835524 0.336426 0.199707 0.959961
1532261076948221 0.328613 0.182617 0.973145
1532261076973154 0.324219 0.166992 0.978027
1532261077037981 0.327148 0.171387 0.977539
1532261077061917 0.319336 0.180664 0.977539
1532261077121757 0.32373 0.194824 0.974609
1532261077180600 0.326172 0.199219 0.968262
1532261077202556 0.318848 0.197754 0.970215
1532261077223485 0.318359 0.197266 0.982422
1532261077247421 0.318848 0.197754 0.972168
1532261077271357 0.318359 0.193848 0.975098
1532261077293298 0.321289 0.19043 0.96875
1532261077361116 0.313965 0.194824 0.979004
1532261077377087 0.316406 0.193359 0.982422
1532261077398018 0.316406 0.193848 0.976563
1532261077412978 0.315918 0.192383 0.981934
1532261077435917 0.319336 0.192383 0.980957
1532261077457858 0.31543 0.194336 0.986816
1532261077546621 0.319336 0.195313 0.979492
1532261077571563 0.318848 0.196777 0.980469
1532261077617443 0.329102 0.200195 0.958496
1532261077639373 0.320313 0.196777 0.964844
1532261077721153 0.31543 0.188477 0.986328
1532261077736114 0.324707 0.187012 0.974609
1532261077780000 0.313477 0.19043 0.973633
1532261077802936 0.303223 0.195801 0.977051
1532261077847816 0.307129 0.199219 0.977539
1532261077893693 0.306152 0.206055 0.981445
1532261077930594 0.313477 0.206055 0.975586
1532261077975474 0.323242 0.186523 0.971191
1532261077997416 0.331055 0.193359 0.972656
1532261078019357 0.338867 0.187012 0.970703
1532261078058253 0.323242 0.191406 0.97168
1532261078192893 0.316895 0.194824 0.977539
1532261078237772 0.332031 0.179688 0.975098
1532261078266695 0.321289 0.179688 0.97998
1532261078358450 0.325195 0.181641 0.970215
1532261078447213 0.333984 0.17627 0.976074
1532261078508049 0.330078 0.176758 0.966797
1532261078531986 0.335449 0.181641 0.967773
1532261078679591 0.337891 0.178223 0.966797
1532261078756386 0.334473 0.183105 0.96582
1532261078779325 0.331055 0.175781 0.975098
1532261078801281 0.330566 0.178223 0.972168
1532261078868087 0.334961 0.189453 0.970215
1532261078988764 0.330078 0.187988 0.966309
1532261079040626 0.329102 0.186035 0.974121
1532261079062568 0.331543 0.1875 0.98584
1532261079077534 0.339355 0.188477 1.03418
1532261079168285 0.403809 0.0146484 1.14697
1532261079266023 0.610352 -0.13916 1.31592
1532261079302924 0.104492 0.271484 1.21777
1532261079324866 -0.305664 0.53418 0.783691
1532261079370742 0.00830078 0.595703 0.816406
1532261079422609 0.125488 0.243652 0.757813
1532261079483441 0.196289 0.211914 0.839844
1532261079514359 0.222168 0.199219 0.862793
1532261079558242 0.251953 0.254883 0.940918
1532261079564226 0.217285 0.244629 0.974609
1532261079580183 0.22998 0.229004 0.996094
1532261079603121 0.220703 0.194336 1.02393
1532261079624065 0.208008 0.198242 1.06201
1532261079667948 0.226563 0.235352 1.14941
1532261079702855 0.232422 0.253418 1.1748
1532261079735767 0.0795898 0.23291 1.1084
1532261079759703 0.0717773 0.255859 1.0874
1532261079789623 0.0395508 0.140625 1.06152
1532261079810566 -0.0332031 0.144531 1.06934
1532261079828518 0.320801 0.460449 0.761719
1532261079870407 0.884277 0.554688 1.55713
1532261079885366 0.181152 0.882324 1.27637
1532261079930247 -0.347656 0.265625 1.12744
1532261079977127 0.14209 0.27002 1.10205
1532261080022999 -0.0419922 0.243652 1.07129
1532261080050924 -0.0449219 0.226563 1.0166
1532261080089823 0.00439453 0.278809 0.95459
1532261080135704 0.0698242 0.233887 0.889648
1532261080147666 0.0576172 0.219238 0.898926
1532261080173596 0.15625 0.286621 0.884766
1532261080185564 0.26709 0.410156 0.946289
1532261080217479 0.288086 0.413574 0.968262
1532261080302252 0.0107422 0.185547 1.02246
1532261080413953 -0.0874023 0.22168 0.993164
1532261080429918 -0.250977 0.170898 0.845703
1532261080470801 0.377441 0.118652 1.1084
1532261080645334 0.270996 0.279297 1.19189
1532261080706171 0.279785 0.0605469 1.16455
1532261080721132 0.470215 0.14209 0.972168
1532261080726118 0.339355 0.202637 0.930176
1532261080765014 0.304199 0.205078 0.953125
1532261080984428 0.300293 0.165527 0.992676
1532261081028310 0.313965 0.171875 1.01611
1532261081065212 0.336426 0.166016 0.994629
1532261081088150 0.318848 0.155273 0.993652
1532261081111089 0.300781 0.166992 1.00391
1532261081155970 0.282715 0.172852 0.996582
1532261081262684 0.283691 0.165039 0.997559
1532261081329505 0.320801 0.211914 0.963379
1532261081454171 0.332031 0.222656 0.964355
1532261081559889 0.287109 0.177734 1.00342
1532261081595793 0.306641 0.174805 0.986816
1532261081816204 0.316895 0.184082 0.979004
1532261081831163 0.327637 0.193848 0.974121
1532261081986747 0.310547 0.168945 0.988281
1532261082096454 0.311523 0.150391 0.976563
1532261082117406 0.298828 0.129883 0.992188
1532261082138352 0.287598 0.106934 1.00049
1532261082241067 0.310547 0.138184 0.982422
1532261082267995 0.33252 0.165527 0.963867
1532261082309884 0.335938 0.181152 0.960938
1532261082354764 0.324219 0.200684 1.0083
1532261082393659 0.324707 0.175293 0.991699
1532261082409616 0.341309 0.159668 0.990234
1532261082475441 0.322266 0.178223 0.981934
1532261082551238 0.311035 0.210449 0.962402
1532261082631025 0.305664 0.220215 0.95166
1532261082649974 0.296875 0.216797 0.989258
1532261082729772 0.327148 0.167969 0.974609
1532261082752705 0.316406 0.144531 0.969238
1532261082888337 0.325195 0.178711 0.982422
1532261082926235 0.316406 0.187012 1.00684
1532261082948177 0.347656 0.178223 0.952148
1532261082993074 0.317871 0.172363 0.952637
1532261083037937 0.300781 0.194336 0.963379
1532261083104758 0.305664 0.216309 0.977051
1532261083188535 0.345215 0.150391 0.994629
1532261083249371 0.313965 0.168945 0.942871
1532261083261339 0.317383 0.181152 0.95459
1532261083309211 0.320313 0.20166 0.991211
1532261083375036 0.32373 0.161133 0.991699
1532261083443851 0.341797 0.151367 0.984863
1532261083465792 0.347656 0.154785 0.970703
1532261083481750 0.327148 0.177246 0.95752
1532261083541590 0.300293 0.202637 0.972168
1532261083676230 0.320313 0.181152 0.984863
1532261083721109 0.313477 0.169922 0.991699
1532261083764994 0.311035 0.162109 0.98584
1532261083779959 0.325684 0.169434 0.987305
1532261083800896 0.33252 0.187012 0.977539
1532261083817851 0.334961 0.185059 0.978516
1532261083839794 0.332031 0.179688 0.979492
1532261084036280 0.318848 0.175781 0.966309

1532261084071174 0.332031 0.162598 0.993652
1532261084098102 0.32666 0.162109 0.998047
1532261084118048 0.32373 0.134766 0.980957
1532261084162929 0.342285 0.171387 0.970215
1532261084253685 0.35791 0.158203 0.972168
1532261084298565 0.364746 0.166992 0.960449
1532261084372368 0.352051 0.155273 0.97168
1532261084418245 0.355469 0.128418 0.970215
1532261084552885 0.351563 0.148926 0.964844
1532261084577833 0.346191 0.128906 0.96875
1532261084595770 0.354492 0.132324 0.959473
1532261084635664 0.364258 0.147461 0.959961
1532261084656608 0.368652 0.151855 0.962402
1532261084695504 0.370605 0.15918 0.955078
1532261084809200 0.368652 0.164063 0.953613
1532261084839137 0.341797 0.145996 0.982422
1532261084898960 0.384766 0.206543 1.01123
1532261085085461 0.308594 0.126465 0.92627
1532261085133333 0.306641 0.167969 0.937012
1532261085175260 0.498535 0.148926 0.947754
1532261085204182 0.406738 0.139648 0.942871
1532261085363760 0.341797 0.11377 0.898926
1532261085387691 0.315918 0.179199 1.00439
1532261085440549 0.276367 0.148926 0.995117
1532261085482442 0.418945 0.227051 0.901367
1532261085505377 0.408691 0.236816 0.898438
1532261085602124 0.419922 0.241699 0.932617
1532261085643015 0.40625 0.233398 0.968262
1532261085664956 0.324707 0.186523 0.993652
1532261085737761 0.35791 0.0942383 0.997559
1532261085759702 0.354004 0.127441 0.983887
1532261085782656 0.352051 0.154297 0.960938
1532261085850460 0.35791 0.180664 0.946777
1532261085897335 0.34082 0.181152 0.947754
1532261085916283 0.341309 0.172852 0.957031
1532261085943212 0.352539 0.150391 0.977539
1532261086000062 0.344238 0.174805 0.977539
1532261086015034 0.324219 0.186523 0.974609
1532261086059900 0.31543 0.20166 0.974121
1532261086107783 0.32666 0.190918 0.974121
1532261086255387 0.338379 0.189453 0.984375
1532261086277319 0.348145 0.164063 0.968262
1532261086314223 0.334961 0.174805 0.98877
1532261086390018 0.33252 0.168457 0.980957
1532261086501719 0.336426 0.170898 0.979492
1532261086533642 0.350586 0.173828 0.978027
1532261086558575 0.334473 0.169922 0.96875
1532261086580508 0.338867 0.172363 0.959961
1532261086645335 0.344238 0.17627 0.955566
1532261086772993 0.328613 0.16748 0.98291
1532261086795931 0.339844 0.160645 0.979004
1532261086847793 0.334961 0.169434 0.976074
1532261086878711 0.320313 0.180664 0.974609
1532261086962487 0.335938 0.19043 0.962891
1532261087088151 0.40332 0.128906 1.15723
1532261087127046 -0.23877 0.114746 1.12402
1532261087191872 -0.486328 0.733887 0.875
1532261087255703 -0.145508 0.843262 0.892578
1532261087296593 -0.0249023 0.216309 0.700684
1532261087304571 0.0341797 0.36084 0.701172
1532261087328508 0.106934 0.425781 0.731445
1532261087348454 0.15918 0.37207 0.800293
1532261087364425 0.143066 0.244629 0.840332
1532261087388348 0.0820313 0.153809 0.862305
1532261087424251 0.124512 0.248535 0.973145
1532261087532961 0.104004 0.206055 1.08545
1532261087604768 0.0424805 0.189453 1.05371
1532261087625713 0.0488281 0.153809 1.04541
1532261087685552 0.162109 0.0405273 0.979004
1532261087732428 -0.181152 -0.402832 0.826172
1532261087745393 0.881836 0.537598 1.68994
1532261087839159 -0.4375 0.137695 0.880371
1532261087858091 -0.0722656 0.199219 1.11816
1532261087884022 0.186035 0.129883 1.1167
1532261087896987 -0.137695 0.272949 1.05078
1532261087925910 0.00732422 0.315918 0.925781
1532261087965803 0.0170898 0.188965 0.887207
1532261087992731 0.0390625 0.166504 0.890625
1532261088048582 0.148926 0.533691 1.01563
1532261088125377 0.0405273 0.487305 1.01416
1532261088184219 -0.163086 0.34082 0.974121
1532261088303900 0.622559 0.616211 1.50293
1532261088324843 0.624512 0.460449 1.38232
1532261088378699 -0.0151367 -0.25 1.05469
1532261088466464 0.413086 0.327148 0.890137
1532261088557222 0.334473 0.255859 0.976563
1532261088628035 0.309082 0.189941 0.999023
1532261088693858 0.310059 0.17334 0.984375
1532261088716795 0.310547 0.205078 0.962402
1532261088738737 0.333984 0.211426 0.965332
1532261088758683 0.32373 0.20166 0.947266
1532261088776636 0.32373 0.214844 0.949219
1532261088791595 0.324707 0.225586 0.952637
1532261088819521 0.305176 0.210938 0.98291
1532261088857419 0.117188 0.193848 1.00586
1532261088902299 0.648926 0.418945 1.52686
1532261088970118 0.217773 0.28125 0.742676
1532261088994054 0.486328 0.246582 0.601563
1532261089016993 0.550781 0.271973 0.629395
1532261089032950 0.110352 0.266113 0.961914
1532261089053894 0.303711 0.226074 0.953613
1532261089089798 0.299805 0.256836 0.945313
1532261089143654 0.29541 0.26416 0.95166
1532261089159611 0.520996 0.308594 0.94873
1532261089205491 0.592773 0.328125 0.688477
1532261089310208 0.223633 0.248535 0.967285
1532261089322193 0.251465 0.214844 0.989746
1532261089369051 0.226563 0.196777 1.0293
1532261089419923 0.297363 0.227051 0.985352
1532261089433878 0.332031 0.234863 0.983887
1532261089458810 0.338379 0.23584 0.965332
1532261089480762 0.319336 0.22998 0.961426
1532261089576496 0.311523 0.229492 0.956543
1532261089601439 0.306641 0.229004 0.963379
1532261089670245 0.268066 0.198242 1.02002
1532261089690193 0.263184 0.189941 1.03125
1532261089735074 0.321289 0.188965 0.974609
1532261089803889 0.326172 0.165527 0.929688
1532261089810869 0.339355 0.169434 0.92627
1532261089861749 0.337891 0.153809 0.922852
1532261089884672 0.327148 0.169922 0.923828
1532261089922571 0.318359 0.18457 0.92627
1532261089993383 0.289063 0.181152 0.971191
1532261090058208 0.279297 0.183594 0.978516
1532261090083141 0.30127 0.196777 0.998535
1532261090103088 0.320313 0.210449 1.00732
1532261090139999 0.318848 0.20752 0.993652
1532261090169910 0.313477 0.216309 0.996582
1532261090190854 0.318359 0.212402 0.997559
1532261090220773 0.327148 0.206055 1.00049
1532261090245707 0.334961 0.210449 0.991211
1532261090290587 0.324219 0.223145 0.964355
1532261090335467 0.300293 0.234863 0.952637
1532261090380347 0.293457 0.240234 0.961426
1532261090431210 0.288086 0.225586 0.998535
1532261090448165 0.29541 0.188965 1.00146
1532261090471103 0.285645 0.168945 0.996582
1532261090492048 0.289551 0.17627 0.986328
1532261090522966 0.302246 0.183105 0.984375
1532261090552886 0.302734 0.183594 0.972168
1532261090590784 0.313965 0.17627 0.973145
1532261090658603 0.300781 0.183594 0.968262
1532261090683536 0.308105 0.213867 0.977539
1532261090695504 0.307129 0.211914 0.98877
1532261090732405 0.322754 0.203125 0.995117
1532261090747365 0.317871 0.181641 0.98584
1532261090770304 0.306641 0.168457 0.978516
1532261090823162 0.313965 0.19043 0.970215
1532261090845104 0.327148 0.195801 0.968262
1532261090869040 0.31543 0.197266 0.962891
1532261090891979 0.304688 0.206055 0.956055
1532261090912923 0.311523 0.214844 0.982422
1532261090936859 -0.100098 0.0761719 1.35107
1532261090957803 -0.412598 0.0361328 1.14648
1532261090986725 -0.203613 0.0126953 1.01025
1532261091010661 0.990723 0.26416 1.37256
1532261091032609 0.314453 0.291016 0.702637
1532261091076485 0.416992 0.065918 1.31445
1532261091125355 1.01318 0.342285 1.23242
1532261091170234 -0.348633 0.0380859 0.78125
1532261091215115 -0.219238 0.197754 0.574707
1532261091236058 0.137207 0.1875 0.944336
1532261091272960 0.303223 0.186035 0.973145
1532261091293903 0.29248 0.186035 0.984863
1532261091332800 0.291016 0.179688 0.987305
1532261091377680 0.31543 0.179199 0.97998
1532261091518303 0.337402 0.194336 0.98877
1532261091551215 0.30957 0.196777 0.977051
1532261091573157 0.308105 0.197266 0.964355
1532261091611055 0.314453 0.208496 0.965332
1532261091723754 0.309082 0.206543 0.977051
1532261091826479 0.319824 0.175781 0.983887
1532261091846426 0.312988 0.164551 0.98584
1532261091910255 0.329102 0.175781 0.974121

1532261092083793 0.336914 0.174805 0.964355
1532261092108725 0.348145 0.164063 0.966797
1532261092142646 0.36377 0.178711 0.964844
1532261092211450 0.339355 0.166992 0.96875
1532261092232395 0.327637 0.166992 0.972656
1532261092256332 0.331055 0.168945 0.983887
1532261092324149 0.32666 0.165527 0.98877
1532261092361050 0.336914 0.162109 0.989258
1532261092382992 0.352539 0.164551 0.945313
1532261092395957 0.364746 0.175293 0.93457
1532261092418895 0.371582 0.1875 0.937988
1532261092442832 0.365234 0.189453 0.944824
1532261092487712 0.34082 0.181152 0.958008
1532261092538575 0.332031 0.169922 0.957031
1532261092557525 0.335449 0.172852 0.970215
1532261092587445 0.341797 0.166016 0.986328
1532261092600410 0.337402 0.160645 0.985352
1532261092628336 0.333984 0.15332 0.980957
1532261092676208 0.348633 0.176758 0.976563
1532261092743029 0.351563 0.183105 0.962891
1532261092812842 0.358887 0.180664 0.95166
1532261092900630 0.321777 0.177246 0.983887
1532261092997371 0.331055 0.188965 0.974121
1532261093020310 0.333496 0.194824 0.972656
1532261093065202 0.333008 0.1875 0.972656
1532261093134006 0.329102 0.183105 0.969238
1532261093155947 0.33252 0.193359 0.972168
1532261093191851 0.327637 0.175781 0.97998
1532261093214790 0.334473 0.188477 0.992676
1532261093258673 0.32666 0.174316 0.987793
1532261093298566 0.332031 0.177734 0.980469
1532261093318512 0.333984 0.175293 0.98584
1532261093343446 0.325684 0.171875 0.977051
1532261093365387 0.313477 0.177734 0.973145
1532261093434203 0.322266 0.191406 0.975586
1532261093462129 0.325195 0.198242 0.966309
1532261093486064 0.330078 0.197266 0.95166
1532261093514987 0.351074 0.216309 0.955566
1532261093529946 0.350098 0.193359 0.956055
1532261093547899 0.344727 0.185547 0.95752
1532261093688522 0.322754 0.166016 0.99707
1532261093755345 0.331543 0.158691 0.990723
1532261093765317 0.333008 0.170898 0.977539
1532261093785265 0.333496 0.179688 0.964844
1532261093940860 0.332031 0.192383 0.952148
1532261094040582 0.319824 0.189941 0.990234
1532261094061525 0.319336 0.193359 0.98291
1532261094265979 0.375 0.186035 1.13086
1532261094289915 0.466797 0.205566 1.21582
1532261094303878 0.44873 0.128906 1.21387
1532261094324821 0.345215 0.046875 1.23242
1532261094444502 0.216309 0.798828 0.648438
1532261094557200 0.260742 0.547363 0.864258
1532261094586122 0.314941 0.220215 0.961914
1532261094712784 0.181641 0.291016 1.0708
1532261094772624 0.119141 0.293945 1.03223
1532261094820496 0.108887 0.288086 1.021
1532261094833461 0.0478516 0.307617 0.895508
1532261094860390 0.46875 0.254883 0.72168
1532261094962117 -0.34082 0.242676 0.959473
1532261094976080 -0.00585938 0.237793 1.13818
1532261094985073 0.169922 0.226563 1.18457
1532261095077808 0.000976563 0.316895 1.07568
1532261095097755 -0.0332031 0.330566 1.06104
1532261095172555 -0.00634766 0.317871 0.983398
1532261095400944 0.143555 0.427734 0.96582
1532261095414907 0.0429688 0.454102 0.939941
1532261095463776 0.361328 -0.0507813 1.22217
1532261095495698 0.779785 0.321289 1.72559
1532261095518629 0.253418 0.17041 0.366699
1532261095568496 0.10498 0.244141 0.285645
1532261095631328 -0.081543 -0.291016 1.29492
1532261095690171 0.29248 0.169922 0.879883
1532261095750011 -0.0400391 0.03125 0.595215
1532261095773947 -0.111328 0.0166016 0.375977
1532261096005327 0.321777 0.248535 0.975586
1532261096027269 0.287598 0.145996 0.994629
1532261096049210 0.28125 0.151367 1.00879
1532261096098080 0.274414 0.163086 1.01709
1532261096119034 0.25293 0.168945 1.02539
1532261096142960 0.249023 0.168457 1.02344
1532261096246683 0.269531 0.193848 1.02783
1532261096283584 0.344238 0.185547 0.945313
1532261096327466 0.344238 0.193848 0.927734
1532261096351409 0.344727 0.203613 0.92334
1532261096373344 0.32666 0.208496 0.929688
1532261096395285 0.3125 0.213867 0.945313
1532261096486044 0.287109 0.202148 0.958496
1532261096524939 0.26123 0.195313 0.98877
1532261096539899 0.24707 0.161133 1.0542
1532261096589765 0.29248 0.150391 1.01807
1532261096801200 0.357422 0.172852 0.952637
1532261096836106 0.29541 0.191406 0.977051
1532261096869018 0.293457 0.189941 0.993164
1532261096881984 0.294922 0.183105 1.00146
1532261096905920 0.286133 0.177734 1.01514
1532261096997674 0.288086 0.17041 1.00488
1532261097063498 0.29248 0.160156 1.00195
1532261097077461 0.324707 0.162109 0.974609
1532261097098405 0.348633 0.167969 0.947266
1532261097189175 0.313965 0.181152 0.958496
1532261097273936 0.313477 0.18457 0.966797
1532261097295877 0.307129 0.178711 0.978027
1532261097446474 0.316895 0.193848 1.00244
1532261097596074 0.151367 0.0820313 1.22998
1532261097633973 -0.265625 0.0649414 0.929199
1532261097647936 0.387695 0.381348 0.729492
1532261097694810 -0.391113 0.0761719 0.689453
1532261097737695 0.0288086 0.227539 0.592773
1532261097781578 0.808105 0.171387 1.40625
1532261097828453 -0.120117 0.0600586 1.19971
1532261097872353 0.310547 0.15918 0.986816
1532261097895274 0.3125 0.186035 0.972168
1532261097911231 0.338379 0.217773 0.967773
1532261097955114 0.32666 0.202637 0.983398
1532261097993012 0.306641 0.20166 1.00049
1532261098059834 0.293945 0.15332 0.96582
1532261098113690 0.334473 0.191406 0.964844
1532261098156575 0.32373 0.19873 0.953125
1532261098189487 0.318359 0.22168 0.962402
1532261098193476 0.322754 0.208496 0.980469
1532261098232372 0.305664 0.186035 1.00879
1532261098300190 0.318359 0.132324 0.970215
1532261098317145 0.318359 0.156738 0.969238
1532261098382970 0.339844 0.179199 0.963867
1532261098463754 0.31543 0.214844 0.993652
1532261098472729 0.321289 0.209473 0.989258
1532261098532569 0.315918 0.165527 0.974609
1532261098593408 0.306641 0.185059 0.97168
1532261098727050 0.322754 0.185547 0.993652
1532261098779908 0.309082 0.184082 0.979004
1532261098800852 0.312988 0.192383 0.958496
1532261098848724 0.314453 0.199219 0.958008
1532261098870666 0.319824 0.209473 0.960938
1532261098894602 0.306152 0.217285 0.972168
1532261099023258 0.307617 0.21582 0.967285
1532261099035225 0.301758 0.208984 0.98584
1532261099125983 0.329102 0.177246 0.986816

1532261099269599 0.327637 0.181641 0.978516
1532261099298521 0.328125 0.187012 0.972168
1532261099311486 0.41748 -0.226074 1.55029
1532261099374319 0.374023 0.136719 1.68994
1532261099493002 0.0991211 0.166016 1.73975
1532261099559828 -0.570313 0.12793 0.782715
1532261099620660 -0.180664 0.110352 0.395996
1532261099657575 -0.0727539 -0.111328 0.23584
1532261099719427 -0.0595703 -0.236816 0.141602
1532261099852072 -0.345703 -0.303711 -0.112305
1532261099913907 -1.00098 -0.454102 -0.331055
1532261100030595 -0.513672 -0.14502 0.22168
1532261100132322 -0.483887 -0.338379 0.400391
1532261100154264 -0.65625 -0.516602 0.40918
1532261100198146 -1.05859 -0.4375 -0.252441
1532261100257986 -0.870605 -0.280762 -0.30957
1532261100365698 -0.98877 -0.151367 -0.287598
1532261100391629 -0.824219 -0.149414 0.200684
1532261100437506 -0.640625 -0.0698242 0.59668
1532261100458456 -0.650391 0.0688477 0.758301
1532261100565171 -0.633301 0.138672 0.73584
1532261100603614 -0.523926 0.129395 0.807129
1532261100683401 0.245605 0.180176 1.1582
1532261100706339 -0.00390625 0.0302734 1.32275
1532261100746232 0.335938 0.015625 1.31836
1532261100768174 0.453613 0.0717773 1.26416
1532261100880872 0.614258 -0.158203 1.28174
1532261100925752 0.278809 0.0517578 0.891602
1532261100947694 0.373535 0.220703 0.886719
1532261101000188 0.40332 0.307129 0.986816
1532261101023126 0.330078 0.177246 0.98584
1532261101090651 0.309082 0.222168 0.963867
1532261101158468 0.326172 0.259277 0.964355
1532261101209334 0.29541 0.194336 0.962891
1532261101225294 0.334961 0.175293 0.972656
1532261101301087 0.366211 0.132324 0.980469
1532261101367909 0.371094 0.161621 0.98291
1532261101399823 0.354004 0.15918 0.976563
1532261101478613 0.339355 0.175293 0.970215
1532261101519504 0.341309 0.177734 0.961426
1532261101553413 0.317871 0.183594 0.958984
1532261101712986 0.344238 0.178223 0.96875
1532261101797760 0.357422 0.167969 0.965332
1532261101811722 0.364746 0.176758 0.977051
1532261101906469 0.348145 0.160156 0.974121
1532261102079007 0.32959 0.185547 0.973633
1532261102092970 0.354004 0.171387 0.960449
1532261102154804 0.351563 0.17627 0.967285
1532261102179743 0.344238 0.170898 0.966797
1532261102351279 0.342773 0.191406 0.959473
1532261102395161 0.336426 0.201172 0.960938
1532261102432070 0.343262 0.19873 0.965332
1532261102456004 0.34375 0.199707 0.969238
1532261102630533 0.347168 0.189453 0.973633
1532261102643498 0.335449 0.189453 0.975586
1532261102712324 0.333984 0.210449 0.956055
1532261102758191 0.316406 0.205078 0.978516
1532261102801077 0.317383 0.205078 0.976563
1532261102891833 0.345215 0.195313 0.979492
1532261102904799 0.350586 0.180176 1.03516
1532261102925742 0.433594 0.00390625 1.17383
1532261102966634 0.436035 -0.0444336 1.19629
1532261102989573 0.421875 0.15625 1.19385
1532261103031461 0.467773 0.318359 1.13818
1532261103085328 0.410156 0.400391 1.13965
1532261103155153 -0.192383 0.283691 1.03271
1532261103183055 -0.0644531 0.547363 0.793457
1532261103205994 0.141113 0.695313 0.723145
1532261103225940 0.17334 0.536621 0.816895
1532261103243893 0.0854492 0.220703 0.847168
1532261103310714 0.192871 0.263672 0.880859
1532261103357589 0.219727 0.330078 0.884277
1532261103370554 0.200684 0.28125 0.904297
1532261103425407 0.281738 0.21875 0.998535
1532261103450340 0.193848 0.26709 1.01563
1532261103465300 0.206543 0.237793 1.05713
1532261103506211 0.163086 0.259277 1.08936
1532261103566030 0.0356445 0.257324 1.0459
1532261103588974 0.0610352 0.283691 1.06543
1532261103609913 0.131836 0.268555 1.04688
1532261103678730 0.12207 0.327637 1.01904
1532261103700670 -0.425293 -0.768066 -0.741699
1532261103723609 1.2583 1.83984 2.01807
1532261103736574 -0.513672 -0.263672 0.546875
1532261103767492 0.0424805 -0.0546875 0.916992
1532261103819353 0.043457 0.194336 1.14111
1532261103956985 0.0239258 0.367676 1.04053
1532261104038767 0.208008 0.274902 0.943359
1532261104058714 0.293945 0.391602 1.00928
1532261104096612 -0.300781 0.0932617 0.73291
1532261104120548 -0.12207 -0.0634766 0.795898
1532261104166434 0.0317383 -0.175293 0.935547
1532261104210316 0.168457 0.0698242 1.07471
1532261104255203 0.31543 0.115234 1.08887
1532261104278139 0.276367 0.043457 1.03613
1532261104308046 0.321777 0.111328 1.10449
1532261104328991 0.535156 0.39502 1.43604
1532261104350931 0.56543 0.235352 1.31836
1532261104397807 0.090332 -0.116699 0.932129
1532261104443684 0.279297 0.21582 0.859375
1532261104571384 0.446777 0.0708008 1.06738
1532261104608244 0.266113 0.012207 0.977051
1532261104631192 0.325195 0.18457 1.00781
1532261104750863 0.317383 0.144531 0.989746
1532261104790769 0.335938 0.160156 0.954102
1532261104848601 0.317871 0.165527 0.958984
1532261104870543 0.290527 0.177734 0.990723
1532261104883507 0.26123 0.175781 1.02832
1532261104908452 0.28125 0.159668 1.02344
1532261104952323 0.291992 0.15625 1.021
1532261105006180 0.303711 0.162598 1.01367
1532261105087977 0.311523 0.162598 1.00098
1532261105126857 0.320313 0.186523 0.962402
1532261105141817 0.308105 0.205566 0.948242
1532261105186698 0.277344 0.207031 0.976563
1532261105208644 0.263672 0.212891 1.03271
1532261105230585 0.262695 0.199219 1.0415
1532261105299396 0.287109 0.156738 1.01465
1532261105350260 0.339844 0.166016 0.983887
1532261105390152 0.33252 0.177734 0.987793
1532261105403118 0.317383 0.176758 0.998535
1532261105432041 0.297852 0.166016 0.991211
1532261105528782 0.32666 0.188477 0.955078
1532261105553715 0.32666 0.211426 0.95752
1532261105598595 0.300293 0.205078 0.952637
1532261105622532 0.304688 0.181152 0.982422
1532261105644472 0.312012 0.164063 1.00098
1532261105666415 0.311523 0.163574 1.00635
1532261105687358 0.316895 0.138672 0.998047
1532261105717290 0.320801 0.129883 0.989746
1532261105748196 0.353027 0.135742 0.965332
1532261105786095 0.359863 0.140625 0.960938
1532261105830974 0.351074 0.149902 0.955078
1532261105875854 0.346191 0.154297 0.943848
1532261105897795 0.344238 0.183594 0.950684
1532261105920734 0.34668 0.183105 0.967285
1532261105942677 0.32959 0.171875 0.974121
1532261105957636 0.320313 0.166504 0.976563
1532261105980574 0.312012 0.164551 0.983398
1532261106005511 0.303223 0.156738 0.977051
1532261106070334 0.288574 0.136719 0.979004
1532261106177049 0.3125 0.202637 0.980469
1532261106196995 0.32373 0.206543 0.983398
1532261106236889 0.319824 0.199219 1.00244
1532261106293737 0.308105 0.19873 0.991699
1532261106310692 0.313965 0.201172 0.992676
1532261106362568 0.338867 0.183105 0.969727
1532261106385492 0.331543 0.192383 0.963379
1532261106431382 0.322754 0.214355 0.955566
1532261106453311 0.307617 0.236328 0.957031
1532261106476249 0.290039 0.214355 0.981445
1532261106514147 0.289063 0.185547 0.998047
1532261106541075 0.306641 0.176758 0.998535
1532261106550066 0.308594 0.148926 0.997559
1532261106574984 0.303223 0.140625 0.986816
1532261106615875 0.312012 0.165527 0.967285
1532261106639811 0.316406 0.158691 0.963867
1532261106686700 0.323242 0.173828 0.979492
1532261106731566 0.317383 0.20459 0.974121
1532261106753507 0.303223 0.200684 0.991699
1532261106792403 0.300781 0.182129 1.00098
1532261106835292 0.313477 0.13916 0.978027
1532261106895129 0.325195 0.186035 0.963867
1532261106939012 0.313965 0.194824 0.956543
1532261106985885 0.307617 0.20752 0.973145
1532261107029768 0.308594 0.185547 0.982422
1532261107075646 0.324707 0.143066 1.00537
1532261107112547 0.320801 0.142578 0.984375
1532261107135486 0.309082 0.138672 0.976563
1532261107172388 0.321777 0.183105 0.978516
1532261107263144 0.311035 0.192383 0.96582
1532261107309023 0.307617 0.190918 0.96875
1532261107343928 0.290527 0.196777 0.993164
1532261107352904 0.311035 0.177246 0.988281
1532261107426706 0.32373 0.152832 0.954102
1532261107616200 0.300781 0.199219 1.02197
1532261107659086 0.315918 0.205566 0.969238
1532261107704963 0.324219 0.211426 0.978027
1532261107893458 0.322754 0.185059 0.972168
1532261107983218 0.336426 0.175781 0.976563

1532261108097918 0.337402 0.177246 0.96875
1532261108118872 0.351074 0.17627 0.973633
1532261108329326 0.34375 0.147949 0.979004
1532261108498872 0.319824 0.178711 0.961426
1532261108542755 0.372559 0.183105 0.95459
1532261108628525 0.396973 0.102051 0.970215
1532261108720280 0.349121 0.131836 1.01025
1532261108745214 0.308594 0.187012 0.950684
1532261108882845 0.355957 0.19873 0.963867
1532261108937716 0.397461 0.1875 0.953613
1532261108971621 0.376953 0.168945 0.960449
1532261108981581 0.341797 0.12793 0.962891
1532261109023470 0.33252 0.169922 1.02783
1532261109117235 0.318848 0.194824 0.978516
1532261109168083 0.354492 0.117676 0.952637
1532261109184040 0.334473 0.133789 0.968262
1532261109273800 0.317383 0.19873 0.996094
1532261109308720 0.283203 0.152344 0.98291
1532261109348600 0.310059 0.209473 0.964844
1532261109390487 0.351074 0.235352 0.977539
1532261109438367 0.339355 0.19043 0.961426
1532261109488234 0.333984 0.177246 0.959473
1532261109529124 0.321289 0.181152 0.970215
1532261109565027 0.314453 0.200195 0.961426
1532261109610905 0.355469 0.196777 1.00488
1532261109762499 0.34375 0.124023 0.966797
1532261110060702 0.307129 0.210938 0.958984
1532261110105583 0.323242 0.150879 0.972168
1532261110125529 0.336914 0.147461 0.995117
1532261110398810 0.314453 0.194824 0.998535
1532261110411764 0.297363 0.189941 0.969238
1532261110546403 0.361816 0.124023 1
1532261110658105 0.347656 0.101563 1.00098
1532261110712958 0.351563 0.194336 0.944336
1532261110782772 0.362305 0.160645 0.961914
1532261110818676 0.370605 0.15625 0.958984
1532261110869539 0.371094 0.174316 0.963379
1532261110954313 0.299805 0.154297 0.98291
1532261110966281 0.291504 0.165527 0.995605
1532261111100921 0.343262 0.191406 0.977539
1532261111193673 0.417969 0.0307617 1.104
1532261111231572 0.32666 0.138672 1.2207
1532261111253513 0.151855 0.182617 1.21094
1532261111329314 -0.0678711 0.227539 1.10742
1532261111372200 -0.160156 0.285645 0.93457
1532261111404110 -0.117676 0.52002 0.918457
1532261111461956 0.0585938 0.218262 0.825684
1532261111490900 0.0546875 0.116699 0.809082
1532261111528797 0.149414 0.386719 0.894043
1532261111567694 0.0595703 0.206543 0.913574
1532261111645486 0.0708008 0.299316 0.972168
1532261111680392 0.0834961 0.312988 1.0249
1532261111703331 -0.0214844 0.302246 1.02344
1532261111772148 0.0205078 0.285156 0.986328
1532261111786110 0.302246 1.31348 -0.0620117
1532261111808068 -0.172363 0.302734 0.647949
1532261111867891 -0.027832 0.327637 0.989746
1532261111936708 -0.134277 0.370117 1.06055
1532261112024472 0.0078125 0.346191 1.01465
1532261112071348 0.0449219 0.320801 1.00439
1532261112131187 0.0292969 0.279785 1.00537
1532261112192025 0.0605469 -0.00683594 0.877441
1532261112280787 0.302734 -0.0664063 1.04736
1532261112340626 0.329102 0.0400391 1.0708
1532261112350600 0.503418 0.434082 1.31787
1532261112368552 0.158203 -0.0209961 1.11328
1532261112643816 0.380859 0.0141602 1.03076
1532261112678723 0.302246 0.043457 0.991699
1532261112768483 0.285645 0.234375 0.992676
1532261112896142 0.325684 0.211914 0.960449
1532261112962963 0.314941 0.228516 0.963379
1532261112998867 0.257813 0.23877 1.00391
1532261113097603 0.26709 0.242188 0.998535
1532261113173401 0.277832 0.236328 1.00195
1532261113187363 0.3125 0.237305 0.961914
1532261113216286 0.318848 0.216797 0.952637
1532261113330979 0.281738 0.210938 0.999023
1532261113392814 0.26709 0.207031 1.01318
1532261113436695 0.294922 0.17334 0.994141
1532261113450659 0.308105 0.182617 0.97998
1532261113501522 0.324707 0.199707 0.958984
1532261113533438 0.331055 0.196777 0.98291
1532261113577320 0.333984 0.17627 0.992676
1532261113600258 0.335938 0.168945 0.994141
1532261113646148 0.33252 0.162598 0.980469
1532261113693011 0.330078 0.171387 0.971191
1532261113786763 0.359863 0.178223 0.961914
1532261113898461 0.340332 0.145996 0.95459
1532261114036093 0.316895 0.235352 0.981934
1532261114157767 0.333496 0.196289 0.970703
1532261114267474 0.340332 0.206055 0.973145
1532261114284429 0.337402 0.217773 0.953613
1532261114312354 0.303223 0.202637 0.981445
1532261114350253 0.317871 0.171875 1.00244
1532261114372194 0.338379 0.147461 1.00049
1532261114476915 0.334473 0.162109 0.96875
1532261114499855 0.32666 0.155273 0.97168
1532261114546728 0.317383 0.17334 0.960938
1532261114575650 0.318359 0.193359 0.976563
1532261114613550 0.328613 0.181152 0.989746
1532261114761154 0.347168 0.173828 0.94043
1532261114778109 0.34668 0.206055 0.951172
1532261114839943 0.3125 0.19873 0.993652
1532261115010487 0.362305 0.138184 0.95459
1532261115109223 0.309082 0.187988 0.972168
1532261115116205 0.288574 0.186035 0.979004
1532261115136151 0.34082 0.177734 0.973633
1532261115197986 0.353516 0.17334 0.97998
1532261115288754 0.328125 0.158203 0.987305
1532261115333623 0.324219 0.164551 0.984375
1532261115378503 0.351563 0.158203 0.961914
1532261115475244 0.328125 0.171875 0.974121
1532261115588942 0.35498 0.162109 0.97168
1532261115634818 0.349609 0.151367 0.970215

1532261115656759 0.345215 0.148438 0.967285
1532261115668727 0.351563 0.149902 0.972656
1532261115706628 0.368164 0.155762 0.96582
1532261115754498 0.356934 0.164551 0.976074
1532261115780463 0.354004 0.171875 0.985352
1532261115866233 0.342285 0.183594 0.991699
1532261115889172 0.373535 0.207031 1.00391
1532261115946020 0.42041 0.137695 0.936523
1532261116005860 0.442383 0.112305 0.916992
1532261116051738 0.455566 0.130859 0.928223
1532261116096617 0.447754 0.11084 0.911621
1532261116212319 0.518555 0.0214844 0.932129
1532261116226270 0.569824 0.0107422 0.922852
1532261116286111 0.320801 -0.0361328 1.01465
1532261116307056 0.294922 -0.0561523 1.00146
1532261116353929 0.262695 0.03125 0.998535
1532261116443689 0.206543 0.059082 1.00195
1532261116779842 0.200195 0.110352 1.03711
1532261116818734 0.165527 0.108887 1.0332
1532261116862607 -0.34082 -0.027832 0.955078
1532261116997258 -0.419434 -0.0107422 0.935547
1532261117023175 -0.459473 0.0297852 0.891602
1532261117045116 -0.244629 0.0458984 0.94043
1532261117059078 0.0126953 0.132813 0.975586
1532261117063068 0.0849609 0.0913086 1.02979
1532261117093985 -0.012207 0.0449219 1.07031
1532261117125906 0.425781 0.150879 1.19873
1532261117337334 0.580078 0.161133 1.20117
1532261117604620 0.144043 0.00683594 0.973145
1532261117680417 0.203613 0.144531 0.912598
1532261117808076 0.132324 0.0834961 0.913086
1532261117833008 0.146484 0.109375 0.935547
1532261117891852 0.0561523 0.000976563 1.0791
1532261117897835 0.106934 -0.0288086 1.16797
1532261117928753 0.243164 0.0146484 1.22363
1532261117973632 0.199219 0.0874023 1.04688
1532261117995574 0.218262 0.230957 0.915039
1532261118110268 0.237305 0.156738 0.965332
1532261118131212 0.228516 0.0786133 1.04102
1532261118154150 0.182129 0.194336 1.03027
1532261118183072 0.195801 0.147949 1.04102
1532261118205015 0.195801 0.147461 1.01904
1532261118227953 0.204102 0.168945 1.01123
1532261118249894 0.206055 0.180176 1.01416
1532261118347633 0.180664 0.165039 1.07568
1532261118408470 0.296387 0.198242 1.0708
1532261118445372 0.305176 0.195801 1.03271
1532261118469308 0.385254 0.145996 1.01172
1532261118484282 0.14209 0.0722656 1.07373
1532261118506219 -0.012207 0.0185547 1.01123
1532261118528150 -0.137207 0.09375 0.976074
1532261118550103 -0.102051 0.206543 0.987793
1532261118723628 0.0200195 0.253906 1.02637
1532261118745569 -0.0834961 0.0737305 0.974609
1532261118766513 -0.00976563 0.10791 0.959473
1532261118805409 0.0288086 0.217285 0.95752
1532261118834336 0.0668945 0.216797 0.991211
1532261118874225 0.097168 0.209473 1.02441
1532261118961990 0.137207 0.197754 1.05566
1532261119001886 0.140625 0.154785 1.0708
1532261119038785 0.268555 0.186035 1.08252
1532261119065713 0.188477 0.152832 1.04639
1532261119126550 0.155273 0.169434 1.06006
1532261119279142 0.163574 0.166992 1.05518
1532261119291111 0.157227 0.13623 1.03809
1532261119388854 0.231445 0.118164 1.01318
1532261119495563 0.23877 0.129395 1.01123
1532261119557398 0.177734 0.157715 1.03564
1532261119576346 0.156738 0.142578 1.02881
1532261119601281 0.145996 0.141113 1.02295
1532261119644166 0.153809 0.141602 1.0166
1532261119795760 0.160156 0.143066 1.01709
1532261119834657 0.154297 0.13623 1.01514
1532261119857595 0.196289 0.138672 1.03125
1532261119870561 0.182617 0.131836 1.02832
1532261119892502 0.17334 0.131348 1.01709
1532261119945372 0.17334 0.132324 1.02393
1532261119968299 0.17627 0.138184 1.0376
1532261120051078 0.17627 0.13916 1.03369
1532261120133856 0.186035 0.139648 1.0415
1532261120433056 0.180664 0.141113 1.01318
1532261120663440 0.196777 0.140625 1.02246
1532261120694357 0.212891 0.144531 1.02246
1532261120733253 0.188965 0.132813 1.01904
1532261120799077 0.185059 0.146484 1.01953
1532261120955668 0.18457 0.143066 1.0293
1532261120980592 0.179688 0.144043 1.02783
1532261121002533 0.177246 0.147949 1.02588
1532261121137173 0.1875 0.132813 1.03467
1532261121245882 0.217285 0.189453 1.21631
1532261121496213 0.285645 0.321777 1.22021
1532261121513168 0.101074 0.292969 1.17773
1532261121558048 0.0297852 0.0878906 0.934082
1532261121716624 0.107422 0.479492 1.05176
1532261121763498 0.00732422 0.397461 1.02979
1532261121858245 0.942383 0.62793 1.94287
1532261122016820 -0.0454102 0.479492 0.920898
1532261122060703 0.0449219 0.344727 0.910645
1532261122083642 0.101563 0.29248 0.951172
1532261122293083 0.0444336 0.617188 0.964844
1532261122328986 0.166016 -0.164063 1.1958
1532261122337962 0.0756836 0.12207 1.0498
1532261122380861 0.123535 0.312988 1.04883
1532261122440688 0.105469 0.0673828 1.08057
1532261122608240 0.354492 0.407715 0.955566
1532261122720938 0.355469 0.171387 0.955078
1532261122758836 0.382813 0.206055 0.995117
1532261122887493 0.358887 0.277832 0.966797
1532261122915418 0.32959 0.257813 0.95166
1532261122937360 0.337402 0.236328 0.949707
1532261122975259 0.348145 0.251953 0.96582
1532261123012159 0.327148 0.250488 0.958008
1532261123101919 0.319824 0.26123 0.956055
1532261123125856 0.318848 0.274902 0.960449
1532261123148794 0.340332 0.268066 0.956543
1532261123162758 0.345215 0.242676 0.976074
1532261123200655 0.35498 0.212402 0.953125
1532261123224591 0.360352 0.211426 0.935547
1532261123381173 0.333984 0.186035 0.930664
1532261123424057 0.333496 0.176758 0.945313
1532261123442010 0.350098 0.214355 0.983887
1532261123463951 0.353027 0.23291 0.970215
1532261123485900 0.350586 0.248535 0.969238
1532261123517807 0.343262 0.231445 0.968262
1532261123538752 0.335938 0.191895 0.970215
1532261123719269 0.337891 0.163574 0.977051
1532261123741210 0.365234 0.116699 0.970215
1532261123817007 0.368164 0.12207 0.972656
1532261123935689 0.356934 0.111328 0.960938
1532261123982565 0.370605 0.112305 0.958496
1532261124041407 0.364258 0.106445 0.961914
1532261124100250 0.356445 0.129883 0.954102
1532261124146127 0.354004 0.164063 0.950195
1532261124189012 0.365723 0.197754 0.959961
1532261124273786 0.36377 0.197754 0.945801
1532261124295742 0.376465 0.233887 0.983887
1532261124377509 0.365234 0.224121 0.948242
1532261124445327 0.361816 0.250488 0.944824
1532261124513146 0.364258 0.202148 0.947754
1532261124538079 0.367188 0.224121 0.94873
1532261124550047 0.37793 0.231445 0.944824
1532261124570991 0.377441 0.230469 0.958008
1532261124640804 0.351563 0.209961 0.95166
1532261124677706 0.337891 0.222168 0.948242
1532261124829300 0.331055 0.239258 0.956055
1532261124864207 0.370117 0.225098 0.962891
1532261124910084 0.384766 0.220215 0.95459
1532261124928036 0.381836 0.21875 0.95166
1532261125106572 0.345703 0.224609 0.950684
1532261125111545 0.342285 0.229004 0.94873
1532261125160415 0.366211 0.20459 0.949219
1532261125181359 0.368652 0.190918 0.946777
1532261125299043 0.375488 0.212891 0.961914
1532261125328979 0.381836 0.270996 0.950684
1532261125368869 0.34375 0.206543 0.96582
1532261125405759 0.350586 0.235352 0.947754
1532261125420719 0.362305 0.236328 0.941406
1532261125465598 0.375 0.263672 0.940918
1532261125510478 0.375488 0.241211 0.948242
1532261125534415 0.37793 0.237305 0.949219
1532261125623177 0.369141 0.242676 0.953613
1532261125646116 0.356934 0.20752 0.964355
1532261125661076 0.365234 0.208496 0.95752
1532261125690996 0.364746 0.200195 0.946777
1532261125743866 0.367188 0.19043 0.945313
1532261125788735 0.373047 0.192383 0.942383
1532261125810677 0.373047 0.19043 0.942383

1532261125908415 0.369629 0.195313 0.950195
1532261125923375 0.366699 0.213867 0.956055
1532261125945316 0.369629 0.197754 0.947754
1532261126013135 0.376465 0.221191 0.948242
1532261126110873 0.367676 0.181152 0.956543
1532261126133811 0.37207 0.180664 0.953125
1532261126177694 0.379395 0.191895 0.941895
1532261126201630 0.381348 0.209473 0.949707
1532261126213598 0.379883 0.210938 0.953125
1532261126245513 0.371582 0.195313 0.955078
1532261126273438 0.373047 0.198242 0.960938
1532261126290394 0.375977 0.191895 0.958496
1532261126326297 0.362305 0.185547 0.960449
1532261126381150 0.355469 0.205566 0.95459
1532261126412068 0.353027 0.19873 0.958496
1532261126454953 0.353516 0.193359 0.961914
1532261126479886 0.369629 0.20166 0.959473
1532261126499833 0.40332 0.180664 0.944336
1532261126590591 0.394043 0.168945 0.950684
1532261126626495 0.362793 0.190918 0.958984
1532261126687331 0.361816 0.191406 0.951172
1532261126756148 0.385254 0.17334 0.942871
1532261126771107 0.391602 0.166504 0.948242
1532261126793051 0.37207 0.191895 0.944336
1532261126852889 0.367676 0.241699 0.943848
1532261126920708 0.381836 0.236328 0.947754
1532261127010468 0.349609 0.231445 0.952148
1532261127032422 0.338379 0.234375 0.949219
1532261127053352 0.350098 0.241211 0.944336
1532261127085267 0.362793 0.254395 0.945801
1532261127145107 0.374512 0.251953 0.936035
1532261127176025 0.378906 0.255371 0.938965
1532261127218910 0.37207 0.266113 0.936035
1532261127265785 0.369141 0.268066 0.939941
1532261127310665 0.355957 0.252441 0.936523
1532261127325625 0.355957 0.24707 0.935547
1532261127368510 0.358398 0.242188 0.94873
1532261127392446 0.357422 0.260254 0.950684
1532261127476222 0.361328 0.267578 0.937012
1532261127503149 0.36377 0.274902 0.939941
1532261127523096 0.365723 0.273438 0.942383
1532261127565981 0.358887 0.256836 0.930176
1532261127608867 0.365723 0.260254 0.935547
1532261127647764 0.358398 0.244141 0.942871
1532261127685662 0.361816 0.256836 0.961426
1532261127848227 0.365723 0.262207 0.94043
1532261127876152 0.36084 0.253906 0.927246
1532261127925022 0.361816 0.239258 0.949219
1532261127947961 0.361328 0.239746 0.958496
1532261128159395 0.375 0.243164 0.939941
1532261128165379 0.369141 0.249023 0.939941
1532261128239182 0.365723 0.250488 0.935059
1532261128398755 0.362305 0.250977 0.93457
1532261128608195 0.368652 0.246582 0.942383
1532261128698969 0.353516 0.259277 0.948242
1532261128976211 0.366699 0.242676 0.942871
1532261129163709 0.415527 0.189453 1.04053
1532261129210584 0.252441 0.0766602 1.19092
1532261129231534 0.204102 0.163574 1.20752
1532261129255464 0.00488281 0.0839844 1.13086
1532261129267432 -0.0522461 0.109375 1.12354
1532261129289374 -0.0786133 0.104004 1.10254
1532261129313323 -0.14209 0.141602 1.05371
1532261129335251 -0.202148 0.160645 1.03857
1532261129381128 -0.193848 0.212891 1.03125
1532261129396088 -0.130371 0.246094 0.965332
1532261129475875 0.364746 1.17969 0.67627
1532261129546685 0.123047 0.0947266 0.830566
1532261129567630 0.237305 0.311523 0.89209
1532261129657406 0.228027 0.253906 0.971191
1532261129755128 0.25293 0.339355 1.03711
1532261129822946 0.210449 0.340332 1.06055
1532261129830925 0.0361328 0.338379 1.06445
1532261129883795 0.0258789 0.298828 0.971191
1532261129935645 -0.436523 -0.803223 0.46875
1532261129960579 -0.421875 -0.012207 0.778809
1532261130017427 0.149414 0.411621 1.22266
1532261130040366 -0.0722656 0.155273 1.0752
1532261130062307 -0.17627 0.383789 1.13135
1532261130085246 -0.129395 0.349121 1.07813
1532261130115165 -0.0917969 0.318848 1.03418
1532261130146083 -0.0297852 0.305176 0.993164
1532261130164034 0.0556641 0.333984 0.968262
1532261130168024 0.0463867 0.291016 0.935547
1532261130205939 0.402344 0.296875 0.999023
1532261130227864 -0.403809 0.100586 0.529785
1532261130273742 0.495117 0.572266 1.5752
1532261130348540 0.547852 0.675781 1.62939
1532261130365496 0.469238 0.34082 1.50146
1532261130384444 0.15332 -0.202148 0.987793
1532261130398408 0.315918 -0.142578 1.13623
1532261130420349 0.403809 0.0200195 1.16406
1532261130444285 0.378418 0.183594 1.13818
1532261130458248 0.310059 0.0449219 1.125
1532261130480188 0.353516 -0.0458984 0.73584
1532261130528065 0.61377 0.149414 1.88672
1532261130552995 0.328125 -0.00976563 1.36621
1532261130594883 0.66748 0.216797 1.08496
1532261130616824 -0.255859 0.0556641 0.612793
1532261130639763 -0.279297 -0.0410156 1.00293
1532261130683645 -0.341309 0.0600586 0.641113
1532261130792361 -0.150879 -0.106934 1.07813
1532261130805340 0.599121 -0.347168 1.63818
1532261130828268 0.607422 0.20752 0.937988
1532261130851197 0.432129 0.138672 0.915039
1532261130902061 0.316895 0.0981445 1.02051
1532261130919033 0.311523 0.20752 1.00391
1532261130924002 0.256836 0.367676 0.924316
1532261130960904 0.421387 0.107422 1.0293
1532261130991821 0.398926 0.102539 0.983887
1532261131043682 0.391113 0.0703125 0.953613
1532261131059640 0.384766 0.111328 0.95459
1532261131107512 0.361816 0.19043 0.950684
1532261131127458 0.345703 0.208984 0.964355
1532261131174333 0.338379 0.208496 0.961426
1532261131211235 0.328125 0.229004 0.963379
1532261131231181 0.344727 0.216797 0.976074
1532261131261101 0.349121 0.225586 0.976074
1532261131313959 0.344238 0.222656 0.976563
1532261131430647 0.344727 0.23877 0.991699
1532261131472535 0.340332 0.244629 0.990234
1532261131497468 0.35791 0.199707 0.91748
1532261131594210 0.355957 0.166992 0.977051
1532261131621138 0.35498 0.183105 0.982422
1532261131764754 0.35791 0.183594 0.979492
1532261131800659 0.366211 0.156738 0.97168
1532261131830590 0.365723 0.153809 0.968262
1532261131864487 0.371094 0.14502 0.972168
1532261131900392 0.364258 0.139648 0.978027
1532261131985165 0.359863 0.130371 0.980469
1532261132026055 0.363281 0.131836 0.98291
1532261132045005 0.358398 0.0429688 0.967773
1532261132062957 0.375 0.101074 0.936523
1532261132080924 0.381836 0.0527344 0.943359
1532261132118808 0.371094 0.109375 0.958008
1532261132167677 0.38623 0.129883 0.967773
1532261132216562 0.385254 0.145508 0.965332
1532261132240482 0.371094 0.136719 0.952148
1532261132261426 0.362793 0.142578 0.937988
1532261132306306 0.358887 0.177734 0.945313
1532261132363160 0.36084 0.228516 0.958008
1532261132479846 0.362305 0.23291 0.980957
1532261132540680 0.32959 0.252441 0.959473
1532261132565612 0.330566 0.256836 0.947266
1532261132603511 0.349609 0.244629 0.944336
1532261132620465 0.36084 0.237793 0.947266
1532261132642406 0.367676 0.23584 0.949219
1532261132680306 0.369629 0.261719 0.959961
1532261132703245 0.368652 0.265137 0.956543
1532261132792007 0.344727 0.275879 0.960938
1532261132815943 0.329102 0.279297 0.961426
1532261132861821 0.328613 0.245117 0.941895
1532261132867804 0.339844 0.23877 0.935547
1532261132926647 0.341309 0.273438 0.956055
1532261132942605 0.35791 0.264648 0.956055
1532261132979505 0.359863 0.253906 0.959961
1532261133002444 0.352539 0.25 0.955566
1532261133025383 0.353516 0.256348 0.954102
1532261133077245 0.342773 0.24707 0.948242
1532261133101180 0.342773 0.23291 0.941895
1532261133117138 0.34082 0.227539 0.945313
1532261133138088 0.337402 0.248047 0.946777
1532261133160038 0.351563 0.23877 0.949219
1532261133204903 0.351563 0.259766 0.955566
1532261133348519 0.362793 0.244141 0.953613
1532261133372455 0.357422 0.233398 0.952148
1532261133393399 0.34375 0.272949 0.958984
1532261133430300 0.335938 0.232422 0.944824
1532261133483159 0.348145 0.250488 0.953125
1532261133511085 0.346191 0.26416 0.956055
1532261133678636 0.353516 0.255371 0.958008
1532261133738488 0.344727 0.236328 0.9375
1532261133945933 0.350586 0.256836 0.950684
1532261134010747 0.348633 0.245605 0.955078
1532261134028700 0.343262 0.248535 0.953125
1532261134090535 0.361328 0.219727 0.947754
1532261134181300 0.358887 0.229492 0.949707
1532261134209217 0.356445 0.218262 0.944824
1532261134265068 0.35791 0.209961 0.948242

1532261134540332 0.356934 0.203613 0.945801
1532261134554295 0.354004 0.217285 0.953613
1532261134585224 0.344727 0.21582 0.959961
1532261134763734 0.35791 0.226074 0.949219
1532261134855495 0.341797 0.258301 0.958496
1532261135066925 0.344727 0.258789 0.946289
1532261135110806 0.35791 0.232422 0.953125
1532261135163665 0.342773 0.25 0.943359
1532261135273371 0.344238 0.242188 0.950684
1532261135358144 0.34668 0.241699 0.944336
1532261135395054 0.348145 0.250488 0.945313
1532261135454886 0.349609 0.250488 0.951172
1532261135550630 0.348145 0.242188 0.952637
1532261135651376 0.347168 0.249023 0.949219
1532261135664326 0.344727 0.244141 0.943848
1532261135687264 0.345215 0.249023 0.948242
1532261135710203 0.340332 0.248535 0.95166
1532261135731147 0.344238 0.251465 0.946777
1532261135778022 0.347168 0.248535 0.947754
1532261135821905 0.345215 0.255859 0.959473
1532261135846839 0.352051 0.258789 0.958984
1532261135898699 0.344238 0.260254 0.957031
1532261135919644 0.352051 0.239258 0.942871
1532261135950560 0.349121 0.24707 0.95459
1532261135971505 0.34668 0.243652 0.958496
1532261136010401 0.348633 0.25 0.955566
1532261136123099 0.353027 0.242676 0.952148
1532261136204881 0.34668 0.229492 0.955566
1532261136288657 0.350586 0.226563 0.956055
1532261136293649 0.349121 0.226074 0.963867
1532261136446246 0.354004 0.216797 0.958496
1532261136471169 0.358887 0.197754 0.96582
1532261136484134 0.358887 0.191406 0.962402
1532261136527020 0.367676 0.179688 0.955078
1532261136579878 0.359375 0.170898 0.958008
1532261136761392 0.36084 0.165527 0.958984
1532261136776352 0.362793 0.163086 0.95459
1532261136843174 0.363281 0.15918 0.957031
1532261136956870 0.373535 0.15332 0.956543
1532261137000753 0.374023 0.156738 0.953613
1532261137039648 0.366699 0.158203 0.956543
1532261137060593 0.365723 0.171387 0.956543
1532261137323897 0.365234 0.180176 0.95459
1532261137348830 0.366699 0.185059 0.964844
1532261137443568 0.36377 0.1875 0.963379
1532261137533329 0.414551 0.21582 1.04492
1532261137556267 0.47168 0.228027 1.06396
1532261137595173 0.150391 0.182617 1.19971
1532261137659990 -0.0488281 -0.043457 1.18652
1532261137742783 -0.134766 0.108887 0.928223
1532261137864444 -0.245605 0.277832 0.951172
1532261137885387 -0.100586 0.375977 0.866211
1532261137905333 0.200684 0.73584 0.811035
1532261137955201 0.105469 0.287109 0.840332
1532261137976144 0.0942383 0.0854492 0.830566
1532261138111782 0.32959 0.378418 0.95459
1532261138133722 0.241699 0.381348 0.94043
1532261138148683 0.027832 0.321289 0.996582
1532261138168646 0.0498047 0.326172 0.985352
1532261138198549 -0.00683594 0.291016 0.990723
1532261138253402 -0.0498047 0.435059 1.04004
1532261138274347 -0.0424805 0.451172 1.07373
1532261138297286 0.148926 0.0146484 1.53076
1532261138368096 0.370605 1.24561 1.36475
1532261138389040 -0.550293 0.54541 0.994141
1532261138425942 0.0449219 0.28418 1.1377
1532261138463840 -0.059082 0.274902 1.08545
1532261138484784 -0.197754 0.465332 1.02246
1532261138533653 -0.090332 0.407715 0.965332
1532261138556593 0.00390625 0.418457 0.937988
1532261138598480 0.131348 0.422852 0.881836
1532261138621423 0.221191 0.521973 0.677246
1532261138666299 0.679688 0.692871 1.73877
1532261138748080 0.371094 0.359863 1.0083
1532261138764037 -0.343262 0.0776367 0.794922
1532261138807930 -0.192383 0.0556641 0.73877
1532261138942560 0.065918 -0.081543 1.00049
1532261138981472 0.365723 0.140137 1.06543
1532261139023344 0.433105 -0.0551758 1.40967
1532261139060245 -0.145996 0.166504 0.708984
1532261139093157 -0.10791 -0.0825195 1.08154
1532261139175935 0.754883 0.158691 1.08887
1532261139258715 0.556641 0.0922852 1.06592
1532261139277664 0.330566 0.285645 0.985352
1532261139430255 0.336426 0.191406 0.921875
1532261139535973 0.383301 0.0854492 0.969727
1532261139543951 0.351074 0.178711 0.962891
1532261139603791 0.35791 0.195801 0.95752
1532261139631717 0.36377 0.158691 0.966797
1532261139686570 0.343262 0.210938 0.984863
1532261139708512 0.34375 0.224121 0.994629
1532261139755387 0.349609 0.227539 0.989258
1532261139776330 0.356934 0.193848 0.976074
1532261139798276 0.358398 0.169434 0.960449
1532261139822208 0.368652 0.125977 0.928711
1532261139867088 0.364746 0.12793 0.939453
1532261139916954 0.360352 0.127441 0.96875
1532261140031648 0.374512 0.139648 0.968262
1532261140076530 0.373047 0.148926 0.970215
1532261140092485 0.352051 0.155762 0.962402
1532261140143349 0.357422 0.170898 0.969238
1532261140175264 0.380371 0.134277 0.977539
1532261140209173 0.37207 0.128418 0.972656
1532261140285968 0.36084 0.113281 0.987305
1532261140307908 0.349609 0.0761719 0.996582
1532261140353795 0.378418 0.156738 0.948242
1532261140367748 0.37207 0.0854492 0.953613
1532261140420608 0.385742 0.0644531 0.944824
1532261140442549 0.382324 0.0761719 0.947754
1532261140541284 0.384766 0.0834961 0.968262
1532261140586165 0.380859 0.0791016 0.95166
1532261140631045 0.371582 0.0756836 0.952148
1532261140650992 0.365234 0.103027 0.94043
1532261140750725 0.377441 0.218262 0.961914
1532261140796602 0.349609 0.226563 0.989258
1532261140863423 0.352051 0.221191 0.947266
1532261140885365 0.35498 0.219238 0.933594
1532261141025989 0.353516 0.241699 0.949707
1532261141049924 0.354004 0.239258 0.949219
1532261141140682 0.359375 0.244141 0.954102
1532261141185562 0.344238 0.243164 0.950195
1532261141252383 0.339844 0.245605 0.937988
1532261141284314 0.350098 0.242188 0.950684
1532261141328188 0.358398 0.243652 0.952637
1532261141373068 0.365234 0.251465 0.95752
1532261141417948 0.343262 0.258301 0.96582
1532261141442880 0.351563 0.233398 0.952637
1532261141462828 0.362793 0.217285 0.941406
1532261141522667 0.353516 0.246094 0.946777
1532261141596469 0.354492 0.230469 0.940918
1532261141674262 0.371094 0.241699 0.963867
1532261141754048 0.354492 0.243164 0.942871
1532261141805920 0.34375 0.240234 0.950684
1532261141851787 0.35498 0.23291 0.955566
1532261141950523 0.374512 0.220215 0.95752
1532261141972484 0.364258 0.240234 0.960449
1532261141995403 0.360352 0.223633 0.953613
1532261142055244 0.359863 0.193359 0.9375
1532261142108115 0.352051 0.242676 0.958984
1532261142273660 0.354004 0.207031 0.944336
1532261142392341 0.375977 0.210938 0.955566
1532261142588834 0.380859 0.203613 0.949707
1532261142617742 0.376953 0.17334 0.950195
1532261142653643 0.370117 0.168945 0.945313

1532261142866075 0.363281 0.162598 0.949219
1532261142910955 0.376465 0.122559 0.953613
1532261142933894 0.382324 0.152832 0.942871
1532261143106432 0.383789 0.152832 0.946777
1532261143128374 0.383301 0.150391 0.942383
1532261143173259 0.37207 0.188965 0.956055
1532261143195195 0.373535 0.199219 0.951172
1532261143338820 0.382324 0.193848 0.944824
1532261143366745 0.385742 0.202637 0.949219
1532261143406638 0.369629 0.193848 0.951172
1532261143429576 0.366211 0.213867 0.949707
1532261143502381 0.365234 0.23877 0.953125
1532261143526318 0.370117 0.236328 0.953613
1532261143617075 0.367676 0.235352 0.941406
1532261143638019 0.371094 0.231445 0.943359
1532261143660958 0.364258 0.231934 0.935547
1532261143697859 0.355957 0.230957 0.955078
1532261143718803 0.356934 0.224609 0.95166
1532261143750717 0.367188 0.222656 0.953125
1532261143795597 0.373047 0.226563 0.946777
1532261143849454 0.369629 0.23584 0.94873
1532261143870398 0.363281 0.23291 0.944336
1532261143938250 0.368164 0.229492 0.945801
1532261143963184 0.365723 0.22998 0.949219
1532261144005072 0.35791 0.23291 0.952148
1532261144035006 0.365234 0.227051 0.947266
1532261144078874 0.368652 0.240234 0.946777
1532261144126746 0.365234 0.236816 0.946777
1532261144147689 0.365234 0.236816 0.944824
1532261144194572 0.365723 0.233398 0.951172
1532261144236452 0.367188 0.231934 0.944336
1532261144273354 0.363281 0.23584 0.944336
1532261144298297 0.359863 0.238281 0.948242
1532261144334192 0.36377 0.238281 0.949707
1532261144493769 0.364746 0.235352 0.94873
1532261144536650 0.367188 0.248535 0.950195
1532261144552613 0.36377 0.240723 0.950195
1532261144590506 0.370605 0.238281 0.94873
1532261144659322 0.36377 0.237793 0.939941
1532261144702218 0.358398 0.242676 0.937988
1532261144726144 0.370605 0.222168 0.94873
1532261144773018 0.367188 0.236328 0.949707
1532261144792974 0.361816 0.23877 0.943359
1532261144805929 0.369629 0.236816 0.948242
1532261144883722 0.36084 0.228516 0.944824
1532261145027338 0.368652 0.238281 0.942871
1532261145049279 0.372559 0.239746 0.943359
1532261145094159 0.376465 0.23584 0.955566
1532261145158986 0.36377 0.231934 0.942383
1532261145235781 0.356445 0.231445 0.942871
1532261145363439 0.355469 0.22998 0.952637
1532261145386377 0.37207 0.215332 0.950195
1532261145536981 0.365234 0.194336 0.955566
1532261145603796 0.376465 0.190918 0.946777
1532261145639700 0.381348 0.195313 0.950195
1532261145663636 0.374512 0.187012 0.946777
1532261145705533 0.374023 0.194824 0.955078
1532261145843156 0.370117 0.205078 0.950684
1532261145888036 0.370605 0.201172 0.958008
1532261145920948 0.376465 0.202148 0.95459
1532261145985775 0.376465 0.199707 0.942383
1532261146031652 0.375 0.197266 0.948242
1532261146196212 0.371582 0.19873 0.954102
1532261146203193 0.373535 0.202148 0.95459
1532261146239098 0.376953 0.200684 0.958496
1532261146276996 0.376465 0.198242 0.951172
1532261146315891 0.373047 0.20459 0.956055
1532261146368751 0.376953 0.210449 0.966309
1532261146459508 0.40332 0.20166 0.990234
1532261146479454 0.0771484 0.30957 1.15332
1532261146577193 -0.131348 0.133301 1.04834
1532261146691887 -0.18457 0.272949 0.999023
1532261146712830 -0.178223 0.239258 0.945313
1532261146736766 0.198242 0.543945 0.875977
1532261146787643 0.26709 -0.0161133 1.00391
1532261146860436 0.367188 0.354492 0.899902
1532261146924265 0.32373 0.308105 0.9375
1532261146970143 0.337402 0.277832 0.970215
1532261147012031 0.231445 0.279297 0.970215
1532261147072868 0.165527 0.229004 1.02783
1532261147237427 0.0263672 0.219727 1.02734
1532261147267347 0 0.239746 1.01123
1532261147284303 0.00878906 0.225098 1.02881
1532261147364099 0.671387 1.25098 1.69434
1532261147408969 -0.39502 0.530273 1.10303
1532261147430910 -0.0737305 0.0224609 1.01172
1532261147478782 -0.0766602 0.0634766 1.14893
1532261147483769 -0.184082 0.207031 1.15723
1532261147530644 -0.132324 0.194336 1.11914
1532261147599460 -0.0371094 0.225098 1.06738
1532261147621401 -0.043457 0.21582 1.02295
1532261147642345 0.0947266 0.309082 0.90332
1532261147688222 0.268555 0.341309 0.930664
1532261147792942 0.0483398 0.313477 0.882324
1532261147822867 -0.116211 0.241211 0.836426
1532261147845801 -0.212891 0.164551 0.786133
1532261147896665 0.233398 -0.0366211 1.24609
1532261147942541 0.101074 0.180664 1.03174
1532261148033299 0.135742 -0.00195313 1.1709
1532261148101118 0.208008 0.0947266 1.06152
1532261148126068 0.268555 0.0712891 1.06787
1532261148144003 0.269531 0.0688477 1.09277
1532261148425252 0.462891 0.539063 0.905273
1532261148444201 0.416992 0.243652 0.902344
1532261148498057 0.427734 0.308594 0.915039
1532261148608761 0.387695 0.286621 0.912598
1532261148695529 0.373535 0.328613 0.916992
1532261148713481 0.385254 0.318848 0.928711
1532261148740408 0.375 0.31543 0.925293
1532261148806232 1.02393 0.384766 1.15137
1532261148938878 0.617676 0.300781 0.291504
1532261148994737 0.378418 0.266113 0.95459
1532261149021657 0.414551 0.253906 0.927734
1532261149129369 -0.200684 0.25 0.746094
1532261149211166 0.166016 0.264648 0.884766
1532261149256029 0.426758 0.214844 0.919922
1532261149277971 0.461426 0.263672 0.912109
1532261149298915 0.435547 0.22998 0.93457
1532261149337811 0.393555 0.16748 0.933105
1532261149427571 0.395996 0.182129 0.915527
1532261149465470 0.405273 0.195801 0.919434
1532261149510349 0.42627 0.230469 0.933594
1532261149539273 0.414551 0.223145 0.924805
1532261149584152 0.409668 0.230469 0.926758
1532261149630030 0.425293 0.224609 0.916016
1532261149788606 0.405762 0.224121 0.898926
1532261149825507 0.404785 0.330566 0.921387
1532261149954163 0.38916 0.348633 0.902832
1532261150042932 0.401855 0.355469 0.904785
1532261150066862 0.391602 0.378418 0.902832
1532261150078830 0.355469 0.352051 0.885742
1532261150110760 0.38916 0.32666 0.930176
1532261150132685 0.39502 0.354004 0.922852
1532261150170584 0.379395 0.313965 0.935059
1532261150273310 0.389648 0.342773 0.921875
1532261150345117 0.409668 0.303223 0.914063
1532261150394984 0.396484 0.291504 0.935059
1532261150411939 0.397949 0.293457 0.931641
1532261150486738 0.39502 0.266602 0.922363
1532261150551566 0.410645 0.253906 0.906738
1532261150636339 0.388184 0.255859 0.92041
1532261150658280 0.399902 0.26416 0.927246
1532261150689211 0.408691 0.291016 0.937988
1532261150710141 0.415527 0.283691 0.933105
1532261150733080 0.401855 0.268066 0.918457
1532261150786935 0.405273 0.234863 0.908691
1532261150808878 0.408691 0.23584 0.905762
1532261150830819 0.408203 0.253906 0.905762
1532261150899639 0.428223 0.244141 0.922363
1532261150913597 0.537598 0.30957 0.937012
1532261150918584 1.1416 0.350586 1.33301
1532261150950499 0.333008 0.160156 1.24072
1532261150988397 1.09473 0.462402 1.19922
1532261151017319 -0.168457 0.0800781 0.813965
1532261151114068 0.929688 0.275391 1.41602
1532261151154952 0.759277 0.431641 0.793457
1532261151192850 -0.0410156 0.314453 0.546387
1532261151221773 0.386719 0.279297 0.933105
1532261151257693 0.402344 0.29248 0.92041
1532261151454152 0.404297 0.281738 0.915527
1532261151534935 0.398926 0.265625 0.918457
1532261151617714 0.413086 0.258301 0.920898
1532261151730413 0.415527 0.241211 0.912109
1532261151755347 0.422363 0.230957 0.913574
1532261151798232 0.414063 0.22998 0.92041

1532261151915917 0.405273 0.241699 0.927246
1532261151985730 0.40625 0.228027 0.913574
1532261152043575 0.398926 0.254395 0.927246
1532261152058536 0.400391 0.239746 0.924805
1532261152088455 0.400879 0.246094 0.921387
1532261152128349 0.399902 0.249023 0.913574
1532261152174226 0.40625 0.260742 0.908691
1532261152218109 0.40625 0.272949 0.904785
1532261152264984 0.42041 0.279785 0.927246
1532261152436525 0.40918 0.27002 0.917969
1532261152473427 0.411621 0.261719 0.908691
1532261152495367 0.413574 0.259277 0.916504
1532261152578146 0.411621 0.269531 0.917969
1532261152586125 0.418945 0.256836 0.90918
1532261152636989 0.397949 0.266113 0.921875
1532261152775617 0.402344 0.26709 0.915527
1532261152796573 0.403809 0.272461 0.916992
1532261152819517 0.416992 0.274902 0.916016
1532261152856402 0.387207 0.273926 0.920898
1532261152909261 0.397949 0.288086 0.917969
1532261152916242 0.414551 0.290527 0.920898
1532261152984061 0.408203 0.273438 0.912598
1532261153027944 0.411133 0.265137 0.911133
1532261153050881 0.415527 0.274902 0.910645
1532261153097757 0.417969 0.285645 0.912109
1532261153118701 0.409668 0.276367 0.910645
1532261153160588 0.416016 0.296387 0.918945
1532261153216443 0.414551 0.283691 0.913086
1532261153329139 0.413574 0.28418 0.91748
1532261153396957 0.373535 0.270996 0.914063
1532261153409922 0.401367 0.286621 0.914551
1532261153470765 0.422363 0.281738 0.908203
1532261153544562 0.384766 0.29834 0.92334
1532261153568498 0.37793 0.289063 0.923828
1532261153651286 0.378906 0.306641 0.928711
1532261153673218 0.39502 0.311035 0.933105
1532261153689175 0.40918 0.285156 0.913086
1532261153725079 0.398926 0.282227 0.915527
1532261153746023 0.408203 0.271484 0.904785
1532261153929533 0.412109 0.273926 0.908203
1532261153949479 0.40918 0.25293 0.911621
1532261153968428 0.415039 0.262695 0.928711
1532261153996354 0.402832 0.256836 0.915527
1532261154047218 0.410156 0.255371 0.922363
1532261154184850 0.415527 0.250977 0.921875
1532261154207788 0.411133 0.250977 0.918457
1532261154233719 0.413574 0.245605 0.915527
1532261154266630 0.414063 0.255371 0.919922
1532261154318492 0.410156 0.254883 0.920898
1532261154483052 0.409668 0.259766 0.919434
1532261154520950 0.412109 0.265625 0.928223
1532261154549873 0.427246 0.304199 0.981445
1532261154579793 0.513672 0.224609 1.00586
1532261154647611 0.268555 -0.0595703 1.26074
1532261154693490 0.133789 0.148438 1.26172
1532261154761318 0.120605 0.15625 1.26611
1532261154843090 -0.237305 0.266602 0.933594
1532261154858052 -0.171875 0.285156 0.861328
1532261154947811 0.356445 0.935059 0.580566
1532261155031590 0.454102 0.199219 0.878906
1532261155060508 0.307617 0.443848 0.902832
1532261155081452 0.318848 0.375 0.942871
1532261155127329 0.310059 0.256836 1.05518
1532261155181186 0.212891 0.337891 1.06689
1532261155254989 0.211914 0.293945 1.09033
1532261155290892 0.153809 0.288086 1.03125
1532261155314828 0.131348 0.263184 1.00684
1532261155360706 0.173828 0.223145 0.97998
1532261155383644 0.109375 0.27832 0.924316
1532261155458452 1.10596 1.19141 1.80518
1532261155480385 0.140625 0.461426 0.910645
1532261155632977 0.00439453 0.353516 0.98877
1532261155692817 0.220703 0.37793 0.953125
1532261155804518 0.166016 0.420898 1.00684
1532261155848414 -0.106934 0.240234 0.841309
1532261155923202 -0.101563 0.11084 0.78125
1532261155945142 0.323242 0.0322266 1.17236
1532261156170540 0.350586 -0.0258789 1.14355
1532261156195473 0.483398 0.0268555 0.925293
1532261156222402 0.734863 0.00488281 1.00244
1532261156312161 0.655762 0.0751953 0.9375
1532261156360043 0.525391 0.109375 0.90332
1532261156433836 0.510742 0.165039 0.922852
1532261156463755 0.551758 0.168945 0.921875
1532261156508636 0.428223 0.114746 0.927734
1532261156644273 0.411621 0.122559 0.934082
1532261156688156 0.453613 0.125 0.918457
1532261156709100 0.544434 0.208984 0.881348
1532261156733035 0.502441 0.234375 0.853516
1532261156746998 0.463867 0.229004 0.853516
1532261156784896 0.463867 0.209961 0.896484
1532261156823805 0.494629 0.177246 0.919434
1532261156853713 0.490723 0.15332 0.931152
1532261157004310 0.465332 0.150391 0.950684
1532261157018272 0.454102 0.134766 0.94873
1532261157048205 0.481934 0.191406 0.912109
1532261157070134 0.480469 0.198242 0.919434
1532261157165878 0.474609 0.18457 0.910156
1532261157237686 0.47168 0.17334 0.901367
1532261157282566 0.453613 0.180176 0.887207
1532261157296531 0.455566 0.166504 0.900879
1532261157317472 0.482422 0.159668 0.942383
1532261157340412 0.500977 0.152344 0.961914
1532261157406236 0.561035 0.0888672 1.06689
1532261157425185 0.456055 0.144531 0.939941
1532261157533894 0.439941 0.0693359 0.925781
1532261157574790 0.467285 0.0834961 0.925293
1532261157625649 0.481934 0.217773 0.876465
1532261157791206 0.484375 0.169434 0.90625
1532261157858027 0.485352 0.119141 0.915039
1532261157910886 0.51123 0.131836 0.885742
1532261157978705 0.506836 0.114258 0.879883
1532261158089408 0.506348 0.10498 0.879395
1532261158150246 0.479492 0.147949 0.899414
1532261158211083 0.496582 0.172363 0.890625
1532261158368662 0.475586 0.231445 0.910156
1532261158405563 0.480957 0.222168 0.900391
1532261158435483 0.485352 0.240234 0.90918
1532261158471387 0.477539 0.211426 0.88916
1532261158556161 0.492188 0.208984 0.891113
1532261158683819 0.481445 0.19043 0.907227
1532261158735680 0.46582 0.210938 0.900879
1532261158749642 0.468262 0.216797 0.895996
1532261158810480 0.466797 0.227539 0.904297
1532261158900240 0.466309 0.214844 0.90625
1532261158923179 0.473145 0.205078 0.89502
1532261158960080 0.47998 0.221191 0.891602
1532261158990000 0.459473 0.197754 0.899414
1532261159012940 0.451172 0.212891 0.90625
1532261159040864 0.455078 0.212891 0.912598
1532261159200437 0.472656 0.21582 0.888184
1532261159268260 0.462891 0.204102 0.891602
1532261159297179 0.463867 0.220215 0.89502
1532261159351041 0.459473 0.21582 0.902832
1532261159393920 0.463379 0.230469 0.908691
1532261159475702 0.46582 0.223145 0.905273
1532261159518601 0.474121 0.200195 0.89209
1532261159628293 0.46875 0.212402 0.888184
1532261159778891 0.475098 0.208984 0.882324
1532261159830752 0.478516 0.230469 0.895508
1532261159855686 0.490723 0.222168 0.900879
1532261160058144 0.474121 0.216309 0.89209
1532261160072113 0.476563 0.192383 0.898438
1532261160123968 0.523438 0.101563 0.89502
1532261160152890 0.514648 0.09375 0.880371
1532261160184805 0.516602 0.116699 0.873047

1532261160355349 0.509277 0.0991211 0.867676
1532261160383274 0.525391 0.124023 0.879883
1532261160505951 0.491211 0.13623 0.894043
1532261160613747 0.477051 0.150879 0.906738
1532261160631698 0.505371 0.183105 0.882813
1532261160645661 0.470215 0.20166 0.883301
1532261160683560 0.493164 0.205566 0.892578
1532261160705523 0.516602 0.205566 0.898926
1532261160864479 0.454102 0.206055 0.913086
1532261160887418 0.449219 0.212891 0.911621
1532261160918335 0.429688 0.241211 0.90918
1532261160956233 0.516602 0.288574 0.889648
1532261161050980 0.474609 0.244141 0.881836
1532261161077908 0.465332 0.237793 0.878906
1532261161181631 0.474609 0.249023 0.874512
1532261161211551 0.483887 0.299316 0.897461
1532261161226511 0.479004 0.293457 0.896484
1532261161248452 0.464844 0.261719 0.879883
1532261161398052 0.486328 0.25 0.862305
1532261161462879 0.460449 0.24707 0.893066
1532261161542666 0.480469 0.270508 0.875488
1532261161562612 0.470703 0.286133 0.881348
1532261161723183 0.41748 0.299805 0.891113
1532261161779033 0.479004 0.29248 0.887207
1532261161794991 0.469238 0.29248 0.875977
1532261161998447 0.473633 0.275391 0.881348
1532261162558947 0.458984 0.282715 0.887695
1532261162569928 0.473633 0.28125 0.882324
1532261162620782 0.444336 0.270508 0.896484
1532261162748440 0.423828 0.276367 0.904297
1532261162785343 0.463379 0.304688 0.884766
1532261162809278 0.474609 0.281738 0.883301
1532261162832217 0.452637 0.287109 0.878906
1532261162847183 0.44873 0.282227 0.884766
1532261162883082 0.443848 0.294434 0.893555
1532261162927961 0.445801 0.277344 0.894531
1532261163003758 0.446777 0.280762 0.89209
1532261163108478 0.442383 0.281738 0.885742
1532261163160340 0.457031 0.299805 0.887695
1532261163252094 0.459961 0.269531 0.879883
1532261163296975 0.45166 0.280762 0.893066
1532261163341854 0.445801 0.28125 0.903809
1532261163362803 0.439453 0.270996 0.895996
1532261163386734 0.470703 0.277832 0.895508
1532261163423636 0.439453 0.265625 0.897949
1532261163452564 0.446777 0.262207 0.896973
1532261163484473 0.476563 0.255859 0.88623
1532261163662996 0.469727 0.226074 0.883789
1532261163737796 0.481934 0.235352 0.887207
1532261163761732 0.48291 0.23291 0.890137
1532261163856478 0.455566 0.225586 0.908691
1532261163943246 0.463379 0.234863 0.900879
1532261163963192 0.477539 0.225586 0.891113
1532261163985134 0.482422 0.221191 0.888184
1532261164023033 0.480469 0.217773 0.884766
1532261164060931 0.485352 0.223633 0.884766
1532261164083871 0.47998 0.234863 0.895996
1532261164148697 0.469727 0.239746 0.890137
1532261164197566 0.46875 0.234375 0.895508
1532261164234467 0.46875 0.222656 0.898438
1532261164285331 0.470703 0.228516 0.89502
1532261164314253 0.46875 0.229004 0.894043
1532261164359134 0.471191 0.222168 0.893066
1532261164450888 0.475098 0.222656 0.889648
1532261164473828 0.479004 0.230469 0.897461
1532261164495768 0.47168 0.225098 0.907715
1532261164510728 0.487793 0.245117 0.918945
1532261164533667 0.510254 0.250488 0.945313
1532261164593507 0.523438 0.194336 1.12109
1532261164617457 0.633789 0.0283203 1.22607
1532261164750089 -0.0551758 -0.0678711 1.13037
1532261164788984 -0.206055 0.184082 1.01221
1532261164847827 0 0.650391 0.868652
1532261165029341 0.220215 0.957031 0.753906
1532261165051283 0.264648 0.910156 0.720703
1532261165066243 0.256836 0.328613 0.976074
1532261165088185 0.15625 0.424316 1.00977
1532261165148024 0.0458984 0.370117 1.02344
1532261165214845 0.0405273 0.336426 0.956543
1532261165237800 -0.0742188 0.338379 1.01074
1532261165283662 -0.411621 0.398926 -0.446777
1532261165330551 -0.679688 0.452148 0.736816
1532261165349486 -0.578125 0.927246 1.17969
1532261165364446 -0.498047 0.207031 0.92041
1532261165426281 0.0234375 0.20752 1.12988
1532261165448222 -0.192383 0.282227 1.03662
1532261165516040 -0.0795898 0.374023 0.933594
1532261165583859 0.216797 0.354004 0.953125
1532261165643703 0.0742188 0.467285 0.548828
1532261165663646 -0.322754 0.197754 1.29932
1532261165679603 -0.461914 0.0922852 1.24219
1532261165740441 0.168945 -0.104492 1.50488
1532261165792301 0.463379 0.102539 1.24316
1532261165818236 0.332031 0.0419922 1.22998
1532261165860121 0.189453 -0.0517578 1.15039
1532261165884056 0.579102 0.221191 0.773438
1532261165920973 0.364746 0.100098 1.70605
1532261165942899 0.323242 -0.0629883 1.37402
1532261166025677 -0.374023 0.0351563 0.548828
1532261166098483 1.17969 0.1875 1.41357
1532261166177272 0.780273 0.195313 0.792969
1532261166205198 1.06299 0.285156 1.37158
1532261166368759 0.27832 0.348145 0.636719
1532261166415635 0.38916 0.199707 1.03027
1532261166453533 0.466797 0.149902 0.892578
1532261166497416 0.45459 0.204102 0.916504
1532261166589178 0.449219 0.194824 0.923828
1532261166692893 0.438477 0.199219 0.921875
1532261166718823 0.483887 0.199219 0.918457
1532261166757720 0.509277 0.0957031 0.861816
1532261166780659 0.507813 0.175293 0.839355
1532261166971149 0.529297 0.212891 0.85498
1532261167008050 0.46582 0.161133 0.916504
1532261167036973 0.492676 0.140137 0.917969
1532261167060919 0.48584 0.124512 0.900391
1532261167083848 0.491211 0.156738 0.893555
1532261167246413 0.50293 0.172852 0.871582
1532261167272344 0.51123 0.131836 0.880859
1532261167306253 0.489258 0.112305 0.897461
1532261167331187 0.490234 0.112305 0.897949
1532261167386040 0.493164 0.125 0.89209
1532261167406994 0.498535 0.12207 0.887695
1532261167436904 0.505371 0.126953 0.887695
1532261167480786 0.5 0.144531 0.891113
1532261167504723 0.495605 0.163086 0.898438
1532261167598471 0.456543 0.170898 0.905273
1532261167620413 0.461914 0.195313 0.912598
1532261167841836 0.470215 0.219238 0.908203
1532261167863762 0.438965 0.29541 0.914551
1532261167974466 0.452637 0.250488 0.879883
1532261168119086 0.462402 0.262695 0.882324
1532261168141022 0.459961 0.242188 0.886719
1532261168252722 0.45166 0.273438 0.901367
1532261168380381 0.451172 0.24707 0.897949
1532261168469143 0.464844 0.228516 0.889648
1532261168501058 0.459473 0.234375 0.898438
1532261168577853 0.470215 0.244629 0.901855
1532261168634701 0.47168 0.235352 0.895508
1532261168673596 0.478027 0.240234 0.885742
1532261168745405 0.456055 0.24707 0.893066
1532261168831176 0.458984 0.237305 0.898438
1532261168957837 0.465332 0.251465 0.897949
1532261168975788 0.467773 0.22998 0.895996
1532261169085496 0.45459 0.252441 0.895508
1532261169229111 0.453613 0.230469 0.898438
1532261169294935 0.465332 0.246094 0.913086
1532261169341810 0.475098 0.231934 0.90625
1532261169425586 0.478516 0.195313 0.895508
1532261169505374 0.480957 0.172852 0.890137
1532261169550252 0.499512 0.128418 0.882324
1532261169588162 0.509277 0.112793 0.880859

1532261169635026 0.49707 0.129883 0.898926
1532261169677911 0.499512 0.106934 0.890137
1532261169699852 0.49707 0.131348 0.896484
1532261169743735 0.501465 0.128906 0.897949
1532261169770664 0.505859 0.135254 0.884277
1532261169784636 0.506348 0.133301 0.891113
1532261169827510 0.501465 0.124023 0.88623
1532261169836499 0.495605 0.133789 0.895996
1532261170002044 0.498047 0.155762 0.913574
1532261170045939 0.511719 0.175781 0.895508
1532261170061902 0.483398 0.145508 0.900879
1532261170082828 0.478027 0.155273 0.901367
1532261170103772 0.479492 0.162109 0.905273
1532261170120727 0.489746 0.165039 0.899902
1532261170142685 0.504883 0.174316 0.906738
1532261170188547 0.492676 0.158203 0.894531
1532261170278316 0.463379 0.162598 0.900391
1532261170301244 0.452637 0.169922 0.896484
1532261170347122 0.51709 0.176758 0.88623
1532261170369063 0.486816 0.171875 0.888184
1532261170397985 0.491211 0.184082 0.895508
1532261170419927 0.478027 0.19873 0.904297
1532261170533635 0.459473 0.20459 0.906738
1532261170602455 0.460449 0.205566 0.90918
1532261170616418 0.495117 0.191406 0.888672
1532261170637362 0.462891 0.217285 0.910156
1532261170697202 0.433594 0.213867 0.905273
1532261170787958 0.460449 0.208984 0.904297
1532261170856775 0.489258 0.20752 0.901367
1532261170893676 0.485352 0.213867 0.899902
1532261170938563 0.453125 0.21582 0.905273
1532261171096136 0.501465 0.206543 0.886719
1532261171172929 0.480469 0.20752 0.89502
1532261171222796 0.479492 0.199219 0.88916
1532261171349458 0.48584 0.203613 0.887695
1532261171386359 0.489746 0.209473 0.887207
1532261171449191 0.470215 0.204102 0.901855
1532261171485094 0.486328 0.208984 0.890625
1532261171576850 0.482422 0.213867 0.890625
1532261171665612 0.479492 0.210938 0.893066
1532261171693537 0.476563 0.207031 0.89209
1532261171711499 0.474121 0.210449 0.897461
1532261171747393 0.486328 0.21582 0.896973
1532261171762353 0.484375 0.213867 0.892578
1532261171809228 0.479004 0.208496 0.887207
1532261171853111 0.472656 0.221191 0.904297
1532261171940876 0.476074 0.218262 0.902832
1532261171967804 0.474609 0.211426 0.895996
1532261171988748 0.474609 0.212402 0.900391
1532261172046593 0.489746 0.215332 0.899902
1532261172266007 0.484863 0.219727 0.898926
1532261172309889 0.477539 0.214844 0.896484
1532261172347788 0.475098 0.205566 0.894531
1532261172544262 0.475098 0.20459 0.895508
1532261172557228 0.475098 0.203125 0.892578
1532261172588146 0.479492 0.212891 0.897949
1532261172610087 0.480469 0.202637 0.896484
1532261172796588 0.472656 0.200195 0.896973
1532261172844460 0.478027 0.219238 0.894043
1532261172916268 0.471191 0.220703 0.899414
1532261173113740 0.469727 0.218262 0.899414
1532261173133686 0.483398 0.244141 0.912109
1532261173283286 0.468262 0.227051 1.13818
1532261173356092 0.0766602 0.0522461 1.19336
1532261173449841 -0.111328 0.168457 0.915039
1532261173668257 0.162109 0.76416 0.743652
1532261173691195 0.176758 0.368652 0.948242
1532261173712140 0.179688 0.315918 1.04492
1532261173727099 0.163574 0.369629 1.05957
1532261173818854 0.128906 0.402344 1.06885
1532261173885675 -0.0224609 0.412109 1.04541
1532261173929558 -0.570313 0.00878906 -0.53125
1532261173943521 0.243652 -0.183594 1.21582
1532261173980422 -0.79834 0.447266 1.07715
1532261174025302 -0.251953 0.155762 0.901367
1532261174075168 -0.0112305 0.0893555 1.125
1532261174097127 -0.104004 0.0581055 1.05566
1532261174120049 -0.238281 0.382813 1.0083
1532261174184875 -0.165039 0.281738 0.956055
1532261174209809 -0.133789 0.285645 0.937012
1532261174229755 0.0976563 0.309082 0.973633
1532261174260673 0.268555 0.38623 0.929199
1532261174441190 -0.114258 0.1875 0.897461
1532261174487067 0.213379 0.179199 1.12988
1532261174523969 0.097168 0.120117 1.00635
1532261174582811 0.268555 0.0253906 1.04053
1532261174630683 0.253418 -0.0488281 1.04639
1532261174673569 0.266113 0.1875 1.00342
1532261174717451 0.280273 0.15918 1.01416
1532261174784272 0.330078 0.097168 1.10791
1532261175055547 0.436523 0.0429688 0.919922
1532261175078494 0.472656 0.14209 0.924316
1532261175151291 0.425781 0.143555 0.942383
1532261175333803 0.430664 0.123047 0.940918
1532261175356742 0.478027 0.131836 0.870605
1532261175417579 0.462402 0.0673828 0.894531
1532261175438523 0.477051 0.110352 0.900391
1532261175528283 0.458008 0.101563 0.926758
1532261175596102 0.474609 0.097168 0.916504
1532261175612058 0.485352 0.153809 0.916504
1532261175698826 0.487305 0.0478516 0.935547
1532261175873360 0.547363 0.143555 0.896973
1532261175919238 0.499023 0.104492 0.914551
1532261176062854 0.511719 0.125488 0.90625
1532261176130673 0.509766 0.137207 0.90918
1532261176151632 0.492676 0.0693359 0.872559
1532261176187520 0.496582 0.104492 0.895508
1532261176239383 0.51123 0.17627 0.905762
1532261176277280 0.504395 0.1875 0.898438
1532261176405939 0.519531 0.166992 0.890137
1532261176428874 0.515625 0.166016 0.884766
1532261176450815 0.5 0.174805 0.890137
1532261176465782 0.506348 0.185547 0.895508
1532261176706134 0.498047 0.182617 0.895508
1532261176723088 0.503906 0.17627 0.88623
1532261176743035 0.485352 0.197266 0.895508
1532261176796890 0.480469 0.191406 0.889648
1532261176870693 0.493164 0.203125 0.905762
1532261176960454 0.50293 0.17041 0.884766
1532261176985387 0.515625 0.175781 0.885742
1532261177021291 0.47998 0.141602 0.89209
1532261177035253 0.492188 0.151367 0.887207
1532261177065173 0.501953 0.151855 0.893066
1532261177177872 0.498535 0.158691 0.890625
1532261177240704 0.513184 0.158203 0.897949
1532261177275611 0.506836 0.146484 0.884766
1532261177306528 0.504883 0.14502 0.887695
1532261177492032 0.498535 0.126465 0.876465
1532261177515967 0.504395 0.137207 0.874023
1532261177550874 0.500977 0.147461 0.883789
1532261177597750 0.500488 0.187988 0.902832
1532261177680528 0.497559 0.164551 0.892578
1532261177751358 0.509766 0.139648 0.888184
1532261177794242 0.504883 0.128418 0.876953
1532261177816184 0.500977 0.109375 0.874023
1532261177839123 0.522461 0.113281 0.870605
1532261177860066 0.512695 0.140625 0.882813
1532261177897965 0.508301 0.141113 0.87793
