1532257113404045 0.287598 0.322754 0.920898
1532257113419013 0.387695 0.11084 0.904297
1532257113431970 0.279297 0.153809 0.97168
1532257113475883 0.20166 0.339355 0.915527
1532257113524753 0.172852 0.38623 0.952637
1532257113551683 0.125977 0.27002 0.955566
1532257113574619 0.138184 0.310547 0.956055
1532257113614529 0.156738 0.359375 0.943359
1532257113627478 0.160645 0.352051 0.94873
1532257113635460 0.126465 0.291992 0.939941
1532257113659393 0.108398 0.274902 0.977539
1532257113681334 0.106934 0.26416 0.989746
1532257113696294 0.148438 0.287598 0.980469
1532257113719232 0.164551 0.310059 0.980469
1532257113741173 0.130859 0.301758 0.984375
1532257113800055 0.139648 0.200195 1.00977
1532257113844896 0.142578 0.30127 1.02393
1532257113859856 0.123047 0.335938 1.01807
1532257113883802 0.147949 0.306641 1.03076
1532257113898756 0.191406 0.288574 1.03418
1532257113942634 0.228516 0.312012 1.02295
1532257113958592 0.257324 0.359863 1.00732
1532257113981531 0.313477 0.358398 0.964844
1532257113995494 0.371094 0.299316 0.996582
1532257114044362 0.364258 0.362793 1.0459
1532257114100213 0.0849609 0.339844 1.10889
1532257114138112 -0.474609 0.0771484 0.615723
1532257114152075 0.441406 0.429688 1.90479
1532257114212925 -0.732422 0.115234 0.330078
1532257114369494 0 0.501953 0.847656
1532257114407393 -0.353516 0.462402 0.282227
1532257114437312 -0.0253906 0.525879 0.624512
1532257114489173 -0.244141 0.507324 0.662598
1532257114512112 -0.257813 0.505859 0.641113
1532257114549014 -0.161133 0.476074 0.620605
1532257114586912 -0.17041 0.637695 0.564453
1532257114632796 -0.21582 0.607422 0.556152
1532257114647756 -0.216797 0.605957 0.537109
1532257114706598 -0.205566 0.583008 0.572754
1532257114752476 -0.208984 0.760254 0.601563
1532257114766438 -0.181152 0.644043 0.655762
1532257114812316 -0.298828 0.719727 0.714355
1532257114849231 -0.286621 0.709961 0.760254
1532257114872170 -0.297363 0.661133 0.763672
1532257114888127 -0.289063 0.710938 0.773926
1532257114909071 -0.276367 0.738281 0.717285
1532257114932010 -0.244629 0.669434 0.72998
1532257114968914 -0.253418 0.611328 0.690918
1532257114999828 -0.254395 0.635254 0.700195
1532257115028751 -0.233887 0.56543 0.666016
1532257115054682 -0.250488 0.527832 0.664063
1532257115068645 -0.244141 0.587402 0.641113
1532257115089588 -0.243164 0.614746 0.625977
1532257115111530 -0.228027 0.556152 0.612305
1532257115129482 -0.208008 0.498535 0.603027
1532257115149428 -0.219727 0.432129 0.57373
1532257115188324 -0.240723 0.431641 0.518555
1532257115210265 -0.191406 0.368652 0.541504
1532257115256143 -0.141602 0.304199 0.531738
1532257115294042 -0.0830078 0.351563 0.562012
1532257115351893 0.179199 0.340332 0.801758
1532257115411727 0.353027 0.270508 1.02637
1532257115471567 0.200684 0.108398 1.41797
1532257115531407 0.272461 0.196777 1.44092
1532257115629145 0.34375 0.112793 1.10645
1532257115688985 0.271484 0.0610352 0.912598
1532257115729876 0.300781 0.0185547 0.950684
1532257115771764 0.276855 -0.0732422 0.926758
1532257115809670 0.301758 0.0327148 0.91748
1532257115872495 0.295898 -0.0229492 0.956543
1532257115899423 0.293457 0.00585938 0.974609
1532257115951284 0.283203 -0.0454102 0.983398
1532257115969236 0.280762 -0.0302734 0.994629
1532257116030073 0.308105 0.0419922 1.06201
1532257116066982 0.305664 0.0415039 1.10352
1532257116131801 0.26709 0.0800781 1.07715
1532257116153743 0.26123 0.0678711 1.00342
1532257116230537 -0.0112305 -0.0820313 0.96582
1532257116312319 0.606934 0.117188 1.35303
1532257116433993 0.75 0.296387 1.39697
1532257116559657 0.0390625 0.282227 0.947266
1532257116771108 -0.0615234 0.453613 0.875977
1532257116808991 -0.0581055 0.424316 0.909668
1532257116851877 -0.0297852 0.529785 0.869629
1532257116875812 -0.0292969 0.55957 0.859863
1532257116913727 -0.0395508 0.504395 0.873535
1532257116951623 0.00634766 0.520996 0.791992
1532257116988511 -0.0454102 0.666504 0.840332
1532257117032393 -0.0288086 0.551758 0.859863
1532257117071289 -0.0566406 0.591797 0.825195
1532257117108191 -0.145508 0.645996 0.789063
1532257117257790 -0.270508 0.532227 0.648926
1532257117371502 -0.249512 0.518555 0.652832
1532257117393428 -0.168945 0.525879 0.70166
1532257117431326 0.179199 0.539551 0.741211
1532257117469239 0.32959 0.625977 0.817383
1532257117475209 0.472168 0.673828 0.939941
1532257117558986 0.331543 0.708984 0.887207
1532257117594889 0.101074 0.625488 0.743164
1532257117633785 -0.00683594 0.586426 0.654785
1532257117731524 -0.276367 0.512207 0.621582
1532257117859182 -0.214355 0.563477 0.705566
1532257117895085 0.0292969 0.542969 0.781738
1532257117911043 0.241699 0.768555 0.841797
1532257117933982 0.318359 0.899902 0.764648
1532257117978862 0.66748 0.80127 0.852539
1532257118014766 0.645508 0.871582 0.852539
1532257118030723 0.508301 0.848633 0.803711
1532257118074606 0.221191 0.712891 0.70752
1532257118097544 0.102051 0.637695 0.688965
1532257118219219 -0.244629 0.488281 0.524414
1532257118285044 -0.322754 0.455566 0.552734
1532257118376798 -0.138184 0.654297 0.731934
1532257118413699 0.109375 0.785156 0.82959
1532257118457582 0.411621 0.694824 0.891113
1532257118496477 0.574219 0.777344 0.875977
1532257118577262 0.395508 0.753906 0.794922
1532257118696941 -0.154785 0.647461 0.596191
1532257118796675 -0.0717773 0.456543 0.512207
1532257119132776 0.17041 0.76709 0.973633
1532257119357176 -0.315918 0.495605 0.569824
1532257119582574 -0.444824 0.600098 0.375977
1532257119838889 -0.189941 0.507324 0.56543
1532257119859832 -0.125 0.572754 0.755371
1532257119958568 -0.313965 1.19043 1.10693
1532257119996468 0.528809 0.413086 1.40234
1532257120027384 0.111816 0.725098 1.20361
1532257120041347 0.100586 0.464844 1.18848
1532257120070269 0.0107422 0.556641 1.12793
1532257120140093 0.200195 0.398926 1.03809
1532257120228845 0.126953 0.444336 1.02441
1532257120312633 -0.269531 0.459473 0.833496
1532257120401416 -0.618164 0.466309 0.479004
1532257120422328 -0.627441 0.433594 0.4375
1532257120484199 -0.592285 0.378906 0.429688
1532257120506107 -0.644043 0.407227 0.436523
1532257120552979 -0.627441 0.404297 0.416504
1532257120565943 -0.601074 0.44873 0.458496
1532257120609827 -0.572754 0.47998 0.471191
1532257120641742 -0.538086 0.493164 0.54248
1532257120678650 -0.545898 0.453613 0.521484
1532257120701582 -0.524414 0.443848 0.57666
1532257120738482 -0.399414 0.439941 0.71582
1532257120761421 -0.381348 0.500488 0.762695
1532257120799320 -0.414063 0.424805 0.883301
1532257120827245 -0.438965 0.524902 0.928711
1532257120844200 -0.440918 0.563965 0.960938
1532257120890077 -0.431641 0.494629 1.01465
1532257120909026 -0.431641 0.447266 1.02393
1532257120968866 -0.400391 0.437988 0.949707
1532257120983827 -0.334473 0.391113 0.909668
1532257121031699 -0.319824 0.339844 0.871582
1532257121066605 -0.327637 0.325195 0.827148
1532257121089544 -0.345703 0.37207 0.834473
1532257121137415 -0.349609 0.349609 0.820801
1532257121149384 -0.367188 0.347656 0.849121
1532257121224190 -0.359863 0.387207 0.855957
1532257121313980 -0.366211 0.385254 0.844727
1532257121340908 -0.359863 0.382813 0.848633
1532257121352876 -0.361328 0.370117 0.850586
1532257121413714 -0.351563 0.341309 0.858398
1532257121444631 -0.341309 0.365234 0.83252
1532257121489511 -0.340332 0.365723 0.796387
1532257121512465 -0.333496 0.375488 0.790527
1532257121546374 -0.355957 0.39502 0.772461
1532257121623169 -0.313477 0.455078 0.796875
1532257121644113 -0.274902 0.381836 0.824707
1532257121688993 -0.28418 0.415039 0.838867
1532257121726891 -0.183105 0.427246 0.88623
1532257121809670 -0.00683594 0.293945 1.00684
1532257121825628 0.0834961 0.229492 1.06738
1532257121871505 0.0991211 0.321289 1.00732
1532257121947302 0.16748 0.286621 1.07471
1532257122049030 0.207031 0.296387 0.986816
1532257122108870 0.19043 0.322754 0.933594
1532257122176689 0.195801 0.243652 0.906738
1532257122229547 0.194824 0.253906 0.881348
1532257122289386 0.162598 0.249512 0.869629
1532257122349228 0.29834 0.277344 0.850098
1532257122367179 0.415039 0.320801 0.768066

1532257122394107 0.400391 0.386719 0.650879
1532257122409067 0.472656 0.506348 0.900391
1532257122458933 0.666016 0.579102 1.09473
1532257122546699 0.227051 0.116699 0.898438
1532257122589584 0.157715 0.355957 0.948242
1532257122828984 0.238281 0.450684 0.946289
1532257122846941 0.216309 0.439941 0.962891
1532257122888861 0.23584 0.25 1.01953
1532257122927757 0.198242 0.280762 0.946777
1532257122973649 0.198242 0.240234 0.927246
1532257122994586 0.206543 0.222168 0.922363
1532257123109279 0.228516 0.298828 0.943848
1532257123130222 0.229492 0.3125 0.92041
1532257123206035 0.196777 0.353027 0.906738
1532257123272841 0.230469 0.395996 0.91748
1532257123312734 0.272461 0.360352 0.926758
1532257123370096 0.305176 0.161621 0.930664
1532257123429936 0.209961 0.166992 0.932617
1532257123515706 0.153809 0.174805 0.981445
1532257123536651 0.151367 0.210938 0.963867
1532257123589510 0.166016 0.333008 0.986328
1532257123626411 0.267578 0.266113 0.982422
1532257123686250 0.235352 0.265137 0.904785
1532257123709190 0.249023 0.210938 0.878906
1532257123746091 0.225098 0.21582 0.867676
1532257123819893 0.171875 0.227051 0.859863
1532257123889707 0.165039 0.220703 0.853027
1532257123919627 0.184082 0.244629 0.879395
1532257123985463 0.400879 0.606445 1.11133
1532257124031327 0.122559 0.342773 0.753906
1532257124091173 0.434082 0.101563 0.814941
1532257124112112 0.41748 0.185059 0.814941
1532257124180928 0.295898 0.168457 0.833008
1532257124210848 0.23291 -0.0424805 0.818848
1532257124232789 0.294922 -0.0302734 0.720703
1532257124248746 0.306641 0.0415039 0.738281
1532257124271685 0.196777 0.0473633 0.885254
1532257124292629 0.0844727 0.120117 0.946777
1532257124331525 0.263184 0.161133 0.925781
1532257124352469 0.243164 0.144531 1.10596
1532257124391379 0.140625 0.336914 1.20264
1532257124412308 0.193848 0.394043 1.17676
1532257124451205 0.161621 0.359863 1.1958
1532257124489104 0.276855 0.160645 1.18359
1532257124531989 0.297363 0.112793 1.12988
1532257124592827 0.459961 0.0292969 1.12158
1532257124631722 0.383301 -0.0410156 1.12891
1532257124652667 0.398438 -0.0673828 1.14404
1532257124728464 0.347168 -0.00439453 1.15283
1532257124758384 0.300781 0.0224609 1.14209
1532257124788303 0.174805 0.0239258 1.14697
1532257124811242 0.145508 0.03125 1.13916
1532257124832187 0.104004 0.0439453 1.10596
1532257124855125 0.0556641 0.0751953 1.07568
1532257124991760 -0.109863 0.26123 0.834961
1532257125036639 -0.220703 0.392578 0.806152
1532257125073540 -0.21875 0.361816 0.773926
1532257125133381 -0.227539 0.44873 0.689941
1532257125155335 -0.231934 0.469727 0.67041
1532257125201225 -0.27002 0.421875 0.66748
1532257125224138 -0.275879 0.460938 0.649414
1532257125254058 -0.305176 0.53418 0.585449
1532257125275999 -0.314941 0.510254 0.567871
1532257125313898 -0.272461 0.53418 0.606445
1532257125334842 -0.297363 0.549805 0.568359
1532257125373740 -0.262695 0.546875 0.592285
1532257125394683 -0.24707 0.54834 0.612305
1532257125433584 -0.25293 0.678711 0.609375
1532257125454522 -0.248047 0.657715 0.625977
1532257125493418 -0.192383 0.617188 0.702637
1532257125582181 -0.149902 0.733887 0.82959
1532257125635040 -0.166992 0.622559 0.835449
1532257125673936 -0.26709 0.625977 0.75293
1532257125694880 -0.245605 0.598633 0.697754
1532257125733775 -0.266602 0.561035 0.662109
1532257125754720 -0.273926 0.483887 0.619141
1532257125779652 -0.293945 0.536133 0.614746
1532257125795610 -0.288574 0.489258 0.563477
1532257125861434 -0.23584 0.439941 0.563477
1532257125876394 -0.244141 0.419434 0.572266
1532257125913296 -0.20752 0.292969 0.541504
1532257125937232 -0.165039 0.329102 0.56543
1532257125974142 -0.151855 0.273438 0.655273
1532257126084837 -0.0483398 0.284668 0.770508
1532257126197535 0.619629 0.359863 1.32031
1532257126978447 0.0922852 0.202148 0.894043
1532257127398324 -0.112793 0.397949 0.455566
1532257127421263 -0.121582 0.428223 0.510254
1532257127444201 -0.161621 0.452148 0.561523
1532257127519018 -0.208008 0.624023 0.654785
1532257127578842 0.140137 0.608887 0.787598
1532257127599786 0.269043 0.666016 0.878418
1532257127683562 0.35498 0.743652 0.910156
1532257127782298 0.0581055 0.684082 0.741699
1532257127827178 -0.163574 0.591309 0.59082
1532257127884025 -0.211914 0.57373 0.526367
1532257127969796 -0.323242 0.54541 0.577637
1532257128011684 -0.305664 0.54541 0.583984
1532257128086483 -0.0791016 0.623047 0.623047
1532257128124382 0.263184 0.691895 0.790039
1532257128403636 -0.171387 0.567871 0.659668
1532257128576198 -0.255371 0.564453 0.621582
1532257128650981 0.0385742 0.589844 0.764648
1532257128764677 0.23877 0.845215 1.05615
1532257128806565 0.000976563 0.894531 1.05713
1532257128964144 -0.343262 0.623047 0.67041
1532257129064883 -0.354492 0.529785 0.502441
1532257129126709 -0.361328 0.582031 0.427734
1532257129168604 -0.430664 0.510254 0.371582
1532257129244394 -0.483887 0.570801 0.396484
1532257129304234 -0.455566 0.651855 0.357422
1532257129348117 -0.478516 0.602539 0.322266
1532257129419925 -0.442871 0.524414 0.278809
1532257129446856 -0.389648 0.486328 0.201172
1532257129484752 -0.34375 0.419434 0.246582
1532257129526640 -0.354004 0.355957 0.299316
1532257129567548 -0.277832 0.546387 0.42334
1532257129586479 -0.282715 0.532715 0.607422
1532257129627370 -0.229004 0.396973 0.706543
1532257129664271 -0.102539 0.72998 0.928711
1532257129707172 0.42627 1.28467 2.69971
1532257129843792 -0.0932617 0.473633 1.22119
1532257130143989 -0.263672 0.439941 0.73877
1532257130248709 -0.508301 0.40625 0.62207
1532257130309546 -0.60498 0.407715 0.571289
1532257130346451 -0.689453 0.427246 0.569336
1532257130443189 -0.578613 0.457031 0.65918
1532257130466136 -0.530273 0.464844 0.657715
1532257130496047 -0.50293 0.474609 0.687012
1532257130525967 -0.458984 0.500977 0.708496
1532257130562869 -0.413574 0.321289 0.766602
1532257130622709 -0.409668 0.436523 0.830566
1532257130728426 -0.462891 0.423828 1.01563
1532257130750383 -0.420898 0.400391 1.03076
1532257130849103 -0.401855 0.267578 0.886719
1532257130909940 -0.408203 0.206055 0.825684
1532257130946842 -0.381348 0.240723 0.788086
1532257130989727 -0.339844 0.324219 0.75293
1532257131006682 -0.368164 0.330078 0.754395
1532257131066522 -0.332031 0.461914 0.774414
1532257131149300 -0.422363 0.512207 0.880859
1532257131170244 -0.327637 0.574219 0.905273
1532257131186213 -0.288086 0.483887 0.9375
1532257131230084 -0.323242 0.481445 0.905273
1532257131274965 -0.0722656 0.188477 1.02734
1532257131296906 0.00585938 0.149902 1.10059
1532257131328820 0.162598 0.481934 0.837402
1532257131349764 0.374023 0.411133 0.878418
1532257131396639 0.449219 0.124512 0.996094
1532257131469458 0.316895 0.175293 0.952637
1532257131531279 0.204102 0.290527 0.88916
1532257131582143 0.108398 0.222168 0.87793
1532257131629017 0.158691 0.278809 0.871094
1532257131732740 0.624023 0.28418 0.976563
1532257131792580 0.0454102 0.370605 0.762695

1532257131951157 0.174316 0.227539 0.987793
1532257131974096 0.135254 0.279785 0.897949
1532257132010996 0.257813 0.353516 0.888672
1532257132031940 0.29541 0.296875 0.901367
1532257132071834 0.257813 0.306641 0.89502
1532257132092777 0.263184 0.367676 0.874023
1532257132138667 0.216797 0.318848 0.912109
1532257132228415 0.220215 0.327637 0.929688
1532257132289252 0.244629 0.319824 0.928711
1532257132414916 -0.390625 0.198242 0.629395
1532257132490713 -0.116211 0.179688 0.0615234
1532257132580473 0.263672 0.32666 0.896484
1532257132625357 0.256348 0.313477 0.891113
1532257132685210 0.0327148 0.195801 1.10889
1532257132723109 0.725586 0.350098 1.021
1532257132805888 0.254395 0.325195 0.911621
1532257132828826 0.240234 0.320313 0.930664
1532257132842789 0.23877 0.318848 0.949707
1532257132903626 0.24707 0.329102 0.876953
1532257132940538 0.300293 0.277344 0.843262
1532257132986406 0.276367 0.336426 0.862793
1532257133083146 0.218262 0.480957 0.88916
1532257133187882 0.331055 0.533203 0.913574
1532257133202826 0.306641 0.348145 0.769043
1532257133262666 0.426758 0.151855 0.774902
1532257133314527 0.427734 0.258301 0.858887
1532257133414261 0.0878906 0.152832 0.891113
1532257133436202 0.0981445 0.256348 0.961426
1532257133539925 -0.0146484 0.35791 1.10303
1532257133571839 0.00927734 0.32373 1.13965
1532257133616719 0.108398 0.368652 1.09082
1532257133637680 0.125 0.324219 1.07861
1532257133676576 0.146484 0.326172 1.08398
1532257133713477 0.122559 0.343262 1.13867
1532257133757360 0.0737305 0.306152 1.11426
1532257133834155 -0.0820313 0.296875 1.06104
1532257133856095 -0.140137 0.291016 1.02441
1532257133893995 -0.246094 0.282715 0.981445
1532257133976773 -0.253906 0.351074 0.803223
1532257134216133 -0.152344 0.543945 0.689453
1532257134253035 -0.155273 0.537109 0.720703
1532257134296917 -0.187012 0.61377 0.717285
1532257134363738 -0.190918 0.718262 0.674316
1532257134404629 -0.149902 0.602539 0.617188
1532257134484415 -0.654297 0.748047 0.231445
1532257134521317 -0.23291 0.43457 0.817383
1532257134560213 0.181152 0.493164 0.927734
1532257134612074 0.260742 0.473145 0.917969
1532257134621050 -0.845215 0.538574 0.217773
1532257134671914 -0.831055 0.305664 0.212402
1532257134742725 0.464844 0.380859 0.931641
1532257134761674 -0.0195313 0.160156 0.624512
1532257134904293 0.0234375 0.379883 1.18799
1532257135061872 0.585938 0.238281 1.18311
1532257135282283 0.547363 -0.0263672 0.904297
1532257135362069 0.449219 -0.00927734 0.820801
1532257135444849 0.486816 -0.0698242 0.966309
1532257135564527 0.486328 -0.141113 0.490234
1532257135624367 0.733398 0.153809 1.89795
1532257135661268 0.476563 0.0336914 1.17969
1532257135797903 0.0893555 0.0795898 0.716309
1532257135863727 0.162598 0.169922 0.979492
1532257135879694 0.0893555 0.271973 0.966309
1532257136021306 0.0805664 0.441895 0.881348
1532257136045242 0.148926 0.415039 0.908203
1532257136068180 0.265137 0.423828 0.931641
1532257136119044 0.229004 0.461914 0.80957
1532257136172901 -0.034668 0.470215 0.639648
1532257136201836 -0.174316 0.427734 0.463379
1532257136224762 -0.214355 0.45752 0.435059
1532257136239721 -0.225586 0.429688 0.43457
1532257136261663 -0.304199 0.480469 0.454102
1532257136308547 -0.408691 0.553711 0.531738
1532257136362394 -0.394043 0.524414 0.501465
1532257136505012 0.73291 0.890625 0.866699
1532257136563855 0.210449 0.886719 0.687988
1532257136584799 0.0805664 0.787598 0.632813
1532257136689519 -0.158203 0.581055 0.449219
1532257136743375 -0.351074 0.63916 0.533203
1532257136765316 -0.413086 0.62793 0.588867
1532257136811194 -0.310547 0.444336 0.518555
1532257136900953 0.769531 0.790039 0.695313
1532257136961794 0.77002 1.10791 0.804199
1532257137004676 0.338379 0.719727 0.662109
1532257137081471 -0.181152 0.595703 0.512207
1532257137126351 -0.160156 0.491211 0.484863
1532257137162255 -0.225586 0.518066 0.501953
1532257137185216 -0.296875 0.649414 0.481934
1532257137218134 -0.335449 0.575684 0.467285
1532257137246053 -0.265625 0.51416 0.492188
1532257137343792 0.193848 0.885742 0.368164
1532257137546250 0.22998 0.750977 0.910645
1532257137584149 -0.32373 0.596191 0.899902
1532257137686874 -0.581055 0.553223 0.667969
1532257137711808 0.599609 0.849609 1.24658
1532257137793593 0.422852 0.875 1.04199
1532257137823509 -0.375488 0.749512 0.621582
1532257137884359 -0.249023 0.479004 0.59082
1532257137906287 -0.296875 0.432129 0.553711
1532257137945197 -0.328125 0.488281 0.558105
1532257137974106 -0.355469 0.59375 0.462891
1532257138064863 -0.17627 0.740234 0.389648
1532257138107749 -0.32666 0.678223 0.340332
1532257138122709 -0.333496 0.621094 0.341797
1532257138176565 -0.347656 0.544922 0.278809
1532257138206485 -0.354492 0.483398 0.274902
1532257138230420 -0.393066 0.467285 0.241211
1532257138328159 -0.302734 0.411621 0.251465
1532257138349103 -0.220703 0.4375 0.504883
1532257138468783 0.277832 0.530762 1.24316
1532257138579487 0.219727 0.788574 1.13281
1532257138686201 0.199707 0.372559 0.79834
1532257138789924 -0.311523 0.363281 0.598633
1532257138813873 -0.350098 0.537598 0.627441
1532257138844777 -0.37793 0.491211 0.614746
1532257138888669 -0.599121 0.467285 0.575684
1532257138925561 -0.756836 0.458496 0.589844
1532257138971446 -0.798828 0.521973 0.57959
1532257139008340 -0.858398 0.556641 0.591797
1532257139030281 -0.789551 0.568848 0.616211
1532257139075162 -0.630859 0.525391 0.714355
1532257139106104 -0.5 0.551758 0.745117
1532257139123034 -0.367676 0.614746 0.800293
1532257139189854 -0.0385742 0.679199 0.868652
1532257139211796 -0.218262 0.598633 0.813477
1532257139248701 -0.290039 0.51709 0.736328
1532257139271637 -0.317383 0.432617 0.740234
1532257139292581 -0.362793 0.453613 0.760254
1532257139338458 -0.436035 0.533691 0.745605
1532257139407273 -0.476563 0.51709 0.713379
1532257139436197 -0.484375 0.586914 0.688477
1532257139459135 -0.467285 0.550293 0.687988
1532257139525956 -0.428223 0.565918 0.667969
1532257139570836 -0.431152 0.50293 0.62207
1532257139608749 -0.413574 0.493164 0.547363
1532257139646633 -0.424805 0.46875 0.527832
1532257139811203 -0.0517578 0.428223 0.960938
1532257139848095 0.0556641 0.799805 1.15869
1532257139871033 -0.0844727 0.720215 0.887207
1532257139930874 0.243164 0.263184 1.14355
1532257139969774 0.225586 0.192383 1.15771
1532257140073500 0.376953 0.0185547 0.927246
1532257140171234 0.437988 0.19873 0.878418
1532257140225088 0.385742 0.268066 0.773438

1532257140313850 0.55957 -0.0380859 1.0542
1532257140351749 0.568359 0.126953 1.20752
1532257140418569 -0.111816 0.0795898 1.15967
1532257140449498 -0.380859 0.0683594 1.02588
1532257140494108 -0.641602 0.246094 0.807129
1532257140568908 -0.624023 0.363281 0.550293
1532257140613788 -0.586914 0.54248 0.416992
1532257140658685 -0.655273 0.410156 0.424316
1532257140702551 -0.636719 0.456055 0.37793
1532257140757769 -0.677246 0.529785 0.436035
1532257140777703 -0.606445 0.397461 0.512207
1532257140830562 -0.65918 0.458984 0.516113
1532257140853501 -0.665039 0.427734 0.523926
1532257140891399 -0.650879 0.467773 0.519531
1532257141011079 -0.67627 0.450684 0.566406
1532257141034017 -0.705566 0.464355 0.585449
1532257141063937 -0.729004 0.461914 0.60498
1532257141093858 -0.710449 0.449219 0.586914
1532257141121783 -0.73584 0.467773 0.572754
1532257141159685 -0.71582 0.430664 0.525879
1532257141241463 -0.699219 0.449219 0.537109
1532257141273378 -0.733887 0.46582 0.550781
1532257141303297 -0.716309 0.433105 0.557617
1532257141316263 -0.695313 0.44043 0.546875
1532257141377101 -0.674316 0.433105 0.500977
1532257141424973 -0.639648 0.425781 0.459961
1532257141437943 -0.619141 0.422852 0.441406
1532257141497778 -0.566895 0.362793 0.411621
1532257141574572 -0.44873 0.298828 0.36084
1532257141604493 -0.424316 0.255859 0.349609
1532257141618456 -0.480469 0.246582 0.385254
1532257141664333 -0.592285 0.211426 0.55127
1532257141699239 -0.703613 0.320801 0.874023
1532257141782053 -0.345215 0.271484 1.03418
1532257141798010 -0.266602 0.106934 1.49463
1532257141818954 0.0405273 -0.303711 1.50537
1532257141851866 0.0585938 -0.224121 1.44336
1532257141878794 -0.117188 0.163086 1.16602
1532257141901733 0.00292969 0.102539 1.13916
1532257141918687 0.130859 -0.050293 1.146
1532257141940629 0.191406 -0.111328 1.09961
1532257141961573 0.212402 -0.0366211 1.05566
1532257141987674 0.19043 0.0751953 1.05615
1532257142021586 0.352051 -0.0375977 1.01709
1532257142039538 0.0219727 0.123047 0.80127
1532257142059484 -0.0864258 0.256836 0.95752
1532257142081426 -0.117188 0.218262 0.875488
1532257142099384 0.0996094 0.0576172 0.866699
1532257142143283 0.520996 0.10791 1.13965
1532257142179191 0.266113 0.455566 0.87207
1532257142202133 0.325195 0.304199 0.89209
1532257142220084 0.375488 0.0380859 0.981934
1532257142239033 0.406738 -0.0327148 0.917969
1532257142261973 0.428711 0.129883 0.928223
1532257142298873 0.370117 0.312988 0.799805
1532257142321812 0.407715 0.27002 0.783691
1532257142339764 0.392578 0.280762 0.82373
1532257142381651 0.264648 0.209961 0.831055
1532257142407583 0.279785 0.208984 0.839844
1532257142459459 0.248047 0.262207 0.949219
1532257142501349 0.188965 0.288086 1.00537
1532257142540228 0.195313 0.30957 0.957031
1532257142562169 0.232422 0.320801 0.954102
1532257142580121 0.262695 0.283203 0.883789
1532257142601065 0.310059 0.244141 0.876953
1532257142639971 0.297363 0.241699 0.867188
1532257142660905 0.294434 0.26416 0.884277
1532257142681849 0.296875 0.281738 0.901367
1532257142720745 0.291016 0.26709 0.92627
1532257142786569 0.275391 0.275391 0.92334
1532257142801530 0.283203 0.284668 0.916016
1532257142840438 0.257324 0.235352 0.925781
1532257142879324 0.30127 0.269043 0.902832
1532257142902261 0.300293 0.313477 0.919434
1532257142921209 0.301758 0.293457 0.917969
1532257142962099 0.318359 0.269531 0.894531
1532257143036900 0.297363 0.29834 0.895508
1532257143074808 0.296387 0.295898 0.90625
1532257143142616 0.297852 0.312988 0.921387
1532257143221479 0.345215 0.237305 0.875488
1532257143282317 0.315918 0.257813 0.905273
1532257143344194 0.314941 0.251953 0.854492
1532257143387080 0.356445 0.29541 0.834473
1532257143591533 0.327637 0.239746 0.905762
1532257143627437 0.351074 0.296875 0.914551
1532257143658354 0.334473 0.277832 0.929688
1532257143681306 0.327148 0.267578 0.932617
1532257143762081 0.314941 0.297363 0.884277
1532257143838871 0.322754 0.265137 0.881836
1532257143883752 0.330078 0.266113 0.911133
1532257143945586 0.304688 0.381348 0.930176
1532257144003432 0.425293 0.310547 0.837402
1532257144026370 0.341309 0.324707 0.843262
1532257144115133 0.497559 0.303711 0.748535
1532257144161011 0.577637 0.391602 0.689453
1532257144183949 0.537109 0.296387 0.652832
1532257144220850 0.472168 0.0605469 0.884277
1532257144243789 0.435059 0.0458984 0.941895
1532257144281688 0.294922 0.28125 1.0415
1532257144303641 0.203613 0.385254 1.13428
1532257144324573 0.14209 0.438965 1.08691
1532257144341543 0.0913086 0.412598 1.09766
1532257144363469 0.0332031 0.378906 1.13037
1532257144384413 0.00830078 0.333496 1.14648
1532257144431288 -0.0439453 0.274902 1.17969
1532257144445250 -0.0771484 0.294922 1.18018
1532257144484147 -0.134766 0.335938 1.11523
1532257144505090 -0.157227 0.317871 1.08398
1532257144521048 -0.151855 0.28125 1.04932
1532257144580887 -0.0952148 0.3125 1.00439
1532257144603826 -0.0761719 0.342285 0.972168
1532257144684620 -0.13916 0.412109 0.899902
1532257144738466 -0.137207 0.39209 0.857422
1532257144844184 -0.266113 0.428711 0.724609
1532257144881085 -0.283203 0.4375 0.717773
1532257144970845 -0.291504 0.484863 0.662598
1532257144986802 -0.287598 0.543945 0.663574
1532257145008744 -0.304688 0.589844 0.683105
1532257145053632 -0.329102 0.563965 0.675293
1532257145113463 -0.29248 0.632324 0.646973
1532257145128424 -0.321289 0.667969 0.61084
1532257145182280 -0.245605 0.527344 0.645508
1532257145264061 -0.233398 0.692383 0.660156
1532257145287997 -0.230469 0.650879 0.673828
1532257145338860 -0.259277 0.586426 0.692871
1532257145353821 -0.295898 0.812988 0.666504
1532257145383741 -0.310547 0.391602 0.67627
1532257145406680 -0.354492 0.437988 0.660156
1532257145434632 -0.345703 0.592285 0.633301
1532257145443581 -0.337402 0.644531 0.647461
1532257145473501 -0.328125 0.506348 0.655273
1532257145494445 -0.293457 0.415039 0.669922
1532257145533349 -0.291016 0.503906 0.591309
1532257145550313 -0.246582 0.428223 0.587891
1532257145570242 -0.224121 0.330566 0.546387
1532257145594193 -0.245117 0.342285 0.559082
1532257145607144 -0.266602 0.352051 0.568359
1532257145666983 -0.15625 0.27002 0.600098
1532257145689922 -0.125977 0.280273 0.647461
1532257145734803 -0.0268555 0.15625 0.758301
1532257145789655 0.12207 0.371582 1.05518
1532257145848510 0.294922 0.120605 1.37793
1532257145990119 0.391113 0.213867 1.14697
1532257146089852 0.384766 0.0742188 1.0127
1532257146109798 0.38916 0.0742188 1.00781
1532257146169639 0.418457 0.027832 1.04053
1532257146229480 0.359863 0.0961914 1.14355
1532257146290319 0.237793 0.106934 1.11475
1532257146418972 0.0854492 0.320801 0.986816
1532257146469836 0.00927734 0.274902 0.859863
1532257146576550 -0.0771484 0.365234 0.824707
1532257146606471 -0.0356445 0.293945 0.848633
1532257146665313 0.0112305 0.442871 0.981445
1532257146704210 0.034668 0.468262 1.05762
1532257146726151 0.0888672 0.55957 1.07568
1532257146785991 -0.00439453 0.493164 0.949707
1532257146853810 -0.194336 0.412109 0.63916
1532257146942572 -0.243652 0.350586 0.451172
1532257146996432 -0.242676 0.400391 0.441406
1532257147032332 -0.335938 0.521484 0.624023
1532257147131068 0.202637 0.647461 0.80127
1532257147212849 0.662109 0.852051 0.847168
1532257147251746 0.349609 0.804688 0.694824
1532257147288647 0.117188 0.6875 0.560547
1532257147311585 0.00537109 0.62207 0.539551
1532257147354471 -0.184082 0.609375 0.488281
1532257147371426 -0.144043 0.565918 0.493652
1532257147520035 -0.375 0.558105 0.433594
1532257147587846 -0.0625 0.680664 0.57666
1532257147633729 0.249023 0.783691 0.674316
1532257147701550 0.708008 0.860352 0.893066
1532257147879068 -0.144531 0.603516 0.494629
1532257147931926 -0.20459 0.558594 0.407715
1532257148107457 -0.47168 0.707031 0.535156
1532257148301946 -0.446777 0.638672 0.599609
1532257148386710 -0.467285 0.655273 0.589844
1532257148419622 -0.40918 0.679688 0.525879
1532257148495420 -0.430664 0.646973 0.541016
1532257148564235 -0.458984 0.625 0.505859
1532257148681920 -0.374512 0.383789 0.323242
1532257149178593 0.184082 0.437988 0.947754
1532257149346145 -0.507813 0.282715 0.630859
1532257149387036 -0.604004 0.404297 0.580078
1532257149417952 -0.59082 0.393555 0.592285
1532257149438897 -0.628418 0.375977 0.593262
1532257149456857 -0.618652 0.400391 0.582031
1532257149479788 -0.611816 0.358887 0.572754
1532257149516689 -0.561523 0.451172 0.581543
1532257149539633 -0.552734 0.48291 0.634277
1532257149577526 -0.506836 0.461426 0.661133
1532257149599468 -0.452637 0.495117 0.716797
1532257149619414 -0.456543 0.531738 0.740723
1532257149667291 -0.413574 0.518066 0.773926
1532257149704187 -0.373047 0.480957 0.850098
1532257149739094 -0.435059 0.542969 0.836426
1532257149779985 -0.45752 0.473633 0.841309
1532257149798934 -0.415039 0.486816 0.853027
1532257149839825 -0.424316 0.470703 0.840332
1532257149858774 -0.427734 0.466797 0.833008
1532257149926593 -0.421387 0.435059 0.797363
1532257149961499 -0.428711 0.42627 0.794922
1532257149982443 -0.432129 0.433594 0.777344
1532257149997403 -0.4375 0.401367 0.779297
1532257150027324 -0.428223 0.421387 0.782227
1532257150046273 -0.423828 0.449219 0.783691
1532257150101126 -0.427734 0.437988 0.786133
1532257150139025 -0.451172 0.45752 0.755371
1532257150159969 -0.445801 0.457031 0.737305
1532257150175926 -0.450684 0.494141 0.738281
1532257150198865 -0.45459 0.51709 0.69043
1532257150220806 -0.462402 0.515625 0.680664
1532257150258704 -0.461914 0.54541 0.666016
1532257150279648 -0.4375 0.554199 0.643555
1532257150326523 -0.402832 0.575195 0.662109
1532257150379382 -0.305176 0.425293 0.720215
1532257150407307 -0.268066 0.428711 0.821289
1532257150439235 -0.148926 0.583008 0.800293
1532257150468164 -0.0551758 0.352539 0.818848
1532257150499062 0.276855 0.0917969 0.935059
1532257150521006 0.354004 0.171387 0.94873
1532257150550923 0.409668 0.228027 0.977539
1532257150558902 0.398438 0.306641 1.01172
1532257150588822 0.405762 0.324707 1.00781
1532257150618741 0.374512 0.292969 0.970215
1532257150662624 0.361328 0.378906 0.941406
1532257150723466 0.293457 0.30957 0.942383
1532257150782304 0.259766 0.347656 0.905273
1532257150962821 -0.00537109 0.479492 0.785156

1532257151075520 0.242676 0.408203 0.818359
1532257151082502 0.781738 0.598633 1.37598
1532257151241088 0.27002 0.308594 0.883301
1532257151285958 0.293457 0.304199 0.869629
1532257151337819 0.300781 0.337402 0.885254
1532257151382699 0.319824 0.324219 0.86084
1532257151398656 0.32959 0.327637 0.864258
1532257151443536 0.32666 0.366211 0.853516
1532257151458496 0.31543 0.346191 0.860352
1532257151503376 0.325684 0.302734 0.876953
1532257151541282 0.320313 0.361816 0.865723
1532257151637019 0.309082 0.325195 0.889648
1532257151668934 0.322754 0.345703 0.871094
1532257151720794 0.33252 0.332031 0.877441
1532257151764677 0.311523 0.335449 0.958008
1532257151781632 0.263184 0.339355 0.959473
1532257151824517 0.275391 0.353516 0.824219
1532257151871392 0.436035 0.493652 0.819336
1532257151901312 0.399414 0.603516 0.838379
1532257151990075 0.565918 0.205566 0.6875
1532257152043931 0.577637 0.213867 0.802246
1532257152103771 0.368652 0.187012 0.919434
1532257152147653 0.157227 0.1875 0.922852
1532257152200524 0.0595703 0.140137 0.863281
1532257152284288 -0.000488281 0.297852 0.855957
1532257152403968 0.30957 0.219238 0.958496
1532257152507691 0.634277 0.142578 0.965332
1532257152606426 0.337402 0.272949 0.875977
1532257152628368 0.330078 0.148438 0.84668
1532257152650309 0.419922 -0.0610352 0.86377
1532257152704166 0.558105 0.0234375 0.955566
1532257152785946 0.565918 0.0620117 1.0459
1532257152973445 0.341797 -0.114746 1.2124
1532257153026304 -0.00488281 -0.120605 1.18799
1532257153055226 -0.090332 -0.175293 1.13525
1532257153064202 -0.147461 -0.136719 1.11084
1532257153107087 -0.199219 -0.0458984 1.03076
1532257153206821 -0.268555 0.180664 0.747559
1532257153228762 -0.320801 0.257813 0.723633
1532257153287604 -0.25 0.256836 0.641602
1532257153354426 -0.282715 0.278809 0.518066
1532257153386342 -0.319336 0.33252 0.538086
1532257153423242 -0.431641 0.423828 0.563965
1532257153446192 -0.467285 0.500977 0.606445
1532257153491071 -0.391113 0.514648 0.66748
1532257153506021 -0.435547 0.60791 0.68457
1532257153528960 -0.441406 0.653809 0.696289
1532257153609743 -0.411621 0.466797 0.669922
1532257153648657 -0.437012 0.551758 0.609375
1532257153669584 -0.392578 0.54248 0.612793
1532257153723439 -0.374512 0.533691 0.565918
1532257153792255 -0.371582 0.324707 0.513672
1532257153829157 -0.214355 0.243164 0.40918
1532257153888997 -0.197754 0.239258 0.494629
1532257153894981 -0.241699 0.216797 0.533691
1532257153986735 -0.065918 0.145996 0.919922
1532257154105418 0.536621 0.137207 1.55615
1532257154451499 0.422363 -0.00195313 1.05469
1532257154511333 0.261719 0.0727539 1.05957
1532257154549231 0.23877 0.0302734 1.06055
1532257154594112 0.120605 0.0400391 1.05127
1532257154614058 -0.0419922 0.103027 1.04102
1532257154660941 -0.0732422 -0.0371094 1.0542
1532257154703818 -0.235352 0.0654297 1.0542
1532257154848432 -0.174316 0.230469 0.899414
1532257154978085 -0.0463867 0.37793 0.84082
1532257154999028 -0.0180664 0.273926 0.830566
1532257155033935 -0.0874023 0.341309 0.764648
1532257155201488 -0.214844 0.38623 0.680664
1532257155334132 0.469727 0.572754 1.08496
1532257155379019 0.486816 0.507324 1.12402
1532257155453812 0.151367 0.495605 1
1532257155546573 -0.00195313 0.331055 0.827637
1532257155577481 -0.228516 0.386719 0.616211
1532257155896628 0.445313 0.567871 1.05273
1532257156020312 -0.0117188 0.437988 0.671875
1532257156077145 -0.11377 0.329102 0.625488
1532257156176878 -0.222656 0.48291 0.582031
1532257156256665 0.192871 0.539063 0.995117
1532257156379338 0.287598 0.816895 1.24805
1532257156462116 -0.0620117 0.669434 1.01074
1532257156553871 -0.23877 0.557617 0.745605
1532257156666571 -0.324707 0.506836 0.62207
1532257156696489 -0.44043 0.615723 0.503906
1532257156777273 -0.409668 0.44043 0.411133
1532257156798217 -0.381836 0.405762 0.399902
1532257156903934 -0.455566 0.484375 0.336426
1532257156957791 -0.457031 0.528809 0.297852
1532257156993696 -0.442383 0.430176 0.250977
1532257157037577 -0.416504 0.349121 0.285156
1532257157076473 -0.308594 0.36377 0.344727
1532257157106392 -0.352539 0.299316 0.39502
1532257157149278 -0.289063 0.463379 0.479492
1532257157176206 -0.339355 0.495605 0.590332
1532257157204132 -0.236816 0.523926 0.718262
1532257157315833 0.962402 0.75 1.2832
1532257157481392 0.327637 0.460449 0.879883
1532257157519289 0.243652 0.311035 0.921387
1532257157682852 -0.462891 0.29834 0.822754
1532257157706788 -0.481445 0.358887 0.817383
1532257157758649 -0.559082 0.485352 0.756836
1532257157795551 -0.631836 0.346191 0.72168
1532257157863369 -0.632813 0.446777 0.691406
1532257157879330 -0.65625 0.368652 0.681641
1532257157901268 -0.653809 0.368652 0.67334
1532257157939166 -0.598633 0.401367 0.664063
1532257157992025 -0.497559 0.48584 0.662109
1532257158000005 -0.421387 0.509277 0.700684
1532257158041891 -0.335938 0.523438 0.786133
1532257158058846 -0.35498 0.522949 0.749512
1532257158081785 -0.340332 0.546875 0.759277
1532257158095748 -0.40625 0.50293 0.746094
1532257158118687 -0.406738 0.45166 0.749023
1532257158141625 -0.429688 0.464844 0.756348
1532257158178526 -0.435547 0.545898 0.767578
1532257158201464 -0.434082 0.478516 0.773926
1532257158261305 -0.46582 0.505371 0.721191
1532257158275267 -0.470703 0.480469 0.71875
1532257158336105 -0.476563 0.47168 0.726563
1532257158359043 -0.462891 0.495605 0.715332
1532257158395949 -0.4375 0.432129 0.722656
1532257158440825 -0.437012 0.465332 0.677246
1532257158462766 -0.433105 0.438477 0.653809
1532257158479721 -0.390137 0.387207 0.614746
1532257158501682 -0.365234 0.378906 0.609375
1532257158606396 -0.240723 0.481934 0.78125
1532257158621342 -0.246094 0.523438 0.831055
1532257158702138 -0.240723 0.483887 1.00586
1532257158741032 -0.15625 0.312012 1.12549
1532257158777924 -0.0668945 0.485352 1.15479
1532257158883641 0.238281 0.161133 1.00293
1532257158906579 0.246094 0.150391 0.962891
1532257158942483 0.178223 0.173828 0.935547
1532257159004318 0.297852 0.236816 0.816895
1532257159064158 0.366699 0.171875 0.796387
1532257159184836 0.240234 0.708496 1.12061
1532257159221737 0.105469 0.396484 0.871094

1532257159303518 0.189941 0.426758 0.986328
1532257159484059 0.28418 0.310059 0.880371
1532257159603726 0.294434 0.312012 0.856445
1532257159663562 0.312012 0.345215 0.872559
1532257159723402 0.314941 0.322754 0.858398
1532257159805183 0.308105 0.32959 0.867676
1532257159844093 0.311523 0.296387 0.897949
1532257159933839 0.211426 0.272461 0.986328
1532257159986698 0.416016 0.38623 0.708496
1532257160023608 0.315918 0.353027 0.818848
1532257160046537 0.308105 0.393066 0.872559
1532257160091417 0.383789 0.34668 0.824707
1532257160166217 0.46875 0.308594 0.762207
1532257160217082 0.456055 0.188477 0.874512
1532257160383636 0.121582 0.376953 0.967285
1532257160427519 0.0639648 0.304199 0.985352
1532257160466422 0.065918 0.32666 0.994629
1532257160487359 0.0625 0.339844 0.980957
1532257160526255 0.0732422 0.301758 1.0127
1532257160549194 0.0957031 0.272461 1.04443
1532257160564153 0.090332 0.322266 1.05469
1532257160607039 0.0957031 0.410156 1.08984
1532257160667876 0.0566406 0.305664 1.12988
1532257160743673 -0.0991211 0.310547 1.05176
1532257160826452 -0.241699 0.279785 0.913086
1532257160863353 -0.274414 0.342773 0.855957
1532257160886296 -0.30957 0.324219 0.849609
1532257160923193 -0.352051 0.290039 0.793457
1532257160969070 -0.34082 0.347168 0.726074
1532257161042873 -0.41748 0.382813 0.711426
1532257161094734 -0.40625 0.532715 0.666016
1532257161109695 -0.398438 0.505859 0.629883
1532257161126650 -0.373535 0.446777 0.623535
1532257161170532 -0.380371 0.478027 0.603516
1532257161186489 -0.373047 0.441895 0.60498
1532257161208430 -0.385254 0.448242 0.650879
1532257161277246 -0.355957 0.526367 0.6875
1532257161337087 -0.407715 0.575684 0.728516
1532257161366011 -0.40332 0.49707 0.746094
1532257161378974 -0.412109 0.484375 0.75
1532257161454771 -0.390625 0.360352 0.640625
1532257161476713 -0.377441 0.352539 0.628906
1532257161521593 -0.326172 0.289551 0.5625
1532257161634292 -0.248535 0.358887 0.546875
1532257161645262 -0.229004 0.273438 0.558105
1532257161680185 -0.12207 0.303711 0.581543
1532257161732030 0.18457 0.268555 1.03564
1532257161776910 0.424316 0.323242 1.2915
1532257162016270 0.422363 0.0205078 0.975098
1532257162221721 0.304199 0.10791 1.10693
1532257162271588 0.125977 0.187012 1.03271
1532257162294526 0.106445 0.172363 1.00537
1532257162376307 0.0405273 0.242188 0.958984
1532257162474046 0.0180664 0.343262 0.962402
1532257162616665 0.0195313 0.363281 0.756348
1532257162701454 -0.198242 0.348633 0.519043
1532257162721385 -0.262207 0.349609 0.536133
1532257162777235 -0.397949 0.483398 0.698242
1532257162821118 -0.425781 0.554688 0.677734
1532257162860014 -0.262695 0.587891 0.706543
1532257163054494 0.0927734 0.624023 0.832031
1532257163120318 -0.166504 0.45752 0.679688
1532257163205091 -0.272949 0.394531 0.60498
1532257163261939 -0.344238 0.452148 0.63623
1532257163283880 -0.333008 0.372559 0.647461
1532257163330755 -0.291016 0.449707 0.682129
1532257163532217 0.347656 0.689941 1.06787
1532257163562137 0.0556641 0.54541 0.832031
1532257163577096 -0.0947266 0.639648 0.748535
1532257163621977 -0.0512695 0.450195 0.67041
1532257163653891 -0.213867 0.413086 0.570313
1532257163682813 -0.201172 0.403809 0.598145
1532257163736670 -0.366211 0.376465 0.57666
1532257163750632 -0.343262 0.442383 0.609863
1532257163773581 -0.273438 0.469238 0.627441
1532257163796510 -0.249023 0.503906 0.652832
1532257163833411 -0.0776367 0.536621 0.780762
1532257163856350 0.0175781 0.629395 0.817383
1532257163900232 0.183105 0.599609 0.745117
1532257163954088 0.361816 0.563477 0.999512
1532257164035869 0.421387 0.617676 0.937988
1532257164074765 0.400391 0.680176 0.943848
1532257164117651 0.300293 0.656738 0.929688
1532257164171507 0.135254 0.679688 0.88623
1532257164276227 -0.263184 0.665039 0.78418
1532257164336068 -0.29834 0.604004 0.726563
1532257164464723 -0.347656 0.504883 0.680176
1532257164553486 -0.428711 0.733887 0.476563
1532257164739987 -0.379395 0.372559 0.566895
1532257164822766 -0.321289 0.288574 0.320801
1532257164859667 -0.300781 0.314453 0.453613
1532257164959400 -0.181641 0.474121 0.563477
1532257165056148 0.942871 0.658691 1.35107
1532257165161862 0.00683594 0.417969 1.00586
1532257165379277 -0.248535 0.344238 0.824219
1532257165543837 -0.758301 0.329102 0.736328
1532257165558808 -0.758789 0.373047 0.752441
1532257165595698 -0.752441 0.388672 0.698242
1532257165641576 -0.713867 0.381836 0.708008
1532257165662520 -0.724121 0.381836 0.722168
1532257165686458 -0.687012 0.434082 0.707031
1532257165722360 -0.579102 0.418457 0.693848
1532257165739314 -0.487793 0.398926 0.724121
1532257165767240 -0.410156 0.376953 0.737793
1532257165799154 -0.258789 0.438477 0.768555
1532257165842040 -0.21582 0.469727 0.845215
1532257165880936 -0.286133 0.463379 0.809082
1532257165941773 -0.444336 0.408691 0.816895
1532257166001625 -0.469238 0.414063 0.784668
1532257166022557 -0.449219 0.42627 0.804688
1532257166067437 -0.455078 0.420898 0.778809
1532257166121293 -0.46582 0.42627 0.780762
1532257166142237 -0.452637 0.421387 0.779297
1532257166202077 -0.447266 0.435059 0.722168
1532257166219032 -0.444824 0.448242 0.685547
1532257166246957 -0.429199 0.446777 0.626465
1532257166285853 -0.438965 0.437988 0.618652
1532257166308792 -0.416992 0.443359 0.616699
1532257166323752 -0.367676 0.467285 0.624023
1532257166382594 -0.273926 0.464355 0.769043
1532257166442434 -0.220215 0.503906 0.97998
1532257166458392 -0.149414 0.621094 0.979004
1532257166502274 -0.0463867 0.354492 0.922363
1532257166518249 -0.00732422 0.168945 1.05176
1532257166547154 -0.0556641 0.0957031 1.13818
1532257166594029 -0.0380859 0.232422 1.05762
1532257166614973 0.0644531 0.353516 1.0708
1532257166683793 0.237793 0.211426 1.00049
1532257166704733 0.286621 0.208496 1.00195
1532257166832391 0.288574 0.266602 0.861328
1532257166892255 0.254395 0.333496 0.845215
1532257167004930 0.197754 0.371094 0.729492

1532257167171485 0.231445 0.28125 1.04395
1532257167321124 0.326172 0.349609 0.868652
1532257167344063 0.296387 0.302734 0.881836
1532257167380964 0.301758 0.27002 0.875977
1532257167471722 0.289551 0.312988 0.884277
1532257167546522 0.289063 0.27832 0.912109
1532257167644260 0.283203 0.289063 0.912109
1532257167763940 0.306152 0.283691 0.896484
1532257167860682 0.309082 0.317383 0.899414
1532257167913541 0.291504 0.305176 0.894531
1532257167980361 0.297363 0.313477 0.905273
1532257168032222 0.308105 0.317871 0.925293
1532257168086078 0.245117 0.350098 0.933594
1532257168151962 0.381836 0.414063 0.854004
1532257168196850 0.402832 0.617188 0.793457
1532257168227767 0.405762 0.516602 0.759766
1532257168249710 0.499512 0.213867 0.703125
1532257168302568 0.552246 0.302734 0.729492
1532257168369389 0.350098 0.269043 0.90625
1532257168429229 0.198242 0.271484 1.0166
1532257168459149 0.14502 0.303711 1.01758
1532257168512008 0.0488281 0.444336 1.05469
1532257168557885 -0.00683594 0.426758 1.05078
1532257168609754 0.0126953 0.373535 1.09766
1532257168631687 0.0209961 0.343262 1.10596
1532257168654626 -0.0219727 0.395508 1.11279
1532257168669586 -0.0400391 0.398438 1.07422
1532257168691527 -0.0107422 0.340332 1.04883
1532257168729446 -0.0634766 0.322754 1.03076
1532257168751367 -0.0844727 0.346191 1.02051
1532257168814199 -0.0981445 0.304199 0.983887
1532257168908946 -0.183105 0.383789 0.903809
1532257168968800 -0.249512 0.385742 0.831543
1532257168991724 -0.27832 0.387207 0.81543
1532257169029623 -0.296875 0.421875 0.754395
1532257169092455 -0.320313 0.416504 0.705566
1532257169134343 -0.319824 0.41748 0.696777
1532257169152296 -0.29248 0.42041 0.683594
1532257169172242 -0.354004 0.379883 0.644043
1532257169194183 -0.413086 0.344727 0.643555
1532257169232082 -0.376953 0.523926 0.670898
1532257169277969 -0.417969 0.526855 0.606934
1532257169324849 -0.354492 0.433594 0.654785
1532257169336802 -0.339355 0.538574 0.666504
1532257169360738 -0.388184 0.694824 0.706055
1532257169396642 -0.42334 0.603027 0.648438
1532257169415591 -0.377441 0.543945 0.732422
1532257169452493 -0.456055 0.596191 0.788574
1532257169494381 -0.407715 0.538574 0.763672
1532257169512332 -0.447754 0.524902 0.733398
1532257169554220 -0.44873 0.529785 0.68457
1532257169592119 -0.398438 0.489258 0.654297
1532257169664924 -0.385254 0.503418 0.630371
1532257169716786 -0.297852 0.358887 0.587891
1532257169779618 -0.197754 0.336914 0.538574
1532257169803554 -0.188477 0.258301 0.583008
1532257169869378 -0.130371 0.162598 0.71875
1532257169921239 0.0498047 0.0830078 0.942383
1532257170051895 0.376465 0.314453 1.41357
1532257170232407 0.430664 0.0288086 1.00391
1532257170351106 0.35791 0.0864258 1.06836
1532257170561527 0.0693359 0.217285 0.869141
1532257170613388 0.0766602 0.249512 0.876953
1532257170642311 0.0600586 0.275391 0.876953
1532257170719105 0.0976563 0.422852 0.980469
1532257170822839 0.262695 0.437012 0.895508
1532257170874689 -0.0166016 0.461426 0.629883
1532257170913593 -0.147461 0.375488 0.530762
1532257170951505 -0.224121 0.401367 0.538574
1532257170973425 -0.263184 0.509277 0.597656
1532257170996365 -0.251465 0.513672 0.625977
1532257171034262 -0.268555 0.345703 0.591309
1532257171056204 -0.220703 0.412598 0.570313
1532257171100087 -0.119141 0.560059 0.578125
1532257171273623 0.296875 0.763672 0.953125
1532257171491041 -0.23291 0.568359 0.555176
1532257171535921 -0.407715 0.459961 0.583008
1532257171581798 -0.311523 0.578125 0.592773
1532257171634657 -0.120117 0.515137 0.743652
1532257171693499 0.365723 0.650391 0.942383
1532257171797222 0.321777 0.768066 1.02979
1532257171903937 -0.11084 0.750977 0.837891
1532257171933857 -0.275391 0.698242 0.755859
1532257172037579 -0.379395 0.602051 0.640137
1532257172076476 -0.406738 0.510254 0.577637
1532257172152279 -0.40918 0.521973 0.528809
1532257172180198 -0.539063 0.570801 0.479004
1532257172255996 -0.526367 0.622559 0.401367
1532257172292897 -0.455566 0.457031 0.453125
1532257172315835 -0.481934 0.599121 0.416016
1532257172354731 -0.527832 0.61377 0.394043
1532257172404598 -0.477539 0.51416 0.376953
1532257172431526 -0.445801 0.47168 0.360352
1532257172540235 -0.393066 0.282715 0.27832
1532257172556201 -0.233887 0.334961 0.300781
1532257172607057 -0.290039 0.333008 0.476074
1532257172660913 -0.150391 0.476563 0.686523
1532257172675872 -0.0834961 0.396973 0.831543
1532257172863371 0.171875 0.34375 1.21826
1532257172939184 0.260742 0.39502 0.995117
1532257173058849 0.0385742 0.438965 0.879395
1532257173081787 -0.0244141 0.383789 0.880859
1532257173139633 -0.302246 0.31543 0.866699
1532257173247345 -0.563965 0.30957 0.755371
1532257173343088 -0.802734 0.389648 0.61377
1532257173380987 -0.790039 0.385254 0.60498
1532257173441825 -0.707031 0.424805 0.639648
1532257173479723 -0.639648 0.453613 0.639648
1532257173539563 -0.397949 0.39502 0.701172
1532257173568495 -0.233398 0.510742 0.724609
1532257173591436 -0.166504 0.594727 0.758301
1532257173613366 -0.151367 0.583008 0.812988
1532257173621344 -0.227051 0.59375 0.842773
1532257173642288 -0.286133 0.555664 0.875
1532257173681184 -0.392578 0.520996 0.796875
1532257173702128 -0.467773 0.568359 0.773926
1532257173756982 -0.520508 0.424316 0.74707
1532257173802859 -0.503906 0.501953 0.710449
1532257173839760 -0.515625 0.512695 0.716309
1532257173861702 -0.519043 0.522949 0.703125
1532257173891622 -0.518066 0.498047 0.685059
1532257173898603 -0.503906 0.467773 0.689453
1532257173921542 -0.494629 0.460938 0.695801
1532257173981382 -0.471191 0.506836 0.62793
1532257174004320 -0.458496 0.491699 0.599609
1532257174049200 -0.459961 0.460449 0.540039
1532257174071142 -0.447754 0.482422 0.52002
1532257174101061 -0.356934 0.509766 0.585449
1532257174183840 -0.256836 0.537109 0.846191
1532257174243680 -0.192871 0.611328 0.84082
1532257174304517 -0.0102539 0.442383 0.942871
1532257174374331 0.212891 0.342773 1.04883
1532257174401261 0.475098 0.29541 1.05908
1532257174484037 0.197266 0.0795898 1.03857
1532257174543894 0.273438 0.346191 0.931152
1532257174603724 0.179688 0.168945 0.863281

1532257174784234 0.0141602 0.208984 0.743164
1532257174991695 0.25 0.298828 0.898438
1532257175111373 0.28418 0.283203 0.888672
1532257175188155 0.271484 0.303223 0.906738
1532257175269290 0.291016 0.277344 0.902344
1532257175352083 0.296387 0.303711 0.897461
1532257175388970 0.278809 0.276367 0.892578
1532257175411908 0.293945 0.266602 0.903809
1532257175539567 0.280273 0.277344 0.914063
1532257175591428 0.267578 0.29834 0.930176
1532257175651268 0.27002 0.244629 0.970703
1532257175772947 0.293945 0.365723 0.754395
1532257175869684 0.436523 0.29248 0.8125
1532257175908590 0.489746 0.285645 0.759766
1532257176014297 0.391602 0.27832 0.958496
1532257176073140 0.186523 0.151367 0.988281
1532257176149935 -0.00878906 0.302246 1.00195
1532257176191823 -0.0351563 0.283203 1.01367
1532257176251662 0.0332031 0.182617 0.900391
1532257176289562 0.0771484 0.242188 1.03516
1532257176311503 0.0727539 0.316895 1.08057
1532257176371343 0.0307617 0.302246 1.12451
1532257176412233 0.0776367 0.239746 1.15918
1532257176492020 -0.0288086 0.20752 1.12744
1532257176689492 -0.270508 0.269531 0.826172
1532257176712430 -0.34375 0.263184 0.796387
1532257176770276 -0.470703 0.283203 0.709473
1532257176791220 -0.393066 0.339355 0.68457
1532257176869011 -0.379883 0.402832 0.697266
1532257176911897 -0.343262 0.483887 0.69043
1532257176953785 -0.282227 0.51123 0.702637
1532257176971737 -0.212891 0.476074 0.701172
1532257177018612 -0.217285 0.55957 0.694336
1532257177048532 -0.279785 0.54834 0.698242
1532257177071477 -0.302734 0.550293 0.706543
1532257177108372 -0.324219 0.526367 0.708984
1532257177153252 -0.375977 0.544434 0.702637
1532257177176190 -0.349121 0.473633 0.685059
1532257177207108 -0.341309 0.492676 0.652344
1532257177244009 -0.319336 0.494629 0.643555
1532257177288889 -0.298828 0.37207 0.571777
1532257177310830 -0.28125 0.384277 0.504395
1532257177331774 -0.252441 0.369141 0.496582
1532257177385631 -0.237305 0.0898438 0.521973
1532257177416548 -0.174805 0.226563 0.503906
1532257177491348 -0.0273438 0.141113 0.791992
1532257177589086 0.583496 0.347168 1.4209
1532257177611039 0.539063 0.329102 1.4668
1532257177692809 0.350098 0.143555 1.2915
1532257178194467 0.234375 0.097168 1.05566
1532257178234360 0.240234 0.0878906 1.04297
1532257178272259 0.1875 0.186035 1.04639
1532257178315145 0.144043 0.141113 0.992676
1532257178331102 0.14209 0.146484 1.02832
1532257178374985 0.13623 0.237305 1.05615
1532257178390942 0.129395 0.287598 1.05469
1532257178451780 0.148926 0.269531 1.05518
1532257178502643 0.105469 0.308594 0.953613
1532257178549519 0.0644531 0.286621 0.817871
1532257178578441 -0.0639648 0.256836 0.637695
1532257178593400 -0.116699 0.223633 0.57666
1532257178616340 -0.161621 0.238281 0.537598
1532257178654238 -0.228516 0.30957 0.543457
1532257178675182 -0.251953 0.39209 0.548828
1532257178721065 -0.32959 0.496582 0.641113
1532257178795859 -0.0771484 0.499512 0.764648
1532257178810822 0.00341797 0.477539 0.857422
1532257178916537 0.51416 0.634766 1.08447
1532257178976377 0.238281 0.57666 0.897461
1532257179044195 0.0693359 0.496094 0.679688
1532257179083091 -0.0439453 0.369629 0.605469
1532257179095059 -0.090332 0.39502 0.609375
1532257179146921 -0.0927734 0.405273 0.648926
1532257179188809 -0.321289 0.521484 0.642578
1532257179216740 -0.321777 0.456543 0.680176
1532257179237678 -0.270508 0.477539 0.649414
1532257179282558 -0.0917969 0.513672 0.751465
1532257179364339 0.345215 0.608398 1.06982
1532257179403235 0.517578 0.734375 1.07813
1532257179516939 -0.0131836 0.475098 0.725098
1532257179561811 -0.112793 0.428711 0.628906
1532257179597715 -0.0878906 0.417969 0.578613
1532257179621651 -0.145996 0.447754 0.59082
1532257179673512 -0.282227 0.490234 0.558105
1532257179697448 -0.297852 0.530273 0.583496
1532257179793193 0.144043 0.625 0.914063
1532257179816131 0.254395 0.567871 0.983398
1532257179862008 0.33252 0.553223 1.13281
1532257179898910 0.352051 0.693848 1.25977
1532257179958750 -0.00341797 0.777344 1.12207
1532257180048509 -0.263184 0.69043 0.932617
1532257180056488 -0.297363 0.602539 0.898926
1532257180100371 -0.30957 0.567383 0.694336
1532257180116328 -0.328613 0.588379 0.671875
1532257180289864 -0.356934 0.466797 0.60498
1532257180356686 -0.465332 0.63623 0.513184
1532257180399571 -0.444336 0.531738 0.529297
1532257180499316 -0.509277 0.513672 0.405762
1532257180535218 -0.507813 0.520996 0.389648
1532257180560142 -0.546875 0.466309 0.369141
1532257180596045 -0.380859 0.384766 0.275391
1532257180639928 -0.393066 0.294922 0.287598
1532257180678824 -0.248047 0.258301 0.233887
1532257180715725 -0.203613 0.344238 0.394531
1532257180760605 -0.291504 0.290527 0.475586
1532257180798504 0.0170898 0.345703 0.740234
1532257180902227 0.342285 0.403809 1.44287
1532257180941122 0.00878906 0.402344 1.41748
1532257180979021 -0.124023 0.504395 1.21924
1532257181021906 0.0673828 0.359863 1.14844
1532257181046848 0.150879 0.29248 1.05664
1532257181142584 0.118164 0.351563 0.897461
1532257181257277 -0.375488 0.0810547 0.920898
1532257181554483 -0.672852 0.381836 0.67041
1532257181622301 -0.330078 0.328613 0.727051
1532257181647235 -0.315918 0.385742 0.76416
1532257181667191 -0.173828 0.512207 0.729004
1532257181689123 -0.132813 0.519531 0.817871
1532257181706077 -0.296387 0.494629 0.853516
1532257181748962 -0.393066 0.508301 0.825684
1532257181786861 -0.513672 0.41748 0.797852
1532257181811795 -0.468262 0.460938 0.794434
1532257181832738 -0.479004 0.458008 0.788574
1532257181862659 -0.475098 0.450684 0.755371
1532257181869640 -0.461914 0.444824 0.770508
1532257181891581 -0.465332 0.463867 0.751465
1532257181906541 -0.466797 0.449219 0.730469
1532257181944439 -0.487305 0.441895 0.738281
1532257181966381 -0.479004 0.467773 0.745605
1532257182004280 -0.459961 0.451172 0.741211
1532257182028216 -0.461914 0.40918 0.739258
1532257182049160 -0.459473 0.431641 0.72998
1532257182088056 -0.429688 0.460938 0.716309
1532257182132935 -0.40332 0.418457 0.692871
1532257182146898 -0.381836 0.409668 0.681152
1532257182185804 -0.32373 0.394043 0.679199
1532257182289517 -0.386719 0.553711 0.766602
1532257182326418 -0.4375 0.573242 0.864746
1532257182450087 -0.234863 0.211914 1.00635
1532257182597693 0.180176 0.254395 1.02197
1532257182807133 0.338379 0.26709 0.799805
1532257182944765 0.280273 0.360352 0.869141

1532257183034524 0.166992 0.0429688 0.75293
1532257183087383 0.108887 0.543945 0.994629
1532257183369629 0.296875 0.288086 0.90625
1532257183408525 0.275879 0.283203 0.933594
1532257183520226 0.303223 0.231934 0.913086
1532257183588045 0.302734 0.275879 0.932129
1532257183668829 0.305664 0.261719 0.921875
1532257183709719 0.32373 0.274414 0.890625
1532257183729665 0.323242 0.287598 0.875977
1532257183754599 0.328125 0.290527 0.86377
1532257183806460 0.354492 0.32666 0.844238
1532257183866301 0.362793 0.331543 0.862793
1532257183910183 0.352539 0.339355 0.867188
1532257183963042 0.355957 0.354004 0.841309
1532257184083719 0.383301 0.395508 0.821777
1532257184181458 0.378418 0.386719 0.818848
1532257184309116 0.37793 0.356445 0.82373
1532257184360978 0.40625 0.34668 0.820801
1532257184474674 0.334473 0.415039 0.894043
1532257184548476 0.382324 0.409668 0.816406
1532257184571414 0.374023 0.39502 0.79834
1532257184752929 0.368652 0.314941 0.912598
1532257184914497 0.458008 0.654297 0.754395
1532257184953393 0.514648 0.307617 0.656738
1532257185075069 0.459473 0.367188 0.927734
1532257185116956 0.283691 0.339355 0.986328
1532257185171809 0.169922 0.323242 1.08008
1532257185231649 0.012207 0.433105 1.08008
1532257185252593 0.0170898 0.39209 1.104
1532257185312432 -0.0429688 0.27002 1.09424
1532257185471009 -0.172363 0.299805 0.958008
1532257185591687 -0.263184 0.373535 0.854492
1532257185614625 -0.269043 0.372559 0.852051
1532257185696407 -0.24707 0.460938 0.79541
1532257185742284 -0.308105 0.460449 0.788086
1532257185794145 -0.266602 0.450195 0.759766
1532257185837031 -0.310059 0.519043 0.708496
1532257185874930 -0.297363 0.415527 0.679199
1532257185913824 -0.305176 0.62207 0.645996
1532257185941751 -0.285645 0.69043 0.609375
1532257186011564 -0.30957 0.57959 0.688477
1532257186063424 -0.333496 0.580566 0.685059
1532257186101324 -0.319824 0.588867 0.697266
1532257186122268 -0.330566 0.555664 0.696777
1532257186154182 -0.30127 0.535645 0.655273
1532257186175143 -0.307129 0.486816 0.623535
1532257186221004 -0.286621 0.326172 0.59082
1532257186288823 -0.265137 0.304688 0.550781
1532257186325724 -0.203125 0.139648 0.542969
1532257186349659 -0.179688 0.23877 0.531738
1532257186354646 -0.103027 0.257813 0.57373
1532257186453382 0.135254 0.199219 1.146
1532257186484299 0.241699 0.152344 1.26953
1532257186551121 0.439941 0.188477 1.4043
1532257186574060 0.449707 0.142578 1.396
1532257186616945 0.364746 0.0825195 1.26807
1532257186693740 0.344727 0.0385742 1.02002
1532257186717675 0.34375 0.0727539 0.95752
1532257186797462 0.365234 -0.0214844 0.884766
1532257186813419 0.385742 -0.0078125 0.910156
1532257186836371 0.362793 0.00390625 0.895996
1532257186874257 0.373047 -0.00878906 0.92041
1532257186896199 0.374512 -0.0385742 0.925293
1532257186917142 0.363281 -0.0532227 0.929688
1532257186956039 0.348633 0.00732422 0.98877
1532257186976982 0.345215 -0.0258789 0.988281
1532257186993944 0.34082 0.0195313 1.02246
1532257187062753 0.270508 0.0341797 1.08252
1532257187113616 0.253418 0.125 1.11768
1532257187136556 0.213867 0.110352 1.11621
1532257187157500 0.197266 0.0986328 1.09424
1532257187173457 0.163574 0.129395 1.10498
1532257187196395 0.143066 0.100586 1.10449
1532257187256235 0.0888672 0.111328 1.05566
1532257187277180 0.0625 0.142578 1.06689
1532257187293137 0.10791 0.151367 1.00098
1532257187316076 0.152832 0.149902 0.997559
1532257187400849 0.274902 0.192871 1.08643
1532257187414812 0.303223 0.149414 1.06494
1532257187458704 0.0869141 0.180176 0.891113
1532257187473654 -0.00390625 0.226563 0.77002
1532257187539478 -0.131836 0.246582 0.582031
1532257187599317 -0.231445 0.36084 0.539551
1532257187623254 -0.227051 0.470703 0.600586
1532257187743931 0.0605469 0.494141 1.05127
1532257187818737 0.240234 0.440918 1.25781
1532257187839675 0.329102 0.405762 1.18896
1532257187886550 0.313965 0.456055 1.04785
1532257187997270 0.128418 0.37207 0.794922
1532257188045143 0.0981445 0.314453 0.719727
1532257188132891 -0.271484 0.486816 0.609375
1532257188162811 -0.105469 0.352051 0.709961
1532257188215670 0.0981445 0.492188 0.79541
1532257188259552 0.233398 0.402832 1.0542
1532257188321387 0.58252 0.435059 1.20703
1532257188424120 0.254883 0.351074 0.921387
1532257188577709 -0.0966797 0.334961 0.668945
1532257188624584 -0.0683594 0.319824 0.662109
1532257188686419 0.102539 0.614258 0.985352
1532257188841006 -0.0507813 0.582031 1.35645
1532257188926776 -0.194824 0.595703 0.876953
1532257189003571 -0.240723 0.532227 0.688965
1532257189117266 -0.234863 0.610352 0.577148
1532257189271853 -0.354492 0.597656 0.312012
1532257189469326 -0.325684 0.481934 0.241211
1532257189484286 -0.379395 0.416504 0.313477
1532257189626904 -0.187012 0.454102 0.492676
1532257189685746 -0.0498047 0.686035 1.04297
1532257189744589 0.133789 0.682129 1.34521
1532257189995918 0.278809 0.333984 0.960938
1532257190041795 0.161621 0.280273 0.944336
1532257190084680 -0.222656 0.553711 0.852051
1532257190166461 -0.476563 0.234375 0.808105
1532257190242258 -0.703125 0.353027 0.694824
1532257190287139 -0.712402 0.291504 0.68457
1532257190391859 -0.633301 0.402344 0.667969
1532257190414797 -0.578613 0.42627 0.67627
1532257190434771 -0.548828 0.413574 0.686035
1532257190471645 -0.516602 0.458984 0.719238
1532257190503560 -0.467773 0.455566 0.690918
1532257190546445 -0.428711 0.435059 0.770508
1532257190587336 -0.41748 0.458496 0.730957
1532257190607282 -0.400391 0.467773 0.723633
1532257190631219 -0.392578 0.466309 0.771973
1532257190646178 -0.374512 0.430664 0.785645
1532257190667122 -0.405762 0.438477 0.811523
1532257190706018 -0.383789 0.464355 0.823242
1532257190774852 -0.414551 0.462891 0.830078
1532257190780818 -0.466309 0.445801 0.822266
1532257190826695 -0.474121 0.442383 0.794922
1532257190847640 -0.48291 0.428223 0.797363
1532257190886536 -0.46875 0.439941 0.772461
1532257190907479 -0.458496 0.45752 0.765137
1532257190923437 -0.45459 0.445313 0.754883
1532257190946376 -0.464355 0.430176 0.759766
1532257190969315 -0.470703 0.432617 0.754883
1532257191027159 -0.452637 0.406738 0.74707
1532257191051096 -0.453613 0.411133 0.733398
1532257191086999 -0.452148 0.42627 0.709961
1532257191102961 -0.42334 0.421387 0.692871
1532257191125896 -0.401855 0.415527 0.688965
1532257191147837 -0.411133 0.449707 0.681641
1532257191171773 -0.424316 0.481934 0.676758
1532257191193714 -0.430176 0.517578 0.6875
1532257191283474 -0.358398 0.42627 0.817383
1532257191320390 -0.303711 0.426758 0.760742
1532257191417117 -0.0961914 0.369629 0.864258
1532257191449039 0.143066 0.158203 1.03955
1532257191634548 0.295898 0.348145 0.966309
1532257191696370 0.361816 0.312012 0.931152
1532257191786139 0.336426 0.283691 0.829102
1532257191809069 0.299805 0.23584 0.840332
1532257191889852 0.364258 0.231934 0.847168
1532257191973644 0.748535 0.332031 1.04688
1532257192018508 -0.108398 0.725586 0.875

1532257192025503 0.402344 0.437988 0.844727
1532257192094306 0.237793 0.247559 1.01709
1532257192133213 0.192871 0.22998 0.987793
1532257192228946 0.313965 0.320313 0.85498
1532257192415669 0.29541 0.286133 0.889648
1532257192565269 0.30957 0.291504 0.890137
1532257192737808 0.3125 0.305176 0.889648
1532257192791664 0.310059 0.305176 0.895996
1532257192872448 0.236328 0.315918 1.01709
1532257192911344 0.207031 0.331543 0.960938
1532257192956235 0.369141 0.357422 0.678711
1532257193024043 0.364258 0.458008 0.742676
1532257193067925 0.370117 0.410645 0.850098
1532257193091861 0.461914 0.383789 0.75
1532257193174640 0.575684 0.166992 0.669434
1532257193211541 0.52002 0.18457 0.853516
1532257193279360 0.0751953 0.0258789 0.930664
1532257193301301 0.0849609 0.0219727 1.04736
1532257193355157 -0.0175781 0.123535 0.939453
1532257193414000 -0.0908203 0.153809 0.917969
1532257193441925 -0.0375977 0.123535 0.882324
1532257193473839 0.111816 0.097168 0.875
1532257193562602 0.424805 -0.0224609 1.01074
1532257193593519 0.507813 -0.161621 1.15771
1532257193878766 0.312012 -0.113281 1.17871
1532257193938602 0.0854492 -0.00341797 1.17871
1532257194036335 -0.104004 0.0737305 0.994629
1532257194156030 -0.215332 0.263672 0.689941
1532257194176960 -0.20166 0.262207 0.649902
1532257194276692 -0.21875 0.393066 0.564941
1532257194297637 -0.25293 0.425293 0.552734
1532257194344511 -0.283203 0.451172 0.567871
1532257194358474 -0.310547 0.415527 0.589355
1532257194381413 -0.308594 0.459961 0.592285
1532257194428287 -0.282227 0.588867 0.66748
1532257194477157 -0.329102 0.654785 0.824707
1532257194494111 -0.350586 0.708984 0.82373
1532257194536996 -0.309082 0.594238 0.826172
1532257194598831 -0.321289 0.585449 0.747559
1532257194638725 -0.294922 0.475098 0.655273
1532257194657674 -0.312988 0.42627 0.613281
1532257194688591 -0.337402 0.414063 0.59375
1532257194756421 -0.19043 0.305176 0.587402
1532257194816250 -0.118164 0.39209 0.550293
1532257194861141 -0.122559 0.308105 0.645996
1532257194996767 0.337891 0.203613 1.11523
1532257195056607 0.444824 0.196289 1.25
1532257195138388 0.574707 0.104004 1.27588
1532257195162325 0.612305 0.107422 1.2749
1532257195204212 0.378906 0.147949 1.13477
1532257195242112 0.338379 0.0952148 0.979004
1532257195264052 0.370605 0.133301 0.975098
1532257195521364 0.321777 0.0732422 1.05225
1532257195602149 0.149902 0.202637 0.959961
1532257195685937 0.0112305 0.243164 0.878906
1532257195768703 0.03125 0.333008 0.947754
1532257195777679 0.0214844 0.370117 0.941895
1532257195841508 0.191406 0.494141 0.938477
1532257196002079 -0.106934 0.514648 0.437988
1532257196063913 -0.0380859 0.510254 0.501465
1532257196121759 -0.263672 0.522461 0.626465
1532257196182596 -0.144531 0.61377 0.628906
1532257196639387 -0.305176 0.603027 0.411133
1532257196743097 0.475586 0.845215 0.604004
1532257197135050 -0.236816 0.659668 0.522461
1532257197492101 -0.292969 0.668945 0.55127
1532257197544953 -0.317383 0.628906 0.493652
1532257197560910 -0.321289 0.619629 0.480469
1532257197583849 -0.370605 0.619629 0.480957
1532257197664633 -0.421875 0.581055 0.454102
1532257197750407 -0.42627 0.735352 0.382324
1532257197809247 -0.407715 0.663086 0.391113
1532257197891027 -0.461426 0.642578 0.318848
1532257197996747 -0.439453 0.611328 0.320313
1532257198041625 -0.377441 0.432129 0.287598
1532257198063567 -0.244629 0.539551 0.456055
1532257198107449 -0.280273 0.70459 0.539063
1532257198206185 1.02002 1.39502 0.864258
1532257198268035 0.37207 0.48877 1.06885
1532257198311902 0.0361328 0.857422 1.00195
1532257198347806 0.116211 0.516113 0.987305
1532257198407646 0.193359 0.489746 0.867188
1532257198470478 0.180176 0.533203 0.835938
1532257198566222 -0.375488 0.370605 0.785645
1532257198589161 -0.447266 0.395996 0.781738
1532257198610105 -0.513672 0.311035 0.772949
1532257198626062 -0.619629 0.330078 0.76709
1532257198693880 -0.727539 0.421387 0.751953
1532257198706846 -0.762207 0.378906 0.699707
1532257198768687 -0.726563 0.455566 0.703613
1532257198790622 -0.679199 0.461426 0.700684
1532257198867417 -0.527344 0.442383 0.738281
1532257198888361 -0.51416 0.424316 0.734863
1532257198949198 -0.425781 0.405273 0.750488
1532257198986107 -0.374512 0.381348 0.772949
1532257199054915 -0.27832 0.470215 0.847656
1532257199089821 -0.315918 0.440918 0.883301
1532257199188574 -0.430664 0.400391 0.813965
1532257199233438 -0.426758 0.420898 0.798828
1532257199263358 -0.40918 0.375977 0.791016
1532257199316217 -0.419434 0.387695 0.748047
1532257199405977 -0.390625 0.425293 0.705078
1532257199466814 -0.148438 0.367188 0.759277
1532257199533635 -0.176758 0.38623 0.828125
1532257199624392 -0.194824 0.494629 0.947754
1532257199669273 -0.090332 0.414063 1.13623
1532257199729115 -0.0917969 0.366211 1.11768
1532257199810894 0.0327148 0.374512 1.00439
1532257200012355 0.410156 0.174805 0.785156
1532257200072195 0.433105 0.162598 0.787109
1532257200161955 0.298828 0.265137 0.763672
1532257200176915 0.638184 0.446289 1.0835

1532257200223789 0.0117188 0.693359 0.97168
1532257200252713 0.451172 0.109863 1.03516
1532257200291609 0.263184 0.150879 1.05566
1532257200351473 0.196777 0.27002 0.910156
1532257200449212 0.302734 0.358398 0.884277
1532257200500076 0.306641 0.291504 0.871094
1532257200551970 0.303223 0.326172 0.897461
1532257200613806 0.316895 0.298828 0.873047
1532257200733486 0.324707 0.320313 0.883789
1532257200794323 0.32959 0.283203 0.89209
1532257200854164 0.325195 0.273438 0.897461
1532257200891064 0.314453 0.287109 0.953613
1532257200914019 0.256348 0.274902 1.00391
1532257200935945 0.269043 0.384277 0.992676
1532257200982820 0.320801 0.220215 0.68457
1532257201054628 0.372559 0.447754 0.775391
1532257201193257 0.532715 0.142578 0.796875
1532257201214201 0.473633 0.150391 0.864258
1532257201235144 0.403809 0.145508 0.948242
1532257201294985 0.147461 0.0927734 0.947266
1532257201312943 0.150391 0.0952148 0.918945
1532257201354833 0.0332031 0.0483398 0.958496
1532257201393722 -0.0576172 0.15332 0.990234
1532257201430623 -0.155762 0.255859 0.961914
1532257201453560 -0.147949 0.300781 0.932617
1532257201490461 -0.112793 0.159668 0.914063
1532257201513401 -0.0390625 0.149902 0.965332
1532257201559278 0.323242 0.219238 0.970215
1532257201656020 0.617676 -0.0175781 1.06055
1532257201716868 0.387695 -0.0439453 1.08936
1532257201962201 0.413086 -0.144043 0.931641
1532257202022041 0.507324 0.0478516 1.021
1532257202149700 0.343262 -0.206055 1.25049
1532257202164659 0.244629 -0.191406 1.2793
1532257202179620 0.172363 -0.205078 1.26904
1532257202224499 0.0288086 -0.210938 1.23242
1532257202239459 -0.0488281 -0.214355 1.16113
1532257202306280 -0.151367 -0.119629 1.0332
1532257202405016 -0.191406 -0.0131836 0.853027
1532257202502755 -0.265625 0.265625 0.665039
1532257202524697 -0.228027 0.352051 0.658691
1532257202561598 -0.263184 0.4375 0.663574
1532257202609470 -0.227539 0.476563 0.636719
1532257202624446 -0.249023 0.473145 0.651367
1532257202647368 -0.30957 0.526855 0.626465
1532257202689256 -0.271484 0.538574 0.63916
1532257202716184 -0.323242 0.530762 0.642578
1532257202727154 -0.338867 0.511719 0.62793
1532257202742115 -0.307617 0.527344 0.636719
1532257202779017 -0.345215 0.523438 0.625488
1532257202801956 -0.34082 0.534668 0.617188
1532257202838856 -0.338379 0.541016 0.630859
1532257202861795 -0.368652 0.589844 0.65332
1532257202923630 -0.380371 0.598145 0.632813
1532257202939587 -0.374023 0.58252 0.652344
1532257202999442 -0.399902 0.565918 0.643066
1532257203026355 -0.381348 0.561035 0.632813
1532257203041315 -0.367188 0.520996 0.628418
1532257203059267 -0.343262 0.462402 0.602539
1532257203102152 -0.319824 0.332031 0.58252
1532257203120104 -0.318848 0.32959 0.54248
1532257203139054 -0.338379 0.449707 0.544434
1532257203239783 -0.255859 0.283691 0.523438
1532257203292654 0.00830078 0.271484 0.680176
1532257203344513 0.0327148 0.246582 1.02539
1532257203447229 0.297852 0.194824 1.35449
1532257203621763 0.325195 -0.00146484 1.07373
1532257203742440 0.414063 -0.0263672 0.875977
1532257204101496 0.307129 0.112305 1.15527
1532257204122424 0.290527 0.0849609 1.11426
1532257204182264 0.25293 -0.121094 1.07031
1532257204205203 0.252441 -0.0317383 1.03027
1532257204242104 0.168457 0.195801 1.04297
1532257204258065 0.119141 0.159668 1.02686
1532257204394696 -0.00927734 0.27002 1.00439
1532257204410653 -0.0341797 0.316895 0.995117
1532257204468503 0.15625 0.296387 0.833496
1532257204632064 -0.324707 0.519043 0.687988
1532257204655000 -0.327637 0.543945 0.672852
1532257204701875 -0.322754 0.450195 0.721191
1532257204744773 -0.097168 0.636719 0.790527
1532257204904333 0.0800781 0.60498 0.732422
1532257204956198 -0.0825195 0.663574 0.650879
1532257205091832 -0.162598 0.48877 0.694336
1532257205143692 -0.162109 0.58252 0.666992
1532257205181592 -0.0703125 0.541992 0.681152
1532257205345154 0.561523 0.838867 0.856934
1532257205404994 0.127441 0.637207 0.701172
1532257205526669 -0.239746 0.558594 0.612793
1532257205547612 -0.292969 0.514648 0.638672
1532257205631389 -0.304199 0.457031 0.594238
1532257205667293 -0.206543 0.41748 0.614746
1532257205847810 0.641602 0.895996 0.825684
1532257205946546 0.313965 0.854004 0.913086
1532257205991426 0.238281 0.664551 0.861328
1532257206006401 0.108887 0.651855 0.820801
1532257206051266 -0.0415039 0.720215 0.775391
1532257206126066 -0.347168 0.627441 0.731445
1532257206253725 -0.316895 0.478516 0.758301
1532257206352461 -0.331543 0.568359 0.712891
1532257206538962 -0.424316 0.546387 0.530273
1532257206831180 -0.254883 0.431152 0.401855
1532257206920941 -0.0405273 0.540527 0.800293
1532257206988776 0.233887 0.487793 1.17822
1532257207125394 0.335449 0.394531 1.27441
1532257207452519 -0.433594 0.182129 0.762695
1532257207512359 -0.59375 0.254395 0.661133
1532257207551264 -0.640625 0.359863 0.649902
1532257207572214 -0.65625 0.371582 0.646484
1532257207611095 -0.67334 0.29248 0.650391
1532257207640018 -0.665527 0.322754 0.628418
1532257207676919 -0.726563 0.355469 0.61084
1532257207732770 -0.667969 0.306152 0.613281
1532257207791612 -0.612793 0.332031 0.605957
1532257207851463 -0.553223 0.283691 0.677734
1532257207872396 -0.516602 0.32666 0.684082
1532257207956172 -0.393066 0.296875 0.791504
1532257207992078 -0.431641 0.337891 0.859863
1532257208030972 -0.385742 0.297852 0.97168
1532257208051922 -0.443848 0.374512 0.974121
1532257208091810 -0.519531 0.337891 0.965332
1532257208151665 -0.512695 0.348633 0.88916
1532257208172593 -0.484375 0.318848 0.887207
1532257208218471 -0.447754 0.295898 0.866211
1532257208271337 -0.427734 0.26416 0.811523
1532257208331170 -0.449219 0.278809 0.785645
1532257208369069 -0.441895 0.32959 0.782715
1532257208391009 -0.443848 0.350586 0.783691
1532257208437885 -0.478516 0.341797 0.76709
1532257208496727 -0.482422 0.49707 0.790527
1532257208622390 -0.268555 0.350586 0.865234
1532257208730103 0.0976563 0.331055 0.879395
1532257208744065 0.0649414 0.284668 0.836914
1532257208764012 0.201172 0.14502 0.951172
1532257208786951 0.32373 0.0507813 1.06104
1532257208838812 0.117188 0.34668 1.03711
1532257208921591 0.287109 0.158203 0.991211
1532257208959489 0.288086 0.250488 0.930176
1532257208996392 0.251465 0.190918 0.898926
1532257209042268 0.244629 0.210449 0.898438
1532257209117068 0.294434 0.221191 0.921875
1532257209221788 0.207031 0.456543 0.997559
1532257209290603 0.250488 0.200684 0.788086

1532257209350444 0.23584 0.321777 0.966309
1532257209395324 0.248047 0.196289 1.03174
1532257209499046 0.245117 0.28125 0.913574
1532257209521992 0.26416 0.26709 0.895508
1532257209558886 0.278809 0.249512 0.881836
1532257209619723 0.288086 0.26709 0.905762
1532257209651638 0.275879 0.24707 0.911133
1532257209776305 0.276367 0.246582 0.931152
1532257209838140 0.285156 0.255859 0.910156
1532257209936875 0.286133 0.237305 0.913574
1532257209986742 0.28418 0.237305 0.912598
1532257210019653 0.292969 0.251953 0.904785
1532257210057553 0.285156 0.250977 0.92627
1532257210184214 0.285156 0.229492 0.919434
1532257210267006 0.28418 0.255371 0.912109
1532257210499371 0.292969 0.232422 0.932617
1532257210559211 0.291504 0.216797 0.928711
1532257210620061 0.288574 0.230469 0.915527
1532257210679900 0.285156 0.212891 0.937988
1532257210760685 0.300293 0.242188 0.90625
1532257210820524 0.297852 0.244141 0.912598
1532257210836482 0.306641 0.257813 0.914551
1532257210986082 0.384766 0.306152 0.834473
1532257211158635 0.527344 0.463867 0.737305
1532257211241411 0.474121 -0.109863 0.93457
1532257211264349 0.453125 0.012207 0.945801
1532257211330173 0.145996 0.262695 0.969238
1532257211361090 0.078125 0.0581055 0.984863
1532257211382034 0.0356445 0.059082 0.990723
1532257211399986 0.0170898 0.180176 0.967285
1532257211420930 -0.015625 0.243652 0.928711
1532257211502712 0.065918 0.169434 0.910645
1532257211541607 0.132813 0.0283203 0.943848
1532257211586489 0.193359 -0.0571289 0.990234
1532257211601464 0.271484 0.00683594 1.03125
1532257211639346 0.331543 0.101563 1.13477
1532257211721144 0.370117 0.0498047 1.29883
1532257211780967 0.326172 -0.0483398 1.32227
1532257211802925 0.28125 -0.0532227 1.30518
1532257211863753 0.148926 -0.0996094 1.21387
1532257211886684 0.11377 -0.103027 1.19189
1532257211929570 -0.00976563 -0.0610352 1.13135
1532257211938546 -0.065918 -0.0136719 1.11572
1532257211961485 -0.081543 0.0239258 1.09766
1532257212021325 -0.172363 0.103516 0.986816
1532257212110087 -0.269043 0.15332 0.845703
1532257212157959 -0.287109 0.214355 0.819824
1532257212201854 -0.35498 0.30127 0.677246
1532257212223783 -0.324219 0.314941 0.64502
1532257212261682 -0.34375 0.308594 0.589355
1532257212291602 -0.344238 0.351563 0.572754
1532257212321522 -0.354492 0.396973 0.5625
1532257212343463 -0.380371 0.353516 0.553223
1532257212365404 -0.366699 0.334961 0.572754
1532257212425245 -0.342285 0.441406 0.536621
1532257212441202 -0.324707 0.412109 0.561035
1532257212523994 -0.358887 0.635254 0.710938
1532257212561890 -0.433105 0.660645 0.808594
1532257212611746 -0.437988 0.649902 0.83252
1532257212630695 -0.401367 0.621582 0.805664
1532257212657623 -0.380859 0.588867 0.759277
1532257212709484 -0.302246 0.38623 0.594727
1532257212724444 -0.266113 0.312988 0.563477
1532257212749378 -0.231445 0.282227 0.54541
1532257212794258 -0.208496 0.184082 0.506836
1532257212884018 -0.179199 0.107422 0.675781
1532257212920919 -0.0820313 0.137695 0.84375
1532257212974775 -0.100586 0.288086 0.914551
1532257213026637 0.0664063 0.0844727 1.21289
1532257213040599 0.112793 0.183105 1.27686
1532257213347777 0.419922 -0.15332 0.844727
1532257213646977 0.382813 -0.174805 1.34814
1532257213663933 0.341797 -0.181152 1.33398
1532257213707815 0.217773 -0.0917969 1.28467
1532257213746711 0.135742 -0.180664 1.24707
1532257213783612 0.0361328 -0.0576172 1.17139
1532257213956151 -0.065918 0.113281 0.830078
1532257214069846 -0.146973 0.227539 0.5625
1532257214242385 -0.183105 0.542969 0.869629
1532257214488727 -0.0449219 0.426758 0.579102
1532257214525628 -0.158203 0.411133 0.521484
1532257214676225 -0.164551 0.541992 0.661621
1532257214809868 0.187988 0.624023 0.993652
1532257214938524 0.413574 0.549805 0.930176
1532257214991387 0.11377 0.578613 0.708008
1532257215029281 -0.0483398 0.458008 0.606445
1532257215089121 -0.22998 0.433594 0.620605
1532257215111069 -0.285156 0.535645 0.662109
1532257215134001 -0.32373 0.728516 0.636719
1532257215155942 -0.306641 0.790527 0.664551
1532257215237724 -0.21582 0.724609 0.808594
1532257215268648 -0.290039 0.703125 0.841309
1532257215328481 -0.398438 0.654785 0.770508
1532257215372363 -0.471191 0.696777 0.681641
1532257215434200 -0.401855 0.601563 0.573242
1532257215501020 -0.463379 0.613281 0.541504
1532257215558865 -0.433594 0.759766 0.39502
1532257215596763 -0.375977 0.581543 0.381348
1532257215665579 -0.407715 0.586426 0.33252
1532257215697497 -0.423828 0.609375 0.31543
1532257215781272 -0.404785 0.496094 0.282227
1532257215802226 -0.354004 0.47168 0.307617
1532257215859062 -0.373535 0.437988 0.317871
1532257215874022 -0.338379 0.501465 0.401855
1532257215905937 -0.351074 0.52832 0.459961
1532257215941841 -0.307129 0.665039 0.556641
1532257215964784 -0.258301 0.762207 0.674316
1532257215987718 -0.234375 0.746094 0.765625
1532257216219099 0.0390625 0.630859 0.915527
1532257216265974 0.119629 0.510742 0.873535
1532257216467435 -0.437988 0.431152 0.595703
1532257216582128 -0.646484 0.416992 0.628418
1532257216596092 -0.683594 0.487305 0.607422
1532257216646955 -0.690918 0.504395 0.68457
1532257216676875 -0.524414 0.514648 0.680664
1532257216698817 -0.498535 0.488281 0.69873
1532257216736715 -0.452148 0.464844 0.72168
1532257216759654 -0.42041 0.458496 0.75
1532257216796555 -0.477539 0.425781 0.817383
1532257216844427 -0.440918 0.499512 0.850586
1532257216867367 -0.42041 0.475586 0.869141
1532257216904268 -0.42334 0.506836 0.889648
1532257216917233 -0.437012 0.508789 0.893555
1532257216939174 -0.437012 0.468262 0.880859
1532257216977072 -0.428223 0.426758 0.858398
1532257217016966 -0.432617 0.392578 0.829102
1532257217039905 -0.412109 0.399414 0.793945
1532257217098747 -0.402344 0.387207 0.779785
1532257217156592 -0.410156 0.408203 0.739746
1532257217201483 -0.388184 0.428711 0.755859
1532257217301206 -0.333008 0.501953 0.743652
1532257217317163 -0.34082 0.483887 0.726074
1532257217337110 -0.36377 0.472656 0.733887
1532257217444822 -0.279297 0.550293 0.825195
1532257217479728 -0.184082 0.601074 0.874512
1532257217497680 -0.0957031 0.546387 0.922852
1532257217539568 -0.0219727 0.323242 0.918945
1532257217557521 0.034668 0.382813 0.931152
1532257217599408 0.299805 0.225586 1.02002
1532257217660246 0.317871 0.395996 0.995605
1532257217697147 0.277832 0.214844 0.964355
1532257217720086 0.276855 0.176758 0.963867
1532257217744021 0.248535 0.187012 0.958984
1532257217779926 0.231934 0.258301 0.950195
1532257217818822 0.211914 0.297852 0.950684
1532257217839766 0.207031 0.282227 0.925781
1532257217992357 0.34082 0.23877 0.936523

1532257218119034 0.561035 0.526367 1.24854
1532257218163898 -0.148926 0.495605 1.15479
1532257218380320 0.282715 0.291992 0.888672
1532257218538896 0.263184 0.301758 0.90918
1532257218598735 0.27832 0.285645 0.912109
1532257218619680 0.28125 0.274902 0.90625
1532257218681514 0.289551 0.308594 0.894531
1532257218756314 0.271484 0.285156 0.901855
1532257218818165 0.269043 0.304199 0.915039
1532257218921871 0.251465 0.401855 0.797852
1532257218989690 0.285156 0.333984 0.824707
1532257219041552 0.329102 0.302246 0.841797
1532257219108373 0.48584 0.307617 0.778809
1532257219199131 0.50293 0.236816 0.749023
1532257219249994 0.390137 0.205566 0.937988
1532257219280911 0.0888672 0.00244141 0.848145
1532257219302854 0.137695 0.120605 0.989258
1532257219362693 -0.125977 0.23584 1.05225
1532257219378650 -0.0839844 0.25 1.06982
1532257219422533 -0.0737305 0.399414 1.14209
1532257219438490 -0.0629883 0.430176 1.16602
1532257219461429 -0.0229492 0.39209 1.16699
1532257219482373 0.00390625 0.334473 1.15967
1532257219498331 0.0131836 0.263672 1.14209
1532257219527253 -0.0170898 0.223145 1.13818
1532257219542213 -0.00585938 0.186035 1.12256
1532257219581109 0.174805 0.118652 1.16113
1532257219610031 0.206055 0.0932617 1.15674
1532257219627984 0.202148 0.116699 1.16602
1532257219646933 0.22998 0.113281 1.17725
1532257219677850 0.240234 0.0898438 1.1958
1532257219701787 0.203613 0.11377 1.20361
1532257219723740 0.159668 0.136719 1.19189
1532257219744672 0.140137 0.125 1.15771
1532257219783568 0.0390625 0.135742 1.11621
1532257219821466 -0.0244141 0.159668 1.03955
1532257219865349 -0.0649414 0.211426 0.998535
1532257219925189 -0.143555 0.338379 0.9375
1532257220044869 -0.223145 0.463867 0.762695
1532257220083771 -0.202148 0.387207 0.714844
1532257220121664 -0.248047 0.529297 0.646484
1532257220143620 -0.243652 0.481934 0.644043
1532257220203445 -0.275879 0.486816 0.532227
1532257220264282 -0.29541 0.432617 0.534668
1532257220316143 -0.32959 0.5625 0.564941
1532257220332101 -0.355957 0.580566 0.594238
1532257220354042 -0.359863 0.520508 0.575684
1532257220405903 -0.340332 0.516113 0.612793
1532257220427845 -0.327637 0.649414 0.67334
1532257220466741 -0.419922 0.786133 0.803223
1532257220480703 -0.432129 0.757813 0.85498
1532257220524586 -0.381836 0.619141 0.826172
1532257220563482 -0.398926 0.620117 0.700195
1532257220600383 -0.326172 0.402344 0.652832
1532257220655236 -0.342285 0.401367 0.60791
1532257220684159 -0.31543 0.364258 0.53418
1532257220736034 -0.225098 0.314453 0.489746
1532257220758959 -0.213867 0.280273 0.453125
1532257220803840 -0.213379 0.204102 0.543457
1532257220826778 -0.166016 0.264648 0.636719
1532257220864699 -0.110352 0.178223 0.925781
1532257221027264 0.334961 0.182617 1.30957
1532257221104059 0.541992 0.0668945 1.22119
1532257221163900 0.460938 -0.29834 1.33984
1532257221327462 0.521484 -0.0810547 1.08008
1532257221366357 0.522461 -0.0146484 1.14697
1532257221387302 0.53125 0.00341797 1.1792
1532257221561835 0.126953 0.027832 1.05664
1532257221613710 0.015625 0.0532227 0.951172
1532257221666555 -0.0273438 0.142578 0.849609
1532257221770278 -0.104492 0.391602 0.74707
1532257221840091 -0.0620117 0.266602 0.704102
1532257221899932 -0.122559 0.492676 0.856934
1532257221981712 -0.00732422 0.533691 0.943848
1532257222132310 -0.249023 0.471191 0.558105
1532257222168242 -0.21582 0.512695 0.624512
1532257222212096 -0.147461 0.583984 0.648926
1532257222271936 -0.0883789 0.618652 0.853027
1532257222316816 0.152832 0.737793 0.913086
1532257222376656 0.319824 0.776855 0.930664
1532257222399595 0.243652 0.777344 0.87207
1532257222475410 -0.0170898 0.705566 0.633789
1532257222496336 -0.0649414 0.618164 0.553223
1532257222534234 -0.0908203 0.594238 0.508789
1532257222579115 -0.133301 0.614746 0.588379
1532257222594074 -0.101074 0.608887 0.602539
1532257222638954 -0.103516 0.544922 0.555664
1532257222653915 -0.142578 0.586914 0.531738
1532257222713755 -0.015625 0.55127 0.538574
1532257222751653 0.211426 0.796387 0.589844
1532257222796533 0.547363 0.838867 0.800781
1532257222834431 0.539063 0.887695 0.898438
1532257223013952 -0.13623 0.586914 0.544922
1532257223096730 -0.209473 0.563477 0.519531
1532257223134647 -0.32373 0.575195 0.546387
1532257223176517 -0.352539 0.581543 0.523926
1532257223314165 0.504883 0.769531 0.677246
1532257223636287 -0.229004 0.59668 0.722168
1532257223674187 -0.30957 0.647461 0.666504
1532257223811819 -0.36377 0.672852 0.667969
1532257223876645 -0.386719 0.575195 0.586426
1532257223894598 -0.437012 0.572266 0.544922
1532257223914544 -0.475098 0.584961 0.55127
1532257224043200 -0.526855 0.757813 0.418457
1532257224080100 -0.484863 0.52002 0.481934
1532257224247653 -0.310547 0.442383 0.37207
1532257224323450 -0.369141 0.436523 0.47168
1532257224375312 -0.224121 0.632813 0.724609
1532257224425185 -0.0732422 0.589355 0.90625
1532257224477039 0.67334 0.867676 1.76465
1532257224675509 0.200195 0.500488 1.09424
1532257224861013 -0.355469 0.381348 0.931641
1532257224914869 -0.432617 0.333008 0.747559
1532257225077434 -0.65332 0.499512 0.553711
1532257225146250 -0.597656 0.452148 0.572266
1532257225197114 -0.562988 0.532715 0.676758
1532257225214069 -0.460449 0.49707 0.687988
1532257225236010 -0.443848 0.481934 0.694336
1532257225272917 -0.386719 0.566406 0.771973
1532257225324772 -0.41748 0.503418 0.817871
1532257225357684 -0.411621 0.541504 0.804199
1532257225378628 -0.478516 0.528809 0.818848
1532257225407551 -0.472656 0.498535 0.802246
1532257225431488 -0.422363 0.472656 0.788574
1532257225454426 -0.457031 0.486816 0.776367
1532257225484346 -0.466797 0.443359 0.744629
1532257225499307 -0.452148 0.42627 0.727051
1532257225513269 -0.476074 0.479004 0.71582
1532257225559146 -0.484375 0.462402 0.724121
1532257225573109 -0.487793 0.439941 0.719238
1532257225618997 -0.493164 0.470703 0.72998
1532257225632964 -0.47998 0.508789 0.717773
1532257225669850 -0.480957 0.487305 0.728516
1532257225693786 -0.464844 0.449707 0.731445
1532257225715727 -0.467285 0.451172 0.713867
1532257225738666 -0.455078 0.453613 0.68457
1532257225753626 -0.435547 0.445801 0.675293
1532257225776564 -0.408203 0.435059 0.673828
1532257225804490 -0.405762 0.450195 0.633301
1532257225819449 -0.439453 0.529785 0.583984
1532257225859353 -0.474609 0.610352 0.599121
1532257225910207 -0.427734 0.474121 0.689941
1532257225925168 -0.457031 0.439453 0.729004
1532257225940127 -0.473145 0.433105 0.700195
1532257225979023 -0.173828 0.643066 0.794922
1532257226023908 -0.146484 0.724121 0.763672
1532257226045844 -0.109375 0.595215 0.736816
1532257226070777 0.0795898 0.240234 0.844238
1532257226098703 0.320313 -0.0834961 1.0874
1532257226143599 0.243652 0.379395 1.06836
1532257226158543 0.277344 0.444824 1.05518
1532257226219392 0.339355 0.133789 1.05273
1532257226241322 0.33252 0.139648 1.02148
1532257226279220 0.348145 0.21875 0.883301
1532257226324101 0.330078 0.25293 0.870605
1532257226361002 0.306641 0.240234 0.943848
1532257226375962 0.362305 0.200684 0.965332
1532257226398900 0.291016 0.19873 0.90918
1532257226421838 0.249023 0.333008 0.778809
1532257226466724 0.489746 0.384766 1.03955
1532257226502623 -0.000488281 0.358398 0.682129

1532257226541519 0.709961 0.353027 1.38477
1532257226578420 -0.0766602 0.423828 1.00781
1532257226601362 0.358398 0.300293 0.989258
1532257226765918 0.271973 0.272949 0.888672
1532257227021251 0.282715 0.310059 0.899902
1532257227090055 0.262695 0.273926 0.929199
1532257227335716 0.280762 0.43457 0.856934
1532257227364639 0.463379 0.242676 0.772461
1532257227524213 0.370605 0.18457 0.852051
1532257227584053 0.0981445 0.0449219 0.897461
1532257227628932 0 0.0532227 0.876465
1532257227650874 -0.0151367 0.0341797 0.876465
1532257227724676 0.104004 0.3125 0.924805
1532257227784516 0.270508 0.228516 1.04443
1532257227823412 0.399902 0.0927734 1.03906
1532257227860314 0.441895 0.168945 1.05908
1532257227944089 0.435059 0.207031 1.15674
1532257227965034 0.369629 0.399414 1.01904
1532257228048810 0.500488 -0.164551 1.03711
1532257228108659 0.459473 0.158203 1.06201
1532257228123610 0.500488 0.116211 1.09912
1532257228183449 0.437012 -0.034668 1.15479
1532257228244287 0.195313 -0.078125 1.21338
1532257228326068 -0.0800781 -0.0688477 1.10791
1532257228385925 -0.244629 0.0947266 0.980469
1532257228523540 -0.345703 0.211426 0.688965
1532257228544483 -0.35498 0.217773 0.658691
1532257228744948 -0.281738 0.371582 0.57959
1532257228770878 -0.174316 0.55957 0.562988
1532257228887567 -0.443848 0.467285 0.70459
1532257228947407 -0.369629 0.318848 0.599609
1532257229025199 -0.278809 0.303223 0.484863
1532257229136900 -0.257813 0.228027 0.564453
1532257229553785 0.375977 -0.0415039 0.894043
1532257229711364 0.524414 0.0219727 1.16748
1532257229861960 0.200195 -0.00292969 1.09619
1532257229871934 0.171387 0.0234375 1.02637
1532257229913823 0.129883 -0.0361328 0.98877
1532257229974660 0.0136719 0.150879 0.800293
1532257229990617 0.0166016 0.188965 0.8125
1532257230052452 0.0375977 0.239258 0.796875
1532257230104313 0.110352 0.32959 0.837891
1532257230157172 0.224121 0.44043 0.990723
1532257230185098 0.291992 0.415527 1.02686
1532257230251919 0.0952148 0.482422 0.809082
1532257230336691 -0.245605 0.483398 0.521973
1532257230352649 -0.240723 0.47168 0.51123
1532257230394537 -0.240234 0.475098 0.606934
1532257230419472 -0.255371 0.557617 0.631348
1532257230480307 -0.258789 0.629883 0.617676
1532257230486292 -0.213867 0.624512 0.59375
1532257230522196 -0.0395508 0.624023 0.63623
1532257230552116 0.0258789 0.67627 0.620605
1532257230574057 0.11084 0.655762 0.641602
1532257230611962 0.355469 0.783691 0.791016
1532257230672793 0.373535 0.834961 0.750977
1532257230726662 0.163086 0.848633 0.648926
1532257230761555 0.0390625 0.709473 0.499512
1532257230821408 -0.0849609 0.620117 0.498535
1532257230874254 -0.163086 0.631348 0.473145
1532257230924120 -0.173828 0.691406 0.515625
1532257230974988 -0.19873 0.696777 0.503418
1532257230980969 -0.154297 0.644531 0.496094
1532257231011886 -0.00585938 0.657715 0.554688
1532257231051779 0.0698242 0.8125 0.649414
1532257231079705 0.248047 0.880859 0.742676
1532257231114611 0.404785 0.779785 0.820801
1532257231153507 0.492676 0.944824 0.822754
1532257231213347 0.3125 0.853516 0.62207
1532257231235288 0.216309 0.779785 0.569824
1532257231274185 0.0834961 0.619629 0.525391
1532257231296125 -0.0253906 0.742676 0.525391
1532257231334025 -0.0810547 0.709961 0.512207
1532257231370926 -0.155273 0.637207 0.497559
1532257231415806 -0.212891 0.558105 0.513672
1532257231453707 -0.183594 0.535645 0.522949
1532257231474648 -0.107422 0.555176 0.527832
1532257231513545 0.00927734 0.66748 0.554199
1532257231542468 0.112305 0.8125 0.593262
1532257231573385 0.414551 0.669922 0.663574
1532257231694062 0.496582 0.946777 0.832031
1532257231715005 0.336914 0.904785 0.830566
1532257231781827 -0.0253906 0.810059 0.744141
1532257231850655 -0.293945 0.725098 0.620117
1532257231891533 -0.347168 0.685547 0.612793
1532257231994260 -0.399902 0.687012 0.442383
1532257232070057 -0.401367 0.500977 0.319336
1532257232138873 -0.387207 0.710938 0.299316
1532257232256558 -0.50293 0.602051 0.283203
1532257232339336 -0.493652 0.541016 0.214355
1532257232405160 -0.303711 0.369141 0.192383
1532257232533817 -0.219727 0.720215 0.748047
1532257232563736 -0.184082 0.74707 0.836426
1532257232616595 0.0712891 0.672363 1.1875
1532257232637539 0.926758 1.4292 1.18311
1532257232683416 -0.697754 0.785156 0.918945
1532257232742258 -0.0507813 0.603516 1.15234
1532257232855955 0.14209 0.557129 0.893066
1532257232955688 -0.315918 0.507324 0.709961
1532257233065395 -0.694824 0.416504 0.563965
1532257233096311 -0.736816 0.532715 0.529785
1532257233126249 -0.739258 0.543945 0.506836
1532257233164131 -0.796875 0.629883 0.435059
1532257233186072 -0.784668 0.588867 0.416016
1532257233238931 -0.698242 0.584473 0.489746
1532257233259875 -0.607422 0.61084 0.498535
1532257233298771 -0.625488 0.52002 0.545898
1532257233358611 -0.518066 0.506836 0.57373
1532257233396510 -0.469238 0.493652 0.591309
1532257233456349 -0.354492 0.46875 0.666016
1532257233486270 -0.450684 0.555176 0.722656
1532257233539128 -0.393066 0.474609 0.835449
1532257233560072 -0.391113 0.469238 0.827637
1532257233598968 -0.383789 0.476563 0.883789
1532257233619912 -0.404785 0.467285 0.912109
1532257233658825 -0.399902 0.425293 0.914063
1532257233682744 -0.373535 0.416504 0.94043
1532257233711667 -0.378418 0.410156 0.928223
1532257233741587 -0.382324 0.40918 0.927734
1532257233772504 -0.36084 0.412109 0.88623
1532257233786466 -0.368164 0.381348 0.87793
1532257233801443 -0.368164 0.384766 0.870605
1532257233816386 -0.36377 0.402832 0.857422
1532257233839326 -0.360352 0.412598 0.849609
1532257233861267 -0.365723 0.396484 0.843262
1532257233899165 -0.379395 0.394043 0.808105
1532257233936067 -0.353516 0.436035 0.800293
1532257233959005 -0.368652 0.417969 0.788574
1532257234003896 -0.400391 0.461426 0.74707
1532257234026823 -0.394043 0.458496 0.738281
1532257234040802 -0.381836 0.419434 0.72168
1532257234062728 -0.371582 0.435547 0.724121
1532257234108619 -0.37207 0.538574 0.668945
1532257234161463 -0.277344 0.54248 0.681641
1532257234182407 -0.235352 0.519043 0.747559
1532257234304083 -0.12207 0.558105 0.97168
1532257234348963 0 0.361816 0.851074
1532257234362925 0.209473 0.191406 1.00537
1532257234378882 0.263184 0.153809 1.00977
1532257234422765 0.165039 0.109863 1.00635
1532257234482605 0.248047 0.271484 1.04199
1532257234537459 0.195313 0.236816 1.02686
1532257234581341 0.318359 0.277832 0.903809
1532257234762856 0.354004 0.582031 0.820313

1532257234904477 0.180664 0.439941 1.06543
1532257235031138 0.312012 0.304199 0.885254
1532257235045101 0.328613 0.315918 0.850098
1532257235203689 0.295898 0.319336 0.894043
1532257235324371 0.338379 0.318359 0.879883
1532257235524823 0.328613 0.334473 0.915039
1532257235623554 0.383301 0.370117 0.70166
1532257235684391 0.366699 0.40918 0.773438
1532257235737250 0.530762 0.396484 0.617676
1532257235781147 0.605957 0.200195 0.560547
1532257235831997 0.595215 0.129395 0.814941
1532257235899815 0.0761719 0.0727539 0.893555
1532257235907803 0.0708008 0.14209 1.00977
1532257236011516 -0.00976563 0.266113 0.964844
1532257236034455 0.0341797 0.302246 0.923828
1532257236169095 0.492188 0.0537109 1.05225
1532257236371553 0.470703 0.115234 1.17725
1532257236469293 0.428223 0.0302734 1.16797
1532257236516167 0.333008 -0.0268555 1.1958
1532257236545090 0.255859 -0.0473633 1.18555
1532257236568045 0.130859 -0.09375 1.15527
1532257236611922 -0.0678711 -0.00244141 1.06055
1532257236648813 -0.173828 0.097168 0.96875
1532257236810381 -0.341309 0.244629 0.728516
1532257236822349 -0.368164 0.239258 0.694336
1532257236851271 -0.385254 0.262695 0.604004
1532257236869223 -0.356445 0.292969 0.591309
1532257236891164 -0.338867 0.253418 0.581055
1532257236912108 -0.364258 0.250488 0.522949
1532257236934050 -0.391602 0.395508 0.53125
1532257236949009 -0.387207 0.42627 0.532227
1532257236971948 -0.325684 0.403809 0.564453
1532257237008849 -0.415527 0.38916 0.552246
1532257237035778 -0.425293 0.42334 0.580078
1532257237057719 -0.433105 0.453125 0.583984
1532257237076669 -0.444824 0.492188 0.612793
1532257237099607 -0.436035 0.476074 0.667969
1532257237117559 -0.466309 0.504883 0.671875
1532257237151474 -0.51709 0.692383 0.694336
1532257237171415 -0.535645 0.658203 0.727051
1532257237189367 -0.554199 0.552734 0.743164
1532257237213318 -0.564453 0.538574 0.724609
1532257237243223 -0.54834 0.583008 0.688477
1532257237289100 -0.48877 0.523926 0.626953
1532257237328993 -0.423828 0.403809 0.61084
1532257237424737 -0.338379 0.343262 0.510254
1532257237459644 -0.21875 0.18457 0.422852
1532257237490562 -0.131836 0.110352 0.388184
1532257237528460 -0.108398 0.0483398 0.421387
1532257237571345 -0.164551 0.187988 0.83252
1532257237612236 -0.0737305 0.244141 1.13867
1532257237650151 0.0791016 0.229004 1.31592
1532257237678060 0.195801 0.256348 1.40967
1532257237692030 0.258301 0.185547 1.50049
1532257237751863 0.402832 0.157715 1.46826
1532257237792754 0.387695 0.0327148 1.27295
1532257237819681 0.435059 0.0375977 1.22461
1532257237856583 0.458008 -0.119629 1.26465
1532257237919415 0.272461 0.00878906 0.944824
1532257237972273 0.443359 -0.0200195 0.89502
1532257237992220 0.487305 -0.0742188 0.90332
1532257238112897 0.414063 0.0678711 1.10449
1532257238128855 0.405273 0.0209961 1.12402
1532257238179719 0.394531 -0.0766602 1.11377
1532257238232577 0.253418 0.106445 1.1333
1532257238369212 0.0541992 0.205078 1.02832
1532257238473939 0.0537109 0.266602 1.03223
1532257238554716 0.275879 0.273438 0.87793
1532257238676390 -0.230469 0.266113 0.434082
1532257238714289 -0.254395 0.400879 0.440918
1532257238744208 -0.276855 0.461914 0.539551
1532257238834966 -0.274414 0.556641 0.652832
1532257238893809 -0.280273 0.756348 0.629395
1532257238914753 -0.0268555 0.725586 0.730957
1532257238931708 0.160645 0.667969 0.871094
1532257238953649 0.320313 0.741699 0.938965
1532257238974593 0.457031 0.823242 0.963379
1532257239034433 0.292969 0.841309 0.804199
1532257239089287 0.143555 0.675781 0.71582
1532257239134166 -0.165527 0.61084 0.547852
1532257239215947 -0.233398 0.504395 0.56543
1532257239238886 -0.256836 0.532227 0.604492
1532257239327648 -0.270996 0.523438 0.553711
1532257239359563 -0.212891 0.609863 0.564453
1532257239381505 -0.00976563 0.604004 0.613281
1532257239394470 0.152832 0.658691 0.702148
1532257239455307 0.379395 0.888184 0.744141
1532257239494204 0.444824 0.816895 0.866211
1532257239515147 0.35498 0.833008 0.808105
1532257239531106 0.245605 0.88916 0.768066
1532257239613883 -0.0112305 0.816895 0.761719
1532257239636823 -0.0844727 0.834473 0.750977
1532257239816342 -0.35791 0.609375 0.723633
1532257239885169 -0.358887 0.584473 0.703613
1532257239951982 -0.466797 0.700684 0.40918
1532257240273131 -0.399414 0.64502 0.43457
1532257240324982 -0.322754 0.620117 0.524414
1532257240416736 -0.120117 0.561035 0.647949
1532257240476576 -1.16016 0.890137 0.785645
1532257240536417 -0.385742 0.802246 0.916992
1532257240558358 -0.0195313 0.663086 0.842773
1532257240596256 0.0322266 0.755859 0.856934
1532257240702971 0.183594 0.586426 0.780762
1532257240724913 0.130371 0.525879 0.758301
1532257240768795 -0.203613 0.439941 0.600586
1532257240819659 -0.554688 0.384766 0.481445
1532257240940336 -0.883301 0.617188 0.429199
1532257240956294 -0.852051 0.5 0.472656
1532257241024113 -0.76416 0.581543 0.577148
1532257241119856 -0.416016 0.477539 0.753906
1532257241136811 -0.359375 0.451172 0.803223
1532257241195654 -0.300293 0.411133 0.912109
1532257241278432 -0.299805 0.373535 0.97998
1532257241300374 -0.300781 0.341309 0.991211
1532257241360213 -0.336426 0.379883 0.93457
1532257241376171 -0.305664 0.364258 0.942383
1532257241518790 -0.293945 0.402344 0.852539
1532257241615532 -0.263672 0.390625 0.805176
1532257241638470 -0.262695 0.375 0.795898
1532257241699307 -0.269043 0.374023 0.762207
1532257241742193 -0.234863 0.408203 0.733887
1532257241862870 -0.197754 0.478027 0.938477
1532257241901766 -0.124023 0.603516 0.883301
1532257241922710 -0.0952148 0.606445 0.969727
1532257241961606 -0.081543 0.523926 1.00244
1532257241983547 -0.0571289 0.395996 0.982422
1532257242029424 0.110352 0.214844 1.03076
1532257242073307 0.134277 0.352051 1.03662
1532257242141126 0.206055 0.275391 0.974609
1532257242162069 0.231934 0.185059 0.910645
1532257242178040 0.283203 0.153809 0.92334
1532257242261803 0.319824 0.310059 0.784668
1532257242327626 0.336426 0.166016 0.777344
1532257242349567 0.324219 0.203125 0.866211
1532257242418395 0.312012 0.422363 0.959473
1532257242454288 0.0366211 0.508301 0.967285
