1532264853557970 7.8125 33.75 -7.875
1532264853580908 -1.875 35.0625 -9.5625
1532264853620801 -20.375 39 -13.0625
1532264853708567 -19.75 15.25 -6.4375
1532264853798327 17.5625 -12.0625 -9.625
1532264853932967 -27.625 -1.4375 -21.875
1532264853964881 -46.4375 13.75 -22.3125
1532264853977847 -54.6875 86.3125 -1.6875
1532264854007767 -135.063 232.813 34.3125
1532264854022727 -176.688 273.688 53.8125
1532264854037687 -211 302.75 63.0625
1532264854060626 -228.313 319.063 67.375
1532264854098524 -226.188 329.063 74.5
1532264854143404 -224.75 331.5 83.375
1532264854188284 -235.75 307.25 79.625
1532264854210226 -242.125 291.313 75.625
1532264854233165 -214.313 259.625 69
1532264854248125 -202.438 205 69.8125
1532264854263085 -189.188 184.063 81.125
1532264854322925 -111.188 133.313 66.3125
1532264854345863 -76.25 108.563 55.75
1532264854390743 -73.8125 78.8125 33
1532264854405703 -67.3125 71.5 20.375
1532264854450583 -41.625 50.75 -9.125
1532264854465543 -26.5 42.1875 -20.8125
1532264854495463 -24.1875 31 -28.625
1532264854540350 -41.5625 5.5 -13.8125
1532264854570263 -25.3125 -12.5625 -5.125
1532264854608162 -24.25 -17.5625 -3.125
1532264854631099 -13 -17.25 -2.625
1532264854653041 -10.6875 -20.1875 -3.9375
1532264854675981 -13.6875 -26.125 -6.125
1532264854727842 -8.0625 -21.125 -10.375
1532264854840540 -20 -8.375 -33.75
1532264854878439 -43.1875 -3.625 -6.5625
1532264854893399 -33.6875 4.9375 3.5625
1532264854908358 -21.5 15.0625 10
1532264854945260 9.8125 21.5625 31.25
1532264854968198 1.1875 15.75 34.375
1532264855013079 -0.5625 1.5 31.6875
1532264855036017 18.125 -21.375 24.0625
1532264855087879 31 -121.25 -2.9375
1532264855147719 47.9375 -206.625 -79.5
1532264855253436 93.5 -290.313 -185.063
1532264855313276 223.875 -404.563 -241.313
1532264855343196 255.5 -404.438 -205.625
1532264855373116 241.688 -384.563 -169.188
1532264855396055 200.5 -381.313 -129
1532264855590549 40.4375 -204.5 -53.9375
1532264855673342 15.625 3.9375 13.25
1532264855763080 -6.6875 3.4375 15.625
1532264855786019 -12.125 5 9.75
1532264855875779 13.6875 37.125 5.125
1532264855905698 24.1875 73.9375 -5.75
1532264855928638 33.1875 107.125 -5.25
1532264855950579 62.0625 144 -31.625
1532264856010419 32.625 183.125 -100
1532264856063277 -30.375 168.625 -119.688
1532264856116135 -34.6875 158.438 -121.188
1532264856161016 -33.75 123.438 -119.125
1532264856182958 -33.875 115.75 -111.063
1532264856205896 -36.8125 111.063 -104.938
1532264856227837 -33.75 104.063 -104.5
1532264856265736 -25.1875 96.8125 -96.5
1532264856280696 -14.875 84.6875 -81.9375
1532264856295656 -9.875 65.75 -73.5
1532264856355496 1.9375 39.8125 -61.6875
1532264856386444 1.6875 28.6875 -57.375
1532264856460246 25.6875 -17.3125 -18.375
1532264856521083 23.5 -26.6875 -10.375
1532264856580924 28.9375 -41.9375 0.125
1532264856617825 21.1875 -32.75 1.9375
1532264856677665 8.6875 3.9375 -7.875
1532264856768422 8.625 36.4375 -16.125
1532264856835243 4.0625 50.3125 -21.375
1532264856881121 5.0625 51.0625 -33.75
1532264856903062 10.25 61.6875 -30.625
1532264856962902 -174.188 -210.375 99.25
1532264857000801 107.938 -11 -9.5625
1532264857015761 19.875 -42.9375 -12.75
1532264857037702 42.875 -11.875 3
1532264857075601 21.4375 -2.9375 -9.625
1532264857098539 3.6875 -3.5 -3.3125
1532264857150401 12.625 5.8125 -7.25
1532264857233179 -23.625 2.5625 -0.125
1532264857293019 -21.375 6.875 5.0625
1532264857367819 -107.375 82.375 80.9375
1532264857427659 -106.625 139.25 120.125
1532264857480518 -67.9375 164.5 122.688
1532264857585238 -67.25 134.938 151.438
1532264857705915 0.3125 1.75 59.3125
1532264857817616 12.4375 -30.6875 -4
1532264857900395 -7.1875 9.4375 -3.3125
1532264857930315 -21.25 15.875 -8.5625
1532264857968214 -46.3125 54.5 -11.375
1532264857991166 -77.8125 85.8125 -4.5625
1532264858006112 -78.375 112.938 -5.8125
1532264858028054 -102.375 190.938 -37.6875
1532264858095872 -164.375 186.75 7.4375
1532264858132774 -106.5 147.25 55.3125
1532264858155712 -51.0625 47.4375 35.4375
1532264858177654 -39.5625 -10.5625 42.8125
1532264858193611 -61.0625 -11.6875 40.25
1532264858223531 -107.875 -20.8125 49.25
1532264858260432 -92.8125 -20.625 23.25
1532264858290352 -11.125 -0.25 -13.5625
1532264858320272 -84.3125 2.4375 -10.5
1532264858343211 -64.6875 -0.1875 -16.625
1532264858365152 -35.375 -3.125 -15.875
1532264858396070 -40.0625 -6.6875 -23.3125
1532264858418011 -47.75 -3.375 -20.375
1532264858440950 -46.375 3.6875 -22.9375
1532264858455910 -48.9375 11.9375 -29.875
1532264858477851 -61.125 18.25 -34.375
1532264858500790 -69.8125 27.4375 -37
1532264858515750 -60.5625 35.1875 -37
1532264858537692 -51.8125 39.6875 -39.9375
1532264858583568 -61.875 34.3125 -48.4375
1532264858613488 -54.1875 25.5 -41.125
1532264858644405 -38.9375 5.0625 -60.75
1532264858665350 -23.375 -2.625 -57.5625
1532264858680309 0.125 -14.25 -48.4375
1532264858703248 20.75 -30.25 -49
1532264858733167 23.5625 -37 -58.25
1532264858763088 35.6875 -66.9375 -37.0625
1532264858793007 56.9375 -78.0625 -30.875
1532264858815947 61.6875 -77.0625 -34.3125
1532264858837889 58 -71.75 -31.25
1532264858852847 81.8125 -74.25 -25.5
1532264858897728 113.75 -56.3125 -13
1532264858942608 91.625 -47.4375 -31.375
1532264858965547 95.4375 -33.9375 -40.3125
1532264858980507 105.188 -19.6875 -48.625
1532264859018405 65.375 18.5 -101.438
1532264859040347 61.9375 18.8125 -126.063
1532264859115147 13.6875 42.5625 -124.188
1532264859153045 5.25 44.9375 -113.688
1532264859175984 38.9375 38.625 -73.6875
1532264859235848 -3.9375 14.5 28.8125
1532264859257801 -9.375 4.8125 15.5625
1532264859295688 -3.625 -0.5 -17.3125
1532264859340585 -15.5625 1.5625 -5.3125
1532264859400408 8.875 1.625 7.3125
1532264859415368 0.875 3.0625 6.0625
1532264859453266 6.5625 2.125 -5.6875
1532264859475208 14.375 2.5625 -7.4375
1532264859521085 -3.75 2.25 -2.1875
1532264859557986 5.3125 2.625 2.75
1532264859595885 -2.125 1 3.4375
1532264859647755 20.5625 -4.9375 8.0625
1532264859723553 55.625 -38.3125 18.375
1532264859805335 93.8125 -69.0625 38.75
1532264859866186 147 -241.125 33.3125
1532264859911051 145.438 -262.5 31.9375
1532264859962913 115.313 -255 44.0625
1532264860015772 83.3125 -225.188 2.3125
1532264860090580 13.125 -130.063 -18.3125
1532264860128478 17.125 -107.5 -19.3125
1532264860143438 -9.875 -85.8125 -15.375
1532264860188318 29.625 -51.25 -9.3125
1532264860248158 40.4375 -40 -9.75
1532264860301017 -2.375 -12.4375 4.625

1532264860367838 19.6875 -3.3125 7.8125
1532264860427678 3.8125 -7.75 7.3125
1532264860450617 -2.9375 -7.8125 4.9375
1532264860473556 -9.125 -5.8125 -0.125
1532264860480537 -10.1875 -5.3125 -1.9375
1532264860511454 -9.625 -3.875 -4
1532264860555337 -8.875 -3.125 -4.6875
1532264860631134 0 1.4375 -1.875
1532264860653076 0.875 3.0625 -0.875
1532264860705934 5.6875 4.0625 0.5
1532264860765774 9.625 6.1875 3.6875
1532264860825615 17.125 7.8125 1.1875
1532264860908393 5.75 5.1875 -2.1875
1532264860923353 3.3125 3.25 -4
1532264860990174 -0.375 0.4375 -7.0625
1532264860998153 -3.875 -1.25 -9.25
1532264861051011 -17 -5.3125 -9.0625
1532264861080932 -18.8125 -5.4375 -6.6875
1532264861147752 -5.1875 -1.75 0.8125
1532264861215571 2.25 1.25 5.4375
1532264861230531 6.75 3 6.875
1532264861283389 11.5625 6.5 10.625
1532264861365171 20.125 23.6875 -0.3125
1532264861426009 39.8125 26.875 6.9375
1532264861545689 -120.813 221.625 58.5625
1532264861575608 -160.125 293.563 54.25
1532264861590583 -204.813 325.063 58.8125
1532264861643427 -228.75 340.813 68.8125
1532264861680329 -243.75 347.563 75.625
1532264861696286 -253.75 348.375 90
1532264861755128 -233.875 289.813 100.625
1532264861771086 -236.5 270.938 95.375
1532264861815965 -144 187.875 82.1875
1532264861830926 -116 164.563 74.5625
1532264861867827 -101.938 140.875 57.875
1532264861935646 -58.9375 95.625 53.25
1532264861950606 -82.1875 80.8125 40
1532264861973544 -33.3125 56.8125 8.3125
1532264862010446 -42.5 52.3125 1.8125
1532264862025406 -56.3125 39.6875 -3.6875
1532264862070286 -58.5 27.1875 -13.375
1532264862093224 -34.125 8 -25.4375
1532264862161044 -30.0625 -16.75 -1.9375
1532264862197944 -24.0625 -16.875 -1.9375
1532264862310643 -19.3125 -5.25 1.8125
1532264862333582 -8.75 2.1875 -1.4375
1532264862385443 -10.8125 -3 -0.6875
1532264862460243 -17.8125 -22.0625 -8
1532264862506120 -22.4375 -34.0625 -21
1532264862536040 -38.4375 -66.3125 -67.5625
1532264862640760 -2 -184.5 -151.375
1532264862662702 32.0625 -210.375 -169.938
1532264862715561 191.688 -344 -297.563
1532264862730520 227.625 -362.563 -303.25
1532264862753459 226.063 -374.75 -303.625
1532264862775407 263 -387.188 -272.875
1532264862805320 280.625 -320.688 -242.375
1532264862828258 243.563 -260.188 -153.75
1532264862850200 178.938 -242 -62.0625
1532264862866165 104.063 -228.188 -44.5625
1532264862903066 16.0625 -209.563 -90.375
1532264862940971 43.375 -172.688 -75
1532264862962906 120.938 -93.125 -30.125
1532264863000804 72.9375 -66.25 -33.75
1532264863052666 27.875 -41 -22.875
1532264863128463 40 -6.4375 8.375
1532264863173345 -16.9375 0.5625 12.3125
1532264863240165 0 33.5625 4.75
1532264863271081 8 45.1875 -11.8125
1532264863330922 20.8125 89.875 -41.125
1532264863345882 35.0625 116.5 -56.75
1532264863390762 -33.25 159.625 -100.75
1532264863405722 -54.4375 185.875 -116.125
1532264863442623 -44.25 213.438 -113.625
1532264863480522 -37.25 215.188 -118.313
1532264863503460 -41.4375 217.563 -127.938
1532264863525402 -42.8125 201 -135.313
1532264863548340 -37 173.375 -114.375
1532264863570281 -47 150.938 -114.313
1532264863608194 -49.1875 128.063 -106.125
1532264863623140 -46.1875 97.875 -91.25
1532264863646079 -41.5625 66.3125 -79.5
1532264863668020 -35.0625 6.375 -77
1532264863697941 -14.5 -13.875 -75.8125
1532264863735839 1.8125 -29.3125 -69.5
1532264863765759 0.625 -41.4375 -62.25
1532264863787701 -1.5 -52.125 -55.1875
1532264863849535 16.4375 -52.8125 -35.875
1532264863878458 28.125 -49.875 -30.4375
1532264863983178 35.1875 0.4375 -4.25
1532264864021076 26.875 11.75 -5.375
1532264864057978 11.375 80 -25.9375
1532264864066954 15.0625 103.375 -33.3125
1532264864162697 7.875 124.5 -40.6875
1532264864177658 11.125 149.063 -45.4375
1532264864193615 24.8125 178 -42
1532264864253454 -58.75 -10.125 -7.625
1532264864290356 27.625 9.375 -7.625
1532264864320288 -25.5 8.625 7.3125
1532264864366153 11.6875 10.8125 -2.625
1532264864381113 -13.0625 12.9375 5.9375
1532264864418015 -25.9375 15.1875 4.9375
1532264864455913 -27 7.9375 8.375
1532264864485834 -30.375 12.875 15.5625
1532264864515753 -78 40.375 56.9375
1532264864530714 -104 53.4375 86.875
1532264864583572 -117.813 81.5625 110.875
1532264864613492 -106.563 110.188 134
1532264864635433 -84.4375 125.813 153.188
1532264864658372 -72.3125 121.438 162.125
1532264864695273 -62.5 41.125 136.313
1532264864748132 -40.4375 31.4375 117.375
1532264864778068 24.8125 21.4375 101.125
1532264864860847 55.3125 15.8125 78.6875
1532264864973546 -2.25 -9.75 44.8125
1532264865108189 -103.563 108.25 -20.6875
1532264865161045 -127.25 190.063 -38.5
1532264865182985 -107.063 195.563 -25.8125
1532264865212906 -74.1875 201.563 -36.25
1532264865280725 -162.75 218.625 -69.625
1532264865310644 -172.313 131.813 51.625
1532264865333583 -154.063 87.875 61.9375
1532264865355524 -71.75 14.9375 42.5
1532264865385444 -37.125 8.3125 50.25
1532264865423343 -59.5625 -13.375 -15.25
1532264865468223 -95.75 -5.4375 -27.3125
1532264865498144 -73 0.25 -28.3125
1532264865528063 -15.625 8.5 -31.5
1532264865572942 -31.6875 4.6875 -36.125
1532264865595881 -73.125 -6.4375 -36.9375
1532264865677663 -9.875 -23.25 -47.1875
1532264865693620 -3.0625 -32.5625 -65.0625
1532264865730522 -2.375 -81 -70.375
1532264865805322 42.75 -86.5625 -52.375
1532264865881119 100.813 -77 -80.0625
1532264865918020 121.438 -65.8125 -88.1875
1532264865940959 124.125 -31.125 -111.938
1532264865970878 92.25 -6.5625 -99.4375
1532264865992820 74.875 12.9375 -96.625
1532264866030719 81 28.375 -75.125
1532264866052660 76.75 27.875 -56.3125
1532264866083577 57.75 27.3125 -37.3125
1532264866128457 36 16.25 -22.6875
1532264866165359 22.625 11.625 -12.8125
1532264866188297 16.3125 4.625 4
1532264866218218 -0.5625 2.25 7.5625
1532264866271076 -7.0625 1.6875 0.1875
1532264866300995 -1.375 0.1875 -5.25
1532264866345876 -14.25 0.625 -2.625
1532264866405716 -12.5625 2.1875 1.4375
1532264866458575 -3.5625 -5.0625 -4.875
1532264866510436 -0.5 -8.625 3.5
1532264866540356 21.625 -28.875 5.5625
1532264866585236 50.25 -61.25 13.5625
1532264866668015 60.125 -76.75 28.8125
1532264866697940 73.3125 -126.813 51.3125
1532264866712895 89.625 -164.125 53.5
1532264866750793 184.125 -247.313 10.875
1532264866772734 127.25 -239.313 19.875
1532264866818611 84.375 -227.875 6.375
1532264866848531 87.0625 -220.25 -7.75
1532264866855513 56.25 -190.188 2.625
1532264866878451 21.0625 -157.375 5.5
1532264866893412 10.8125 -133.438 3.1875
1532264866945274 86.75 -115.688 -8.625
1532264866975193 90.5625 -117.063 -5.625
1532264867050990 -70.5 41.125 20.8125
1532264867080911 50.1875 28 0.9375
1532264867102852 144.063 -3.6875 10.9375
1532264867140752 127 -22.1875 12.625
1532264867155711 53.1875 -28.1875 7.5625

1532264867201588 -102.5 -8.125 -1.625
1532264867215551 -71.75 -6.4375 -11.3125
1532264867253603 -9.25 -6.4375 -14.5
1532264867298484 -5.625 -6.1875 -7.9375
1532264867320426 -10.9375 -4.75 -2.6875
1532264867365306 9.1875 0.9375 0.75
1532264867395226 18.3125 4.3125 3
1532264867456063 11.75 7.875 5.875
1532264867492964 15.8125 10.75 6.4375
1532264867537844 19.75 11.5 6.9375
1532264867567764 19.0625 10.9375 6.25
1532264867582725 16.9375 9.6875 4.75
1532264867620623 11.1875 7.125 -0.25
1532264867695424 2.6875 2.6875 -5.125
1532264867763242 -18 -2.25 -10.5
1532264867778202 -20.5625 -3.6875 -9.3125
1532264867808122 -17.8125 -3.6875 -7.875
1532264867935780 -8.6875 -1.0625 0.8125
1532264868272879 50.9375 26.1875 54.3125
1532264868310777 -22.75 64.9375 59.5
1532264868385578 -125.375 229 63.1875
1532264868460378 -176.125 305.813 68.4375
1532264868550143 -173.313 297.75 67.375
1532264868588036 -150.375 251.438 51.75
1532264868662836 -87.5625 172.188 43.9375
1532264868692756 -27.5625 129.25 20.875
1532264868730655 -48.1875 108.813 1.0625
1532264868753593 -66.375 92 11.875
1532264868775549 -61.6875 78.125 18
1532264868798474 -49.375 72.6875 2.3125
1532264868813433 -35.625 61.5 -13.0625
1532264868850349 -35.9375 51.6875 -10.8125
1532264868888233 -36.9375 44.0625 -13.625
1532264868918154 -15.25 19.5625 -13.875
1532264868971012 -26.625 -15.1875 5.4375
1532264869030852 -30.75 -24.4375 -4.6875
1532264869045812 -13.5625 -26.375 -12.1875
1532264869060771 -3.0625 -24.9375 -6.9375
1532264869113631 -12.25 -52.0625 -8.375
1532264869158511 -17.6875 -79.5625 -34.5
1532264869195412 -43 -105.438 -51.5625
1532264869227327 -42.25 -155.813 -81.625
1532264869248271 -12.5625 -174.188 -89.5625
1532264869278191 10.3125 -200.125 -99.875
1532264869300132 26.125 -227.188 -115.125
1532264869331049 35.375 -248.5 -111.375
1532264869352991 67.0625 -295.938 -136.75
1532264869397871 93.5625 -318.938 -158.25
1532264869457722 181.188 -347.688 -190.688
1532264869472670 170.688 -363.25 -189.188
1532264869518548 91.625 -372 -111.25
1532264869540490 81.6875 -357.188 -93
1532264869578387 65.125 -220.813 -68.3125
1532264869600329 93.1875 -184.625 -44.1875
1532264869653188 64.125 -91.4375 -58.25
1532264869691086 60.5 -65.1875 -42.875
1532264869750926 13.125 2 -33.1875
1532264869802788 35.8125 25.75 -16.9375
1532264869840686 28.4375 29.4375 -12.4375
1532264869870606 8.9375 26.25 3.5
1532264869908505 7.375 18 15.6875
1532264869953389 -8.8125 15.6875 7.8125
1532264869990286 -10.5 19.8125 6.375
1532264870013225 -14.5 32.0625 1.375
1532264870058113 -26.5625 94.4375 -43.8125
1532264870066084 0.6875 115.438 -40.5
1532264870088025 7.5 126 -48.0625
1532264870110963 21.25 128.25 -89.3125
1532264870140894 11.9375 131.563 -101.75
1532264870162825 -6.75 131.188 -108.813
1532264870200724 -66.8125 119.875 -108.188
1532264870261561 -24.875 120.063 -116.063
1532264870290483 -21.375 119.063 -123.188
1532264870320404 -4.5 120.063 -136.938
1532264870350323 8.5625 114.438 -135.313
1532264870410164 -15.8125 71.3125 -118.5
1532264870426121 -10.1875 54.125 -109.625
1532264870448062 -6.625 39.25 -104.125
1532264870471000 -6 23.75 -94.9375
1532264870485961 -3.375 9.625 -84.0625
1532264870507903 -2.625 0.1875 -77.6875
1532264870554777 3.25 -23.375 -55.8125
1532264870576719 6.0625 -33.8125 -39.5
1532264870597662 7.4375 -38.25 -30.875
1532264870620601 20.625 -39.4375 -27
1532264870635561 31.75 -40.75 -17.9375
1532264870688419 16.375 -30.9375 -0.3125
1532264870710361 13.375 -23.3125 4.6875
1532264870740280 29.5 -1.1875 2.875
1532264870778180 8.75 20.9375 1.0625
1532264870816078 7.75 35.4375 -0.5625
1532264870831038 13.625 52.4375 -7.25
1532264870891876 2.5625 90.5625 -17.125
1532264870927786 2.4375 98.4375 -23.25
1532264870966676 -5.375 110.688 -35.5
1532264871025518 165.313 -55 -52.5625
1532264871040478 -267.063 -190.25 32.375
1532264871063417 80.4375 25.375 -19
1532264871093337 -20.6875 -32.3125 -16.8125
1532264871138217 -9.25 -27.8125 13
1532264871153177 -3.875 -0.0625 -7.375
1532264871220995 -53.8125 38.8125 28.75
1532264871347657 -113.688 108.25 94.375
1532264871415475 -128.875 160.75 145.25
1532264871528174 -110.5 109.625 160.375
1532264871595992 16.1875 134.938 174.875
1532264871662814 -18.5 13.0625 -14.1875
1532264871715673 -48.9375 65.0625 -8.75
1532264871745592 -72.0625 110.125 -24.375
1532264871798451 -177.5 224.313 -65
1532264871835367 -173.5 236.688 -37.8125
1532264871850313 -178.063 231.563 -25.4375
1532264871880232 -166.688 132.438 15.6875
1532264871933091 -69.1875 17.5625 53.25
1532264871964017 -68.6875 -12.1875 46.75
1532264872015870 -45.5 -9.5 5.4375
1532264872045791 -62.8125 17 9.375
1532264872097651 -29.9375 11.75 -15.9375
1532264872158489 -29.375 14.625 -5.75
1532264872173449 -27.625 16.125 -5.6875
1532264872195390 -16.4375 13.75 -13.0625
1532264872218328 -5.9375 12.625 -27.1875
1532264872248248 -2.625 7.5 -44
1532264872294126 -5.4375 2.125 -64.6875
1532264872338009 4 -3.8125 -64.625
1532264872360947 48.8125 -33.875 -102.438
1532264872397863 73 -72.6875 -92.1875
1532264872450707 105.688 -71.25 -83.1875
1532264872503565 128.063 -62.6875 -72.875
1532264872563405 113.625 -35.8125 -39.6875
1532264872608286 73.4375 -9.9375 -57.4375
1532264872638206 94.875 -20.8125 -51.375
1532264872668126 13.75 -17.6875 -40.625
1532264872727966 19.6875 -2.6875 -9.6875
1532264872765864 -5.1875 -5.0625 -1.5625
1532264872780833 1.3125 -8.5 5.8125
1532264872817726 -12.3125 -5.375 3.375
1532264872855624 -17.9375 -1.625 -2.25
1532264872878563 -10.25 0.8125 -5.5
1532264872945384 3.375 2.6875 -0.9375
1532264872960344 5.75 4.75 1.625
1532264872983283 2.6875 9.25 2.75
1532264873005224 -1.375 10.375 1.5
1532264873020185 0.9375 6.9375 -2.125
1532264873073043 14.1875 1.5625 -0.9375
1532264873095982 14.125 -3.375 -0.1875
1532264873110941 14.1875 -11.125 0.375
1532264873155821 31.625 -37.625 -5.0625
1532264873223640 52.125 -61.5625 0.125
1532264873246579 76.875 -96.625 -1.5625
1532264873298440 103.75 -303.438 13.125
1532264873320381 164.813 -319.813 -4.75
1532264873335341 197.188 -304.063 3.625
1532264873365261 149.313 -283 14.8125
1532264873388200 45.5 -232.125 -14.8125
1532264873485939 3.875 -137.063 -5.5
1532264873537800 76.1875 -99.125 -26.9375
1532264873575707 34.8125 -83.5 -7.75
1532264873605618 19.75 -64.875 -14.125
1532264873650498 -20.5625 -3.5625 15.25
1532264873718317 41.5 19.5625 9.125

1532264873808080 -17.125 -16.625 5.75
1532264873832052 -50.8125 -3.625 3.9375
1532264873846013 -29.125 0.4375 1.375
1532264873935774 18.9375 1.5625 5.375
1532264873965693 3.5625 3.0625 6.5625
1532264873980654 -0.5 2.4375 5.3125
1532264874018552 7.3125 3.4375 2.0625
1532264874040516 9.5625 5.625 2.625
1532264874070413 12.125 8.1875 2.6875
1532264874085374 14.75 8.4375 2.25
1532264874093352 15.0625 8.4375 1.875
1532264874138232 10.25 6.5625 0.0625
1532264874160173 6.875 6.5625 0.125
1532264874176131 5.6875 6.625 1.1875
1532264874227992 2.3125 3.6875 -4.5
1532264874235971 4.3125 1.25 -10.25
1532264874302792 -4.5625 1.375 -13.25
1532264874393550 1.9375 0.75 -7.125
1532264874430451 -1.4375 -3 -7.375
1532264874483310 -17.25 -2.1875 -3.375
1532264874558114 0.0625 3.375 -1.8125
1532264874617950 0.25 4.875 2
1532264874632910 7.125 5.75 5.4375
1532264874745608 29.0625 17.125 14.5625
1532264874835368 27.25 26.6875 6.6875
1532264874873267 -14.4375 48.8125 1.4375
1532264874910168 -99.6875 210.563 58.875
1532264875000926 -146.125 313.5 51.375
1532264875037827 -178.875 337.5 64.5625
1532264875128584 -248.938 287.813 92
1532264875143544 -243.563 260.688 81.25
1532264875248264 -103.375 137.125 88.25
1532264875278184 -63.625 136.688 76.9375
1532264875390883 -64.375 105.375 29.9375
1532264875495602 -42.125 63.5625 -12.3125
1532264875691080 6.5625 -16.6875 -2.625
1532264875780839 -34.0625 -82.4375 -23
1532264875802781 -39 -133.688 -44.75
1532264875848658 -13.5625 -238.438 -79.25
1532264875878579 15.1875 -272.188 -90.625
1532264875915480 -11.5625 -366.063 -169.188
1532264875938419 13.875 -411 -209.813
1532264875990289 72.8125 -430.063 -223.438
1532264876073058 119.063 -393.75 -256.063
1532264876088018 107.563 -364.25 -228.063
1532264876110956 89.4375 -308.625 -176.563
1532264876140877 71.6875 -255.75 -129.5
1532264876222658 106.563 -218.563 -87.4375
1532264876275517 148.625 -154 -76.1875
1532264876328376 38 -35.8125 -43.8125
1532264876373256 35.6875 1.1875 -8.125
1532264876426114 20.6875 12.1875 9.125
1532264876500914 10.5 5.6875 14.625
1532264876575714 -2.5 58.75 -20.625
1532264876650515 19.0625 136.313 -93.125
1532264876673460 26.5625 136.875 -104.5
1532264876695394 65.375 161.813 -119.5
1532264876733293 14.75 165.813 -147.938
1532264876748253 -26.3125 165.5 -160.438
1532264876793133 -63.75 140.625 -185.625
1532264876816071 -64.875 126.625 -192.375
1532264876838013 -69.625 111.938 -190
1532264876860952 -73.625 98.6875 -181.75
1532264876890872 -76.125 72.9375 -166.75
1532264876942733 -75.875 51 -139.313
1532264876958706 -74 41.1875 -130.375
1532264877003569 -43.75 17.4375 -102.875
1532264877033490 -32.875 11.375 -89.6875
1532264877055431 -23.875 1.8125 -77.3125
1532264877070391 -12 -3.8125 -67
1532264877085352 -1.25 -10.4375 -48.9375
1532264877108291 11.375 -17.6875 -28.375
1532264877123250 24 -17.125 -14.8125
1532264877168130 25.75 -15.8125 -9.375
1532264877227994 32.3125 -17.4375 -4.875
1532264877257915 25.125 -19.375 11.0625
1532264877280853 21.9375 -14.1875 12.8125
1532264877310773 19.5 -10.1875 18.1875
1532264877332714 10.8125 -6.1875 18.8125
1532264877363647 11.625 -0.125 14.375
1532264877423488 15.0625 21.75 10.8125
1532264877468352 27.375 56.8125 -1.9375
1532264877498272 54.6875 103.5 -30.125
1532264877520213 73.375 136.875 -46.9375
1532264877543151 52.6875 154.438 -37.5
1532264877566090 47.3125 193.75 -31
1532264877596010 -388.813 -173.938 113.188
1532264877640891 178.25 -102.625 -13.25
1532264877686768 56.1875 -65.8125 48.1875
1532264877707725 11.5 -6.875 -11.9375
1532264877730650 -28.1875 -0.125 3.5625
1532264877760570 -12.5625 12.25 0.1875
1532264877798469 -31 19.125 2.375
1532264877820411 -51.75 25.375 9.3125
1532264877858309 -67.6875 50 25.125
1532264877873268 -71.375 74.125 27.4375
1532264877888229 -51.0625 99 16.75
1532264877910170 -26.8125 115.75 24.9375
1532264877956048 -66.3125 138.625 55.4375
1532264878000928 -80.875 142.563 86
1532264878135582 -92.375 155.813 134
1532264878405859 -61.625 87.0625 105.125
1532264878435779 13.25 -32.5 3.0625
1532264878503598 -210.25 182.625 -57.1875
1532264878518573 -228.125 206.375 -51.75
1532264878533518 -229 217.125 -49
1532264878548478 -213.25 215.25 -33.25
1532264878570419 -192.813 203.125 8.125
1532264878600339 -147.063 157.688 46.3125
1532264878630259 -101.813 106.563 52.0625
1532264878676137 -74.25 57.5 44.5
1532264878706056 -42.625 9.75 25.1875
1532264878727998 -94.375 5.125 18.5625
1532264878742974 -106.313 8.25 7.375
1532264878765897 -71.8125 19.375 2.0625
1532264878795817 -33.875 24.875 -10
1532264878817757 -31.125 22.9375 -9.4375
1532264878870617 -35.1875 -3.25 -2.0625
1532264878938435 -43 -10 -20.375
1532264878953395 -40.3125 -14.25 -32.625
1532264878990297 -19 -30.6875 -65.375
1532264879013235 4.8125 -39.9375 -57.875
1532264879043155 17.5 -66.4375 -67.1875
1532264879058116 24.6875 -81.4375 -77.9375
1532264879147891 47.9375 -80.625 -63.9375
1532264879170814 74.875 -83.125 -39.3125
1532264879223673 77 -14.8125 -97.75
1532264879260574 77.6875 0.1875 -112.688
1532264879320414 87.75 9.5 -87.9375
1532264879365294 76.8125 -41.25 -76.5625
1532264879425134 44.6875 -27.75 -1.8125
1532264879500931 31.0625 -22.25 4.125
1532264879515891 6.6875 -10.5 9.4375
1532264879567752 -17.5625 0.25 -4.6875
1532264879590702 -3.1875 7.75 -1
1532264879650530 -1.5625 8.5625 8.75
1532264879665491 3.375 9.1875 12.25
1532264879695411 5.5 5.625 15.625
1532264879710376 3.1875 0.6875 15.25
1532264879740304 8.125 -9.875 13.25
1532264879770211 17.5 -23.0625 11.6875
1532264879852990 19.375 -35.875 18.625
1532264879882909 28.3125 -79.4375 32.1875
1532264879912829 51.4375 -134.688 33.5
1532264879927790 146.375 -234.563 15.5625
1532264879958707 131.688 -256.125 25.25
1532264879980648 108.625 -252.438 22.9375
1532264880033507 77.3125 -242.063 10.3125
1532264880048467 75.375 -229.563 -2.375
1532264880070408 90.75 -212.563 -12.75
1532264880085368 26.125 -153.813 2.125
1532264880108307 11.5 -126.688 -5.625
1532264880222003 66.3125 -100.188 -4.75
1532264880332707 94.125 -67.4375 4.1875

1532264880408512 -13.4375 25 39.25
1532264880498264 -81.875 -14.5625 7
1532264880573065 -14.25 -4.375 -2.875
1532264880610967 1.4375 -0.8125 -1.875
1532264880700722 11.8125 7.6875 4.375
1532264880723672 13.875 7.875 4.125
1532264880850323 11.5625 7.6875 0.5625
1532264880895202 6.875 6.875 -0.875
1532264881000920 -13.5625 -1.375 -6.4375
1532264881218338 -4.4375 0.5 4.6875
1532264881331037 3.25 4.4375 7.5625
1532264881390878 24.625 12.8125 16.125
1532264881593336 -157.75 317 37.25
1532264881608296 -147.063 341.188 42.8125
1532264881676115 -173.688 365.875 36.125
1532264881698056 -226.75 367.75 35.25
1532264881720994 -262.563 337.313 52.25
1532264881795794 -160.063 261.75 49
1532264881817736 -131.625 230.438 44.5
1532264881832696 -111.938 159.313 34.5
1532264881848653 -78.0625 132.75 36.625
1532264881908493 -42.625 97.6875 9.8125
1532264881945395 -44.875 83.5 8.75
1532264881975314 -57.25 65.3125 15.25
1532264882013213 -57.25 55.625 5.75
1532264882051120 -24.625 42.9375 -6.125
1532264882162813 -40.1875 8.8125 0.9375
1532264882215671 -20.875 0.75 1.3125
1532264882290474 -30.3125 -4.1875 4.5625
1532264882358291 -25.8125 2.625 -6.3125
1532264882441070 -2.125 0 15.1875
1532264882477970 0.0625 -5.25 16.875
1532264882530829 0.6875 -27.5625 10.125
1532264882575709 17.625 -131.625 -23.3125
1532264882658488 21.8125 -214.063 -64.1875
1532264882875906 138.875 -381.75 -58.3125
1532264882897848 140.75 -383.188 -36.5625
1532264882920786 108.313 -367.25 -32.8125
1532264882972647 47.625 -344.938 -38.8125
1532264883025506 50.9375 -274 -30.625
1532264883070386 30.4375 -243.188 -10.6875
1532264883085346 45.8125 -206.125 -2.0625
1532264883123245 85.5625 -134.625 2.75
1532264883257886 59.0625 -21 -14.0625
1532264883378562 2.5625 2.125 1.375
1532264883415463 -6.125 4 3.1875
1532264883453368 -1.125 6.875 3.0625
1532264883490263 5.8125 9.8125 2.4375
1532264883505223 7.3125 13.3125 0.375
1532264883528161 1.4375 23.0625 -4.1875
1532264883551100 4.6875 41.5625 -16.4375
1532264883617922 -5.375 52.875 -26.6875
1532264883662802 -60.125 177.625 -107.875
1532264883700701 -136.563 189.75 -84.75
1532264883738599 -141.5 212.688 -68.0625
1532264883775500 -118.25 235.813 -69.625
1532264883835340 -44.3125 208.125 -117.813
1532264883873239 -12.625 152.75 -144.125
1532264883903169 -30.5 125.125 -162.313
1532264883918119 -25.5625 107.688 -162.563
1532264883962999 -53.5 90.75 -149.188
1532264883977959 -72.5 83.4375 -159.813
1532264884052759 35.625 13.9375 -130.188
1532264884082679 40.3125 -5.25 -113.063
1532264884158476 27.6875 -56 -58.3125
1532264884255217 -2.75 -74.9375 -28.1875
1532264884287133 7 -67.375 -29.8125
1532264884323036 52 -36.5625 -7
1532264884337996 42.125 -8.375 -10.1875
1532264884367916 21.3125 13.875 -12.6875
1532264884382876 27.4375 32.5 -23.125
1532264884435735 24.5625 52.1875 -26.375
1532264884465655 8.3125 69.9375 -24.3125
1532264884503554 33.9375 124.688 -50.3125
1532264884533473 22.4375 128.75 -46.875
1532264884548433 12.625 132.75 -47.75
1532264884570375 17.6875 148.625 -59.625
1532264884600295 -70.6875 -247.313 122.875
1532264884645175 53 18.25 -1.6875
1532264884712994 -1 -13.1875 10.625
1532264884735932 12.25 -15.1875 -7.0625
1532264884757874 1.625 1.75 6.375
1532264884787793 -9.0625 5.6875 7.125
1532264884810733 -10.1875 6.25 7.125
1532264884848647 -11 8.75 6.625
1532264884893511 -19.625 10.375 14.375
1532264884930412 -93.4375 73.9375 50.125
1532264884953351 -110.313 111.375 65.375
1532264885005228 -116.563 128.313 85.8125
1532264885051089 -162.813 165.438 153.938
1532264885102951 -65.625 102 121.313
1532264885335329 -1.5625 44.5 74.375
1532264885515847 24.375 -27.25 30.0625
1532264885530807 -0.3125 31.0625 -15.5625
1532264885575686 -193.375 192.688 -14.25
1532264885605606 -164.125 204.313 14.875
1532264885635526 -94.4375 200.063 32.75
1532264885681404 -63 181.063 40.5625
1532264885695374 -78.4375 154.938 42.875
1532264885718305 -16.75 81.25 0.4375
1532264885740247 -14.9375 50.9375 -28.3125
1532264885786124 -164.813 14.75 60.25
1532264885817041 -192.063 5.8125 60.0625
1532264885882866 -7.4375 36.8125 11.5625
1532264885920764 -38.5 32 5.75
1532264885957666 -32.1875 14.9375 -5.3125
1532264886010523 -33.25 -19 -16.875
1532264886048422 -41.625 -22.5 -21.875
1532264886085324 -48.125 -10.4375 -44.375
1532264886138182 -41.25 9.75 -51.125
1532264886168103 -45.0625 7 -55.875
1532264886183062 -41.1875 0.125 -59.375
1532264886212982 -29.875 -4.1875 -55.5625
1532264886235921 -13.875 -5.9375 -50.1875
1532264886265841 -6 -10.0625 -60.9375
1532264886317702 45.3125 -39.0625 -46.6875
1532264886363580 61.6875 -40.625 -33.5
1532264886400481 72 -49.75 -23.75
1532264886430400 130.313 -58.25 -8.875
1532264886475282 124.563 -65.875 -22.9375
1532264886528140 157.688 -61.3125 -76
1532264886551078 161.25 -62.4375 -74.1875
1532264886573019 117.25 -39.5 -70.8125
1532264886670758 94.875 -10.75 -46
1532264886715638 62.375 -12.5 -41.375
1532264886880198 4.5 -1.6875 -9.6875
1532264887009852 -11.0625 1.375 5.25
1532264887098613 -5.875 1.75 -1.5
1532264887150476 4.8125 2.6875 -3.4375
1532264887195355 8.5 -1.0625 5.625
1532264887255195 14.8125 -14.625 9.375
1532264887278134 21.0625 -29.5 11.625
1532264887301073 34.4375 -52.875 12.625
1532264887352934 56 -199.875 42.4375
1532264887382854 55.25 -240.625 36.0625
1532264887412774 110.688 -284.063 20.6875
1532264887442694 137.75 -282.063 25.9375
1532264887457654 104.875 -272.563 36.25
1532264887480593 79.375 -260.5 2.5625
1532264887495553 52 -239.438 7.375
1532264887540433 -3.1875 -179 12.0625
1532264887563371 15.4375 -171.438 -28.875
1532264887578331 39.875 -158.188 -25.5
1532264887600273 34.0625 -126.25 -2.0625
1532264887623211 14.625 -93.375 2.5
1532264887630192 38.6875 -75.4375 -0.375
1532264887653131 74.125 -69.875 3.4375
1532264887683051 97.375 -65.1875 8.9375
1532264887720950 88.3125 -51.8125 19.6875
1532264887817691 32.8125 10.5 27.3125
1532264887840629 75.3125 -7.375 13.3125
1532264887908449 -43.75 -13.75 0.5625
1532264887938369 -18.625 -5.5 -7.8125
1532264887998216 -10.125 -3.375 3.125

1532264888060044 14.8125 -0.125 3.8125
1532264888117888 -1.625 -1.625 0.625
1532264888140842 -4.5 -1.375 0
1532264888162768 -5.8125 -1.875 -1.875
1532264888193696 -6 -3.0625 -3.5
1532264888253536 -7.3125 -2.375 -1.625
1532264888305398 -1.75 0.0625 0.4375
1532264888343296 5.5 2.5625 2.625
1532264888365237 11.3125 5.625 4.75
1532264888396154 12.25 6.125 4.75
1532264888418095 12.1875 6.75 5
1532264888455994 12.875 7.6875 4.875
1532264888485914 13.9375 8.125 2.125
1532264888643493 -3.75 4.1875 -6.75
1532264888703333 -8.1875 2.5 -10.625
1532264888733252 -14.5625 -1.8125 -7.0625
1532264888882853 -4 0.25 0.3125
1532264889010512 10.625 6.6875 5.625
1532264889063370 3.5 2.8125 4
1532264889220949 7.3125 10.6875 11.875
1532264889295749 -1.8125 101.688 -11.4375
1532264889325669 -189.563 210.25 21.4375
1532264889348607 -186.875 236.313 26.875
1532264889393488 -136.125 274.688 44.8125
1532264889617888 -167.375 226.688 67.4375
1532264889708645 -120.25 126.813 61.625
1532264889730586 -98.3125 101.75 58.3125
1532264889820346 -21 54.3125 26.25
1532264889926063 -44.0625 21.4375 -16.5
1532264889970943 -39.875 -1.8125 0.5625
1532264890000863 -10.875 -11.875 5.6875
1532264890015824 -3.6875 -6.125 -0.4375
1532264890045743 -8.1875 2.8125 7.9375
1532264890075663 -13.0625 1.8125 -6.9375
1532264890143482 -13.1875 -14.125 -6.4375
1532264890225264 -25.6875 -69.8125 -17.3125
1532264890301061 -25.9375 -147.438 -86.375
1532264890316021 -31 -165.25 -96.5
1532264890360901 15.5 -209.25 -140.875
1532264890397802 39.125 -234.25 -163.688
1532264890503519 95.5 -305.563 -217.938
1532264890540421 122.375 -314.063 -236
1532264890563359 151.313 -318.875 -215.5
1532264890578319 140.438 -297.625 -165.813
1532264890623200 113.563 -284.563 -101
1532264890691018 132.125 -284.625 -51.75
1532264890727919 138.688 -263.813 -32.5625
1532264890772799 54.75 -214.125 -33.125
1532264890825658 85 -83.8125 -45.75
1532264890840623 80.4375 -43 -54.0625
1532264890878516 101.375 -14.875 -54.125
1532264890910431 73.4375 5.4375 -31.375
1532264890953323 24.5 15.25 -12.25
1532264890975258 36.5 6.75 -6.875
1532264891021140 13.1875 1.1875 9.6875
1532264891073011 -3.5 4.375 6.6875
1532264891087957 3.875 5.375 8.8125
1532264891155788 8.125 19 4.125
1532264891200655 2.9375 32.75 -2.125
1532264891320335 -16.875 96.625 -53.4375
1532264891335295 -53.5 104.5 -58
1532264891396132 9.9375 162.813 -105.5
1532264891426052 -23.0625 164.688 -114.375
1532264891447994 -33.375 158.813 -111.875
1532264891477914 -42.5625 151.813 -117.313
1532264891530788 -2.9375 120.688 -171.563
1532264891568682 -19.25 115.188 -176.438
1532264891620532 -46.625 99 -161.063
1532264891658431 -45.5625 71 -146.75
1532264891695332 -55.75 41.5625 -119.313
1532264891710292 -48.625 28.9375 -106.188
1532264891755172 -38.25 10.6875 -98.8125
1532264891801050 -24.9375 -5.4375 -88.9375
1532264891816010 -10.6875 -19.5 -70.875
1532264891912751 25.75 -55.25 -29.9375
1532264891935690 40.375 -57.125 -17.0625
1532264891988548 40.8125 -52.3125 -5.8125
1532264892040409 35.75 -24.1875 3.3125
1532264892055370 30.4375 -13.5625 4.875
1532264892140142 2.0625 72.8125 -11
1532264892153108 -2.5 87.125 -17.375
1532264892205974 0.4375 109.188 -29.8125
1532264892227909 -5.3125 112.25 -29.3125
1532264892265806 -36.6875 -49.25 -37.75
1532264892280767 -174.313 -307.875 157.313
1532264892310686 64.625 24.875 -3.125
1532264892340608 71.25 -38.8125 -35.125
1532264892370527 20.25 7.9375 -10.1875
1532264892415407 8.625 17.625 -10.125
1532264892430367 11.3125 18.875 4.5
1532264892453305 14.8125 14.3125 -3
1532264892505167 -6.875 12.75 -3
1532264892528105 -0.6875 11.5625 -3.0625
1532264892558025 -1.25 9.375 -1.4375
1532264892587945 -4.75 6.4375 0.5
1532264892632825 -4.1875 0.3125 0.9375
1532264892655764 -8.875 -3.6875 3.8125
1532264892685683 -15.375 -0.0625 4
1532264892723583 -56.375 8.0625 20.1875
1532264892783423 -63.8125 49.4375 43
1532264892805364 -72.5625 89.5 68.8125
1532264892835284 -113.063 212.938 111.563
1532264892865204 -121.125 205.938 128.438
1532264892888143 -168.063 169.5 133.375
1532264892926041 -173.188 153.563 135.688
1532264892985881 -56.6875 145.5 152.25
1532264893007838 -26.375 124.438 139.688
1532264893083620 -53.4375 65.0625 108.938
1532264893113540 38.25 -31.1875 38.8125
1532264893165401 15.75 -3.375 -11.5
1532264893225241 -5.1875 34.0625 -2.25
1532264893301039 -27.25 76.5625 -0.5
1532264893315998 -78.6875 111.25 -11.625
1532264893330958 -137.375 196.438 -9.75
1532264893375838 -141 202.813 -78.6875
1532264893427721 -114.188 200.25 -26.25
1532264893450660 -98.9375 156.438 12.0625
1532264893480581 -121.25 85.6875 25.125
1532264893533439 -66.8125 -50.9375 19.6875
1532264893555379 -69.875 -22.5625 29.25
1532264893578318 -50.625 -1.0625 5.5
1532264893630180 -61.875 21.25 -11.75
1532264893668079 -31.75 5 -14.0625
1532264893691018 -18.0625 0 -15.0625
1532264893720937 -23.4375 -2.4375 -16
1532264893742878 -27.6875 -4.3125 -17.1875
1532264893765817 -10 -3.1875 -15.0625
1532264893780777 10.1875 0.8125 -11.25
1532264893817679 11.625 2.3125 -17.9375
1532264893863556 15.9375 10.875 -26.8125
1532264893930377 23.625 19.5625 -62.8125
1532264893968276 10.5 4.125 -86.875
1532264893990218 25.3125 -39.8125 -83.4375
1532264894005177 64.8125 -67.3125 -69.8125
1532264894058036 118.563 -105.75 -77.9375
1532264894102916 149.375 -127.125 -77.5
1532264894140815 109.625 -97.125 -91.125
1532264894147796 136.313 -86.375 -88.4375
1532264894185694 116.438 -51.1875 -91.5625
1532264894207636 73.75 -39.3125 -85.375
1532264894260494 53.5 -28.8125 -77.5625
1532264894275455 47.875 -21.0625 -62.5625
1532264894305374 41.375 -15.875 -33.875
1532264894411092 3.25 -4.1875 -13.875
1532264894545732 -15 10.625 3.375
1532264894613550 -6.625 5.8125 4.8125
1532264894658447 27.9375 -110 4.625
1532264894680372 50.0625 -271.625 39.25
1532264894695331 85.8125 -283 19.8125
1532264894710292 142.688 -280 -0.1875
1532264894763150 76.5 -233.75 0.375
1532264894786089 17 -204.75 3.8125
1532264894822990 40.25 -182.188 -34.0625
1532264894852910 30.0625 -153 -47.0625
1532264894882830 48 -84 -56.75
1532264894905769 63.6875 -72.3125 -48.6875
1532264894951646 54.375 -70.375 -37.125
1532264895018467 30.1875 -68.5625 -3.25
1532264895048387 7.625 -38.4375 17.5
1532264895078308 58.8125 30.4375 34.0625
1532264895115208 120.375 23.8125 18.8125
1532264895176046 108.313 1.0625 14.8125

1532264895205966 -58.5 -8.125 3.75
1532264895275358 -33 -6.8125 -8.3125
1532264895288326 -14.375 -6.3125 -6.875
1532264895333206 0.4375 -5.375 -1.3125
1532264895386063 -2.0625 -3.5 -3.0625
1532264895408005 -1.0625 -1.875 -2.0625
1532264895445904 1.5625 3.8125 -2.625
1532264895490784 6.0625 8 7.0625
1532264895512725 15.75 12.375 10.1875
1532264895558603 3.4375 11.0625 15.75
1532264895595504 -0.875 7.9375 15.125
1532264895648362 6.4375 4.6875 9.0625
1532264895708203 8.875 2.9375 8.8125
1532264895761060 10.0625 3.25 4.75
1532264895985461 10.875 -2.125 4.5
1532264896143039 7.1875 1 6.1875
1532264896165989 9.875 2.1875 7.9375
1532264896345498 -201.125 238.313 46.375
1532264896383396 -185.688 302.625 75.875
1532264896428277 -244.125 320.625 74.0625
1532264896607797 -135.188 177.875 108.188
1532264896652677 -71.5625 122.563 89.75
1532264896690576 -50.5625 89.5625 44.8125
1532264896743434 -33.9375 60.3125 18.75
1532264896780335 -36.375 49.8125 -2.75
1532264896835189 -23.3125 35.5625 -7.125
1532264896871092 -25.5 7.25 -12.125
1532264896907994 -10.9375 1.0625 4.25
1532264896967835 -6.875 -18.625 0.4375
1532264897020692 -8.25 -22 -4.0625
1532264897035653 -27.5 -27.375 -5.0625
1532264897058592 -32.625 -25.5625 -8
1532264897088511 -26.9375 -28.5 -12
1532264897110453 -30.0625 -30.1875 -15.375
1532264897148352 -32.125 -36.75 -20.1875
1532264897170293 -35.5 -54.3125 -33.625
1532264897208192 -24.6875 -74 -48.25
1532264897261050 -5.5 -162.75 -96.8125
1532264897282999 12.1875 -182.5 -106.063
1532264897320890 43.75 -235.25 -137.313
1532264897403674 143.438 -307.125 -168.813
1532264897448548 185.938 -353.75 -211.188
1532264897478469 219.563 -351.375 -174.188
1532264897493429 222.438 -335.813 -178.313
1532264897515370 183.625 -332.25 -149
1532264897545290 128.688 -320.25 -87.9375
1532264897576207 87.875 -309.875 -85.75
1532264897613109 84 -290.125 -94.75
1532264897636047 129.313 -254.625 -77.8125
1532264897695887 55.125 -150.125 -37.5
1532264897747748 58.75 -80.1875 -14.5
1532264897762708 30.25 -59.875 -15.375
1532264897777668 35 -43.75 -7.5625
1532264897830528 60.1875 -15.0625 -3.25
1532264897868425 37.8125 -4.9375 -5.125
1532264897898346 11.125 23.5 3.3125
1532264897943225 17.5625 30.25 0.4375
1532264897973146 6.6875 32.4375 3.3125
1532264898011044 2.4375 30 8.0625
1532264898062906 13.8125 48.3125 -2.9375
1532264898092826 11.6875 68.5 -12.625
1532264898123754 24 137.938 -66.3125
1532264898145684 37.25 156.75 -95.375
1532264898160644 45.375 178.063 -139.188
1532264898183583 71.375 199.563 -154
1532264898235444 54.9375 213.813 -172.563
1532264898295284 -120.688 207.25 -199.438
1532264898325204 -101 175.813 -192.438
1532264898348143 -91.75 151.375 -186.438
1532264898363103 -108.438 138.438 -177.563
1532264898386041 -105.625 125.063 -158.438
1532264898407992 -87.1875 105.313 -134
1532264898430921 -76.75 74.6875 -113.313
1532264898452862 -69.0625 49.6875 -100.75
1532264898490762 -47 11 -71
1532264898535642 -32.0625 -14.5 -61.6875
1532264898573542 -8.375 -18.8125 -65.0625
1532264898610442 11.9375 -32.9375 -56.0625
1532264898670282 38.375 -51.0625 -10.9375
1532264898685241 48.5 -55.3125 -4.125
1532264898708180 45.6875 -45.1875 5.875
1532264898753059 45.25 -37.125 9.375
1532264898812900 30.6875 -16.9375 6.0625
1532264898910639 21.8125 21.625 -7.375
1532264898972474 16.9375 75.125 -32.3125
1532264899015359 19.75 94.6875 -38.3125
1532264899075218 -28.25 155.875 -20.3125
1532264899128058 175.063 6.125 -25
1532264899195876 -6.5 -8.25 -7.625
1532264899277657 -23.6875 28.875 9.9375
1532264899308575 -44.3125 35.5 19.75
1532264899405316 -60.25 43.875 30
1532264899825193 -86 132.375 169.813
1532264899907972 -98.9375 94.375 -23.375
1532264899997732 -144.875 183.563 -18.625
1532264900125391 -70.375 27.625 28.25
1532264900253050 -58.875 17.125 -9.4375
1532264900290947 -52.4375 12.4375 -8.375
1532264900342810 -13.8125 -30.0625 -25.8125
1532264900372728 -5.4375 -23.6875 -49.625
1532264900425587 -14.375 -27.875 -98.4375
1532264900442543 -5.25 -36.625 -115.813
1532264900478446 20.3125 -37.0625 -123.563
1532264900493406 32.875 -45.5 -151.188
1532264900523327 45.8125 -57.375 -164.438
1532264900553247 81.25 -58.8125 -155.125
1532264900585161 95.1875 -61.625 -160.875
1532264900606105 78.9375 -59.625 -172.25
1532264900643006 103.188 -55.3125 -135.375
1532264900680905 135.25 -43.3125 -110.375
1532264900740745 77.3125 -25.625 -53.5
1532264900800585 102.875 -25.1875 -10.375
1532264900845465 9 -8.625 -15.0625
1532264900920265 -9.1875 -1.4375 1.6875
1532264900943204 -5.9375 -1.25 0.375
1532264900988083 -10.4375 2 4.9375
1532264901011022 -4.25 0.8125 -2.0625
1532264901047924 -5.4375 4.875 0.5625
1532264901077843 -4.375 1.875 -5.4375
1532264901107779 -1 -0.625 -0.8125
1532264901160622 -4.25 0.375 -2.75
1532264901183561 4.75 0.75 -3.125
1532264901213480 0.9375 0.8125 3.9375
1532264901243401 1.1875 -0.8125 2.125
1532264901288281 6.0625 1.9375 5.875
1532264901437881 18.0625 -27.625 11
1532264901452840 26.8125 -42.875 15
1532264901490739 51.1875 -96.3125 26.5
1532264901520659 109.813 -196.438 55.25
1532264901535620 110.375 -214.625 43.1875
1532264901573518 119.188 -229.25 26.0625
1532264901588477 106.438 -253.75 18.3125
1532264901625379 140 -257.875 8.0625
1532264901655299 147 -265.438 -8.9375
1532264901678238 62.1875 -231.25 2.375
1532264901700179 23.875 -181.813 -23.375
1532264901716137 41.0625 -145.75 -25.9375
1532264901775977 87.25 -133.313 -22.125
1532264901812879 102.625 -111.313 -33.5
1532264901842798 -11.75 43.6875 26.375
1532264901865736 88.8125 55.875 15.0625
1532264901903635 118.375 -3.375 2.625
1532264901919593 66.4375 -16.3125 10.125
1532264901963475 -67.1875 -14.5625 16.375
1532264901985417 -48.25 -7.125 6.125
1532264902000376 -15.5625 -3.75 -1.875
1532264902023315 2 -4.1875 -4.375
1532264902053236 -1.5625 -4.625 -4.6875
1532264902106094 -26.375 -3.8125 3.6875

1532264902121054 -13.75 -2.75 2.25
1532264902142995 1.1875 -1.5625 0
1532264902172916 9.625 -1.25 -1.5625
1532264902188873 9.25 -1 -2
1532264902217795 3.5 -0.4375 -0.5625
1532264902232755 -1.9375 -0.3125 0.75
1532264902255693 -3.375 -0.1875 1.5
1532264902270654 -2.5625 -0.1875 1.0625
1532264902308553 1.75 -0.625 0.5
1532264902330494 1.4375 -0.8125 2
1532264902345454 -0.375 -1.0625 3.25
1532264902360414 -3.1875 -1.0625 4.8125
1532264902390334 -3.5 -1.375 7.125
1532264902420254 -1.5 0 8.3125
1532264902435214 1.5625 1.6875 7.625
1532264902473112 7.9375 4.3125 5.0625
1532264902489070 5.1875 4.375 4.8125
1532264902511011 3.5 3.9375 3.4375
1532264902540931 1.5625 4 -0.75
1532264902570851 -0.1875 3.4375 -3.6875
1532264902592792 -3.25 2.375 -4.8125
1532264902622712 -7.9375 1.25 -5.4375
1532264902660611 -11.75 0.4375 -5.8125
1532264902735411 -14.1875 -0.4375 -6.375
1532264902765330 -22.5 3.8125 -1.5625
1532264902810210 -1 -0.125 4.625
1532264902915928 9.125 2.625 8.8125
1532264903193186 -34.125 86.375 -11.5625
1532264903208147 -102.875 262.875 47.875
1532264903267987 -123.875 340.25 75.6875
1532264903342787 -261.5 324.188 80.625
1532264903440525 -243.375 210.688 34.4375
1532264903470445 -198.5 173.375 80.75
1532264903493384 -168.5 153.938 56.1875
1532264903560206 -92.125 112.625 67.9375
1532264903621042 -63.1875 85.875 63.375
1532264903650963 -42.1875 79.375 43.9375
1532264903680883 -53.3125 53.3125 15.625
1532264903785603 -24.5625 -11.875 -18.125
1532264903830483 -6.5 -33.9375 -20.75
1532264903920243 -24.8125 -46.3125 -35.5
1532264904011000 -16.6875 -121.375 -96.5625
1532264904265320 165.313 -330.125 -158.313
1532264904311198 167 -330.25 -123.438
1532264904400957 105.563 -327 -85.6875
1532264904460797 32.625 -259.313 -36.9375
1532264904475757 61.25 -235.75 -19.125
1532264904573496 38.4375 -36.5625 -2.9375
1532264904603416 25.4375 -10.375 -5
1532264904640317 -4.0625 -6.3125 2.6875
1532264904700157 -14.875 -9.8125 6.3125
1532264904731074 -15.9375 -9 8
1532264904767975 -11.375 -6.9375 8.0625
1532264904790915 11.625 3.5 9.6875
1532264904842776 14.0625 9.8125 3.0625
1532264904933533 9.3125 22.5625 -9.1875
1532264905068173 -15.75 190.438 -120.188
1532264905098093 -38.75 205.25 -167.75
1532264905128013 -43.9375 183.125 -174.188
1532264905150952 -53.0625 175.063 -177.563
1532264905180872 -72.5 160 -180.875
1532264905195832 -72.25 145.313 -177.125
1532264905217772 -65 126.25 -172.188
1532264905240711 -31.9375 97 -167
1532264905263650 -33.875 78 -154.25
1532264905285592 -41.3125 58.125 -130.75
1532264905308534 -38 40.8125 -113.75
1532264905330487 -22.375 29.625 -101.313
1532264905383330 -11.6875 -8.3125 -65.875
1532264905420232 1.0625 -30.75 -56.125
1532264905443170 9.1875 -42.5 -54.5625
1532264905458143 15.0625 -52.8125 -47.625
1532264905481069 8.5 -58.1875 -42.4375
1532264905532931 10.6875 -62.125 -40.0625
1532264905562850 29.5625 -64.75 -33.3125
1532264905638648 24.8125 -30.9375 -18.6875
1532264905660589 22.1875 5.6875 -21.0625
1532264905713448 2.9375 41.875 -9.875
1532264905743367 -0.875 52.25 -15.5
1532264905795228 -4 73.8125 -8.1875
1532264905848096 204.25 -113.5 -30.5
1532264905900946 173.188 -36.125 -62.9375
1532264905923885 -106.125 -2.75 14.375
1532264905990707 55.3125 1.375 -7.4375
1532264906013644 -2.875 3.8125 -13
1532264906050546 2.5 12.75 -5.3125
1532264906073485 1.375 17.3125 -3.0625
1532264906095426 -8 18.5625 4.9375
1532264906133324 -11.625 17.875 6.9375
1532264906155266 -9.4375 15.8125 9.3125
1532264906193165 -9.4375 12.875 11.75
1532264906216103 -11.1875 10.8125 13.3125
1532264906231063 -16.8125 11.375 13.625
1532264906261981 -28.25 11 14.1875
1532264906305863 -37.625 14.4375 39.75
1532264906335783 -29.3125 25.5625 40.875
1532264906365703 -22.9375 56.9375 33.5
1532264906470423 -13.125 117.5 68.875
1532264906583121 -2.1875 179.375 102.063
1532264906650940 54.9375 221 121.063
1532264906740700 2.5 90.9375 71.8125
1532264906800540 -63.8125 89.1875 -18.625
1532264906838438 -106.563 123.438 -24.8125
1532264906892295 -130.125 161.563 -13.0625
1532264906913239 -126.375 177.5 -5.0625
1532264906951138 -117.563 182.938 -11
1532264907010978 -101.813 176.188 -45.25
1532264907040897 -65.5 168.063 -41.625
1532264907070818 -58.8125 76.5 -11.3125
1532264907100738 -135 -44.1875 36.625
1532264907153596 -70 -59.25 29.75
1532264907176535 -55.0625 -39.875 24.875
1532264907205458 -37.4375 14.1875 0
1532264907258316 -24.5 28.3125 -17.5
1532264907288237 -10 36.0625 -32.1875
1532264907320151 -4.375 39.375 -45
1532264907356055 -7.6875 32.25 -67.1875
1532264907407916 7.125 11.75 -113.75
1532264907430854 -14.6875 -16.9375 -146.875
1532264907467756 114.188 -57 -180.75
1532264907482716 147.313 -85.5625 -171.75
1532264907528594 115.063 -103.563 -161
1532264907543553 156.75 -105.688 -177.75
1532264907580455 219.313 -123.25 -179.25
1532264907603394 214.938 -118.688 -161.625
1532264907648273 183.625 -105.75 -121.813
1532264907731052 119.938 -49.125 -38.5
1532264907767954 43.125 -28.375 11.4375
1532264907865692 -3 -9.625 -2.875
1532264907978391 10.9375 0.25 -11.5625
1532264908121009 -5.9375 5.6875 -0.0625
1532264908157910 -11.25 4.5 -4.3125
1532264908247677 -8.125 0.75 -2.0625
1532264908323468 -13.1875 -0.625 -6.5625
1532264908436178 2.125 -5.125 -0.25
1532264908451127 -0.3125 -7.4375 -0.3125
1532264908467084 40 -37.4375 12.625
1532264908496007 63.375 -152.938 50.5625
1532264908525926 104.563 -202.75 18.0625
1532264908547868 185.875 -223.875 -0.1875
1532264908570806 172.688 -238.438 16.25
1532264908592748 90.1875 -226.563 28
1532264908638625 86.5625 -208.375 -11
1532264908660567 88.25 -191.625 -13.875
1532264908690486 58.875 -168.063 -10.6875
1532264908743345 16.6875 -140.063 -9.8125
1532264908877984 34.5 -104.938 -12.9375

1532264908975724 69.5625 -40.9375 18.75
1532264909095650 -58.0625 -9.3125 18.75
1532264909238268 2.125 3.1875 1.875
1532264909321047 13.25 8.375 0.9375
1532264909372907 12.0625 8.8125 -0.375
1532264909538465 -9.25 13.375 -6.0625
1532264909650167 -21.875 -2.1875 -13.8125
1532264909747921 -20.6875 -4.4375 -9.0625
1532264909868582 22.4375 2.875 9.8125
1532264909973302 -38.375 18.1875 -15.3125
1532264910026161 -25.4375 119.188 23.375
1532264910041122 -40.8125 170.188 19.5625
1532264910115921 -162.188 337.625 40.3125
1532264910190734 -217.375 345.438 70
1532264910235601 -222.625 304.563 80.125
1532264910258539 -216.125 280.813 82.625
1532264910295441 -183.5 229.625 54.75
1532264910318380 -157.313 197.813 49.5625
1532264910370241 -102.313 117.375 42.5
1532264910416118 -53.625 97.5 24.5625
1532264910482940 -67.4375 57.1875 6.1875
1532264910595638 -55.4375 24.0625 -32.1875
1532264910715318 -56.1875 -63.3125 -29.875
1532264910902817 14.3125 -259.625 -85.8125
1532264911128213 162.063 -266.313 -85.1875
1532264911150156 209.438 -240.813 -58.125
1532264911247894 166.313 -244.75 -40.5625
1532264911277814 127.875 -246.5 -45.6875
1532264911292774 110.938 -226.938 -34.375
1532264911337654 105.563 -199.563 -17.9375
1532264911360592 20.375 -85.125 -30.5625
1532264911413451 17.125 -22.6875 -13.4375
1532264911450353 15.5 -13.4375 -6.8125
1532264911495233 15.625 -6 -0.625
1532264911533131 10.9375 -1.625 6.5625
1532264911563051 -4.6875 1.0625 10.25
1532264911578011 -0.8125 0.0625 10.1875
1532264911630869 -3.5625 2.5625 8
1532264911705670 9.4375 -2.4375 8.3125
1532264911735590 10.8125 0.0625 3.875
1532264911765510 -3.375 4.8125 -3.5
1532264911795430 -2.5625 18.125 -13.5625
1532264911810390 -0.0625 34.0625 -21.5
1532264911833329 -4.1875 58.875 -24.5
1532264911870230 -30.8125 124.625 -35.875
1532264911901147 -51.5625 156.313 -47.6875
1532264911938049 -55 207.063 -84.6875
1532264911960987 -60.5 226.188 -105.125
1532264911982929 -72.625 251 -149.813
1532264911997889 -82.3125 250.125 -170.375
1532264912020828 -83.3125 238.813 -181.875
1532264912035787 -68.6875 225.563 -192.25
1532264912057729 -57.1875 211.875 -205.75
1532264912095627 -20 179.938 -216.063
1532264912118566 -9.4375 162.438 -210.313
1532264912140522 -10.25 139.5 -185.625
1532264912163446 -3.3125 115 -160
1532264912185387 -7.75 97.0625 -142.813
1532264912245226 -56.875 51 -107
1532264912268166 -39.625 27.8125 -85.75
1532264912298086 16.875 -33.875 -63.625
1532264912395824 22.875 -44.5 -48.1875
1532264912410785 18.75 -55.9375 -31.5
1532264912508522 50.1875 -27 -8.5
1532264912515504 54.875 -3.3125 -17.6875
1532264912554412 15.5 72.125 -37.625
1532264912590304 -4.3125 116.5 -54.75
1532264912613243 -11.125 137.188 -52
1532264912666101 -38.75 110.313 -37.5
1532264912710982 -184.5 -125.375 62.3125
1532264912725942 125.438 42.4375 4.75
1532264912770822 -49.0625 -9.9375 12.9375
1532264912792762 64.625 -37.0625 -0.625
1532264912815701 -2.4375 4.5 9
1532264912845621 19.6875 15.3125 8.75
1532264912875542 13.125 16.25 11.1875
1532264912913440 -6.1875 16.625 14.625
1532264912965302 -40.9375 25.0625 36.25
1532264912980262 -69 38.8125 53.875
1532264913041100 -100.75 69.875 66.9375
1532264913085979 -118.313 147.75 136.438
1532264913100939 -120.063 163.625 158.625
1532264913197681 -36.125 121.5 210.375
1532264913258526 -43.4375 8 57.8125
1532264913310379 4.375 -22.125 -2.375
1532264913340299 10.625 -25.25 -16.5625
1532264913416096 8.1875 12.5625 -5.4375
1532264913460976 -26.5 24.8125 1.4375
1532264913497877 -60.125 80.75 -11.6875
1532264913618555 -157.75 231 -12.4375
1532264913640505 -136.875 226.625 10.0625
1532264913685376 -70.75 -18.8125 43.6875
1532264913708315 -61.1875 -38.6875 25.3125
1532264913730255 -67.4375 -28.3125 14.5625
1532264913783129 -68.875 5.375 -7.875
1532264913814032 -51.4375 23.5625 -18
1532264913850933 -23.25 42.125 -38.5625
1532264913865893 -0.625 39.1875 -44.5625
1532264913904789 14.5625 34.3125 -62.125
1532264913940694 25.375 18.625 -73.25
1532264914000533 57.125 -19.75 -109
1532264914060373 149.75 -101.625 -112.625
1532264914090293 153.5 -132.875 -94.875
1532264914113232 155.938 -130.5 -116.625
1532264914158113 173.875 -82.375 -55.8125
1532264914183045 146.438 -70.0625 -64.3125
1532264914240891 58.0625 -41.6875 -32
1532264914300730 30.5625 -19.5 -27.1875
1532264914332646 -17.5625 -4.6875 11.625
1532264914383510 0 6.1875 6.5
1532264914428388 -6.0625 7.625 19.875
1532264914495218 -0.3125 11.125 0.6875
1532264914548070 -9.25 5.125 2.4375
1532264914660768 -4.6875 -1.5625 2.8125
1532264914705647 5.0625 -0.8125 4.5625
1532264914758506 13.9375 -23.1875 3.875
1532264914795407 25.3125 -40.4375 3.625
1532264914840288 47.125 -92.5 14.125
1532264914870208 56.9375 -130.938 26.125
1532264914901125 113.688 -244.438 32.125
1532264914931045 127.938 -274.688 17.625
1532264914975925 76.875 -267.313 12.5
1532264914990886 57.4375 -262.875 9
1532264915012826 48.125 -240.813 13.1875
1532264915042746 23.1875 -193.813 9.5625
1532264915080645 48.5625 -151.5 -9
1532264915110565 39.5 -133.875 0.9375
1532264915148463 37.0625 -124.313 2.8125
1532264915261162 34.25 -52.5625 26.0625

1532264915350922 -82 -18.625 12.4375
1532264915440723 -15 -4.1875 -2.0625
1532264915478603 -21.9375 -3.5625 1.4375
1532264915508524 -1.0625 -1.3125 -0.1875
1532264915523483 8.75 0.5 -0.625
1532264915575344 8.375 3.25 3.625
1532264915598283 10.625 4.375 4.5625
1532264915613243 14.125 6 5
1532264915658125 13.25 8.25 4.4375
1532264915673083 11.1875 9.125 3.5625
1532264915710982 5.8125 8.5625 -0.3125
1532264915732923 3.4375 7.0625 -2.1875
1532264915755861 1.0625 5.6875 -3.625
1532264915838640 -1.25 2.1875 -6.5
1532264915883521 -4.25 0.625 -8.375
1532264915943360 -19.0625 -2.125 -3.5
1532264916078000 -4.75 -2.0625 1
1532264916092960 0.8125 -0.8125 3
1532264916145819 9 2.3125 6.3125
1532264916250539 4.0625 6.3125 4.8125
1532264916340300 9.625 8.5625 2.625
1532264916438037 -90.625 189.313 23.4375
1532264916467957 -134.875 287.938 29.25
1532264916497877 -137.25 357.063 27.3125
1532264916520816 -171 385.125 24.6875
1532264916573675 -206.875 396.313 33.9375
1532264916610576 -233.375 393.375 48.625
1532264916633515 -247.125 379.25 68.1875
1532264916678395 -217 289.063 58.9375
1532264916723274 -171.563 205.75 45.25
1532264916730256 -159.563 174.688 36.8125
1532264916745216 -128.25 153.438 31.9375
1532264916791104 -69.5625 123.313 38.3125
1532264916813035 -62.375 116.188 35.3125
1532264916850933 -89.875 92.375 28.5
1532264916902794 -46.5625 73 31.625
1532264916963632 -45.4375 63.5625 17.5
1532264917030453 -46.75 43 -20.25
1532264917090294 -23.5625 -10.75 4.375
1532264917105253 -28.0625 -20.375 -1.125
1532264917166090 -47.375 -53.5625 -29.3125
1532264917315690 -8.25 -218.75 -102
1532264917338628 8.125 -252.938 -115.5
1532264917360570 72.875 -320 -140.313
1532264917383509 104.438 -354 -154.625
1532264917435370 179.688 -382.688 -158.625
1532264917473269 200.813 -394.375 -131
1532264917495211 190.875 -408.563 -145.875
1532264917563029 200.938 -383.375 -68.5
1532264917585968 145.75 -354.625 -37.8125
1532264917645807 111.125 -292.625 -14.6875
1532264917788426 81.8125 -38.0625 5.6875
1532264917825328 71.25 -38.125 1.625
1532264917863226 30 -39.3125 3.375
1532264917886164 15.25 -36.625 8.125
1532264917938026 -21.375 -23.125 0
1532264917967946 -35.25 -11.375 3.8125
1532264918057713 -1.25 14.75 0.375
1532264918125525 -11.0625 47.25 -18.875
1532264918170405 0.0625 77.625 -40.5
1532264918200325 -22.0625 103.625 -75.1875
1532264918223263 -27.875 107.25 -83.9375
1532264918276122 2.5 125.813 -113.438
1532264918306042 17.9375 137.563 -134.688
1532264918342943 -36.6875 165.125 -171.5
1532264918357920 -60.75 183.625 -194.063
1532264918380842 -80.0625 190.313 -205.375
1532264918402784 -97.25 188.188 -201.688
1532264918432703 -79.125 158.125 -212.25
1532264918463621 -61.3125 133 -208.938
1532264918485562 -51.1875 106.5 -203.688
1532264918500522 -47.5 88.0625 -180.563
1532264918515482 -49.4375 71.75 -151.313
1532264918575322 -34.125 -18.875 -116.375
1532264918605242 -25.375 -40.375 -91.625
1532264918628181 -27.8125 -64.75 -65.5625
1532264918651119 -25.125 -83.8125 -51.8125
1532264918702981 -11.25 -108.063 -31.8125
1532264918717941 8.375 -113.5 -20.125
1532264918770799 53.3125 -81.1875 -16.1875
1532264918830639 44.5 -41.875 5.3125
1532264918845599 39.125 -18.4375 -6.8125
1532264918898458 21.8125 33.625 -7.0625
1532264918913418 11.6875 53.5625 -10.75
1532264918980240 29.75 92.25 -21.3125
1532264919011157 29 102.125 -26.5
1532264919048058 28.5625 108.75 -37.875
1532264919100917 8 107 -66
1532264919145797 258.875 -3.125 -50.8125
1532264919190678 30.125 -11.3125 -2.4375
1532264919213615 -4.5 -30.1875 -7.875
1532264919243535 -2.3125 20.375 -3.125
1532264919288415 1.125 21.5625 -0.9375
1532264919310357 -14.375 26.1875 5.5625
1532264919348255 -22.25 25.6875 9.4375
1532264919363215 -23.625 24.125 14.875
1532264919386153 -29.4375 29.8125 17
1532264919438015 -55.4375 47.625 33.25
1532264919475914 -75.9375 54.9375 47.375
1532264919529776 -90.8125 67.8125 62.625
1532264919557695 -56.6875 140.063 101.875
1532264919580634 -109.438 55.375 154.625
1532264919610554 -25.1875 61.6875 147.625
1532264919633492 85.8125 45.5 103.5
1532264919678372 134 11.5625 53.4375
1532264919693332 74.75 -3.375 68.4375
1532264919738212 -20.625 -9.6875 45.625
1532264919791072 -6.0625 -4.875 17.0625
1532264919850911 -4.1875 7 -5.4375
1532264919948649 -29.1875 16.6875 -6.375
1532264920030431 -32.5 33.0625 -13.9375
1532264920060351 -64.5 57.6875 -8.875
1532264920098250 -176 196.5 -4.125
1532264920120191 -152.438 186.813 -6.3125
1532264920166068 -160 171.625 9.125
1532264920195989 -148 149.813 34.25
1532264920247849 -136.875 135.5 40.5625
1532264920278767 -33.1875 47.625 80.6875
1532264920315668 -88.4375 -20.5 20.9375
1532264920345588 -113.625 -11.3125 31.8125
1532264920383487 -71.5625 0.75 43.1875
1532264920398447 -30.4375 13.4375 4.75
1532264920428367 -4.625 19.0625 -8.3125
1532264920436346 -28.3125 19.5625 -6.1875
1532264920473247 -1.8125 18.875 -1.6875
1532264920488207 17.125 22.25 -11.3125
1532264920518127 21.375 21.75 -22.375
1532264920533086 14.75 18.6875 -22.9375
1532264920570985 8.625 6.3125 -11.4375
1532264920585946 -2.875 3.125 -28.3125
1532264920615866 -3.3125 -6.3125 -44.25
1532264920637807 26.5625 -13 -38.5
1532264920660746 66.8125 -23.375 -29.25
1532264920698643 69.875 -30.9375 -34.3125
1532264920735545 33.625 -63.125 -15.125
1532264920780426 101.063 -80.8125 -51.5
1532264920811343 114.313 -108.25 -47.9375
1532264920833284 134 -112.875 -88.1875
1532264920863204 134.75 -115.063 -147.5
1532264920916062 138.75 -118.563 -127.563
1532264920997844 125.5 -114.438 -127.875
1532264921059679 97.5625 -69.5 -96.625
1532264921125503 16.3125 -3.5 8.6875
1532264921170383 13.25 1.8125 6.5
1532264921194319 -16.5625 2.875 -13.5
1532264921276100 -13.1875 4.3125 -4.4375
1532264921306020 -12.6875 6.625 2.3125
1532264921395780 3.5625 0 -2.8125
1532264921560340 -4.625 -13.9375 13.25
1532264921590261 21.6875 -57.75 29.8125
1532264921613199 40.0625 -206.375 47.125
1532264921628158 87.3125 -217.375 32.875
1532264921643118 141.188 -210.313 15.625
1532264921666057 163.063 -212.688 6.625
1532264921681065 147.125 -211.938 15.8125
1532264921703007 99.6875 -200.875 24.875
1532264921725946 50.9375 -179.938 19.875
1532264921755866 34.125 -171.063 5.4375
1532264921770826 45.6875 -167.063 -10.3125
1532264921807737 42.5625 -172.625 -16.6875
1532264921823692 28.75 -168.75 -18.375
1532264921883524 26.3125 -122.563 -25.375
1532264921898484 36.75 -117.688 -27.25
1532264921943364 -34.875 15 56.0625
1532264921973284 70.4375 41 24.5
1532264921995225 144 21 15.6875
1532264922018164 137.563 -2.625 10
1532264922063044 -60.5 -14.375 14.5625

1532264922122884 -58.5625 0.5625 -0.375
1532264922167764 7.1875 -3.9375 -11.375
1532264922213641 -4.625 -3.6875 -4.625
1532264922235583 -13.375 -2.25 -1.125
1532264922250543 -13.5625 -1.5625 -0.0625
1532264922265503 -5.125 -1 -1.4375
1532264922295423 7.0625 0.125 -0.375
1532264922310383 5.625 1.3125 2.0625
1532264922355262 9.25 4.125 6.4375
1532264922370222 11.75 4.875 6.5625
1532264922386181 16.1875 6.1875 6.375
1532264922408125 17.75 7.0625 6.625
1532264922423082 16.6875 6.6875 5.1875
1532264922446020 13.1875 6.75 3.8125
1532264922467961 7.875 6.25 1.75
1532264922490900 6.25 5 -1.1875
1532264922520820 3.3125 3.1875 -3.125
1532264922572681 -2.4375 1.375 -6.4375
1532264922603598 -14.4375 -1.75 -8.4375
1532264922640500 -19.875 -4.0625 -8.625
1532264922678399 -18.625 -6.0625 -4.8125
1532264922715300 -16.3125 -5.4375 -2
1532264922753199 -11.375 -4.8125 1.0625
1532264922798079 0.5 -2.5625 5.875
1532264922842959 5.0625 2.1875 8.5625
1532264922940697 2.9375 4.0625 3.6875
1532264922963636 -0.375 6.125 -3.3125
1532264923045417 19.8125 105.875 32.3125
1532264923083316 -53.3125 161.375 44.375
1532264923105257 -126.813 214.563 36.25
1532264923136179 -135.063 241.438 35.5625
1532264923158119 -142.063 273.25 40.6875
1532264923217955 -179 332.75 50.375
1532264923277796 -246.688 297 101.438
1532264923307716 -216.188 274.438 99.5
1532264923383513 -124.188 233.125 73.25
1532264923435374 -81.3125 145.125 61.4375
1532264923511172 -59.875 84.9375 12.9375
1532264923571011 -68.6875 60.6875 13.125
1532264923585972 -55.875 57.5625 -10.8125
1532264923637832 -59.0625 45.8125 -20.4375
1532264923840291 -52.8125 -14.1875 0.75
1532264923893150 -9.875 -7.3125 -11.875
1532264923908111 -8.4375 -10.8125 -8.0625
1532264923975929 -12.6875 -18.25 -3.3125
1532264924065689 -58.75 -155.188 -75.8125
1532264924163428 -31.5 -261.125 -123.875
1532264924321006 132.875 -391.813 -153.5
1532264924568345 152.813 -159.813 -49.5625
1532264924696003 14.9375 -9.9375 -4.0625
1532264924807705 -18.3125 25.5625 -3.625
1532264924966292 -31.625 166 -98.1875
1532264925100921 -47 147.938 -181.563
1532264925167742 -100.125 88.6875 -168.313
1532264925228579 -40.3125 25.5 -141.25
1532264925295401 -35 -19.125 -88.375
1532264925325321 -17.1875 -33.4375 -65.6875
1532264925348259 1.4375 -38.6875 -58.9375
1532264925550718 39.625 -39.375 -8.125
1532264925648456 23.375 72.3125 -35.9375
1532264925715278 -10.8125 98.125 -34.3125
1532264925768136 -2.9375 98.3125 -34.0625
1532264925806035 29.0625 92.8125 -56.5625
1532264925835955 -248.438 -168.063 74.0625
1532264925880835 -38.6875 -21.9375 29.5
1532264925917736 16.1875 -49.5625 1.375
1532264925970596 12.5625 8 -4.375
1532264926000514 -10.875 15.125 5.5
1532264926038413 -11 16.1875 7.5625
1532264926068334 -30.625 24.1875 21.625
1532264926105234 -57 52.4375 44.4375
1532264926128174 -57.375 68.25 61.9375
1532264926181032 -60.3125 90.875 80.0625
1532264926210952 -54.5625 119.063 99.75
1532264926285752 -71.125 121.25 123.125
1532264926300711 -64.1875 85.9375 123.25
1532264926345592 -55.1875 70.25 126.125
1532264926390472 -54.6875 44.875 136.188
1532264926458291 6.9375 -5.3125 61.375
1532264926488211 3.1875 -11 36.0625
1532264926526109 14.625 -0.6875 -6.8125
1532264926570989 4.25 11.4375 -13.6875
1532264926622851 3.8125 20.125 -22.8125
1532264926669726 -16.6875 42.1875 -38.1875
1532264926690685 -59.3125 73.125 -38.5
1532264926758488 -177.063 193.563 -30.1875
1532264926803379 -193.438 201.125 -20.5
1532264926825309 -191.75 194.375 -5.125
1532264926878168 -144.125 155.813 8.6875
1532264926931027 -111.875 135.75 36.3125
1532264927027768 -91.0625 -29.0625 70.4375
1532264927042728 -48.125 -24.5 37.375
1532264927080637 1.5625 6.8125 28.75
1532264927088605 -19.4375 16.6875 17.25
1532264927103565 -38 19.4375 3.125
1532264927149444 -35.625 21.1875 -4.5
1532264927170387 -11.9375 21.3125 -2.1875
1532264927200307 22.8125 13 -19.0625
1532264927223245 30 16.625 -22.25
1532264927245187 24.8125 25.1875 -29.6875
1532264927276104 -14.125 12.9375 -68.3125
1532264927327965 -10.4375 -2.75 -74.25
1532264927357887 15.5625 -3.9375 -88.125
1532264927395784 -17.1875 -51.25 -103.188
1532264927440674 85.75 -101.688 -115.313
1532264927494520 159.688 -111.5 -132.063
1532264927500504 186.25 -96.125 -112.375
1532264927545384 155.063 -28.9375 -114.313
1532264927568323 173.25 -6.0625 -94.1875
1532264927620184 123.75 26.0625 -120.625
1532264927651101 68.5 34.8125 -69.5
1532264927673043 37.5 37.8125 -9.25
1532264927702962 -2.5 30.9375 5.375
1532264927725901 8.25 2.75 18.1875
1532264927747843 -6.9375 1.5 13.5625
1532264927770781 -20.25 -0.25 5.9375
1532264927785741 -25.1875 0.625 -4.375
1532264927815660 -25.9375 1.875 -3.875
1532264927830621 -26.75 2.75 -2
1532264927845581 -19.1875 4.5 0.1875
1532264927868520 -12.25 6.3125 0.625
1532264927883480 -8.6875 8.0625 -1.3125
1532264927928360 -1.125 3.5625 2.1875
1532264927965261 2.4375 2.8125 7.5
1532264927988200 5.5625 1 9.375
1532264928042056 22.25 -13.75 20.25
1532264928056023 29.0625 -24.875 22.9375
1532264928107892 33.75 -57.3125 29.8125
1532264928145779 41.4375 -80.875 42.625
1532264928228557 133.375 -247.188 60.75
1532264928250498 157.125 -295.188 41.1875
1532264928273441 158.313 -301.438 40.8125
1532264928295378 133.938 -299.5 45.5625
1532264928325299 68.1875 -250.688 47.75
1532264928348237 74.75 -226.313 32.9375
1532264928401095 46.125 -197 34.6875
1532264928460936 105.063 -127 10.9375
1532264928505815 72.375 -104.875 3.8125
1532264928625496 59.3125 38.9375 6.1875
1532264928655416 70.3125 -9.0625 5.75

1532264928761133 -43.375 -5.3125 -3.5625
1532264928820973 -29.625 -6.0625 -8
1532264928872834 11.75 -1.25 -2.5
1532264928887794 14.75 -1.1875 -2.4375
1532264928925693 0.25 2.9375 2.625
1532264928948632 4.5 3.375 2.875
1532264928985533 6.625 3.9375 3.6875
1532264929038391 9.0625 4.3125 4.375
1532264929075293 8.625 4.625 3.125
1532264929113191 7.5625 4.75 -4.625
1532264929173031 -12.125 0.25 -9.1875
1532264929202951 -18.9375 -1.0625 -14.6875
1532264929247832 -15.25 -0.875 -18
1532264929285730 -13 -1.8125 -17
1532264929353549 -34.1875 2.25 -11.625
1532264929465257 9.0625 -2.625 5.75
1532264929518116 20.375 -3.375 10.0625
1532264929615855 6 -2.4375 10.1875
1532264929622836 3.75 1.125 10.9375
1532264929668713 8.0625 -1.6875 9.6875
1532264929682676 -4.3125 8.5 -6.0625
1532264929728553 -34.5 137.188 18.75
1532264929743513 -77.1875 174.375 16.75
1532264929773433 -113.25 217.5 22.4375
1532264929795374 -122.125 258.063 39.875
1532264929840255 -119.438 294.938 48.9375
1532264929916052 -125.813 348.75 43.875
1532264929931012 -189.438 368.438 39.0625
1532264930005812 -253.375 291.25 61.3125
1532264930027753 -243.688 267.563 64.625
1532264930050691 -210.625 236.813 61.6875
1532264930103550 -132.625 146.375 38
1532264930141450 -97.0625 105.313 28.8125
1532264930163390 -87.1875 84.6875 28.75
1532264930208271 -50.4375 72.9375 10.0625
1532264930223230 -60.3125 59.25 20.875
1532264930283070 -65.0625 44.4375 7.6875
1532264930320969 -33.5 28.125 -17.75
1532264930357869 -41 24.1875 -15.3125
1532264930372830 -34.4375 13.6875 -18.5625
1532264930402750 -40.75 -3.5 -15.5
1532264930418707 -20.3125 -10.0625 -1.9375
1532264930440649 -16.4375 -22.625 -6.375
1532264930478548 -6.375 -39.375 -13.125
1532264930508468 -6.375 -43.8125 -12.875
1532264930560333 -29.6875 -87.1875 -28.9375
1532264930583268 -38.4375 -107.438 -44.875
1532264930636125 -8.5 -175.75 -93.375
1532264930666046 0.625 -205.5 -112.688
1532264930725886 9.375 -241 -128.125
1532264930762787 45.625 -282.938 -144.938
1532264930950286 166.625 -444.875 -82.6875
1532264931003144 12.6875 -329.375 -54.25
1532264931041044 -13.1875 -275.938 -64.375
1532264931062984 155.563 -139 -59.375
1532264931107865 69.625 -14.625 -27.1875
1532264931122824 71.375 -10.1875 -18.8125
1532264931190659 19.75 -14.5625 -7.5625
1532264931213582 2.875 -11.6875 -2.8125
1532264931273422 1.0625 -2.5 11.125
1532264931355203 -22.1875 11.75 8.6875
1532264931437982 2.8125 84.375 -29.9375
1532264931527742 -9.625 158.25 -78.5
1532264931542702 -10.1875 186.688 -99.375
1532264931595560 -21.1875 194.063 -165.625
1532264931633459 -79.4375 166.313 -176.5
1532264931678340 -82.1875 108.813 -162.25
1532264931708259 -71.5 97 -154.063
1532264931805998 -56.625 28.875 -92
1532264931865838 -52.5625 -23.875 -29.125
1532264931949614 38.25 -60.875 -43.3125
1532264931985518 52.9375 -73.5 -44.125
1532264932000478 44.875 -74.8125 -28.9375
1532264932075277 44.1875 -53.5625 -18.1875
1532264932113176 33.4375 0.375 -23.0625
1532264932202936 8.9375 94.875 -50.9375
1532264932255795 -20.5 141.313 -57.3125
1532264932330595 -2.1875 149.75 -43.75
1532264932465235 1.875 -15.875 -13.4375
1532264932577933 7.9375 6.125 8.4375
1532264932607869 -8.1875 10.5 4.25
1532264932630792 -10.6875 9.875 3.5625
1532264932667693 -23.5 9.8125 17.0625
1532264932705592 -55.1875 44.875 31.875
1532264932743491 -68 70.25 37.125
1532264932841229 -84.5 88.125 50.375
1532264932871148 -90.75 104.188 66.5
1532264932945949 5 41.875 169.25
1532264933020750 17.8125 37.375 138.938
1532264933073609 32.625 6.5 87.8125
1532264933185309 22.9375 -5.625 10.625
1532264933261107 -2.625 14.5 -11.625
1532264933395746 -150.438 205.563 -19.1875
1532264933432648 -175.125 208.188 3.5625
1532264933455586 -153.25 201.063 -15.0625
1532264933515426 -132.313 184.313 -18.4375
1532264933531384 -101.25 149.313 23.5625
1532264933590227 -78.25 -1.9375 54.9375
1532264933621143 -100.188 -27.4375 81
1532264933643085 -98.625 -28.6875 48.3125
1532264933658046 -51.625 -35.5625 16.3125
1532264933673005 -37.125 -29.5625 25.0625
1532264933695944 -42 -16.1875 35.0625
1532264933725864 -50.125 -3.6875 15.4375
1532264933740824 -20.0625 4.75 0.25
1532264933771741 11.4375 11.125 -4.5
1532264933800664 23.25 20.5625 -13.125
1532264933823603 24.25 29.5 -16.375
1532264933845544 24.8125 34.125 -18.5625
1532264933890424 20.75 26.1875 -56.9375
1532264933950263 -0.25 14.375 -70.5625
1532264933981181 33.0625 -6.75 -82.3125
1532264934055981 113.063 -75.625 -126.063
1532264934107858 132.188 -122.375 -156.688
1532264934145741 223.188 -69.125 -191.375
1532264934168679 176.188 -36.25 -104.625
1532264934213560 153.375 -20.5625 -114.688
1532264934235501 136 -12.9375 -102.625
1532264934258440 99.3125 -5.5 -40.0625
1532264934325261 15.5 0.5625 2.25
1532264934348199 18.375 -1.1875 7.5625
1532264934378120 6.5625 -6.6875 -12.1875
1532264934408040 -22.75 -4.4375 0.375
1532264934430978 -15.125 -2.25 -1.8125
1532264934482839 -6.25 -4.125 -3.875
1532264934527719 -5.4375 4 -0.4375
1532264934565618 2 3.5 1.0625
1532264934625458 -4.125 2.8125 12.625
1532264934723223 13.6875 -15.5 20.25
1532264934753159 63.9375 -83.0625 42.0625
1532264934776082 62.75 -189.438 92.4375
1532264934806002 126.438 -230.625 80
1532264934850882 91.8125 -244.438 28.5625
1532264934925682 32.1875 -227.063 22.4375
1532264934963580 -4.25 -194.875 17.5625
1532264935038380 32.6875 -139.438 -12.75
1532264935083260 -16.25 -118.75 -30.375
1532264935143101 -35.875 0.6875 42.625
1532264935166052 147.563 30.0625 29.75
1532264935187980 143.188 7.5 11.125
1532264935225879 104.375 -9.375 5.25

1532264935308663 -74.75 -6.4375 5.5625
1532264935330605 -38.5 -3.25 -7.25
1532264935360524 5.9375 -3.75 -8.9375
1532264935391442 -3.9375 -4.625 -3.625
1532264935428343 -19.4375 -1.9375 2.3125
1532264935450284 4.625 0.75 1.0625
1532264935496162 14.875 1.375 1.3125
1532264935533063 10.125 5.75 5.4375
1532264935592903 20.8125 13.6875 7.6875
1532264935622823 22.25 13.5625 6.875
1532264935645762 20.8125 12.0625 5.375
1532264935713581 12.125 6 0.75
1532264935758461 5.9375 2.5625 -2.5
1532264935788380 -1.75 0.125 -6.625
1532264935893101 -17.9375 0 -1.6875
1532264935923021 -32.4375 9.3125 4.8125
1532264935960920 -45.4375 6.75 13.3125
1532264936012781 -26.25 3 0.5625
1532264936035719 -13.5 2.4375 2.375
1532264936185319 10.4375 8.875 -2.3125
1532264936230199 58.5625 111.875 17.8125
1532264936291036 -174.375 293.313 53.4375
1532264936342898 -170.188 329.438 50.5625
1532264936365836 -165.063 389.375 65.5625
1532264936464572 -275.813 342.125 104.438
1532264936493495 -233.813 282.5 90.1875
1532264936523414 -127.813 149.375 55.25
1532264936583255 -110.563 123.875 67.5
1532264936605196 -82 111.938 50.25
1532264936680994 -71.6875 62.875 11.5625
1532264936702935 -53.625 55.4375 -12.0625
1532264936717895 -62.5625 47.9375 -18.1875
1532264936747815 -49.6875 24 -38.625
1532264936883452 -47.1875 8.9375 -25.5
1532264936950274 -42.5625 -11.375 1
1532264936973212 -43.3125 -45.1875 -20.3125
1532264936988173 -30.9375 -99.125 -53.0625
1532264937033052 -68.3125 -171.938 -90.375
1532264937100872 29 -280.813 -140.313
1532264937205591 168.063 -448.75 -195.125
1532264937228529 194.875 -465.875 -178.563
1532264937235511 188.938 -478.313 -173.25
1532264937265431 273.063 -445.938 -75.125
1532264937318290 160.938 -415.875 -55.8125
1532264937348209 110.5 -338.063 -7.125
1532264937386108 94.4375 -265.813 -4.875
1532264937437969 91.4375 -163.125 13.1875
1532264937497809 61.3125 -119.813 -5.75
1532264937565628 78.1875 1.125 -28.125
1532264937670348 -17.4375 8.1875 -0.5
1532264937700268 -29.0625 10.8125 -2.4375
1532264937730188 -41.8125 30 -8.4375
1532264937738167 -3.0625 52.3125 -19.4375
1532264937805985 9.125 86.0625 -47.0625
1532264937842887 -2.8125 114.75 -83.125
1532264937865825 -5.5 122 -100.625
1532264937917687 -14.0625 141.5 -136.813
1532264937955585 -85.375 140.75 -171.125
1532264937993484 -80.375 143.375 -170.313
1532264938038364 -115.625 140.125 -203.875
1532264938098204 -91.4375 147.5 -217.938
1532264938128125 -75.625 142 -209.438
1532264938151062 -72.75 114 -177.313
1532264938195942 -52.25 65.5 -121.75
1532264938217884 -52.9375 49.375 -106.563
1532264938255782 -25.6875 6 -79.625
1532264938285702 -4.8125 -12.75 -65.5
1532264938323600 4.375 -35 -38.0625
1532264938383441 33.0625 -47.125 -7.5625
1532264938435303 32.6875 -12.3125 -4.9375
1532264938465222 22.875 1.5 -9.75
1532264938526061 21.875 50.125 -33.25
1532264938577921 11.625 69.75 -45.375
1532264938682641 10.4375 -16.875 -21.25
1532264938735500 26.125 -16.875 -75.8125
1532264938758438 14.75 -20.5625 -2.3125
1532264938810300 14.625 20.3125 -9.1875
1532264938887096 -36 40.75 27.125
1532264938954913 -62.0625 99.75 65.875
1532264939342875 -86.5 192 151.375
1532264939402731 13.375 131.375 161.5
1532264939455575 -18.9375 13.125 0.5625
1532264939493483 -52.375 60.25 -26.3125
1532264939553313 -164.125 208.875 -30.25
1532264939636091 -147.375 199.938 -25.75
1532264939687953 -71 -6.75 47.375
1532264939725851 -87.5 -66.6875 96.5625
1532264939793670 -87.75 -67.25 38.4375
1532264939838550 -72.375 -46 11.6875
1532264939860491 -47.375 19.75 21.125
1532264939905371 -27.25 54.75 -36.1875
1532264939935291 -48.625 55.25 -39.0625
1532264939973189 37.0625 29.5 -19.625
1532264940033030 18.625 18.6875 -28.5
1532264940122790 74.25 -48.3125 -71.375
1532264940190639 76.0625 -48.8125 -74.625
1532264940235489 171 -53 -137.25
1532264940288347 176.75 -42.75 -128.625
1532264940310289 164 -42.4375 -141.625
1532264940341206 117 1.6875 -96.6875
1532264940363147 139.938 1 -103.125
1532264940386086 84.3125 3.75 -14.6875
1532264940437948 0.875 -11.6875 18.5625
1532264940475846 31.3125 -4.9375 20.5
1532264940505766 24.625 -4.6875 4.5625
1532264940565606 -32.3125 -5.9375 -10.5625
1532264940618464 -4.5625 -3.5625 -12.3125
1532264940648384 -12.375 -2.6875 4.3125
1532264940693265 4.125 1.4375 1.75
1532264940753104 6.8125 -27.4375 11.375
1532264940768064 9.0625 -41.1875 7.875
1532264940791014 10.5 -59.8125 6
1532264940880763 11.6875 -114.813 22.1875
1532264940910683 15.0625 -150.75 33.5625
1532264940940603 154.875 -255.063 32.875
1532264940963542 133.438 -262.813 32.5625
1532264940985483 97.5625 -260.125 27.625
1532264941032358 75.125 -224.75 0.0625
1532264941053302 84.125 -216.688 -14.75
1532264941083221 100.25 -214.75 -12.25
1532264941106160 100 -199.938 -8.5
1532264941128101 60.3125 -176.75 -16.5
1532264941172982 51 -144.25 -9.4375
1532264941225840 12.625 -52 18.75
1532264941247781 -4.9375 51.3125 62.6875
1532264941270720 95.75 73.6875 19.1875
1532264941339536 161.063 6.6875 19.4375
1532264941383419 3.625 -29.4375 20.125

1532264941430293 -48.375 -0.375 -7.8125
1532264941488139 -19.9375 -7.125 -0.5625
1532264941503099 -35.625 -4.6875 1.5625
1532264941533019 -6.8125 2.5 -0.125
1532264941547979 9.0625 1.125 -1.6875
1532264941577899 19 0.125 -2.3125
1532264941601834 13.6875 1.3125 -1.375
1532264941615797 0.8125 0.9375 1.4375
1532264941660677 -0.6875 3.5625 1.0625
1532264941675637 0.0625 3.4375 2.375
1532264941705557 12.0625 2.0625 -0.1875
1532264941720517 7.5 -1.625 1.1875
1532264941743456 9.25 5.0625 3.375
1532264941765398 7.5 4.6875 3.0625
1532264941788336 6.5625 4.3125 1.5625
1532264941810292 7.5 3.3125 -1
1532264941840197 5.625 2.4375 -3.6875
1532264941878096 0.5 1.25 -5.4375
1532264941930955 -5.1875 -0.25 -7.6875
1532264941967856 -10.25 -1.5 -9
1532264941975835 -14.375 -2.75 -10.0625
1532264942012742 -18.125 -3.9375 -9.875
1532264942080561 -10.5625 -1.875 -1.625
1532264942133420 4.5 -1.25 6.3125
1532264942223180 9.875 1.8125 5.375
1532264942327900 -12 27.6875 2.5625
1532264942342860 -5.3125 51.4375 8.1875
1532264942380759 -46.0625 119.563 42.8125
1532264942402699 -67.5 151.25 50.9375
1532264942418657 -87.1875 189 56.25
1532264942433617 -100 218.875 54.125
1532264942470518 -148.375 287.813 37.75
1532264942515398 -160.875 323.375 37.125
1532264942545318 -176.438 378.875 58.8125
1532264942591201 -252.625 363.25 73.9375
1532264942613137 -263.063 335.125 73.625
1532264942651036 -231.75 272.375 68.8125
1532264942695916 -186.313 240.438 69.5
1532264942726836 -124.688 169.5 63.125
1532264942747777 -107.438 131.938 60.4375
1532264942770716 -86.5625 90.375 33.5
1532264942785675 -73.5625 75.125 25.3125
1532264942808614 -60.1875 68.1875 21.875
1532264942830555 -65.6875 62.625 8.5625
1532264942845515 -65 54.3125 -9.1875
1532264942913335 -74.5 47.875 -11.25
1532264942981152 -46.4375 1.125 -4.25
1532264943011073 -42.875 -13.25 -3.75
1532264943047974 -19.0625 -35.1875 -10
1532264943062934 -16.9375 -42.9375 -23.4375
1532264943085873 -30.9375 -56.125 -35.3125
1532264943107829 -26.625 -92.4375 -70
1532264943137734 -20.5 -131.875 -111.875
1532264943160673 -25.0625 -157.438 -124.063
1532264943190609 -28.25 -181.625 -135.625
1532264943205553 -21.5 -205.563 -154.313
1532264943243451 -16.9375 -235.25 -176.75
1532264943265393 3 -270.25 -196.25
1532264943280353 53.75 -307.5 -208.375
1532264943318251 112.938 -343.438 -205.063
1532264943348172 176.313 -399.813 -197.063
1532264943415990 267.25 -425.75 -136.625
1532264943445910 216.688 -376.5 -143.125
1532264943460870 190.813 -358.563 -118.813
1532264943520710 87.6875 -314.375 -116.5
1532264943535670 9.25 -261.75 -139.938
1532264943580550 88.625 -88.875 -96.5
1532264943603489 71.1875 -65.4375 -70.1875
1532264943618449 83.3125 -48.5 -42.5625
1532264943663328 102.875 -33.5 -23.625
1532264943693249 102.625 -26 -13.125
1532264943723169 61.75 -17.5 3
1532264943761067 49.3125 -19.75 14.1875
1532264943820907 13.8125 -23.1875 21.5625
1532264943872769 -9.6875 -21.25 18.375
1532264943895707 -14.6875 -9.1875 25.125
1532264943933606 -12.375 11 22
1532264943978486 19 59.6875 -5.1875
1532264944023366 -4.625 101.813 -55.875
1532264944038326 -13.25 112.063 -69.375
1532264944098166 -36 138 -105.5
1532264944121105 -40.375 148.375 -121.625
1532264944172966 -52.5 168.875 -164.438
1532264944195904 -52.25 180.5 -171.625
1532264944262725 -75.375 161.375 -159.625
1532264944285665 -86.1875 150.438 -148.688
1532264944323564 -79.3125 117.25 -121.875
1532264944376422 -50.125 69.8125 -77.3125
1532264944435264 -32.1875 20.5 -35.875
1532264944473172 -20.375 0 -29.0625
1532264944526029 29.4375 -33.25 -35.9375
1532264944547970 37.625 -44.625 -33.5
1532264944585869 34.375 -56.25 -29.3125
1532264944652690 59.5 -42.0625 -15.0625
1532264944675629 48.125 -15.9375 -9.875
1532264944713528 33.3125 17.375 -15.9375
1532264944721506 34.125 35.1875 -20.625
1532264944782344 24.8125 91 -48.875
1532264944803287 13.8125 100.625 -66.375
1532264944833207 -1.25 100.75 -77.5
1532264944871106 18 139.938 -105.625
1532264944908008 60.4375 -59.625 -120.5
1532264944952888 165.938 -34.0625 -0.1875
1532264945080546 14.375 1.375 -15.75
1532264945118445 15.5625 13.0625 -4.6875
1532264945170306 -41.125 26.1875 22.75
1532264945231143 -50.5 35.3125 34.75
1532264945591189 -19.25 66.625 93.0625
1532264945598170 1.5 21.6875 80.3125
1532264945659000 -102.563 106.375 -10.6875
1532264945672962 -128.875 127.563 -8.25
1532264945710861 -173.875 182.813 -6.0625
1532264945755741 -131.563 181.75 -17.125
1532264945793639 -86.875 166.625 16
1532264945853479 -82.1875 94 45.5
1532264945898359 -96.9375 -14.875 72.25
1532264945958198 -2.25 -6.75 9.125
1532264946040979 -24.75 11 17
1532264946092839 -17.3125 17.625 -14.375
1532264946130753 13.375 24.4375 -27.8125
1532264946153676 10.1875 27.25 -34.0625
1532264946213516 -28.0625 13.875 -56.8125
1532264946265379 74.4375 -61.875 -143.813
1532264946318237 92.1875 -99.875 -135.75
1532264946371095 91.6875 -105.375 -195.25
1532264946415975 181.563 -53.25 -192.75
1532264946430935 169.063 -40.125 -203.875
1532264946467836 162.25 -8.375 -139
1532264946505735 102.938 22 -50.9375
1532264946543633 104.625 24.3125 29.25
1532264946595494 -0.4375 4.125 20.75
1532264946618434 -3.1875 3 30.3125
1532264946687250 -24.5625 10.625 6.125
1532264946746092 -16.5625 7.375 -0.375
1532264946782993 8.8125 7.75 -15.125
1532264946835852 -1.9375 4.375 -3.4375
1532264946857795 -0.1875 1.75 -1.5
1532264946889708 11.75 -3.8125 -3.0625
1532264946910652 8.5625 -8.4375 1.1875
1532264946985452 5.5625 -19.5 9.25
1532264947031330 13.375 -26.0625 13.5625
1532264947151010 115.938 -224.563 55.375
1532264947195889 144.75 -255.5 33
1532264947210849 149.25 -260.938 20.875
1532264947232791 119 -261.938 13.6875
1532264947278677 46.875 -228.938 7.5
1532264947300610 40.4375 -214.563 -21.125
1532264947323549 17.625 -182.313 -17.1875
1532264947338508 -23.5625 -164.125 -29.625
1532264947353468 -11.125 -141.313 -47.25
1532264947405329 41.5625 -119.75 -24.1875
1532264947443228 68.75 -111.125 -11.1875
1532264947466167 39.375 -98.375 11.8125
1532264947518028 -24.4375 39.75 38.25
1532264947532988 77.5 51.3125 7
1532264947562908 127.188 -1.6875 10.9375
1532264947600807 -12.8125 -23.9375 13.375
1532264947637708 -77.9375 -19.0625 15

1532264947668626 -89.5 -7.625 9.3125
1532264947728465 11.125 -5 -4
1532264947780326 -15.4375 -3 1.6875
1532264947840515 3.1875 -0.8125 -4.625
1532264947893373 -1.8125 0.375 -0.75
1532264947915314 -1.5 1.625 -0.125
1532264947968173 5.4375 3.125 1.4375
1532264948021040 9.125 5.4375 3.9375
1532264948120765 11.5625 3.6875 2.0625
1532264948320232 -15.875 -5.375 -5.6875
1532264948373089 -11.6875 -4.375 -5.125
1532264948432930 -4.25 0.25 0.6875
1532264948485789 -4.25 1.75 1.375
1532264948545629 -0.4375 3.6875 -0.9375
1532264948613447 0.5625 9.1875 -6.9375
1532264948673287 14.5625 43.3125 7.25
1532264948800946 -141.75 323.25 37.75
1532264948845826 -195.5 333.25 39.125
1532264948882728 -255 263.875 73.625
1532264948890707 -241.813 241.625 74.625
1532264948950547 -228.438 223.438 72.75
1532264948965506 -215.063 202.75 61
1532264948980466 -206.438 177.375 48.875
1532264949003405 -163.375 109.125 50.6875
1532264949078205 -92.5625 64.4375 27.5625
1532264949131063 -67.9375 42 18.375
1532264949153005 -47.875 39.625 8.3125
1532264949220824 -41.25 38.5 1.5
1532264949250744 -35.8125 29.75 -12.4375
1532264949273682 -30.25 20.125 -10.375
1532264949378402 -1.4375 -9.75 16.625
1532264949423282 0.625 -3.1875 11
1532264949461198 -8.75 -12.8125 -3.3125
1532264949498082 -17.9375 -22.9375 -15
1532264949513042 -34.0625 -37.125 -26.3125
1532264949557922 -67.3125 -78.6875 -59
1532264949580861 -81.5625 -110.313 -84.625
1532264949617762 -62.9375 -169.875 -121.25
1532264949648679 -15.4375 -239.875 -149.625
1532264949670621 15.3125 -274.688 -159.375
1532264949708519 47.3125 -301.688 -165.563
1532264949760381 92.5 -344.938 -180.813
1532264949820221 208.75 -385.375 -202.188
1532264949858125 245 -400.625 -202.688
1532264949888039 253.5 -390.438 -191.188
1532264949925938 197.125 -399.688 -154.688
1532264950000738 100.438 -305.25 -33.125
1532264950038636 114.563 -249.25 -42.25
1532264950075538 166.75 -167.938 14.25
1532264950090498 168.563 -143.5 14.4375
1532264950203197 27.25 -11.5 -15.3125
1532264950226135 6.75 -9.5 -9.875
1532264950263036 -11.75 0.125 -9.9375
1532264950300935 -13.5 2.1875 -5.8125
1532264950322876 -29.875 3.125 -4
1532264950465495 11.625 67.5 -26.0625
1532264950495414 -27.5625 153.813 -51.375
1532264950555255 -57.5625 227.875 -89.125
1532264950608114 -74.8125 247.125 -128.75
1532264950652993 -82.625 268.25 -170.438
1532264950675932 -82.8125 246.875 -205.25
1532264950697874 -51.25 213.313 -201
1532264950742754 -44.125 181.563 -196.313
1532264950780652 -42.125 147.375 -185.938
1532264950795612 -28.75 121.438 -157.688
1532264950825532 16.75 39.25 -115
1532264950840499 7.5625 12.1875 -100.188
1532264950863430 -6.875 -4.4375 -89.0625
1532264950893351 -20.75 -21 -67.75
1532264950923271 -36.4375 -44.875 -50.0625
1532264950945212 -63.375 -72.875 -29.5
1532264951027990 82.125 -78.0625 -33.3125
1532264951117750 37.5625 -57 -17.0625
1532264951140689 57.3125 -49.75 -16.6875
1532264951208508 31 -6.5625 -16.625
1532264951230449 23.375 7.9375 -17.0625
1532264951253388 27.8125 38.1875 -21.5625
1532264951305249 1.4375 78.4375 -42
1532264951336175 3.625 90.4375 -54
1532264951366087 3.5625 101.125 -65
1532264951425927 -21.9375 117.313 -40.625
1532264951485767 -142.188 -169.5 79.0625
1532264951523665 -2.1875 -43 -40.4375
1532264951568545 33.5 -4.8125 -8.75
1532264951583505 -3.4375 3 8.5
1532264951613425 3.4375 11.9375 6.375
1532264951635366 -9.625 13.125 10.9375
1532264951688225 -16.8125 18.75 1.5625
1532264951711164 -26 23.5625 6.9375
1532264951733106 -51.4375 50.875 28.4375
1532264951756044 -66.875 76.0625 44.9375
1532264951815899 -83.4375 142.438 95.625
1532264951860804 -123.5 193.75 134.75
1532264951913663 -104.625 218.563 170.563
1532264951973503 -276 89.5625 173.438
1532264952040326 152.875 6.75 80.875
1532264952235801 -70.875 55.5625 -2.1875
1532264952280681 -141.438 138.313 -33.75
1532264952310601 -183.938 171.5 -47.1875
1532264952355480 -139.875 196.813 6
1532264952408340 -56.125 118.125 56.4375
1532264952430281 -57.6875 79.25 54
1532264952453220 -69.25 10.25 54.1875
1532264952476158 -74.375 12.8125 45.0625
1532264952528026 -48.6875 -3.1875 -20.3125
1532264952595839 -68.0625 1.3125 -16.3125
1532264952617779 -51.5 -4.25 -14.125
1532264952647700 -26.5625 -7.8125 -8.0625
1532264952670638 -21.125 -13.5 -6.9375
1532264952700558 -5.875 -12.8125 -11.625
1532264952723497 -5.6875 -8.75 -17.6875
1532264952798296 -10.125 -8.3125 -51
1532264952813257 5.6875 -8.375 -71.375
1532264952873097 88.5 -52.125 -150.25
1532264952910995 119.125 -73.125 -151.688
1532264952970835 129.438 -54.8125 -133.125
1532264953030676 147.75 -27.3125 -94
1532264953075556 82.25 -9.3125 -52.125
1532264953098494 106.875 2.875 -0.125
1532264953180275 3.9375 10.0625 6.25
1532264953315913 5.4375 -6.9375 -16.3125
1532264953405673 6.75 0.75 7.125
1532264953443571 6.625 -0.6875 13.125
1532264953459538 -2.5 -2.0625 14.6875
1532264953488451 8 -7 6.4375
1532264953510393 16 -8.9375 4.1875
1532264953548291 37.1875 -36.125 18.125
1532264953653011 46.5 -128.625 43.625
1532264953727812 150.313 -237.688 -2.25
1532264953750750 137.625 -253.063 12.0625
1532264953795630 32.9375 -256.438 1.875
1532264953848488 41.875 -206.188 13.8125
1532264953863448 54.25 -185.063 13.625
1532264953908331 62.5 -150.813 -7.25
1532264953953209 57.625 -126.688 8.375
1532264953998089 84.4375 -89.125 14.5
1532264954021028 113.063 -67.8125 22.625
1532264954050947 60 -15.6875 39.1875
1532264954065907 40.875 28.8125 27.4375
