1532259360761613 -2.9375 -0.5 1.8125
1532259360783554 -0.75 -2.9375 -0.375
1532259360814471 -1.625 -3.6875 -1.5
1532259360851373 -0.8125 -4.25 -2.125
1532259360934151 -3.5625 -1.25 -0.5
1532259360993991 -2.875 -0.8125 1.75
1532259361038870 -0.625 -0.625 0.8125
1532259361076770 2.6875 1.1875 3
1532259361107688 1.1875 2.1875 2.9375
1532259361136610 0.5625 2.1875 2.5
1532259361181490 -2.3125 0.1875 0.125
1532259361211409 -3.125 -0.6875 -0.8125
1532259361241330 -2.625 -2.3125 -0.625
1532259361354036 -2.875 -1.6875 1.375
1532259361368989 -4.6875 -2.625 2.5625
1532259361421847 -6.75 -3.625 3.3125
1532259361503643 -6.0625 -4.4375 3.625
1532259361571447 -5.8125 -4.6875 4
1532259361759944 -5.5625 -3.625 5.5
1532259361841724 -5.4375 -5.875 0.25
1532259361908545 -1.8125 -5.5625 -2.6875
1532259361969382 -5.5625 -4.0625 0.75
1532259362014263 5.25 3.625 6.25
1532259362074103 15.0625 8.875 6.625
1532259362329420 1.5625 2.3125 1.375
1532259362404222 1.625 3.75 4.5
1532259362449100 0.9375 2.375 3.375
1532259362523900 1.6875 0.4375 0.25
1532259362666519 4.75 3.625 -0.375
1532259362741319 3.75 3.6875 -2.125
1532259362756279 4.25 2.9375 -7.5625
1532259362848033 26.6875 6.5 -10
1532259362876956 15.8125 7.375 -9.6875
1532259362951755 35.3125 158.438 8.1875
1532259362981676 34.4375 183.625 4.3125
1532259363033536 49.875 198.813 -16.625
1532259363094375 56.625 206.25 -30.25
1532259363235995 10.5625 -16.4375 19.75
1532259363296833 32.625 -52.125 22.1875
1532259363333735 10.8125 -64 22.9375
1532259363529212 39.4375 -101.563 -17.625
1532259363723692 36.125 -84.6875 -16.75
1532259363941110 -88.875 48 -6
1532259364068769 48.125 -108.188 26.25
1532259364091707 29.0625 -91.5 2.1875
1532259364113649 21.4375 -85.1875 -6
1532259364166507 61.6875 -69.9375 -3.625
1532259364204420 70.3125 -58.3125 6.3125
1532259364264246 79.4375 -44.25 15.4375
1532259364316108 77 -49.75 12
1532259364391904 61.5 -50.4375 4.3125
1532259364503606 2.5 21.625 -41.75
1532259364624283 -101.25 145.813 -46.9375
1532259364721024 -79.9375 78.6875 -25.6875
1532259364773883 -30.8125 2.4375 6.875
1532259364826742 -23.125 -68.125 53.125
1532259364976342 35.25 -70.125 14.125
1532259364999281 13.9375 -64.9375 -1.3125
1532259365036182 -61.9375 -121.563 -27.8125
1532259365059121 -68.125 -134.063 -17.625
1532259365089041 -31.9375 -155.188 -12.75
1532259365104000 12.625 -173.813 -25.9375
1532259365126939 25.375 -178.063 -26.0625
1532259365217702 25 -165.438 -0.25
1532259365246619 22.5 -160.125 8.1875
1532259365276539 17.25 -160.75 -5.5625
1532259365374278 8.3125 -75.1875 -20.125
1532259365426139 48.25 -38.125 -22.9375
1532259365501950 -52.3125 -13.375 -8.125
1532259365568758 -45.75 -9.375 -7.4375
1532259365643558 13.3125 12.4375 2.5625
1532259365681457 18.8125 9.625 6.8125
1532259365786177 -8.125 -3.875 -2.0625
1532259365809115 -8.375 -3.6875 -2.8125
1532259365854004 -6.375 -2.625 -2.0625
1532259365921813 3.6875 3 2.6875
1532259366184112 2.6875 1.25 1.5
1532259366288832 4.0625 2.0625 1
1532259366371611 2.5625 1 0.4375
1532259366416491 0.3125 0.5625 0.9375
1532259366476331 3.75 1.625 -0.9375
1532259366514229 3.75 2.5 0.75
1532259366566091 3.0625 1 0.0625
1532259366641888 -0.25 -0.75 -0.625
1532259366656849 -0.8125 0.125 0.3125
1532259366693749 0.5625 1.375 0.6875
1532259366716687 -0.4375 0.5 0.6875
1532259366753595 -3.1875 -3.4375 -2.5
1532259366889227 2.625 2.3125 2.875
1532259366928123 0.375 0.5625 -0.125
1532259366985968 -2.375 -2.75 -3.0625
1532259367008927 -2.875 -3.375 -3.1875
1532259367031867 -2.5 -2.5 -2.5
1532259367106681 2.9375 1.5 -1.0625
1532259367196442 9.125 5.375 0.4375
1532259367286201 -5.9375 -4 -1.25
1532259367324100 -3.25 -5.5625 -3.125
1532259367458740 -3.4375 -1.125 5.125
1532259367488660 -0.375 0 5.4375
1532259367511598 -0.9375 -0.875 4.25
1532259367548499 -4 -2.875 2.9375
1532259367586399 -4.5625 -3.25 2

1532259367639258 -2.0625 -2.1875 0.1875
1532259367676159 3.6875 0 -3.1875
1532259367721054 1 -4.1875 -5.25
1532259367766924 0.6875 -4.75 -6.8125
1532259367796836 1.0625 -3.1875 -4.9375
1532259367842713 -2 -2 -3.4375
1532259367871636 -1.4375 -1.5 -2.5625
1532259367969374 1.875 0.75 0.4375
1532259368014254 2.6875 1.25 0.8125
1532259368059134 0.9375 2.375 1.3125
1532259368090067 3.3125 3.25 -2.625
1532259368171833 -0.6875 3.25 -1.9375
1532259368253615 0.125 3.0625 2.3125
1532259368283535 -0.1875 3.5625 4.3125
1532259368441119 -2.6875 1 2.0625
1532259368509082 0.125 2.875 1.875
1532259368576905 -1.875 2.375 4.625
1532259368703562 -1.125 2.6875 5
1532259368764399 0.6875 -2.5625 -4.5625
1532259368824240 -0.25 -3.6875 -5.625
1532259368936938 -1.125 -0.4375 0.3125
1532259368966858 -2.3125 -0.4375 0.3125
1532259368996778 -1.3125 0 1.125
1532259369056618 -1.0625 0.1875 1.5625
1532259369108480 -1.6875 0.125 2.125
1532259369139397 0 1.125 1.375
1532259369176298 0.875 1.1875 1.4375
1532259369191258 0.75 1.125 -0.0625
1532259369236138 1.6875 0.75 -2.1875
1532259369266058 1.0625 -0.25 -2.5
1532259369288997 0.25 -1.4375 -1.75
1532259369333876 -0.125 -1.125 -0.8125
1532259369401696 0.25 -0.125 -0.25
1532259369431615 -0.75 1.375 1.25
1532259369469514 -0.3125 1.6875 1.0625
1532259369514394 0.3125 1.0625 1.5625
1532259369589194 -0.375 0.75 1.375
1532259369641056 0.3125 1 1.375
1532259369738794 -2.3125 -0.3125 1.4375
1532259369813607 -6.5 -2.3125 1.625
1532259369843514 -4.6875 -1.125 2.9375
1532259369881412 -4.625 -0.3125 4.0625
1532259369934272 -3.9375 0.375 5.5
1532259369971173 -2.0625 1.8125 7.6875
1532259370016053 4.625 4.6875 6.0625
1532259370045972 6.3125 5.1875 4.625
1532259370098831 4.4375 3 -0.75
1532259370121770 2.9375 0.5625 -4.125
1532259370143711 1.5 -1.9375 -7.0625
1532259370166650 -1.25 -5.8125 -8.9375
1532259370196570 -4.4375 -5.375 -8.4375
1532259370234473 0.6875 -3.0625 -9.4375
1532259370301290 24.5625 61.5625 9.75
1532259370324229 33.25 70.5625 2.625
1532259370376090 51.125 86.1875 7.625
1532259370428948 53.625 109.75 0.4375
1532259370443909 86.1875 132.063 -18.75
1532259370518709 28.9375 165.625 -15.375
1532259370654346 1 172.625 -34.8125
1532259370721169 -44.1875 -13.9375 -2.8125
1532259370774026 -15 -120.063 36.875
1532259370901685 3 -123.313 36
1532259370938586 22.875 -126.75 25.4375
1532259371253766 -65.8125 116 -27.0625
1532259371283663 -40.625 76.875 -2.75
1532259371358469 -37.1875 39.375 20.0625
1532259371471162 8.9375 -76.375 65.6875
1532259371696559 34.125 -84.625 -8.4375
1532259371733460 55.4375 -69.6875 0.0625
1532259371771359 31.9375 19.0625 -20.375
1532259371833193 -78.5625 159.563 -71.5625
1532259371988777 -80.875 104.438 -32.4375
1532259372041636 -34.5 6.5625 25.125
1532259372101476 33.8125 -132.938 44.375
1532259372161316 52.8125 -114.813 8.75
1532259372238111 39.875 -83.8125 1.5625
1532259372266035 36.8125 -59.25 1.875
1532259372311913 61.75 -35.5625 15.625
1532259372401673 55.5 -19.625 -0.5
1532259372438574 43.0625 -11.0625 -6
1532259372604133 -11.3125 42.6875 -40.4375
1532259372678932 18 -63.9375 28
1532259372716830 27.875 -87.875 41
1532259372783652 26.25 -95.6875 47
1532259372806591 37.1875 -97.875 54
1532259372828532 42.75 -96.25 57.375
1532259372889369 44.3125 -101.563 42.0625
1532259372934249 42.6875 -100.313 44.0625
1532259372971150 31.4375 -95 40.875
1532259373061908 -14.3125 -90.6875 23.0625
1532259373098809 47.875 -72.625 -3.125
1532259373136708 48.3125 -55.75 2.125
1532259373143689 17.25 -33.1875 -3.375
1532259373166628 -81.875 -2.25 -16.9375
1532259373226467 -56.1875 -14 6.0625
1532259373301268 -15.8125 -1.125 -9.625
1532259373361108 -17.5625 0.625 -8.875
1532259373428926 0.4375 -5.375 -3.8125
1532259373496745 12.625 4.875 2.4375
1532259373518685 9.375 3.9375 2.5625
1532259373601465 -1.6875 2.125 0.125
1532259373646345 -4.3125 -2.625 -2
1532259373661305 -4 -2.25 -1.8125
1532259373751065 0.875 0.5 3.5625
1532259373818895 2.5625 2.3125 1.25
1532259373848803 2.1875 1.0625 -0.1875
1532259373991430 -2.75 -2.625 -2.5625
1532259374044281 1.6875 0.375 -0.5625
1532259374066222 2.875 1.5625 1
1532259374104120 -0.9375 1.8125 1.9375
1532259374141022 -1.875 0.5 0.6875
1532259374201859 -5.5625 -4.3125 -1.5
1532259374299598 -1.0625 -0.625 -0.625
1532259374374398 5.1875 3.875 1.6875
1532259374449198 -1.875 -0.4375 0
1532259374494078 -2.375 -2.875 -2.4375
1532259374598798 2.25 -0.4375 -2.875
1532259374673604 7 4.9375 -0.9375
1532259374726457 3.875 3.9375 -0.625
1532259374756377 -1.125 -2 -1.9375
1532259374786296 -5.1875 -2.8125 -0.4375
1532259374824195 -4.8125 -1.875 0.6875
1532259374913955 -12.6875 -9.875 -8
1532259374966814 -45.625 -0.75 -17.75
1532259375026654 -5.0625 96.3125 -31.625
1532259375086505 5.625 146.938 -45.1875
1532259375154313 -1.625 169.938 -46.875

1532259375280974 -33.625 189.188 -82.5625
1532259375386697 -37.8125 170.313 -74.5625
1532259375798589 -23.0625 13.1875 -18.1875
1532259375919403 -3 4 -2.375
1532259376001202 -6.25 2.4375 -0.5
1532259376076981 2.3125 4 -0.875
1532259376414271 -5.4375 -0.4375 3.8125
1532259376556891 15.1875 -199.875 77
1532259376571851 20.5625 -194.313 49.6875
1532259376601771 51.125 -181.25 34.6875
1532259376631691 37.875 -179.375 22.5
1532259376646651 27.9375 -173.875 24.3125
1532259376661611 15.5 -163.813 42.875
1532259376699284 15.8125 -130.313 14.8125
1532259376729203 33.8125 -112.563 -3.6875
1532259376781065 21.8125 -53.75 20.25
1532259376804020 -3.5 -25 20.25
1532259376825945 -6.4375 -2.875 10.5625
1532259376841902 12.25 6.375 10.625
1532259376893763 5 -13.5625 1.5625
1532259376931662 -3.0625 -17.1875 -0.5
1532259376961582 -9.0625 -5.5 -8
1532259376999481 -11.75 8.4375 -3.1875
1532259377021422 -2.125 8.0625 0.3125
1532259377045358 1.9375 8.25 2.25
1532259377081262 1.75 7.4375 1.0625
1532259377134120 0.8125 5.3125 1.25
1532259377171022 -0.625 5.1875 1
1532259377185982 -1.9375 4.9375 -0.1875
1532259377246820 3.1875 2.625 0.25
1532259377283721 2.5625 2.5625 -0.0625
1532259377306660 3 2 -0.625
1532259377321620 2.6875 1.75 -1.625
1532259377373481 4.8125 1 -5.5
1532259377389438 3.75 0.8125 -5.375
1532259377434318 -0.75 -2 -3.0625
1532259377464238 0.0625 -2.125 -0.9375
1532259377501140 0.3125 -1.5625 -0.8125
1532259377546019 2.5 1.375 -0.1875
1532259377568958 3.6875 3.5 -0.8125
1532259377583918 4.375 3.5 -1.625
1532259377606857 5.125 3.1875 -2.125
1532259377628798 4.5625 2.375 -2.1875
1532259377658717 3.9375 1.9375 -1.9375
1532259377681656 3.5 1.375 -1.9375
1532259377718558 2.875 0.75 -1.5
1532259377734425 2.5625 0.0625 -1.25
1532259377786287 -1.125 -1.3125 0.375
1532259377816219 -3.6875 -1.4375 2.375
1532259377831167 -4.25 -1.3125 2.3125
1532259377869066 -4.4375 -1.375 4
1532259377891007 -4.1875 0.4375 0.6875
1532259377928905 1.375 2.625 1
1532259377988746 1.625 1.1875 -0.5
1532259378011684 1.25 -0.3125 -1.25
1532259378056564 -1.75 -3.3125 -1.625
1532259378116404 -2 -2.125 -1.3125
1532259378139343 -2.5 -1.9375 -0.8125
1532259378191204 -3.875 -0.8125 1.1875
1532259378214143 -3.75 -0.0625 1.8125
1532259378229103 -4 0.5 2.875
1532259378259023 -3.5625 0.75 2.9375
1532259378288943 -2 1.1875 2
1532259378318863 -0.75 -0.5 1.1875
1532259378356761 -3.375 -2.3125 1.1875
1532259378378702 -3.375 -1.8125 0.9375
1532259378423582 -4.3125 -2.6875 -1.5625
1532259378446521 -5 -4.25 -0.6875
1532259378491401 -5.9375 -5.125 -0.125
1532259378536281 -6.3125 -5.6875 0.375
1532259378619060 -4.875 -3.75 2.8125
1532259378738740 -3.3125 4.625 6.625
1532259378911281 -8.0625 -4.625 3.3125
1532259378943193 -8.8125 -3.3125 3.875
1532259379038937 -7.5625 -2.3125 3.625
1532259379091810 -1.875 0.375 3.8125
1532259379188537 0.875 1.1875 3.6875
1532259379264335 5.625 -2.75 -7.9375
1532259379288271 2.5 -4.125 -7.0625
1532259379384014 13.0625 7.6875 -4.6875
1532259379428894 5.625 4.0625 -1.25
1532259379488735 -8 -4.0625 -1.125
1532259379541593 -17.25 -8.8125 -0.9375
1532259379563534 -13.75 -7.75 -0.4375
1532259379609415 -23.3125 -4.9375 2.5625
1532259379639331 -17.125 -10.5 -0.875
1532259379676233 -15.8125 14.4375 -1.6875
1532259379729092 -14.625 24.9375 -4.25
1532259379833811 1.9375 60.3125 -13.5
1532259379961470 -4.9375 106.5 -21.6875
1532259380140990 -57.375 112.188 7.5625
1532259380208826 3.875 -19.5 44.375
1532259380231747 -24.6875 -95.625 40.375
1532259380283608 21.1875 -134.063 -4.9375
1532259380329503 60.6875 -135 2
1532259380351427 62.5 -119.313 -22.6875
1532259380375364 94.1875 -100.063 -33.25
1532259380396308 97.5625 -75.5625 -34.25
1532259380434206 61.5 -53.6875 -49.125
1532259380568846 30.875 -36.3125 -54.125
1532259380606749 -6.5 121.375 -64.375
1532259380658606 -87.4375 204.5 -50.375
1532259380786265 -81.5625 129.938 -0.9375
1532259380809203 -75.25 42.3125 31
1532259380816185 -68.375 -4.125 47.5625
1532259380861065 13.1875 -124.063 52.1875
1532259380890984 43.1875 -113 -1.25
1532259380921902 101.313 -82.5625 -17.75
1532259380981742 51 -45.4375 -44.1875
1532259381003683 54.625 -24.0625 -42.5625
1532259381109400 52.0625 30.3125 -49.1875
1532259381161262 44.5 58.4375 -52.4375
1532259381199172 27.5625 86.6875 -58.8125
1532259381393640 -66.1875 29.8125 15.25
1532259381453480 -4.75 -93.5 66.75
1532259381469438 19.3125 -115.813 67.5
1532259381521300 55.625 -58.875 -23.625
1532259381536259 43.8125 -62.8125 -22.9375
1532259381626019 29.5 -108.75 9.9375
1532259381678878 21.5 -147.813 12.6875
1532259381776616 10.6875 -149.813 14.875
1532259381844435 -2.6875 -142.75 20.3125
1532259381881336 33.5625 -87.125 -0.6875
1532259381941176 3.0625 -56.0625 -10.875
1532259382046893 -16.5625 -32.875 -10.9375
1532259382143635 -17.0625 -1.9375 -4.75
1532259382503674 -1.25 2.375 2.6875
1532259382571491 3.3125 3.9375 1.1875
1532259382758989 1.25 2.6875 1.3125
1532259382781928 2.25 2.875 1.8125
1532259382833789 1.875 2.4375 0
1532259382848749 5.1875 0.5625 -2.625
1532259382908590 -5.8125 -2.8125 -2.9375
1532259382984387 -6 -5.375 -2.3125
1532259382999347 -5.625 -5.0625 -1.4375
1532259383111048 5.6875 5.625 3.8125
1532259383133986 4.25 5.1875 3.75
1532259383201805 1.25 1.625 1.125
1532259383351405 -0.3125 -0.125 -1.125
1532259383404269 6.75 6.3125 3.5625
1532259383471085 -1.9375 -1.125 -1.1875
1532259383538903 -6.1875 -7.125 -4.6875
1532259383681522 2.75 1.25 -0.75
1532259383794221 6.4375 6.8125 2.6875
1532259383846082 4.625 2.375 0.4375
1532259383883981 -2.875 -3.1875 -1.5625
1532259383959778 -1.9375 -2.875 0.8125
1532259383981720 -2.875 -3 0.375
1532259384041560 -5.375 -3.75 1.9375
1532259384063501 -4.3125 -2.625 2.25
1532259384124338 -0.5 0.5 1.75
1532259384139298 -0.5 0.375 1.375

1532259384184178 -2.625 -1.3125 -0.5
1532259384236040 -0.1875 -1.3125 -1.625
1532259384288898 2.25 -0.8125 -2.875
1532259384318818 -1.0625 -1.4375 -1.3125
1532259384348738 -2.875 -3.1875 -1.625
1532259384371676 -3.9375 -6.125 -3.5
1532259384393618 -2.4375 -5.6875 -3.1875
1532259384416557 0.125 -7 -4.5625
1532259384446477 0.25 -8.5625 -8.3125
1532259384469415 4.625 -10.4375 -8.375
1532259384499335 -1.125 -2.125 -14.5625
1532259384514295 -9.125 3.9375 -20.875
1532259384574149 -13.75 14.8125 -5.9375
1532259384596077 -14.6875 16.5625 -6.4375
1532259384641954 4.3125 5.25 -5.5625
1532259384723735 0.1875 -8.3125 2.75
1532259384738712 9.5625 -17.8125 5.6875
1532259384791554 39.1875 -4.8125 21.6875
1532259384822471 40 7.375 20.875
1532259384874333 -18.4375 2.5625 1
1532259384926194 -14.8125 -5.6875 0.5
1532259384949133 -5.875 -9.125 -0.25
1532259384979053 -6.125 -6.25 -1.25
1532259385001992 -5.8125 3.5 0.8125
1532259385053853 1 1.25 -2.375
1532259385083780 -3.375 1.625 -2.25
1532259385106719 -2.8125 0.9375 -1.0625
1532259385143620 1.125 0.1875 -0.25
1532259385188500 1.5 0 0.5625
1532259385211438 -0.5 -0.25 0.9375
1532259385249337 -0.8125 0 1.75
1532259385286238 -0.4375 0 2.4375
1532259385301198 -0.625 0.1875 2.875
1532259385331119 -0.375 -0.0625 1.9375
1532259385369017 0.3125 -0.375 0.3125
1532259385398937 -0.125 0.25 -1.5
1532259385428857 1.1875 -0.375 -2.6875
1532259385444815 0.3125 -1.3125 -3.125
1532259385466755 -0.0625 -2.25 -3.375
1532259385496676 0.4375 -1.875 -3.25
1532259385526596 0 -1.25 -2.625
1532259385563497 0.25 -0.3125 -1.6875
1532259385594415 0.1875 0.9375 -0.0625
1532259385631316 -1.625 -0.25 0.375
1532259385654254 -1.3125 -0.125 0.0625
1532259385691155 -2.625 -1.25 -0.6875
1532259385714095 -3.0625 -1.3125 -1.375
1532259385744015 -3.5625 -2.5625 -0.9375
1532259385781913 -5.0625 -2.875 -1.375
1532259385803857 -6.4375 -2.8125 0
1532259385931512 -5.8125 -2.9375 1.4375
1532259385984372 -4.4375 -0.75 3.0625
1532259386066154 -4.75 0.0625 4
1532259386105064 -4.9375 0 8.1875
1532259386178852 -5.75 -1.875 2.6875
1532259386210766 -6.0625 -1.4375 2.6875
1532259386336430 -4.25 -1.5 2
1532259386404249 -3.5625 -0.5625 2
1532259386471082 -1.1875 -0.875 4.25
1532259386494009 5.6875 3.4375 -2.0625
1532259386561827 0 -2.5 -6.4375
1532259386591748 -3.5 -3.6875 -5.75
1532259386673529 4.1875 1.25 -0.5625
1532259386749325 23.4375 8.875 -8.875
1532259386771268 20.125 10.3125 -11.3125
1532259386809166 15.375 30.875 -8.5625
1532259386891951 23.3125 119.375 -31.6875
1532259386913886 -16.5625 156.313 -22.375
1532259386943806 20.25 244.438 -56.4375
1532259387018606 -10.9375 256.375 -55.5
1532259387048526 -44.5 252.313 -60.75
1532259387086425 -59.4375 235.625 -54.3125
1532259387124323 -52.875 175.25 -37.9375
1532259387161225 -49.1875 59.375 8.0625
1532259387169204 -43.375 15.4375 20.9375
1532259387199124 -10.8125 -77.8125 43.4375
1532259387296862 28.3125 -105.813 23.1875
1532259387423523 67.625 -37.5 -4.625
1532259387461422 33.0625 66.8125 -43.5625
1532259387506302 -43.9375 157.188 -72
1532259387529241 -84.125 135.063 -42.25
1532259387551181 -57.875 83.125 -6.375
1532259387581102 -46.9375 46.8125 12.625
1532259387641939 -29.875 -74.3125 57.75
1532259387716739 58.4375 -140.688 59.5
1532259387776579 66.3125 -120.5 38.0625
1532259387859358 70.875 -76.375 -22.3125
1532259387993998 -2.125 -1 -74.5
1532259388115672 -42.8125 144.938 -77.125
1532259388173518 -76.0625 84 7.3125
1532259388196456 9.4375 -136.25 66.9375
1532259388241337 27.5 -140.438 51.6875
1532259388271259 34.4375 -125.875 27.3125
1532259388339075 87.375 -120.25 -36.0625
1532259388398915 71.75 -106.5 -64.75
1532259388436843 7.5625 -40.375 -74.4375
1532259388488675 0.125 28.625 -57.8125
1532259388586414 -44.0625 31.375 -32.4375
1532259388616344 -59.875 -24.0625 2.3125
1532259388766931 -10.5625 -160.438 59.625
1532259388901571 57.0625 -122.313 41.9375
1532259388991331 -2.9375 -43.75 9.375
1532259389171848 57.125 -16.625 12.875
1532259389246648 -24.75 10.3125 -2.8125
1532259389321448 -2 2.125 -1.9375
1532259389396248 5.5 4.5625 2.1875
1532259389674508 5.75 2.5625 0
1532259389749304 2.75 3.5625 2.3125
1532259389816124 1.9375 1.8125 2.9375
1532259389875965 1.5625 1.625 2.4375
1532259390011603 0.3125 -0.9375 -1.3125
1532259390146243 1.6875 2.5625 2.125
1532259390288882 2 1.1875 -2.0625
1532259390348721 -2.1875 -3.4375 -2.625
1532259390416541 3.375 2.4375 0.8125
1532259390499319 3.4375 4.875 3.5
1532259390551180 0.9375 2.125 0.75
1532259390574119 -3.875 -3.875 -2.625
1532259390626978 1.0625 -0.5 -1.375
1532259390738679 3.1875 4.3125 -0.0625
1532259390844396 1.125 2.1875 0.3125
1532259390866337 1.1875 1 0.1875
1532259390926178 -2.625 -2.875 -0.375
1532259391053836 -1.4375 -0.375 2
1532259391173516 -1 -3.125 -0.8125
1532259391234353 0.375 -1.125 -1.375
1532259391257292 0.3125 -1.0625 -1.25
1532259391271256 0.375 -1.5625 -1.0625
1532259391316134 -0.5 -2.125 -0.625
1532259391346054 -1.875 -2.5 0.25

1532259391376973 -1.8125 -2.75 0.1875
1532259391428833 -2.0625 -2.3125 0.5625
1532259391460005 -2.0625 -0.25 0.625
1532259391518848 -0.875 0.5 0.125
1532259391556747 -0.375 -0.625 -0.1875
1532259391571722 -0.875 -1.0625 -0.375
1532259391601626 -0.4375 -0.9375 -0.125
1532259391638527 -0.125 0.3125 -0.25
1532259391661466 0 -0.4375 -1.1875
1532259391691388 -1 -2.1875 -1.5625
1532259391729285 -2.1875 -2.625 -0.6875
1532259391751227 -3.1875 -2.3125 -0.1875
1532259391789125 -3.6875 -0.9375 0.9375
1532259391819045 -3.0625 2.0625 2.875
1532259391871600 -0.5 2.125 2.6875
1532259391886559 -0.75 1.625 1.8125
1532259391946400 -0.25 0.875 0.5625
1532259392006240 1.0625 1.5 0
1532259392036159 1 1.6875 -0.3125
1532259392081039 1.4375 1.6875 -1.125
1532259392163819 3.375 2.75 -1.3125
1532259392193738 3 1.875 -0.75
1532259392223658 1.25 1.9375 -0.625
1532259392238619 1.25 1.75 -0.4375
1532259392283498 2.125 1.9375 -0.5
1532259392299467 2.6875 2.5625 -0.3125
1532259392336356 3.3125 2.8125 -0.4375
1532259392366277 3.25 2.25 -0.9375
1532259392434101 3.25 1.5 -1.125
1532259392523860 2.6875 2.375 -1.0625
1532259392576720 2.875 2.0625 -2.4375
1532259392628581 -0.8125 -0.0625 -0.8125
1532259392643540 -0.25 -0.125 0.25
1532259392689418 -0.3125 2.5 1.3125
1532259392711360 1.3125 3.0625 0.4375
1532259392741279 2.25 2.8125 -0.125
1532259392764218 2.875 1.8125 -0.875
1532259392839019 0.8125 -0.6875 -3.125
1532259392853979 0.625 -2.375 -3.375
1532259392898859 -2.5 -3.5 -4.0625
1532259392928778 -1.0625 -1.4375 -2.125
1532259392951717 -0.375 -0.6875 -1.0625
1532259392973659 0.0625 0.0625 -0.375
1532259392988618 0.0625 0.3125 -0.125
1532259393011557 -1.0625 0.125 0.5625
1532259393041476 -1.8125 0.3125 1.3125
1532259393124255 -0.9375 2.0625 2.125
1532259393176116 -0.4375 2 2.125
1532259393214016 -0.9375 1.1875 0.9375
1532259393243936 -1.375 -0.3125 0.0625
1532259393258895 -1.375 -0.5625 0.5
1532259393273856 -1.0625 -0.75 0.1875
1532259393318735 -0.6875 -0.3125 0.375
1532259393371594 -0.25 0.25 0.3125
1532259393424452 -1.8125 0 0.4375
1532259393611952 -2.4375 -1.6875 0.6875
1532259393753573 -6.1875 -2.6875 3.1875
1532259393836351 -5.375 -2.25 2.6875
1532259393889209 -5.1875 -1.75 2
1532259393956031 -5.875 -2.875 0.5
1532259394016869 -2.875 -1.5625 1.75
1532259394098650 3.875 0.6875 -1.9375
1532259394181428 -3.125 -4.625 -3.3125
1532259394205365 -3.4375 -3.1875 -1.375
1532259394309086 0.125 1.6875 2
1532259394376906 1.1875 2.5625 2
1532259394391877 2.375 2 1.875
1532259394451706 6.125 1.375 -3.4375
1532259394481626 17.3125 5.5 -13.4375
1532259394533487 28 49.5625 10.5
1532259394564405 36.6875 65 -2.9375
1532259394781823 -22.6875 222.063 -53.625
1532259394841663 -22.0625 -46 49.6875
1532259394902500 -7.6875 -110.188 46.75
1532259394962340 42.375 -121.25 -5.875
1532259395074042 46.0625 -114.625 -15.9375
1532259395231620 -33.125 183 -71.6875
1532259395396180 -0.3125 -90.5 56.375
1532259395486938 25.1875 -143.25 50.4375
1532259395538799 95.875 -101.563 -8.9375
1532259395576697 78.0625 -86.875 -18.5
1532259395651497 68.1875 -50.5625 -15.875
1532259395689403 72.375 -34.4375 -27.6875
1532259395711343 52.375 7.4375 -39.5625
1532259395749236 37.6875 55.5625 2
1532259395996575 -71 -3.875 11.8125
1532259396018516 -13.4375 -92.25 44.5
1532259396116255 22 -112.75 -20.6875
1532259396154155 51.875 -111.375 -25.75
1532259396206015 35.3125 -127.938 -20.75
1532259396243913 45.3125 -142.688 -8.125
1532259396461332 38.25 -93.125 33.5625
1532259396484271 41.625 -53.9375 12.625
1532259396596969 -33.5625 -8.25 -10.875
1532259396723630 -13.0625 -53.25 -5.3125
1532259396755545 -13.5625 -0.125 7.8125
1532259396881210 28.625 6.1875 6.125
1532259396949028 -21.0625 17.5 5.75
1532259396978948 11.6875 0 5.0625
1532259397068708 0.8125 -5.6875 -0.8125
1532259397091646 1.75 -3.375 -0.625
1532259397166459 0.875 3.0625 1.1875
1532259397353944 2.125 4.375 1.125
1532259397428744 -2.9375 -2 1.125
1532259397706004 1.25 -3.1875 0.25
1532259397728942 3.125 -2 -0.1875
1532259397788782 2.1875 3.3125 0.0625
1532259397841641 3.375 3.3125 0.125
1532259397886520 0.3125 0.875 -0.5625
1532259397924420 -3.75 -3 -0.375
1532259397939379 1.375 -2.125 -0.5625
1532259398014179 3.75 2.4375 -1.1875
1532259398088980 1.3125 3.4375 -0.5
1532259398111918 1.625 3.4375 0
1532259398141837 1.875 2.5625 0
1532259398261517 2.125 0.4375 -1.8125
1532259398344297 -0.8125 -0.375 -1.5625
1532259398404152 -2.0625 -2.125 -1.75
1532259398598616 -0.75 -2.375 0.25
1532259398696355 -2.75 -2.75 2.125
1532259398734254 -2.125 -4.875 0.8125
1532259398816035 -0.5 -4.9375 -1.4375
1532259398868893 0.4375 -5.0625 -1.75
1532259398891832 -1.8125 -3.875 -0.0625
1532259398928734 -0.5 -2.6875 0.4375
1532259398958654 -1.4375 0.1875 1.375

1532259398996552 -1.625 1 1.625
1532259399026472 -1.3125 0.875 1.75
1532259399056393 -2.5625 0.375 0.625
1532259399071354 -2.1875 -1.25 0.4375
1532259399109251 -1.875 -3 -0.5625
1532259399131192 -1.75 -3 -0.75
1532259399161112 -1.5625 -2.5625 -0.875
1532259399184051 -2 -1.875 -0.75
1532259399205992 -2.625 -1.5625 0
1532259399251876 -2.75 -1.6875 0.0625
1532259399296756 -1.75 -1.6875 0.0625
1532259399318697 -0.75 -1.6875 -0.125
1532259399371556 -0.4375 0.8125 1.1875
1532259399386516 -1.125 1.75 1.5625
1532259399424414 -1.75 2.3125 2
1532259399461316 -1.6875 1.875 2.25
1532259399491236 -1.5625 1.3125 1.4375
1532259399506196 -0.75 0.8125 0.4375
1532259399536116 1.25 0.6875 -0.375
1532259399559054 1 1 -0.375
1532259399588974 1 1.0625 -0.75
1532259399633854 1.3125 0.5625 -1.1875
1532259399648814 1 0.1875 -1.125
1532259399679732 1.375 0.6875 -1
1532259399723614 1.8125 0.6875 -0.8125
1532259399768494 2.5625 3.375 -0.625
1532259399784452 2.5625 3.625 -0.75
1532259399799411 2.8125 3.5 -0.25
1532259399814373 3 3.6875 -0.125
1532259399859252 2.25 4.0625 -0.1875
1532259399874212 2.375 4.1875 -0.1875
1532259399919092 3.25 3.75 -0.8125
1532259399941033 4 4 -0.9375
1532259399963972 4.125 3.8125 -1.25
1532259399978932 3.5 3.8125 -1.0625
1532259400031790 3.1875 3.3125 -0.8125
1532259400061710 3 2.625 -0.25
1532259400091630 3.0625 2.0625 -0.6875
1532259400128532 2.875 1.8125 -0.5625
1532259400196351 2.25 1.375 -1.1875
1532259400219289 2.4375 1.5 -0.9375
1532259400249209 1.0625 0.6875 -0.9375
1532259400316030 -1.5 -0.625 0.4375
1532259400346948 -3.25 -1.4375 1.125
1532259400368889 -3.5625 -2.25 0.6875
1532259400413769 -3.5 -1.25 2
1532259400481587 1.4375 2.625 1.4375
1532259400534446 1.75 0.6875 -0.625
1532259400556389 0.3125 -2.375 -2.8125
1532259400571348 0 -3.125 -3.3125
1532259400616227 -1 -2.5625 -2.9375
1532259400654127 -1.125 -1.0625 -2.25
1532259400684046 1 1.1875 0
1532259400699005 0.75 1.5625 0.5
1532259400736905 -0.9375 0.125 0.4375
1532259400758846 -1.8125 -1.25 0.1875
1532259400833646 -2 -2 -0.25
1532259400886505 -0.8125 -1.3125 0.25
1532259400901465 -0.25 0.25 0.9375
1532259400931385 -2.25 0.625 2
1532259400969284 -2.0625 0.75 1.9375
1532259401021148 -0.9375 0.625 1.4375
1532259401036105 -3.375 -1.0625 1.6875
1532259401103936 -2.25 -1.9375 -1.0625
1532259401126862 -2.125 -2.375 -0.875
1532259401163764 -3.8125 -2.75 -0.5
1532259401299401 -6.0625 -2.9375 3.6875
1532259401456979 -7.75 -2.25 4.375
1532259401523800 -3.8125 -0.4375 3.1875
1532259401546739 -7.3125 -2.875 1.0625
1532259401591620 -5 -2.1875 2.625
1532259401674398 -1.0625 -0.5 5.125
1532259401696340 -1.5625 0.25 5.0625
1532259401719283 0.625 0.5 5
1532259401756179 4.625 1.25 3.9375
1532259401801059 6.8125 2.3125 1.9375
1532259401928719 -0.8125 -3.5625 -6.8125
1532259401981577 -0.4375 -2.8125 -3.75
1532259401996537 0.625 -1.125 -2.1875
1532259402079316 6.0625 2.5625 0.8125
1532259402131177 4.875 2.25 1.0625
1532259402198996 9.3125 4.3125 -0.625
1532259402213959 4.625 -9.375 -22.9375
1532259402236895 57.125 31.625 -16.625
1532259402258836 38.0625 64.9375 -11.25
1532259402311693 10.8125 175.938 -23.625
1532259402356573 39.1875 229.938 -30
1532259402484249 -31.5625 224.813 -16.9375
1532259402626864 -34.625 -26.75 12.5
1532259402657769 -37.5 -107.813 3.625
1532259402851274 77.8125 -70.9375 -11.5625
1532259403002845 -91.875 123.188 -32.5
1532259403113549 -26.875 13.5 27.5625
1532259403398786 58.9375 12.5 -36.375
1532259403458626 11.375 73.875 -52.3125
1532259403639145 -59.375 -19.375 39.9375
1532259403669065 -59.4375 -50.625 53.4375
1532259403692006 38.625 -133.813 55.375
1532259403713943 58.8125 -145.75 58.625
1532259403758824 17.625 -123.688 1.9375
1532259403796722 -3.625 -99.75 -11
1532259403871541 46.0625 -90.9375 -18.625
1532259403924381 81.8125 -51.0625 -3.625
1532259404201639 -92.9375 153.25 -63
1532259404231560 -98.9375 150 -49
1532259404254498 -64.1875 39.5625 -0.125
1532259404299379 40.4375 -90.3125 51.6875
1532259404359218 44.1875 -120.625 -15.25
1532259404381165 6.6875 -144.625 -24.0625
1532259404419058 11.125 -185 -18.75
1532259404448978 47.4375 -190.938 -3
1532259404486877 63.75 -196.563 11.6875
1532259404516802 58.75 -198.063 7.75
1532259404553698 57.5 -168.688 38.3125
1532259404606557 74.625 -152.875 37.6875
1532259404659431 111.875 -136.375 42.125
1532259404771116 -49.4375 -30.5 -37.75
1532259404794065 -0.375 -51.1875 -7.5
1532259404831954 5.3125 -34.5625 8.25
1532259404846914 7.625 -9.4375 -0.5625
1532259404861874 -9.625 9.8125 -7.75
1532259404906754 -24.1875 15.6875 -11.9375
1532259404921715 -20.6875 11.9375 -9.3125
1532259404951634 11.8125 -2 -2.5625
1532259405034413 -17.75 19 3.5
1532259405056354 -12.75 18.25 5.875
1532259405079293 21.625 10.3125 8.5
1532259405124172 21.9375 7.9375 7.625
1532259405155090 -6.0625 -1.125 2.3125
1532259405206951 -4.875 -4.5625 -0.125
1532259405236871 -5.0625 -6.125 -2.625
1532259405333613 0.625 -0.4375 -0.25
1532259405364530 1.25 -0.6875 -0.25
1532259405431351 1.5625 0.625 0.625
1532259405523110 3.875 1.625 0
1532259405544054 -0.125 -1.125 -2.0625
1532259405581948 -4 -3.75 -1.8125
1532259405611869 -3.9375 -4 -0.9375
1532259405633810 -2.3125 -3.5625 -0.5625
1532259405678690 -0.5 -0.5625 0.375
1532259405693650 1.125 1.25 0.875
1532259405754488 2.625 2.625 1.0625
1532259405776428 2.25 2.375 1.375
1532259405859207 0.5 -0.75 -1.0625
1532259405881149 -1.6875 -2.5625 -1.6875
1532259405904088 -2.75 -3.625 -3.125
1532259405986886 -1.0625 -1.25 0.125
1532259406016786 2.125 1.375 1.625
1532259406098567 0.625 2.625 2.5625
1532259406144445 -0.375 1.9375 2.25
1532259406181346 -2.125 -2.6875 -2.0625
1532259406280082 -1.375 -3.5625 -3.4375
1532259406309004 2.875 1.4375 -0.4375
1532259406391784 0.625 5.375 5.4375
1532259406466583 -0.0625 5.625 6
1532259406586263 -0.375 2.0625 3.5
1532259406713922 -1.3125 -1.625 1.3125
1532259406796700 -1.125 -0.8125 3.0625
1532259406818641 -2.25 -2.875 0.5

1532259406924359 -1.9375 -2.125 -1
1532259406991180 -0.3125 -2.625 -1.25
1532259407014119 0.4375 -1.75 -1.25
1532259407045036 -0.0625 -0.625 -1.3125
1532259407118839 -0.375 1.1875 0.3125
1532259407141778 -1.375 0.375 0.0625
1532259407179298 -2.625 -0.0625 0.5625
1532259407209218 -2.375 0 0.125
1532259407224211 -2.375 -0.125 -0.125
1532259407292030 -1.3125 0 0.5625
1532259407336923 -0.75 0.625 0.9375
1532259407351869 0.0625 1.6875 2
1532259407381789 -2.125 1.625 3.375
1532259407411709 -2.9375 1.6875 3.375
1532259407463933 -2.3125 0.75 2.625
1532259407561672 1.5 0.375 -0.6875
1532259407613775 1.25 0.3125 -0.9375
1532259407696553 1.125 0.75 -0.5
1532259407756393 2.75 1.5625 -0.875
1532259407809252 2.3125 1.125 -1.1875
1532259407831193 2.375 1 -1.0625
1532259407899011 2.3125 1.3125 -0.5
1532259407958852 3.0625 1.875 -0.4375
1532259407981790 3.25 2.1875 -0.5
1532259408048612 2.875 1.375 -1.75
1532259408086529 2.375 1.1875 -1.5
1532259408139370 1.625 0.875 -1.4375
1532259408184250 2 1.8125 -0.625
1532259408230128 2.5 1.375 -0.1875
1532259408259049 2.125 0.8125 -0.625
1532259408311908 0.125 -0.125 -0.625
1532259408348809 -0.9375 -1 0.0625
1532259408365764 -0.4375 -0.375 0.625
1532259408393723 0.25 0.375 0.625
1532259408438582 0 0.1875 1.6875
1532259408461508 -0.25 0.1875 1.9375
1532259408499406 -0.75 0.375 2
1532259408536308 -1.6875 0.1875 1.25
1532259408581188 -0.8125 -1.375 -1.3125
1532259408604126 -1.3125 -1.75 -1.4375
1532259408642025 -1.5625 -1.875 -2
1532259408671945 -0.875 -2.625 -3.25
1532259408731785 0.3125 -2.0625 -3.8125
1532259408783647 0.3125 -1.6875 -2.6875
1532259408813566 -0.625 -0.75 -1.9375
1532259408844484 0.125 -0.3125 -1
1532259408874404 -0.875 0 0.8125
1532259408889363 -1.5 -0.3125 1.4375
1532259408949204 -2.5 -1.375 1.625
1532259409009044 -4.5625 -2.125 2.375
1532259409046943 -2.5 -0.9375 2
1532259409084842 -1.8125 -0.375 1.1875
1532259409143683 -3.375 -2.4375 -0.3125
1532259409196542 -2.875 -2.4375 0.875
1532259409234441 -3 -1.25 1.75
1532259409348137 -0.25 0.1875 1.1875
1532259409466820 -4.75 -1.8125 2
1532259409646340 -4.125 -0.625 4.75
1532259409699198 -3.3125 -0.625 3.4375
1532259409856777 1 1.25 2.9375
1532259410029316 -4.5625 -4.1875 -4.5625
1532259410381374 8 22.625 -12.875
1532259410464168 47.5 84.5 -6.8125
1532259410479112 28.5 84.8125 -8.6875
1532259410538952 -15.1875 83.3125 4.1875
1532259410577851 -21.6875 81.125 7.1875
1532259410643672 -24.875 104.313 -15.25
1532259410673593 -15.9375 97 -8.6875
1532259410734430 14.8125 61.75 2.25
1532259410756371 29 36.4375 8.25
1532259410854110 25.8125 8.625 11.5625
1532259410966808 -11.75 -66.625 19.875
1532259411033629 -23.125 -102.438 22.8125
1532259411101448 13.5625 41.375 -26.5
1532259411154307 -66.5625 194.438 -64.4375
1532259411206168 -89.0625 155.563 -31.9375
1532259411236088 -53.75 73.375 31.0625
1532259411288947 -28.375 -11.0625 50.4375
1532259411341806 49.375 -87.5 58.9375
1532259411371726 9.1875 -123.688 49.1875
1532259411409624 53.75 -136.063 14.1875
1532259411431566 66.9375 -145.25 8.125
1532259411514345 63.9375 -105.625 -4.0625
1532259411641006 61.8125 41 -25.875
1532259411731763 -39.75 136.188 -55.8125
1532259411791603 -73.9375 134.875 -32.0625
1532259411821523 -50.625 60.875 -1.5625
1532259411859421 -43.1875 20.5625 17.5
1532259411896323 -32.4375 -77.3125 55.6875
1532259411956163 52.875 -112 36.9375
1532259411986083 45.0625 -123.375 47.4375
1532259412046920 63.25 -91.4375 -1.4375
1532259412076863 56.4375 -77.875 -13.625
1532259412151674 61.9375 -51.75 -18.8125
1532259412211514 59.25 -40 -19.9375
1532259412286314 42.0625 22.75 -39.6875
1532259412339173 -32.25 96 -60.4375
1532259412428933 -50.25 79.0625 1.875
1532259412548613 -38.6875 -68.5 73.3125
1532259412609450 82.1875 -135 46.875
1532259412639370 -12 -85.6875 18.4375
1532259412691241 73.875 -67 -13.9375
1532259412744090 44.5625 -78.3125 0.875
1532259412776005 35.125 -102.438 36.25
1532259412796965 50.5625 -141.25 43.625
1532259412833850 54.625 -148.313 42.375
1532259412872762 32.9375 -151.625 40.125
1532259412901683 -11.75 -144 17.625
1532259412953529 -22.0625 -120.688 16.875
1532259412976469 -13.8125 -82.9375 -3.375
1532259413029341 34.125 -53.125 -31.3125
1532259413098143 7.875 -50.9375 -28.375
1532259413111108 -9.125 -54.5 -32.375
1532259413171946 -50.6875 -54 -16.8125
1532259413201866 -72 -32.3125 -13.8125
1532259413246746 -59.625 -15.8125 -20.6875
1532259413276666 -30.1875 -4.75 -13.75
1532259413306586 -2.3125 -3.625 -7.875
1532259413381386 2.75 14.8125 16.875
1532259413449204 0.9375 11.1875 14.8125
1532259413524004 2 7.5 4
1532259413553924 5.625 5.1875 1.25
1532259413598804 -12.5 -7.3125 -1.125
1532259413651663 -7.5 -4.25 -0.5625
1532259413726463 -0.75 -1.875 -0.0625
1532259413854122 1 4.9375 5.1875
1532259413892020 -2.125 1.9375 3.75
1532259413936900 -6.9375 0.875 2.125
1532259414003721 -2.8125 -3.75 -3.25
1532259414026660 2.1875 0.375 1.9375
1532259414094479 3.5 2.1875 2.25
1532259414154319 3.875 1.875 2.4375
1532259414214159 1.5625 1.5625 1.0625
1532259414333839 0.5625 -0.4375 -1.1875
1532259414363759 2.5625 -0.25 -1.875
1532259414423598 2.9375 2.3125 1.25
1532259414454517 1.4375 1.5625 1
1532259414491417 -0.8125 0.4375 0.9375
1532259414559235 -2.25 -0.4375 -0.5625
1532259414701855 3.5625 0.9375 -0.4375
1532259414813556 5.3125 3.625 -1
1532259414866415 5 3.8125 -0.5
1532259414971158 0.8125 0.0625 0.625
1532259415046931 -2.875 -2.875 -0.875
1532259415061891 -3.4375 -3.25 -0.25
1532259415091811 -3.8125 -2.625 0.75
1532259415121731 -1.9375 -0.9375 1.125
1532259415181572 0.8125 0.625 0.8125
1532259415196532 2.125 0.875 -0.0625
1532259415203514 2.25 0.0625 -0.625
1532259415234431 -0.4375 -1.4375 -0.625

1532259415271332 -1.375 -1.6875 -0.625
1532259415331172 -0.6875 -1.375 -0.25
1532259415376052 0.3125 -0.1875 -0.3125
1532259415392009 1.9375 0.8125 -1
1532259415444868 -0.1875 -0.5 -0.3125
1532259415466820 -1.625 -0.3125 0
1532259415503715 0.8125 1.5 0.625
1532259415526649 1.75 1.625 0.8125
1532259415548590 1.125 1 0.5625
1532259415594468 -1.9375 -1.0625 -0.6875
1532259415616409 -1.75 -1.625 -0.8125
1532259415669267 0 1.375 0.6875
1532259415699188 -1.0625 2.1875 1.8125
1532259415728948 -1.3125 0.5 1.0625
1532259415773828 -0.3125 0.5 0.625
1532259415803763 0.375 1.0625 0.6875
1532259415856606 1 1.0625 0.1875
1532259415886527 0.625 0.6875 0.125
1532259415954345 -0.25 -0.25 -0.625
1532259415976287 0.8125 -0.1875 -0.5
1532259416036965 1.4375 0.6875 0.125
1532259416081840 2.1875 0.5625 -0.25
1532259416148661 2 0.25 -1.1875
1532259416231440 -0.875 -0.6875 -0.75
1532259416254379 -0.75 -0.625 -0.6875
1532259416299259 0.5625 -0.375 -0.8125
1532259416411957 1.75 -0.5 -1.375
1532259416433899 1.8125 -0.0625 -1.0625
1532259416478779 1.1875 1.25 -0.25
1532259416516677 0.25 0.0625 -0.0625
1532259416644337 -4.75 -2.625 1.0625
1532259416749056 -0.5 0.9375 2.1875
1532259416778976 2.1875 3.1875 0.5
1532259416831834 1.125 -1.1875 -3.875
1532259416868736 1.5 -2.4375 -4.25
1532259416906635 0.4375 -2.625 -4.3125
1532259416936555 0.125 -1.25 -3.1875
1532259416958496 0.125 -0.5 -2.3125
1532259417011354 -0.9375 1.25 1.1875
1532259417064213 -0.1875 2.375 3.1875
1532259417131034 -0.875 2.3125 3.9375
1532259417236751 -2.375 -1.0625 0
1532259417387349 -2.6875 -1.5 -0.625
1532259417514010 -2.5 0.0625 2.25
1532259417566868 -3.4375 -0.5 2.6875
1532259417618731 -1.0625 0.125 1.9375
1532259417648650 -0.375 0.1875 2
1532259417686549 -2.25 0.4375 2.0625
1532259417761349 -2.0625 0 2
1532259417793264 -0.25 0 2.3125
1532259417844127 -0.25 -0.625 -0.1875
1532259417874048 -1.4375 -1.125 -0.8125
1532259417895989 -1.25 -0.9375 -1.4375
1532259417963807 -0.125 -0.6875 -2.1875
1532259418016667 0 -0.6875 -2.3125
1532259418069530 0.8125 -1.875 -3.25
1532259418106426 4.9375 -2.625 -4.875
1532259418166266 19.875 5.5625 -8.1875
1532259418204166 7.6875 10.5625 -11.25
1532259418241066 -4 6.75 4.0625
1532259418323845 -11.5625 -5.3125 2.9375
1532259418346783 -14.3125 -5.0625 2.8125
1532259418383685 -16.3125 -8.625 -4.9375
1532259418444528 -1.25 8.1875 -8.1875
1532259418466470 1.9375 25.4375 -10.0625
1532259418496390 -5.1875 66.3125 -7
1532259418579169 4.4375 90.125 -15.5
1532259418601110 21.75 116.313 -23.9375
1532259418668929 12 170.563 -25.9375
1532259418721788 -29 219.813 -48.875
1532259418834485 -101.063 197.25 -22.875
1532259418978102 12 -152.5 63.75
1532259419006027 80.25 -154.5 23.5
1532259419052902 75.8125 -135.125 11
1532259419081825 86.5625 -91.8125 -17.125
1532259419126705 110.813 -70.3125 -16.4375
1532259419224443 69 3.3125 -30.6875
1532259419359083 -57.0625 126.875 -72.8125
1532259419449840 -75.1875 -47 47.625
1532259419493723 34.4375 -107.063 42.6875
1532259419508683 3.6875 -117.938 46.1875
1532259419531622 45.75 -109.688 14.0625
1532259419546582 83.125 -94.5 2.625
1532259419569520 63.0625 -87.1875 -1.9375
1532259419591462 34.8125 -85.375 -9.25
1532259419629374 41.9375 -86.1875 -10.75
1532259419696182 91.9375 -70.4375 -15.0625
1532259419764000 87.5 -50 -15.6875
1532259419868721 33.1875 36.1875 -40.75
1532259419966459 -106.125 159.563 -54
1532259420043254 -59.875 17.375 30.25
1532259420109080 23 -75.125 26.6875
1532259420168918 -56.75 -128.313 11.375
1532259420206816 50.4375 -162.188 5.5
1532259420251696 71.1875 -186.75 27.125
1532259420266670 83.5625 -193.375 25
1532259420288597 83.5 -201.313 27.5
1532259420319515 77.5 -193.938 37
1532259420356416 74.5 -181.25 37.6875
1532259420394315 83.625 -170.313 28.25
1532259420446176 143.125 -100.25 82.9375
1532259420508011 -144.25 17.75 -63.1875
1532259420521977 -146.625 13 -24.375
1532259420588795 -29.625 -37.125 8.6875
1532259420611734 38.0625 -37 -8.5625
1532259420648635 0.1875 -12.5 -10.625
1532259420671574 -67.125 -2.6875 -12.6875
1532259420716454 -88.125 -3.75 -15
1532259420746374 -18.125 -17.1875 -6.4375
1532259420791253 -25.3125 21.75 7.0625
1532259420829152 -4.125 21.1875 8.125
1532259420903952 26.3125 14.375 7.8125
1532259421016664 -6.6875 2.75 -0.6875
1532259421121371 3.8125 -0.8125 -2.375
1532259421144310 1.375 -0.6875 -2.3125
1532259421198165 4.4375 1.5625 0
1532259421226091 1.875 2.3125 0.75
1532259421293909 0.8125 1.5625 0.75
1532259421398629 0.3125 0 -0.5
1532259421428549 -1.4375 -2.5 -0.75
1532259421459467 2.0625 0.8125 -0.4375
1532259421496368 4 2.4375 -0.0625
1532259421511335 5 3.0625 -0.0625
1532259421556215 3.25 3.375 0.125
1532259421579153 1.125 2.3125 0.125
1532259421632011 0.3125 1.0625 0
1532259421698834 -1.9375 -2.8125 -2.125
1532259421773633 -0.375 -1.5625 -0.6875
1532259421826492 -0.1875 1.6875 0.75
1532259421856412 -0.3125 1.5625 1.5625
1532259421879351 -0.875 0.875 2
1532259421909271 -1.0625 0.9375 2.125
1532259421999031 -1.0625 -1.6875 -1.75
1532259422021970 0 -1.625 -1.6875
1532259422081809 0 -0.875 -0.5
1532259422103750 0.9375 -0.125 -1.1875
1532259422201489 0.3125 0.5 1.375
1532259422231409 0.1875 0.875 0.6875
1532259422269308 1.1875 0.375 0.6875
1532259422336129 0.8125 0.4375 1.1875
1532259422456807 -0.125 0.1875 1.5625
1532259422486736 -3.25 -2.8125 0.6875
1532259422591447 2.75 -2.625 -1.875
1532259422621367 2.25 -2.375 -2
1532259422689185 0.3125 -1.125 -0.5

1532259422974422 -0.3125 0 -1.375
1532259422989383 -0.125 -1.375 -1.75
1532259423026284 -0.125 -2.125 -2.0625
1532259423086123 -0.875 0.375 -0.0625
1532259423168902 -1.8125 2.875 3
1532259423191841 -2.3125 1.5 3.1875
1532259423251991 -0.9375 -0.25 1.125
1532259423288894 -0.4375 0 0.4375
1532259423408574 1.3125 -0.25 -1.25
1532259423454452 -0.5625 -1.0625 -1.25
1532259423514291 -0.4375 0.5 0.75
1532259423581881 1.375 1.75 0.9375
1532259423641721 0.75 0.5 -0.5
1532259423693583 1.1875 1.125 -0.75
1532259423731896 1.0625 1.5625 -0.3125
1532259423798717 0.3125 0.875 0.25
1532259423845592 0 0.75 0.375
1532259423949314 1.3125 1.1875 0
1532259424055032 1.75 1.0625 -0.25
1532259424091933 1.1875 1.125 -0.5625
1532259424166733 0 -0.375 -0.625
1532259424196654 -1 -1.0625 0.1875
1532259424271454 -2.4375 -1 1.25
1532259424339272 0.4375 1.3125 0.25
1532259424429032 1.25 -0.9375 -2.5
1532259424451971 -0.5 -3.125 -3.6875
1532259424473912 0.25 -2.875 -3.5625
1532259424496851 -0.125 -2.0625 -2.625
1532259424541731 0.4375 0.5 -0.8125
1532259424556691 0.8125 1.25 -0.1875
1532259424571651 1.5 1.6875 0.125
1532259424586610 1.6875 2.1875 0.4375
1532259424608552 1.0625 2.375 0.5625
1532259424631491 0.75 1.9375 1
1532259424654440 0.4375 1.5 1
1532259424691332 -0.0625 1.3125 0.875
1532259424714269 -0.8125 0.5625 -0.875
1532259424751171 0.375 0.3125 0.3125
1532259424833949 0.3125 -0.6875 -1.1875
1532259424856888 0.625 -1.1875 -1.3125
1532259424961608 -1.125 -2.0625 -1.3125
1532259425036408 -0.875 0.125 0.5
1532259425231885 -2.3125 -2.1875 0.4375
1532259425291725 -2.125 -0.9375 0.6875
1532259425313666 -1.875 -0.8125 1.4375
1532259425381485 -2.3125 -0.8125 2.375
1532259425412403 -2.875 -0.4375 2.75
1532259425456285 -2.375 1 3.0625
1532259425494184 1.6875 1.3125 1.5625
1532259425516125 1.0625 1.3125 -0.0625
1532259425562007 -0.5 -3.3125 -5
1532259425591922 -0.875 -4.875 -5
1532259425658744 -2.0625 -4.875 -3.6875
1532259425718583 1.5625 1.1875 0.6875
1532259425787412 6.3125 3.125 1.125
1532259425846242 9.875 13 -1.1875
1532259425936999 31.5625 81.8125 -0.5
1532259425996840 -51.5625 203.625 -53.5625
1532259426033740 -61.875 191.938 -46.875
1532259426078621 -54.75 147.875 -23.6875
1532259426146440 -35.0625 13.9375 27.9375
1532259426169378 -34.375 -34.0625 43.625
1532259426184338 -20.6875 -76.0625 57.5
1532259426214258 -0.6875 -112 49.125
1532259426274098 54.8125 -122.563 14.4375
1532259426297037 86.5625 -127.438 19.4375
1532259426311000 86.0625 -110.625 27.6875
1532259426356877 61.5625 -45.5 27.5
1532259426371837 84.375 -10.6875 6.875
1532259426408738 102.688 21 -8.3125
1532259426566316 -31 82 -39.9375
1532259426708935 -61.0625 81.5625 -13.625
1532259426768775 20.5 -130.25 50.875
1532259426783736 21.125 -143.938 49.5625
1532259426821634 17.5625 -145.688 47.0625
1532259426875490 79 -119.938 11.1875
1532259426889453 90.1875 -108.375 12.375
1532259426904413 91.375 -94.25 11.0625
1532259426973229 78.8125 -79.875 7.5
1532259427003149 69.8125 -67.1875 -0.25
1532259427024094 67.875 -43.875 -5.9375
1532259427047031 72.5 -18.625 -9.1875
1532259427121831 48.6875 40.875 -15.75
1532259427196633 18.9375 73.875 -26.625
1532259427309329 -116.5 166.25 -62.25
1532259427391111 4.0625 -68.8125 43.3125
1532259427466908 50.1875 -109.375 20.375
1532259427533730 72.3125 -93.5 5.875
1532259427609527 74.125 -79.5 -0.1875
1532259427654407 63.6875 -74.25 -2.25
1532259427811986 -28.375 63.4375 -31.5625
1532259427878807 -63.6875 138.688 -42.5
1532259427976546 -17.1875 46.8125 -12.625
1532259428006466 -8.25 -41.9375 38.5
1532259428029404 -18.375 -85.1875 40
1532259428059324 8.125 -107.5 30.8125
1532259428081265 45.1875 -128.063 25.8125
1532259428111186 73.625 -150.563 27.5625
1532259428141105 78 -174 30.75
1532259428156066 63.9375 -191.5 32.5
1532259428208924 35.6875 -204.5 41.375
1532259428238844 52.625 -205.75 28.0625
1532259428374482 23.1875 -170.625 49.1875
1532259428434322 51.375 -58.1875 -23.1875
1532259428464252 -75.0625 16.375 -3.0625
1532259428501143 30 -30.5 5.875
1532259428568962 22.8125 -15.4375 1.8125
1532259428643762 -46.3125 14.9375 -9.6875
1532259428658721 -32.25 3.75 -0.8125
1532259428688641 4.5625 -5.4375 3.1875
1532259428718561 6.625 8.6875 1.9375
1532259428742498 -7.1875 18.0625 -0.375
1532259428801340 16.25 6.6875 -0.4375
1532259428839239 12 5.3125 -0.75
1532259428914039 -11.3125 0 0.4375
1532259428981857 -2.3125 -7.9375 -1.6875
1532259429071630 5.1875 1.6875 -3.0625
1532259429117495 -1 5.875 1.1875
1532259429199276 0.5625 -0.375 -0.4375
1532259429223211 0.3125 -4.625 -2.125
1532259429244156 -1 -4.9375 -1.4375
1532259429281057 -1.75 0 0.9375
1532259429356855 0.0625 4 1.6875
1532259429393755 0.4375 2.25 2
1532259429468555 1.1875 1 1
1532259429523409 -0.4375 -1.4375 -0.625
1532259429544353 -1.875 -4.4375 -2
1532259429657052 2.25 0.5 -0.625
1532259429686971 1.4375 2.0625 -0.3125
1532259429746812 -0.125 2.5 2
1532259429783713 -0.1875 0.75 0.875
1532259429822608 -0.1875 -0.875 0.6875
1532259429896412 -1.8125 -2.0625 -0.8125
1532259429919351 -0.375 -1.3125 -1.1875
1532259429979190 0.3125 2.4375 0.25
1532259430024070 0.0625 2.125 0.0625
1532259430098871 0.1875 0.5625 -0.75
1532259430309308 -2 -2.1875 2.6875
1532259430481864 -5.6875 -2.4375 3.1875
1532259430511767 -4.5625 -3 2.75
1532259430550662 12 -1 -15.875
1532259430563628 15.4375 9.3125 -9.0625

1532259430594545 10.8125 25.5 -14.1875
1532259430654385 -1.4375 62 -16.5
1532259430706246 -21.9375 88.1875 -28
1532259431208924 -54.375 85.125 -20.625
1532259431285647 -12.0625 36.25 -42.3125
1532259431509080 21.6875 -9.75 -17.1875
1532259431568920 20.1875 -7.625 -27.1875
1532259431621778 12.5625 -9.875 -27.125
1532259431696579 13.9375 -17.3125 -29.6875
1532259431786339 2.875 -12.75 -7.4375
1532259431899037 -15.1875 7.5625 4.3125
1532259432131416 -34.5625 7.6875 22.5625
1532259433083961 -6.625 3.8125 3
1532259433151780 -5.5625 4.5625 4.25
1532259433226580 5.625 2.3125 -0.8125
1532259433571658 -24.4375 8.1875 32
1532259433646457 -17.8125 3.5625 35.5625
1532259433976441 56.375 -2.8125 -58.8125
1532259434261679 -5.1875 -2.6875 2.5625
1532259434336478 14.0625 1.3125 -5.3125
1532259434816288 -1.125 -2.1875 2.4375
1532259434899088 0.4375 19.75 -38.4375
1532259434974885 -2.8125 -16.4375 -4.9375
1532259435041900 23.5625 -11.3125 -2.1875
1532259435274279 26.3125 -17.0625 4.25
1532259435319159 -7.0625 -21.125 5.375
1532259435378999 -3.6875 -11.9375 8.8125
1532259435446817 -5.5625 -8.8125 12.125
1532259435521617 -8.625 -9.5 19.0625
1532259435529596 -9.1875 -14 21.125
1532259435596418 -5.1875 -12.5 18.375
1532259435724076 -6.75 -10.4375 10.8125
1532259435822828 -20.9375 -5.625 1
1532259435949473 -12.625 12.5 -26.9375
1532259436001335 -1.25 12.125 -5.5625
1532259436077135 -9.5 15.0625 6.0625
1532259436279059 10.125 -7.875 7.4375
1532259436338902 16.25 -7.125 4.125
1532259436616415 -23.8125 4.25 45.125
1532259436646949 -31.5 -0.4375 38.8125
1532259436698810 -15.3125 -5.25 26.5
1532259436909247 -3.4375 -66.3125 56.1875
1532259436940174 -19.25 -132.25 69
1532259437081786 43.75 -214.688 35.125
1532259437126667 -13.875 -205.063 41.875
1532259437201467 39.8125 -81.9375 0
1532259437246347 14.75 -62.0625 -1.8125
1532259437269285 4.3125 -67 0.3125
1532259437299205 13.5625 -70.8125 -1.6875
1532259437352063 22.5625 -77.1875 -1.0625
1532259437403926 -42.1875 -57.1875 1.375
1532259437591424 28.0625 -9.8125 4.25
1532259437659242 -18.875 11 -4.75
1532259437674202 -10.5 -2.875 2
1532259437734052 -14.875 -2.5 4
1532259437808842 0.375 -4.125 3.1875
1532259437899600 -4.75 -0.4375 1.25
1532259437944480 0.375 3.75 -1.1875
1532259438079120 0.8125 5.5625 -4.9375
1532259438095077 1.8125 4.5625 -4.625
1532259438138974 -0.5625 2.9375 -5
1532259438461098 -9.75 -11.3125 9.375
1532259438498997 -11.4375 -12.75 11.0625
1532259438551855 -10.25 -11.25 10.125
1532259438573797 -6.1875 -7.625 6.3125
1532259438641616 -8.25 -2.1875 4.3125
1532259438709434 -4.0625 -1.4375 4
1532259438739354 -0.0625 0 3.6875
1532259438776255 -1.4375 1.125 2.3125
1532259438784234 -1.375 0.75 2.125
1532259438807172 -1.0625 0.5625 0.75
1532259438844074 -0.625 -0.0625 1
1532259438881973 -0.0625 -0.25 0.8125
1532259438911893 0.4375 0.0625 0.1875
1532259438978714 2.4375 1.0625 -0.8125
1532259439031572 2.875 0.75 -1
1532259439106373 1.0625 -1 -2.4375
1532259439159231 -0.9375 -3.625 -5.5625
1532259439189151 6.8125 -3 -8.4375
1532259439256970 34.75 26.125 -16.4375
1532259439323791 64.75 93.3125 -22.6875
1532259439346730 -28.5 190.438 -42.375
1532259439391610 -32 223.938 -52.25
1532259439444469 -66.9375 222.375 -39.0625
1532259439481370 -93.5625 189 -4.875
1532259439504309 -80.625 162.188 5
1532259439549189 3.75 58.6875 31.125
1532259439617008 2 -16.75 45.8125
1532259439661887 24.4375 -101.125 11.3125
1532259439683829 47.1875 -92.875 -0.9375
1532259439736687 53.0625 -79.8125 -13.5
1532259439819466 73.375 -49.0625 -3.125
1532259439977045 -53.25 142.625 -78.375
1532259440081765 -52.125 69 1.1875
1532259440111684 -57.0625 33.8125 15.125
1532259440156565 -1.375 -73.25 48.4375
1532259440194464 59.625 -139.375 60.0625
1532259440224383 35.75 -137.75 59.6875
1532259440239343 34 -128.75 50
1532259440291204 46.25 -104.563 22.5
1532259440306164 57.8125 -93.375 9
1532259440329103 67 -87 4.125
1532259440367012 76.125 -69.9375 8.3125
1532259440381962 67.375 -60.125 7.5625
1532259440418863 56.5625 -44.6875 0.125
1532259440441802 51.125 -32.5 -13.1875
1532259440456762 62.0625 -20.4375 -23.25
1532259440554500 -9.0625 63.25 -66.4375
1532259440606364 -41.625 105 -70.875
1532259440644260 -85.9375 175.375 -75.4375
1532259440704104 -59.875 83.375 -13.5
1532259440727039 -42.5625 0 21.5
1532259440756959 -29.0625 -32.75 35.6875
1532259440793860 14.5625 -88.125 52.25
1532259440838741 21.3125 -114.875 53.25
1532259440861679 5.25 -134.25 57.3125
1532259440907556 74.625 -100.875 -8
1532259440936479 89.5 -102 6.3125
1532259440996319 62.0625 -89.375 -0.0625
1532259441064137 77.9375 -76.375 -2.5625
1532259441131970 97.1875 -56.4375 -0.1875
1532259441236676 69.25 15.5 -36.75
1532259441273578 -64.125 123.188 -82.125
1532259441334415 -95.875 127.188 -50.25
1532259441386276 -35.5625 -28.3125 34.375
1532259441439135 -34.875 -121.25 66.875
1532259441461076 -18.875 -146.688 64.3125
1532259441491993 27.9375 -140.875 23.125
1532259441558814 -0.125 -114.688 3.4375
1532259441618654 61.5625 -140.188 3.625
1532259441679492 47.5625 -161.813 25.3125
1532259441716394 127.125 -195.125 -2.0625
1532259441761273 129.438 -182.875 18.4375
1532259441784212 39.8125 -151.25 53.9375
1532259441860009 138.438 -11.875 -21.875
1532259441896911 -21.25 24 -29.3125
1532259441918852 -108.25 21.6875 -42.1875
1532259441978691 -0.875 -29.5625 24.375
1532259442016591 43.3125 -19 -4.1875
1532259442038532 17.3125 -3.0625 -5.1875
1532259442069449 -28.8125 4.1875 -6.1875
1532259442136270 -64.8125 6.5625 -6.1875
1532259442174169 -30.875 7.3125 -2.0625
1532259442212069 -0.125 18.3125 0.9375
1532259442234009 6.25 10.625 0.6875
1532259442263929 12.8125 1.25 -0.375
1532259442293849 -2.625 -6.5 -3.5625
1532259442308809 -7.25 -7.75 -3.5
1532259442338729 -7.75 -7.1875 -1.8125
1532259442376628 -3.625 -4.875 0.3125
1532259442391588 -0.375 -1.375 1.3125
1532259442421508 3.875 5.1875 0.875
1532259442459406 4.25 5.25 0.25
1532259442496308 1 4.1875 -1.75
1532259442534206 -3 0.8125 -2.75
1532259442549166 -4.5625 -3.5 -2.0625
1532259442571108 -7 -10.6875 -1.0625
1532259442587070 -5.25 -10.625 -0.25
1532259442632943 -1.875 -4.4375 0.8125
1532259442676824 1.75 -1 0.3125
1532259442736665 2.0625 5.6875 1.4375
1532259442804484 -1.3125 5.75 3.1875
1532259442864324 -2.1875 -1.1875 0.875
1532259442969043 2.5 -0.375 -0.875
1532259443058804 1.4375 3.875 0.5
1532259443103683 1.25 3.4375 0.4375
1532259443156542 -1.0625 -0.8125 -0.25
1532259443291182 2.1875 1.625 -0.375
1532259443366979 -0.375 2.6875 0.625
1532259443396899 -0.8125 2.5625 1.625
1532259443456740 -0.125 0.3125 1.5
1532259443621300 -0.375 -2.25 0.75
1532259443748957 -1.125 -3.6875 0.5625
1532259443786857 -1.1875 -3.625 0.375

1532259443898558 -3.25 -0.75 1.125
1532259444034203 -4.25 0 2
1532259444087071 -2.375 -1.125 0.6875
1532259444131942 -1.3125 -1.25 0.1875
1532259444213723 -2.6875 2.75 2.125
1532259444236662 -2.8125 2.875 2.5625
1532259444296502 -3.375 2.375 4
1532259444341872 -3.9375 1.9375 1.9375
1532259444416671 -0.875 -0.625 -0.6875
1532259444461551 1.625 -0.75 -1.0625
1532259444491471 1.3125 -0.5625 -1.0625
1532259444566271 1.4375 0.3125 -1.5
1532259444619138 2.5625 0.1875 -1.75
1532259444754052 1.375 2.1875 0.125
1532259444776985 1.375 1.8125 -0.3125
1532259444821865 1.3125 0.1875 -0.8125
1532259444911625 1 -0.75 -1.5
1532259444941544 0.3125 0 -0.625
1532259444994416 0 1.0625 0.375
1532259445016345 -0.75 1.4375 0.875
1532259445091144 0 1.4375 1.0625
1532259445122062 0.0625 0.5625 0.6875
1532259445173923 -2.25 0.0625 1.1875
1532259445309560 1 0.125 -0.9375
1532259445399320 1.5625 1.3125 0.1875
1532259445444200 2.125 1 -3
1532259445489080 0.625 -1.75 -3.0625
1532259445512019 0.5625 -2.4375 -3.4375
1532259445556899 -0.8125 -2.625 -2.8125
1532259445571859 -1.25 -1.75 -2.6875
1532259445638681 4.75 3.875 -12.75
1532259445721459 -18.0625 37.4375 -10.5625
1532259445759358 -27.5 42.6875 -10.6875
1532259445789277 -23.6875 35 2.5
1532259445871059 -3.8125 15.375 15.25
1532259445923929 31.1875 -3.25 23.125
1532259445953838 -38.25 1.5 1.9375
1532259445991736 -17.8125 -18.1875 -5.75
1532259446006696 -5.875 -22.75 -7.125
1532259446028638 -1.8125 -21.3125 -7.1875
1532259446058557 -20.375 -11.875 -8.0625
1532259446081496 -23.1875 -8.8125 -8.75
1532259446156296 -14.4375 -9.9375 -3
1532259446209154 -9.9375 -9.375 2.375
1532259446268995 -12.125 -6.0625 -0.25
1532259446321854 -7.3125 -5.3125 0.1875
1532259446358756 -3.5625 0.3125 1.8125
1532259446411613 -1.375 0 4.125
1532259446434552 -2.375 -0.5625 3.25
1532259446486414 -9.75 -2.5 3.9375
1532259446525310 -12.3125 -3.9375 4.375
1532259446554247 -9.8125 -2.75 5
1532259446629032 9.375 2.25 -1.4375
1532259446673912 16.5 2.9375 -2.875
1532259446711811 2.5625 0.3125 -7.625
1532259446763672 -5.75 -6.6875 -9.6875
1532259446786614 -8.875 -5.875 -8.4375
1532259446833485 -2.3125 1 -5.5
1532259446854435 11.9375 2.8125 -12.375
1532259446891331 17 9.375 -21.125
1532259446966131 56.9375 122.188 -34.875
1532259447033950 -24.375 159.875 -60.75
1532259447101768 -81.9375 237.938 -56.5
1532259447123709 -31.4375 279.75 -33.0625
1532259447191553 -84.25 132.813 -6.625
1532259447207511 -58.875 91.8125 2.4375
1532259447259372 -26.75 -39.5625 32.4375
1532259447281313 -22.5 -80.5625 34.125
1532259447311234 15.0625 -130.563 36.875
1532259447349132 51.5625 -140.063 25.5
1532259447379052 48.5625 -137.875 22.75
1532259447424929 101.25 -73.1875 -30.4375
1532259447438892 140.625 -45.5 -40.25
1532259447521670 124.938 -12.625 -33.875
1532259447596470 81.8125 17.5 -35.3125
1532259447671273 55.0625 50.375 -45.75
1532259447724129 -71.1875 133.813 -68.375
1532259447807905 -81.4375 8.8125 33.9375
1532259447866747 40.375 -163.125 52.5625
1532259447888689 28.4375 -169.313 67.625
1532259447918609 15.375 -170.188 62
1532259447957505 53.125 -132.375 8
1532259448009366 82.375 -71.25 -30.5625
1532259448144006 117.25 -42.875 -42.25
1532259448278646 10.375 73.25 -76.75
1532259448361425 -69.5 -24.1875 56.75
1532259448399324 -56.4375 -58.6875 53.375
1532259448414283 17.25 -117.75 43.1875
1532259448429244 -12.5625 -144.063 56.1875
1532259448466145 -29.0625 -164.313 32.625
1532259448497063 25.375 -164.063 17.0625
1532259448519003 50.5625 -144.75 18
1532259448563893 57.625 -86.1875 -14.6875
1532259448623732 96.1875 -45.1875 -16.0625
1532259448653652 84.8125 -41.3125 -25.875
1532259448706511 58.9375 -31.0625 -28.5625
1532259448737429 43.5 -27.875 -40.5625
1532259448766350 25.625 -8.25 -49.25
1532259448826191 -40.3125 68.875 -40.25
1532259448841151 -59.875 94.125 -36.1875
1532259448968810 -69.1875 130.625 -11.25
1532259448998730 -82.875 116.625 5.5625
1532259449028668 26.6875 -105.188 46.5625
1532259449043610 36 -122.375 33.875
1532259449081509 26.625 -134 32.6875
1532259449104446 14.5625 -145.688 33.4375
1532259449194215 13.4375 -158.75 23.6875
1532259449247066 51.875 -174.5 12.0625
1532259449262031 69.3125 -179.563 20
1532259449306906 52.8125 -140 24.5625
1532259449328847 73.5 -124.625 24.3125
1532259449343807 86.375 -94.375 16.1875
1532259449358767 39.375 -36.4375 -31.1875
1532259449403647 -147.188 7.5 -38.375
1532259449426586 -160.063 14.4375 -25.1875
1532259449448527 -117.313 4 3.6875
1532259449464484 -63.1875 -15.3125 4.0625
1532259449479444 -2.0625 -26.5 6.8125
1532259449509364 38.6875 -14.125 1.75
1532259449524324 18.8125 10.375 -1.6875
1532259449554245 -14.25 21.4375 -1.5625
1532259449599124 -34.625 22.9375 -5.4375
1532259449614084 -31.5625 14.75 -0.375
1532259449658964 -3.75 2.6875 4.0625
1532259449711823 0.4375 4.875 -2.25
1532259449741743 13.5625 1.375 -1.875
1532259449763683 17.0625 0.1875 -1.375
1532259449801583 -2 3.3125 -0.75
1532259449876383 -6.6875 2.875 0.3125
1532259449929241 2 0.6875 2.625
1532259449951183 -0.3125 2.1875 1.9375
1532259449981103 -0.25 -1.875 -2.5625
1532259450019002 -1.875 -1 -2.4375
1532259450078841 2.6875 0 -0.8125
1532259450161632 2.1875 2.25 0.1875
1532259450184559 2.0625 2.6875 1.0625
1532259450221473 1.0625 3.625 2.125
1532259450334159 -5.3125 -4.0625 -1.5625
1532259450364079 3.5625 1.875 -0.125
1532259450431897 2 3.1875 2.25
1532259450461817 1.625 2.625 2.125
1532259450483759 1.6875 2.125 1.4375
1532259450581497 -3.375 -2.75 -3.0625
1532259450619396 -5.1875 -4 -2.4375
1532259450649316 0.6875 0.3125 -0.6875
1532259450724129 4 2.0625 1
1532259450783955 2.0625 2.1875 1.9375
1532259450806895 2.8125 1.6875 1.5625
1532259450836815 3.5 1.5 0.5
1532259451039273 1.9375 0 -1.4375
1532259451091134 3.875 4.375 1.0625
1532259451143993 2.5625 3.8125 0.9375
1532259451211811 1 1.0625 -0.625
1532259451293593 -2.5625 -1.375 -0.625
1532259451331492 -1.6875 -1 1.375
1532259451391332 -2.8125 -2.6875 0.6875
1532259451481091 0.125 -1.9375 -0.375
1532259451548910 0.4375 0.8125 0
1532259451571849 0.375 0.375 -0.25

1532259451616729 0.3125 -0.125 -0.0625
1532259451638670 -0.4375 0.125 0.0625
1532259451668597 0.0625 -0.125 -1.0625
1532259451736416 -1.1875 -2.75 -2.75
1532259451812043 -1.625 -3.5625 -2.25
1532259451841964 -0.5625 -1.375 -1.375
1532259451848945 0.1875 -0.9375 -0.4375
1532259451901804 0.875 0.5625 -0.125
1532259452036775 -0.8125 1.75 1.6875
1532259452066695 -0.3125 1.75 1.6875
1532259452088637 -0.1875 1.5 1.5
1532259452149474 0.1875 1.5 1
1532259452216295 0.8125 1.0625 -0.5
1532259452307053 -1.9375 -1.125 -1
1532259452358914 -0.1875 -0.625 -1.3125
1532259452388834 0.5 -0.1875 -1
1532259452457650 1 0.5625 0.0625
1532259452478594 0.625 0.625 0.125
1532259452509511 0.625 0.25 -0.375
1532259452561372 0.6875 0.0625 -0.625
1532259452591292 0.375 0.0625 -0.625
1532259452621234 1.3125 0.1875 -0.875
1532259452629212 0.75 0.25 -1.25
1532259452666113 0.625 0 -0.75
1532259452711990 0.75 0.0625 -0.625
1532259452741911 1.25 0.5625 -0.6875
1532259452786790 2 0.875 -0.625
1532259452861590 2.125 0.8125 -0.875
1532259452944369 0.5625 0.4375 0.0625
1532259452975287 0.0625 0 0.6875
1532259453004209 -0.25 -0.0625 1.25
1532259453041111 -1.5 0.6875 2.5
1532259453079010 -1.25 0.6875 1.4375
1532259453101948 -1.375 0.5625 1
1532259453131868 -1.125 0.3125 0.5
1532259453183729 -0.5 0.5 0.375
1532259453243569 1.625 0.5 -1.25
1532259453281472 0.9375 -0.125 -1.75
1532259453311388 0.5 -0.875 -1.875
1532259453379221 0.5625 -0.375 -1.875
1532259453417114 0.875 1.3125 -0.875
1532259453432073 0.6875 1.1875 -0.625
1532259453468966 0.25 0.8125 -1.125
1532259453498886 0.5625 0.8125 -1.375
1532259453528806 0.25 -0.0625 -1.625
1532259453558727 -0.5 -1.5625 -1.25
1532259453596625 -2.3125 -2.375 -0.5625
1532259453641505 -3.875 0.25 2.5
1532259453679403 0.6875 3.75 2.875
1532259453694363 2.9375 4.1875 2.25
1532259453739244 4.5625 3.625 1.3125
1532259453761184 2.5 2.125 0.6875
1532259453843963 -1.125 -0.875 0.5625
1532259453978603 -1.9375 0.25 1.3125
1532259454046422 -1.3125 0.9375 1.6875
1532259454085318 -3.4375 0.25 2.75
1532259454099281 -5.4375 -1.375 3
1532259454174081 -2 -0.1875 1.3125
1532259454227937 -2.875 -1.25 0.9375
1532259454248881 -4.3125 -2.8125 1.25
1532259454301739 -6.9375 -4.25 2.6875
1532259454331660 -3.375 -1.9375 5.3125
1532259454368561 -0.5 0.25 3.8125
1532259454459326 0.0625 -4 -7.6875
1532259454534118 0 -2.0625 -2.375
1532259454668758 6.375 5.125 0.25
1532259454721617 6.5 4.875 -0.75
1532259454759515 2.25 -0.5 -5.25
1532259454811377 -1.375 -1.875 -1.9375
1532259454856257 3.125 5.9375 -8.875
1532259454925073 34.0625 55.5 5.375
1532259454976933 -31.3125 131.813 -18.0625
1532259455021814 5.5625 182.375 -30.625
1532259455081654 -56.625 154.625 -9.375
1532259455149472 -29.75 62.875 16.5
1532259455179392 -26.4375 -13.375 42.875
1532259455216294 2.6875 -58.125 32
1532259455276134 28.5625 -67.75 10.1875
1532259455336987 44.5 -67.75 -0.8125
1532259455463632 -29.4375 89.25 -56.5
1532259455493552 -28.5 137.438 -61.6875
1532259455531458 -31.6875 173.25 -66.0625
1532259455561378 -85.125 186.063 -60.75
1532259455651138 -33.375 15.125 46.25
1532259455675074 -39.25 -30.5625 68.875
1532259455718957 33.375 -136 76.25
1532259455756855 98.5 -148.125 62.125
1532259455786776 81.4375 -124 25.625
1532259455809714 53.6875 -130.125 18.625
1532259455831656 57.8125 -136.375 -1.875
1532259455906456 87.75 -132.438 -11.75
1532259456072012 51.4375 -66.875 -25.75
1532259456236573 -39.625 18.9375 9.125
1532259456274472 -3.0625 -65.5 64.75
1532259456289431 -6.125 -86 83.6875
1532259456326332 34 -117.063 80.375
1532259456357250 81.0625 -106.125 61.625
1532259456379191 72.1875 -101.875 46.6875
1532259456447010 43.25 -88.25 2.625
1532259456515826 26.5 -84.8125 -16.8125
1532259456581650 41.75 -78.875 -29.3125
1532259456679389 32.625 -63.1875 -13.875
1532259456769149 26.4375 -33.875 -4.75
1532259456822007 -30.9375 -61 38.4375
1532259456851927 33.75 -86 21.6875
1532259456881847 4.75 -86.4375 25.125
1532259456941687 -30.1875 -81.6875 17.3125
1532259457039426 49.75 -75.9375 36.25
1532259457076327 -16 -33.875 30.0625
1532259457091287 -67.0625 13.9375 -5.4375
1532259457144146 -71.375 33.625 -24.0625
1532259457159106 -2.0625 17.8125 -0.0625
1532259457218946 60.25 -4.0625 -10.5625
1532259457233906 53.0625 7.375 -8.75
1532259457271805 28.5625 14.6875 -6.25
1532259457293746 -6.9375 -8.3125 -1
1532259457323666 -18.75 -9.6875 -4.1875
1532259457369547 -20.5625 -5.25 -4.6875
1532259457421405 -11.75 -2.875 -0.1875
1532259457519143 -3.6875 3.5625 1.625
1532259457549063 -3.1875 4.625 1.8125
1532259457661762 1.0625 0.875 1.375
1532259457736562 -2.3125 -3.5 -1.75
1532259457798397 -2.8125 -3.75 -0.5625
1532259457826322 0.3125 -0.5 0.1875
1532259457932039 2.125 4.9375 1.625
1532259458013820 -5.25 -3.0625 -0.625
1532259458037771 -4.625 -4.3125 -1
1532259458082636 -0.25 -2.5 -0.3125
1532259458216279 0.8125 4.6875 2.4375
1532259458276119 -0.5 2.9375 1.5
1532259458314017 -0.6875 -4.125 -2.375
1532259458351916 1 -4.25 -2.375
1532259458403778 2.375 -2.3125 -1.6875
1532259458471617 0.75 1.625 -0.1875
1532259458546417 0.625 2.9375 1.4375
1532259458651137 -1.9375 -1.6875 -0.4375
1532259458689036 -2.0625 -2.8125 -0.1875
1532259458823676 0.0625 -0.8125 0.625
1532259459116892 -3.3125 -3.625 1.8125
1532259459176732 -1.1875 -3.0625 1.75

1532259459266492 -2.625 -2 2.75
1532259459371911 -2.4375 1.4375 1.0625
1532259459506551 -3.9375 -1.375 0.5625
1532259459521513 -4.25 -1.4375 1.25
1532259459566391 -4.1875 -0.9375 1.6875
1532259459619250 -4.75 -0.0625 3.9375
1532259459641191 -5.25 -0.125 4.5
1532259459679089 -4.375 1.4375 2.9375
1532259459709009 -5 1.4375 3
1532259459723970 -4.0625 1.1875 2.4375
1532259459761869 -1.375 0.6875 1.25
1532259459791788 -1.0625 0.8125 0.5625
1532259459866588 0.75 0.875 -0.5
1532259459888530 -0.125 0.1875 0.0625
1532259459904488 -1.3125 0.375 -0.0625
1532259459926428 -0.6875 0.5625 0.1875
1532259460001450 2.0625 1.1875 -0.75
1532259460054322 2.75 1.0625 -1.125
1532259460121131 4.25 2.1875 -1.75
1532259460181967 3.375 2.125 -1.75
1532259460211432 2.5625 1.625 -1.9375
1532259460278683 1.125 0.75 -1.25
1532259460346503 1.75 0.6875 -1.5
1532259460399361 2.375 0.8125 -1.25
1532259460429281 1.375 0.5625 -0.875
1532259460481143 1.75 0.9375 0.25
1532259460556940 0.625 1.6875 0.9375
1532259460578881 -0.1875 1.3125 1
1532259460608801 0.3125 0.375 -0.0625
1532259460623761 0.9375 -0.5 -0.625
1532259460653681 -0.25 -0.875 -0.625
1532259460676620 1.1875 -0.5625 -1.125
1532259460698561 2.3125 -0.1875 -2.1875
1532259460713521 3 -0.5 -3.3125
1532259460744447 3.5625 -1.375 -4.1875
1532259460766380 3.75 -1.625 -4.9375
1532259460789319 3.6875 -1.5 -4.75
1532259460826220 3.0625 -1.3125 -4.5625
1532259460841180 2.8125 -1.0625 -4
1532259460887072 3.25 -0.8125 -3.25
1532259460938918 0.6875 -0.0625 -2.1875
1532259460953879 -1.4375 0.1875 -1.3125
1532259460976817 -0.1875 0 0.1875
1532259461013719 -0.3125 -0.5625 -0.125
1532259461028679 -0.25 -0.625 -0.125
1532259461051617 0.125 -0.0625 0.25
1532259461074556 -0.8125 0.375 1.1875
1532259461119436 -2 0.25 1.9375
1532259461141377 -4 0.75 2.4375
1532259461179276 -3.9375 1.25 2.3125
1532259461201217 -0.125 0.8125 2
1532259461239115 -1.1875 1 0.25
1532259461254075 -0.5 0.375 -0.625
1532259461283996 -0.125 -0.4375 -0.625
1532259461298956 -0.125 -0.5625 -0.5625
1532259461313916 0.1875 -0.625 -0.625
1532259461343836 0.3125 -0.5625 -0.6875
1532259461388715 0.3125 -0.125 -0.5
1532259461434600 0.1875 0.625 0.125
1532259461464513 -0.0625 1.375 0.5625
1532259461607151 -1.375 2.1875 1.875
1532259461673953 -3.25 0 2.5
1532259461711852 -2.3125 0.75 1.9375
1532259461741771 -2 1.4375 2
1532259461824550 0.625 0.3125 -0.125
1532259461869429 -0.5625 -1.625 -0.625
1532259461891372 -1.9375 -2.3125 -1
1532259461936251 -2.5 -2.625 -0.6875
1532259461974151 -3.4375 -3.0625 0.3125
1532259462027009 -3.8125 -2.375 0.9375
1532259462101809 -2.25 0.0625 2.3125
1532259462200545 1.6875 -0.625 -3.875
1532259462237460 -1.9375 -3.125 -2.3125
1532259462296303 -2.125 -2.75 -1.25
1532259462341169 -1.625 -1.5625 -0.25
1532259462371088 -0.9375 -0.25 0.5
1532259462423947 -0.6875 0.6875 1.625
1532259462438908 -1.8125 0 3.125
1532259462498747 -3.1875 0 3.5
1532259462521686 1.25 -3.5 -6
1532259462620438 51.9375 52.5625 -14
1532259462649345 62.4375 73.875 -16.0625
1532259462724161 -26.3125 192.125 -51.125
1532259462777004 -35.9375 194.188 -43.0625
1532259462830860 -40.6875 176.375 -35.6875
1532259462933584 -30.3125 -51.125 39.1875
1532259462979462 -20 -81.5625 35
1532259463061242 37.5625 -117.188 7.0625
1532259463106123 46.9375 -79.875 -14.625
1532259463121083 55.375 -56.875 -17.5
1532259463203861 47.625 41.5 -37.875
1532259463286640 4.0625 112.188 -48.125
1532259463346480 -59.5625 173.75 -51.9375
1532259463414299 -45.5 62.5 3.875
1532259463451200 -24 -58.125 41.4375
1532259463513035 4.9375 -158.063 46.5625
1532259463563898 42.875 -132.813 30.875
1532259463601800 28.75 -108.625 11.4375
1532259463691558 96.25 -65.875 -21.4375
1532259463894023 -64.1875 125.313 -49.4375
1532259463931925 -87.3125 109.375 -31
1532259464036642 -52.625 12.9375 20.5625
1532259464089500 10.4375 -89.4375 51.875
1532259464119420 21.25 -76.875 -0.8125
1532259464164301 81.5 -70.3125 -17.3125
1532259464188237 66.1875 -71.5625 -15.8125
1532259464216162 50.875 -71.875 -17.5
1532259464269021 26.0625 -77.25 -16.25
1532259464291959 3.3125 -97 -8
1532259464373741 -20.6875 -108.75 17.5
1532259464418620 -24.625 -106.125 24.625
1532259464449538 -11.625 -109.063 16.75
1532259464464498 -11.75 -101.625 29.6875
1532259464494418 -16.9375 -85.6875 40.375
1532259464571221 18.5 -67.75 14.875
1532259464658978 -6.625 -59.25 6.1875
1532259464688898 -5.75 -53.875 6
1532259464718819 -2.375 -52.9375 11.5625
1532259464793619 -38 23.5625 6.25
1532259464839496 6.4375 24.75 7.3125
1532259464876397 55.375 6.75 -0.3125
1532259464899335 34.1875 17.125 -5.5
1532259464921277 9.125 17.9375 -4.8125
1532259464974162 -13.5 6.9375 -5.1875
1532259464997100 -5.3125 -3.4375 -1.5
1532259465019042 -1.375 -10.375 -0.625
1532259465042977 -12.9375 -9.1875 -1.125
1532259465078882 -18.3125 -6.6875 -1.5
1532259465116780 -16.1875 -4.5625 -1.3125
1532259465176619 4.625 1.3125 0.5
1532259465266380 -4.4375 1.875 1.5
1532259465334198 -7.5625 -4.75 1.25
1532259465341180 -2.25 -4.0625 0.5
1532259465416977 5.8125 -1.6875 -2
1532259465468838 4.6875 2.75 -0.8125
1532259465506737 -3.8125 2 1.5
1532259465566577 -5.3125 -1.0625 0.875
1532259465604477 -4 -2.0625 -0.0625
1532259465671299 4 0.625 -0.75
1532259465769035 0.625 2.375 0.4375
1532259465851814 -2.3125 0.125 1
1532259465903684 -1.8125 -2.25 -0.5
1532259466001414 1.5 0.875 0
1532259466099153 1.4375 0.75 1.3125
1532259466339510 -0.8125 0.4375 0.625
1532259466527009 -2.25 0.1875 2.125
1532259466593830 -3 -3.8125 1.1875
1532259466608790 -1.3125 -4.375 0.5
1532259466661648 -1.9375 -4.3125 -0.6875
1532259466683590 -1.75 -3.75 -1.25
1532259466729467 -1.3125 -2.1875 0.5

1532259466811249 1 1.875 0.8125
1532259466864107 0.375 0.625 -1.3125
1532259466916966 -1 -1.3125 0.5
1532259466946886 -2.1875 -0.625 1.3125
1532259467021719 -4.125 1.5625 2.125
1532259467081585 0.3125 -2.6875 -2.6875
1532259467096545 0.125 -2.875 -3.25
1532259467134443 -0.4375 -2.625 -3.375
1532259467149403 -0.75 -1.75 -3.25
1532259467172078 -0.1875 -1.25 -1.9375
1532259467216960 0.25 -0.5 -0.625
1532259467231920 -0.3125 0.875 0.125
1532259467246880 -2.4375 2.25 1.5
1532259467276800 -6.4375 2.6875 4
1532259467298742 -6.125 1.875 4.5625
1532259467358597 -4.1875 -0.1875 3.125
1532259467381535 -2.6875 -0.8125 2.25
1532259467396495 0.3125 -0.8125 0.6875
1532259467449354 0.9375 0 -0.0625
1532259467479274 0.6875 0.25 -0.375
1532259467501215 0.0625 0.5 -0.625
1532259467531135 1.0625 0.5 -1.3125
1532259467554079 2.0625 0.1875 -1.8125
1532259467577012 2.5 0.1875 -1.8125
1532259467606935 2.75 0 -2.625
1532259467628874 2.6875 -0.4375 -2.5625
1532259467673754 3.6875 -0.375 -2.4375
1532259467688714 3.75 0.125 -1.75
1532259467735594 3.0625 1.0625 -2.0625
1532259467771498 3.375 1.5 -2.0625
1532259467786458 3.25 1.375 -1.875
1532259467831338 2.4375 0.875 -1.125
1532259467854276 2.1875 0.8125 -0.9375
1532259467891178 1.6875 0.8125 -1.25
1532259467914117 2 0.625 -1.1875
1532259467944037 1.875 0.1875 -1
1532259467988917 -0.4375 -0.6875 0.125
1532259468011856 -0.5 -0.875 0.9375
1532259468033796 -0.625 -0.8125 1.875
1532259468072693 1 1.25 1.5625
1532259468093637 0.875 1.75 1.4375
1532259468116575 -0.125 1.5625 1.125
1532259468146495 -0.3125 1.375 -0.125
1532259468184394 0.3125 1.0625 -0.6875
1532259468199354 1.375 0.4375 -1.3125
1532259468236255 1.375 -1.375 -4.375
1532259468259194 1.625 -1.375 -5.5
1532259468296095 0.5 -1.6875 -6
1532259468341973 -1.6875 -3.0625 -3.375
1532259468393834 -3.5 -3.1875 -1.6875
1532259468423754 -6.6875 -2.4375 3.75
1532259468483594 -5.375 0.1875 7.1875
1532259468559391 -4.75 2.875 8
1532259468619231 -4.625 1.8125 6.4375
1532259468679071 -3.6875 -1.1875 2.1875
1532259468708991 -2.375 -1.9375 0.6875
1532259468761850 0.3125 -3.8125 -0.1875
1532259468813710 0.1875 -3.4375 0.1875
1532259468881530 0.3125 -1.125 0.9375
1532259468905467 0.4375 2.875 1.25
1532259468964308 1.1875 1.6875 -0.5
1532259469054068 2.9375 -0.9375 -2.75
1532259469091966 2.6875 -1.5625 -2.9375
1532259469151807 -1.25 -1.4375 -1.5
1532259469218629 -0.0625 0.875 1.4375
1532259469279466 -1.375 1.3125 1.75
1532259469309386 -0.875 -0.6875 -0.4375
1532259469361247 2.8125 -2.6875 -5.375
1532259469376207 9.5625 -4.375 -6.75
1532259469429065 26.3125 1.1875 -11.0625
1532259469526804 -83.9375 177.813 -25.0625
1532259469563705 -5.5 202 -24.1875
1532259469639503 -13.25 177.938 -17.8125
1532259469669423 -16.875 156.813 -19.125
1532259469706324 -25.0625 101.125 -6.125
1532259469789103 -7.375 -50.8125 30.4375
1532259469848943 35.1875 -117.063 30.25
1532259469886842 63.1875 -115 9.6875
1532259469923743 75 -106.563 -1.3125
1532259469999548 88.4375 -47.875 -14.8125
1532259470014500 75.5625 -14.875 -23.1875
1532259470059380 52.375 17.1875 -29
1532259470149140 -57.6875 99.75 -67.5
1532259470246878 -80.5 115.5 -29.75
1532259470283780 -37.9375 68.5625 7.1875
1532259470328660 -39.4375 -5.5 44.8125
1532259470419417 38.75 -128.375 40.3125
1532259470449337 48.3125 -131.938 11.9375
1532259470501198 69.5625 -124.75 -17.8125
1532259470576996 77.6875 -116.438 -23.5625
1532259470688697 95.4375 -64.5625 -29.1875
1532259470756516 -7.4375 72.5625 -55
1532259470839294 -53.125 70.6875 14.0625
1532259470884175 -34.75 -33.875 56.625
1532259470914094 5 -91.5625 61.125
1532259470951993 23.0625 -109.938 63.9375
1532259470973934 26.375 -127.25 64.75
1532259471048734 55.9375 -100.438 -3.1875
1532259471086633 45.4375 -87.375 -12.1875
1532259471123534 46.1875 -71.9375 -21.8125
1532259471169412 33.75 -45.6875 -20.375
1532259471199332 28.875 -26.125 -16.8125
1532259471221273 22.4375 -0.875 -10.5
1532259471251194 15.6875 29.625 -5.3125
1532259471378852 -44.9375 107.563 -4.8125
1532259471476590 -25.125 -70.3125 21.1875
1532259471536430 24.8125 -128.5 18.75
1532259471581310 33.625 -141.813 23.375
1532259471626190 71.625 -154.625 13.8125
1532259471687027 78.6875 -146.75 46.8125
1532259471798728 54 -141.938 29.3125
1532259471866547 -90.5 -11.875 -15
1532259471926388 -2.125 -45.25 -3.0625
1532259471964286 15 -4.6875 -1.625
1532259472016147 -25.5 22.3125 -6.0625
1532259472054046 -32.5625 15.5625 4.75
1532259472128846 9.5625 4.4375 4.625
1532259472211624 -2.5 2.5625 4.25
1532259472256504 -6.25 -3.0625 0.875
1532259472286425 -1.1875 -6 -0.6875
1532259472437022 1.3125 -1.125 -0.875
1532259472473923 4.125 3.125 0.0625
1532259472518803 2.125 1.8125 -0.875
1532259472593603 -0.375 -3.5625 -2.4375
1532259472684360 0.4375 -2.5625 -1.125
1532259472737219 1.25 2.5 0.6875
1532259472886818 -0.625 -1.25 -1.3125
1532259472923720 -1.75 -1.875 -1.3125
1532259473014480 0.9375 -1.0625 -0.1875
1532259473066339 2.9375 1.1875 1.1875
1532259473187016 -2.75 -2.25 -0.6875
1532259473261816 1.5625 -3.3125 -2.9375
1532259473336616 2.5625 -0.9375 -0.6875
1532259473426377 -1.5 1 2.0625
1532259473539075 -1.5625 0.5625 1.1875
1532259473591933 -1.3125 1.125 2.6875
1532259473606893 -1.4375 1.3125 2.5
1532259473628835 -2.125 0.5625 1.875
1532259473666733 -1.125 -0.875 1.4375
1532259473726574 -1.1875 -4.25 -1.625
1532259473756494 0.6875 -5.125 -1.75
1532259473831294 0.875 -1.4375 -0.9375
1532259473884157 0.6875 1.8125 0.3125
1532259473906094 0.9375 1.8125 0.125

1532259473943992 -0.9375 -1.125 -0.5
1532259473973911 -1.5 -1.4375 -0.6875
1532259473988871 -1.5 -1.375 -0.75
1532259474011811 -0.625 -1.1875 -1.0625
1532259474093592 -0.125 0.5 -0.5
1532259474109549 -0.875 1.375 -0.1875
1532259474124509 -0.25 1.8125 -0.125
1532259474169389 -2.5 2.5625 1.1875
1532259474244189 -2.125 1 1.1875
1532259474266165 -2.125 1.0625 0.6875
1532259474281125 -1.0625 0.8125 0.5
1532259474328001 -1 1.125 0.9375
1532259474371883 -0.3125 1.125 1.3125
1532259474438704 0.3125 1.75 0.625
1532259474498544 0.5625 1.125 -0.5
1532259474529477 1.5 0.625 -0.625
1532259474551419 1.3125 1.125 -0.625
1532259474566378 1 0.875 -0.75
1532259474596298 0.625 -0.5 -0.5
1532259474611259 -0.4375 -0.6875 -0.0625
1532259474634197 -1.375 -0.375 0.6875
1532259474679077 0.25 0.9375 1.75
1532259474702016 2 2.3125 1.875
1532259474738917 5.5 4.25 -0.125
1532259474776815 5.5 2.375 -3
1532259474798757 2.6875 0 -3.375
1532259474843637 0.875 -1 -3.3125
1532259474866576 2.1875 -0.5625 -3.6875
1532259474896495 3.4375 0.4375 -3.1875
1532259474919434 3.625 1.3125 -3.4375
1532259474964314 1 1.875 -3
1532259474986256 0.3125 1.3125 -2
1532259475016175 0.125 0.6875 -1.1875
1532259475054074 -1.9375 -0.125 -0.0625
1532259475113914 -4.4375 -0.1875 3.5
1532259475136853 -3.8125 0.3125 2.875
1532259475166772 -4 0 1.4375
1532259475203678 -3.875 -1.25 0.3125
1532259475233594 -4.0625 -3 1.125
1532259475264512 -2.3125 -3.625 1.8125
1532259475331333 -2.9375 -2.6875 2.4375
1532259475376212 -4.625 -1.5625 2.8125
1532259475421093 -6.0625 -2.0625 3.0625
1532259475458991 -4.9375 -2.1875 3.1875
1532259475481930 -4.3125 -2.125 3.875
1532259475496890 -3.875 -1.6875 3.8125
1532259475533792 -3.0625 -1.375 2.75
1532259475556730 -3.375 -1.375 2.8125
1532259475571690 -4.25 -1.75 3.5625
1532259475616584 -3.875 -1.875 3.5625
1532259475684389 -3.0625 -1.9375 3.25
1532259475706330 -3.1875 -1.75 4.375
1532259475736250 -3.375 -1.4375 4.875
1532259475759189 0.75 0.5 2.3125
1532259475774149 2.875 1.1875 1.125
1532259475819029 3.8125 0.875 -5.3125
1532259475841967 1.75 -1.125 -6.875
1532259475871887 0.1875 -3.625 -7.125
1532259475893828 -1.75 -5.9375 -6.875
1532259475923749 -5 -6.8125 -6.1875
1532259475953673 -5.6875 -4 -3.5
1532259475968628 0 -3.125 -4.375
1532259475991567 11 4.125 0.5625
1532259476029466 6.0625 5.875 -0.75
1532259476089306 8.125 6.25 -2.375
1532259476119226 15.4375 8.8125 -5.3125
1532259476157125 13 7.625 -4
1532259476171087 6 5.4375 -4.125
1532259476231924 2 9.25 -7.125
1532259476328666 8.9375 65.75 -16.25
1532259476381524 -5.75 96.1875 -12.875
1532259476449343 13.375 167.188 -28.3125
1532259476464302 -6.5625 182 -23.125
1532259476509183 -27.5625 195.688 -18.8125
1532259476539103 -17.1875 161.75 -6.9375
1532259476591962 -33.875 71.3125 2.5
1532259476613903 -25.6875 35.9375 6.75
1532259476651801 -39.8125 -81.125 32.75
1532259476726602 -3 -124.25 5.9375
1532259476749541 32.25 -138.188 -10.4375
1532259476816362 67.3125 -65.25 -40.375
1532259476869220 79.3125 -9.875 -35.8125
1532259477071680 -61 149 -62.3125
1532259477146479 -47.0625 88.625 -13.1875
1532259477206319 -3.0625 -81.25 68.125
1532259477236240 36 -171.813 70.9375
1532259477274137 68.75 -144.875 54.875
1532259477348937 38.5625 -83.75 -20.5
1532259477386848 55.875 -59.0625 -20.1875
1532259477491556 44.5625 31.6875 -47.5625
1532259477566360 -22.4375 116.75 -47.5
1532259477626202 -43.3125 138.938 -38.375
1532259477687040 -67.6875 55.75 -1.0625
1532259477708982 -60.375 -50.6875 58.25
1532259477768821 43.875 -102.25 57.625
1532259477813700 50.6875 -91.8125 36.1875
1532259477866562 69 -84.375 -12.5625
1532259477904458 55.1875 -92.1875 -16
1532259477927397 49.375 -109.438 -22.6875
1532259477964298 53.4375 -98.5 -27.3125
1532259477979258 49.625 -93.375 -19.5
1532259478009178 18.5 -92.875 -35.75
1532259478039098 -11.4375 -78.3125 -10.375
1532259478106916 -42 -83.9375 18.4375
1532259478121877 -31.4375 -91.1875 26.75
1532259478203659 -16.125 -113.563 60.4375
1532259478316357 33.4375 -91.5 50.5625
1532259478384175 13.3125 -67.875 21.3125
1532259478399136 13.9375 -64.6875 6
1532259478430053 -43.125 -11.9375 -17.875
1532259478466961 -5.4375 -36.625 1.5
1532259478473935 -24.8125 -37.3125 9.5625
1532259478526794 -6.125 28.625 0
1532259478541754 22.375 35.0625 2
1532259478586634 64.25 15.6875 -1.375
1532259478661433 47.0625 7.8125 -6.0625
1532259478684373 -16 2.1875 -2.6875
1532259478706314 -26.625 -2 -1.875
1532259478714300 -26.5 -4.9375 -1.5625
1532259478774140 -8.125 -5.6875 2.3125
1532259478789099 -4.0625 -2.5625 1.1875
1532259478901798 6.25 2.5625 -3.8125
1532259479021478 -0.3125 -4.875 -0.6875
1532259479066358 2.3125 -3.5 -1.5625
1532259479149137 5.0625 1.875 -1.25
1532259479171078 0.75 3.75 0
1532259479208977 -1.5 3.25 0.875
1532259479703655 0.5625 3.6875 0.875
1532259479794412 -2.5 -3.1875 0.125
1532259479854252 1.75 1.5 0.625
1532259480071670 2.9375 0.125 -0.0625
1532259480199329 0.0625 1.5625 0.125
1532259480326988 3 -1.8125 -1.1875
