1532259499201221 44.9375 -66.3125 -3.0625
1532259499249094 32.5 -63.625 7.9375
1532259499338855 57.125 -63.875 11.125
1532259499421632 50.875 -67.375 3.6875
1532259499459530 56.9375 -72.125 5.3125
1532259499519371 44.8125 -64.125 -9
1532259499549291 45.4375 -63.9375 -14.625
1532259499579211 -20.75 -46.375 -19.1875
1532259499594171 -15.4375 -54.4375 -28.6875
1532259499609131 -18.5625 -64.125 -35.0625
1532259499632070 -39.9375 -75.5625 -28.0625
1532259499654011 -50.5 -85.875 -22.5
1532259499713851 -26.375 -50.875 10.375
1532259499751750 16.75 2.4375 11.3125
1532259499856470 24.5 18.4375 14.125
1532259499901349 31.5625 7.0625 14.5
1532259500029008 -3.875 7.25 1.5
1532259500314245 -1.8125 0 3.6875
1532259500418965 0.5 0 -0.625
1532259500471823 -2.3125 0.1875 0.25
1532259500531665 -0.3125 0.625 0.5
1532259500591503 -0.0625 1.375 1.875
1532259500621423 -0.75 1.875 1.9375
1532259500666304 -0.125 1.375 2.8125
1532259500711183 -1.3125 0.3125 0.9375
1532259500734133 -2.25 0.125 0.3125
1532259500786994 0 -0.5625 -0.6875
1532259500823882 0.0625 0 -0.625
1532259500883730 2.125 0.9375 -0.5625
1532259500936589 2.125 1 -0.625
1532259501004407 2.125 0.8125 -1.125
1532259501026349 0.5625 -0.25 -2.3125
1532259501147026 -20.9375 42 -4.625
1532259501168967 -33.4375 41.9375 5.25
1532259501267703 28.4375 53.3125 16.4375
1532259501334524 68.3125 138.313 2.375
1532259501439317 71.25 175 -19.8125
1532259501484197 73.25 207.688 -47.875
1532259501558998 -40.625 180.063 -38.8125
1532259501626816 11.6875 -91.0625 15.375
1532259501836256 -42.625 123.438 -73.5625
1532259501978881 -53.8125 58.4375 11
1532259502061660 54.6875 -143.688 76.5625
1532259502099558 35.4375 -146.875 59.3125
1532259502129478 30.6875 -132.75 50.8125
1532259502174359 62.75 -104.5 2
1532259502189318 73.5 -86.125 -8.3125
1532259502234198 45.0625 -41.625 -21.4375
1532259502316977 48.75 -23.125 -21.25
1532259502413748 60.5 10.25 -27.25
1532259502473587 -62.125 128.625 -71.625
1532259502534424 -53.875 55.875 -5.8125
1532259502556366 -48.6875 20.5 18.5625
1532259502579305 -15.0625 -24.9375 55.6875
1532259502601246 7.5 -43.25 50.625
1532259502662084 28.1875 -74.4375 65.875
1532259502677043 12.9375 -86.4375 71
1532259502736883 33.375 -99 20
1532259502766803 30.125 -86.25 5.375
1532259502803704 52.3125 -66.75 6.1875
1532259502865539 45.5 -49.5 -6.875
1532259502886483 44.3125 -49.0625 -8.625
1532259502909422 24.9375 -57.3125 -7
1532259502954310 12 -65.875 -5.4375
1532259503082974 -8.9375 -110.938 15.3125
1532259503141800 30.8125 -117.75 44.8125
1532259503209619 -4.375 -90.75 44.5
1532259503231561 -6.25 -86.875 30.875
1532259503291401 -79.4375 7.5 -23.25
1532259503359219 2.0625 -7.3125 3.125
1532259503419059 0.3125 -25.5 14.125
1532259503471918 -7.75 5.9375 -8.4375
1532259503501838 6.625 -0.25 -3.375
1532259503546718 3.125 -4.0625 5
1532259503561678 -5.375 0.375 7.125
1532259503576638 -12.6875 1.5625 6.8125
1532259503599577 -20.4375 -9 9.5625
1532259503644456 -21.5625 -12.9375 12.875
1532259503674376 -22.75 -12.3125 10.875
1532259503772115 -19.5625 -8.3125 4.4375
1532259503921715 -5.5625 0 2
1532259504004494 -15.375 -4.625 3.375
1532259504026434 -6.8125 -0.5 10.0625
1532259504116195 12.6875 7.8125 9.875
1532259504139133 17 8.5625 7.3125
1532259504169054 18.125 8.1875 4.5
1532259504266792 -7 -1.5 -3
1532259504356552 -0.5625 -3.1875 -3.0625
1532259504484211 19.8125 12.3125 -4.125
1532259504603907 17.625 6.5 -0.5625
1532259504627827 15.9375 5 -0.8125
1532259504731549 3.75 -1.5 -1.4375
1532259504799368 -0.25 -0.9375 -0.625
1532259504821310 -6.625 -2.6875 -2.25
1532259504881149 -10 -4.3125 -4.8125
1532259504986867 -0.75 -2.625 -3.625
1532259505023768 -6.375 -4.5625 -3.4375
1532259505114525 -5.25 -3.75 -3.5625
1532259505256146 -9.375 -5.25 3.25
1532259505309006 -3.5 -2.5625 3.9375

1532259505361864 -1.375 -0.8125 4.625
1532259505398783 3.75 3 4.25
1532259505466601 6.25 2.5 -0.3125
1532259505564340 -3.8125 1.125 1.75
1532259505781758 4.6875 3.625 1.125
1532259505811679 6.25 4.5625 3.25
1532259505856558 4.625 4.0625 1.9375
1532259505946319 0.375 1.1875 -0.5625
1532259506029097 1.6875 1.4375 -1.5625
1532259506081955 1.6875 1.5 -2.5
1532259506156755 2.8125 1.125 -0.625
1532259506239535 4.0625 2.6875 0.5
1532259506344255 6.4375 3.9375 0.125
1532259506636473 0.9375 0.3125 -0.875
1532259506689332 1.8125 1.75 -0.625
1532259506794051 -0.375 2.1875 2
1532259506831950 0.6875 1.25 0.3125
1532259506891790 -1 0.375 -0.9375
1532259506922708 -1.8125 -2.25 -0.625
1532259506951630 -3.625 -1.1875 -0.125
1532259506981550 -3.0625 -0.5625 0.0625
1532259507004499 -1.6875 -0.375 0
1532259507049369 -0.6875 -0.4375 0.5
1532259507071310 -1.5625 -0.75 0.125
1532259507094249 -1.9375 0.6875 2.25
1532259507124169 -1.6875 1.0625 2.625
1532259507148105 -1.1875 0.3125 1.8125
1532259507228889 -1.0625 0.4375 1
1532259507251827 -1.1875 0.375 1.25
1532259507326628 0.3125 0.625 0.0625
1532259507349583 -1.75 -2.3125 -2.0625
1532259507394446 0.1875 -0.875 -1
1532259507484206 -1.0625 -0.9375 -0.625
1532259507544060 -1.8125 -0.4375 0.0625
1532259507611864 -0.875 -0.25 -0.625
1532259507671705 -0.5 0.25 0.625
1532259507686664 -0.25 0.75 1.125
1532259507739523 2.5625 1.1875 0.5625
1532259507799363 0.4375 1.25 -0.0625
1532259507821305 -0.25 0 -0.6875
1532259507881145 -1.125 -1.875 -1
1532259507896105 -1.5625 -0.625 -0.9375
1532259507927022 -1.5 -2.375 -3.375
1532259507948964 -3.1875 -3.0625 -5.875
1532259507993843 -5.875 -2.0625 -7.4375
1532259508023763 -6.875 1.9375 -7.4375
1532259508076622 5.4375 13 -4.5
1532259508144440 6.75 18.1875 -4.1875
1532259508181342 13.3125 22.125 -3.0625
1532259508287059 8.1875 26.125 -9.8125
1532259508519438 -3.375 197.938 -60.6875
1532259508571299 -42.875 102.375 29.0625
1532259508662068 -13.9375 9.0625 43.6875
1532259508753811 64.5 -162 53.6875
1532259508849555 76.6875 -115.375 3.4375
1532259508916376 67.5625 -107.5 -9.3125
1532259509021096 33.25 -69.8125 -20.5625
1532259509133794 -62.875 186 -61.5625
1532259509180670 -55.0625 87 -16.0625
1532259509233528 -35 -4.8125 30.375
1532259509284392 31.125 -143.438 56.125
1532259509321294 42.5625 -141.438 54.875
1532259509427011 70.6875 -84 -1.25
1532259509508792 71.6875 -69.125 -9.0625
1532259509741171 -86.5625 127.688 -37.3125
1532259509816977 -38.8125 25.9375 13.8125
1532259509876808 0.9375 -104.25 53.625
1532259509951608 66.1875 -134 66.9375
1532259509975544 146.375 -144.875 48.1875
1532259510034387 93.125 -160.938 53.875
1532259510056327 53.5 -165.938 63.3125
1532259510162045 58.8125 -196.375 48.75
1532259510206925 188.688 -176.375 48.75
1532259510296685 -244.5 -23.4375 -17.25
1532259510356525 -106.25 -54.5 19.5
1532259510424343 42.3125 -4.25 2.6875
1532259510603863 3.1875 11.4375 7.6875
1532259510686642 8.75 1.1875 9.625
1532259510710579 -7 -1.1875 5.4375
1532259510754461 -25.875 -10.5625 -2.9375
1532259510799341 -23.125 -7.25 7.125
1532259510815299 -18.375 -2.8125 9.25
1532259510844235 -3.625 -0.4375 10.25
1532259510896083 -2.3125 -1.9375 7.5625
1532259510919021 -6.8125 -2.75 6.75
1532259510949938 -11.4375 -4.625 4.3125
1532259510978861 -8.375 -4.0625 0.625
1532259511031720 -7.125 -4 -0.3125
1532259511068620 -2.875 -2.375 -1
1532259511129458 6.6875 2.0625 -2.0625
1532259511219219 12.6875 5.125 -1.8125
1532259511249138 13.375 5.6875 -1.375
1532259511308978 14.875 6.0625 -1.6875
1532259511338898 17.9375 5.4375 -3
1532259511393752 23.125 5.375 -6.9375
1532259511504460 23.3125 10.5625 -9.25
1532259511564295 24.625 12.375 -7.9375
1532259511618152 22.3125 12.1875 -7.25
1532259511698936 22 8.5 -5.4375
1532259511743816 5.4375 -2.75 -5.375
1532259511788696 -0.25 -5.1875 -8.9375
1532259511818616 1.5625 -5.6875 -9.0625
1532259511856514 1.0625 -6.625 -8.4375
1532259511894413 -1.125 -6.125 -4.0625
1532259511961234 3.75 -4.0625 -6.0625
1532259512014093 -2.625 -5.5 -8.4375
1532259512111832 -8.6875 -9.9375 -3.9375
1532259512163692 -11.6875 -7.4375 1.3125
1532259512201591 -7.8125 -1.4375 -0.3125
1532259512261432 3.6875 0.875 -3.375
1532259512314290 2.25 -0.875 -3.9375
1532259512389090 -3.375 -1.75 -1.25
1532259512441949 -3.125 0.25 0.8125

1532259512463890 -3.5625 0.8125 1.5625
1532259512516749 -3.875 0.8125 1.9375
1532259512538690 -3.0625 1.0625 2.125
1532259512584567 -3.625 3.8125 2.4375
1532259512614028 -3.4375 3.5 1.6875
1532259512652924 -3.25 2.3125 0.9375
1532259512711785 -3.375 0.375 -0.125
1532259512741706 -6.375 -1.9375 -0.25
1532259512801783 -8 -2.8125 1
1532259512921463 -2.25 1.5 2.1875
1532259513028178 -0.375 2.625 1.6875
1532259513049122 -2.1875 1 0.9375
1532259513094002 -2.3125 1.1875 0.8125
1532259513183762 -2.125 1.5625 2.0625
1532259513236633 -1.5 2.3125 3.0625
1532259513281500 -1.875 2.25 3.5625
1532259513409160 1.125 -0.1875 -1.0625
1532259513462018 -2.5625 -1.5 0.5625
1532259513476977 -3.375 -1.5625 1.25
1532259513543800 -3.0625 0 3.8125
1532259513618599 -1.4375 0.125 2.125
1532259513642536 4.25 0.9375 -2.3125
1532259513716337 2.25 -1.1875 -5.625
1532259513746258 2.5 -2.9375 -5.1875
1532259513843996 -7.8125 -5.625 -6.25
1532259513896854 -7.3125 -3.8125 -5.1875
1532259514016535 -0.5625 -0.1875 -1.125
1532259514054434 -1.6875 -1.25 0.1875
1532259514091335 -3.1875 1.1875 2.625
1532259514121255 -1.9375 1 1.5625
1532259514166135 -2.875 0.375 0.9375
1532259514218994 -3.0625 -1.5 1.1875
1532259514248913 -4.6875 -2.125 0.5625
1532259514263874 -5.875 -2.3125 1.0625
1532259514286812 -6.6875 -2.5625 1.375
1532259514316732 -6.4375 -1.5 2.3125
1532259514376572 -1.3125 0 1.5625
1532259514399511 -2.125 0.25 2.25
1532259514437410 -4.5625 -0.25 3.9375
1532259514474311 -5.6875 -0.25 4.5
1532259514535165 -5.125 -0.375 3.875
1532259514587009 -1.125 2.75 4.4375
1532259514608950 -0.25 3.625 3.5625
1532259514646849 1.75 1.625 1.6875
1532259514668790 -0.6875 0.5625 1.4375
1532259514736610 -1.8125 -1.125 0.5
1532259514796450 -1.1875 0.5625 -0.3125
1532259514886209 3.5 1 -1.6875
1532259514954028 1.5625 0.1875 -1.125
1532259514976967 2.1875 0.375 -1.1875
1532259515013868 -1.625 -0.5625 -0.125
1532259515028828 -1.6875 -0.75 0
1532259515073708 -1.3125 -0.125 0.875
1532259515103628 0.125 0.25 0.9375
1532259515126566 1.375 2.6875 1.125
1532259515164465 0.9375 1.5625 0.9375
1532259515201366 1.1875 0.8125 0.9375
1532259515231287 3.25 -0.9375 -1
1532259515246246 3.4375 -2.25 -5.25
1532259515284145 3.75 3.6875 -12.5625
1532259515351964 32.75 70.25 1.875
1532259515373905 40.125 92.25 8
1532259515441724 10.1875 114.563 -6.9375
1532259515464662 10.625 147.188 -12.25
1532259515509543 -15.0625 172.25 -31.75
1532259515569382 -6.625 151.875 -25.1875
1532259515599303 -4.5625 132.125 -27.1875
1532259515614263 -7.6875 107.25 -25.4375
1532259515651164 -15.3125 48.25 -13.625
1532259515682081 -14.9375 14.125 -4.625
1532259515726961 -34.6875 -74.9375 8
1532259515891529 -12.75 -88.125 -1.375
1532259515989267 42 -108.938 -6.875
1532259516093988 -52.4375 89.9375 -19.1875
1532259516191726 19.6875 -73.5625 83.25
1532259516236606 57.4375 -100.438 69.9375
1532259516259545 60.3125 -126.688 77
1532259516274504 58.0625 -127.875 67.3125
1532259516296446 70.625 -132 46.375
1532259516334345 78.875 -135.5 23.75
1532259516409145 42.25 -118.938 1.875
1532259516566723 27.4375 -42.5 -2.375
1532259516619582 24.125 94.25 -43.5625
1532259516695380 -50.375 85.9375 -24.1875
1532259516739262 -33.0625 46.6875 -8.25
1532259516807081 7.5 -105.063 46.6875
1532259516829022 59.375 -158.875 54.0625
1532259516896841 39.125 -131.125 9.875
1532259516926761 49.875 -106.5 7.0625
1532259517031480 90.8125 -83.375 -7.5625
1532259517182078 47.3125 -16.875 -10.25
1532259517338659 -43.5 10.1875 9.8125
1532259517393513 37.1875 -130.688 47.1875
1532259517421437 54.9375 -137.625 41.3125
1532259517451358 47.5 -119.563 41.3125
1532259517496238 97.6875 -128.25 33.8125
1532259517586995 45.25 -169.625 45.625
1532259517638857 15.375 -182.313 61.9375
1532259517668777 56.9375 -211.875 66.1875
1532259517721635 178.938 -192.625 92
1532259517774494 61.0625 -29.625 -35.8125
1532259517804414 -278.875 21 -56.3125
1532259517841315 -237.813 16.3125 -48.9375
1532259517901155 52.5 -48.9375 15.125
1532259517939054 34.9375 -19.3125 -0.125
1532259517961992 -27 11 7.5625
1532259517983934 -60.875 25.125 -11.5625
1532259518006873 -11.0625 10.75 9.6875
1532259518043774 32 -2.625 13.625
1532259518073694 39.9375 -7.25 13.1875
1532259518119579 24.8125 -1.1875 12.3125
1532259518216313 -23.5 11.125 7.8125
1532259518352947 -3.9375 0.375 3.5
1532259518418771 -21.3125 -2.25 4.25
1532259518441710 -21.5625 -4.25 6.25
1532259518471630 -16.1875 -4.5 10.625
1532259518501549 -12 -4 13.625
1532259518546430 -19.625 -8.5 15.25
1532259518569368 -17.6875 -10.1875 14.625
1532259518697026 -19.6875 -7 7.1875
1532259518778808 -5.6875 -2.3125 0.75
1532259518801747 -0.25 -1.125 -0.5625
1532259518876547 8.4375 1.125 -0.625
1532259518899485 7.5625 1.875 -0.125
1532259518944366 9.5 2.3125 -0.3125
1532259518974285 11.5625 3.125 -3.125
1532259519072024 16.75 5.4375 -6.75
1532259519176744 15.625 5.375 -6.8125
1532259519251543 18.0625 2.0625 -9.125
1532259519326344 21.875 7.8125 -11.8125
1532259519454003 15.875 4.5625 -7.4375
1532259519491901 10.6875 3.0625 -7
1532259519558723 3.375 -4.0625 -7.6875
1532259519588654 -3.25 -4.875 -3.6875
1532259519709320 0.0625 -1.125 1.3125
1532259519761184 5.8125 -1.875 -5.5625
1532259519807058 8.625 -3.3125 -13.1875
1532259519881858 -18.8125 -8.0625 -15.9375
1532259519926743 -18.4375 -9.625 -14.125
1532259519948680 -17 -11.1875 -11.4375
1532259520001539 -15.875 -8.5 -2.875
1532259520024477 -16.125 -7.25 0.125
1532259520069357 -13.8125 -5.875 2.875
1532259520151138 -12.9375 -1.4375 10.6875
1532259520167095 -15.0625 -1 11.25
1532259520189037 -17.125 -0.875 11.875

1532259520226935 -13 -1.75 6.375
1532259520256871 -5.0625 -0.5 2.0625
1532259520301736 9 6.375 7.9375
1532259520361589 25.0625 27.75 4.25
1532259520399474 8.0625 76.25 -7.0625
1532259520444354 -17.5625 214.875 -58.3125
1532259520572013 -37.4375 288.313 -103.375
1532259520631852 -39.5625 275 -114.938
1532259520976470 -10.3125 16.25 -12.8125
1532259521051270 -6.4375 9 4.125
1532259521538976 1.1875 5.6875 2
1532259521688830 -2.25 0 4.625
1532259521831513 1.75 -2.1875 1.1875
1532259521944450 35.5625 -194.375 93.5625
1532259521959410 49.25 -201.313 89.625
1532259522011271 32.375 -210.125 77.25
1532259522034210 15.75 -206.688 57
1532259522109010 -6.4375 -198.125 26.4375
1532259522138930 8.125 -161.25 15.1875
1532259522168849 57.5625 -108.688 36.3125
1532259522191789 55.375 -77 14.5625
1532259522213730 40.9375 -60.1875 6.4375
1532259522243650 32.9375 -41.75 -2.8125
1532259522289527 23.25 -38.8125 -1.25
1532259522311469 11.625 -40.375 3
1532259522416188 -27.5625 -2.9375 -4.3125
1532259522469047 -6.125 -14.6875 -11.6875
1532259522498967 -22.625 -14.625 -11
1532259522521906 -28.375 -12.0625 -9.5
1532259522543847 -27.875 -9 -6.375
1532259522558807 -24.625 -8.375 -3.25
1532259522588727 -15.3125 -9.75 -0.625
1532259522633608 -9.875 -5.375 0.9375
1532259522664525 -14.5 -2.1875 1.9375
1532259522694444 -15.375 -0.1875 1.625
1532259522746305 -5.75 1.5 1.4375
1532259522791186 -2.1875 3.5625 1.875
1532259522873964 0.3125 5.8125 5
1532259522911863 -0.375 3.4375 6.125
1532259522993644 19.6875 -1 -13
1532259523016583 23.375 0 -21.5
1532259523046503 9.5 0.0625 -34
1532259523069442 -10.25 2.625 -26.6875
1532259523099361 -35.6875 1.6875 -13.4375
1532259523121303 -45.6875 -3.4375 -10.1875
1532259523144242 -27.5625 -11.125 -13.1875
1532259523227020 28.5625 -31.0625 2
1532259523248962 42.4375 -28.625 13.3125
1532259523293842 1.6875 21.5 3.25
1532259523323762 4.6875 15.8125 4.3125
1532259523376634 20.125 6.1875 5.625
1532259523406541 21.0625 7.25 5.625
1532259523444439 2.875 7.75 3.5
1532259523481340 7.3125 1.8125 2
1532259523504282 4.6875 0.6875 0.5625
1532259523579079 -3 -1.625 -1.3125
1532259523631937 -2.375 -1.75 0.125
1532259523653879 -1.1875 -1.5 0.9375
1532259523683799 -0.6875 -0.875 1
1532259523728678 0.625 -0.3125 1.25
1532259523751617 1.4375 0.125 1.1875
1532259523774556 0.375 1.4375 1.25
1532259523834396 -3.9375 -1.625 -3.0625
1532259523849356 -7.5625 4 -3.1875
1532259523871298 -30.3125 20.25 2.6875
1532259523894236 -12.375 57.3125 -0.625
1532259523977015 35.125 89.625 -4.75
1532259524028877 14.8125 144.625 -35.875
1532259524111655 -5.125 242.75 -66.6875
1532259524186455 -61.8125 238.25 -52.375
1532259524314113 -75.75 87.0625 -9.8125
1532259524495627 59.9375 -96.4375 -18.6875
1532259524524550 82.1875 -66.0625 -33.5625
1532259524666172 -89.1875 138 -14.25
1532259524704071 -45.125 24.5 12.125
1532259524756929 38.8125 -110.375 75.125
1532259524771893 63.3125 -128.813 73.1875
1532259524801809 82.0625 -151.063 63
1532259524816769 71.4375 -154.25 58.9375
1532259524868640 19.125 -143.875 42.5
1532259524884588 2 -127.375 9.4375
1532259524899560 22.0625 -118.438 -16.375
1532259524996289 59.75 -82.125 -24.6875
1532259525079068 55.75 -52.0625 -34.5625
1532259525146886 20.9375 74.375 -51.8125
1532259525168828 -66.4375 159.75 -59.0625
1532259525176806 -105.875 158.75 -29.8125
1532259525228669 -85.625 81.8125 4.125
1532259525251606 -74.25 54.8125 20.75
1532259525296486 -10.125 -70.4375 28
1532259525311446 12.6875 -88.75 27
1532259525334386 30.875 -117.313 50.875
1532259525349345 38.0625 -129.938 50.375
1532259525371287 57.125 -135.25 53.0625
1532259525401206 75.375 -142.688 44.8125
1532259525424145 97.0625 -142.313 35.9375
1532259525477004 46.5625 -88.625 -9.8125
1532259525566763 56.125 -47.75 -31.6875
1532259525649543 -44 96.375 -71.5625
1532259525739302 -69.125 130.688 -70.8125
1532259525830060 -105.188 158.625 -45.4375
1532259525866961 18.1875 -72.625 56.5
1532259525941761 22.25 -133.438 69.125
1532259526024540 55.4375 -142.063 20.5
1532259526054460 63.3125 -140.813 11.375
1532259526197078 81 -184.625 26.8125
1532259526221015 54.8125 -190.5 44.1875
1532259526241958 223.75 -133.875 56.8125
1532259526301798 105.5 -31.9375 6.625
1532259526338700 -18.4375 12.9375 -18
1532259526421478 -224.938 12.625 -25.1875
1532259526437436 -194.625 7 -12.8125
1532259526474337 39.625 -20.375 -15.625
1532259526623937 -62.75 7.625 -8.75
1532259526676795 -6.75 -4.9375 3
1532259526736650 9.75 6.8125 7.125
1532259526849334 -17.9375 -2.1875 7.1875
1532259526954054 -23 -22.125 6.5
1532259526976993 -11.4375 -17.9375 8.8125
1532259527013894 -9.4375 -5 10.4375
1532259527073734 5.3125 -1.4375 2.625
1532259527261253 11.75 2.5 -5.1875
1532259527299130 16.375 5.5 -4.8125
1532259527426790 40.9375 16.9375 -7.6875
1532259527539488 34.6875 13.9375 -7
1532259527697066 33 18.4375 -7.8125
1532259527756907 2.0625 2.8125 -1.125
1532259527846667 0.25 -2.1875 -11.8125
1532259527861627 -4.875 -4.625 -12
1532259527921469 -19.8125 -12 -11
1532259527966347 -19.8125 -13 -12.5625
1532259527989286 -17.625 -11.4375 -13.875
1532259528019206 -15.8125 -11.1875 -12.6875
1532259528034166 -7.4375 -8.375 -7.4375
1532259528064086 -3.25 -5.5 -2.25
1532259528123925 -7 -4.1875 2.875
1532259528138886 -7.25 -2.8125 5.8125
1532259528206716 -8.6875 2.375 7.4375
1532259528244603 -8.625 4.1875 7.875
1532259528281504 -3.3125 4.5625 5
1532259528311430 -2.5625 4 3.4375
1532259528334362 -1.1875 2.5625 0.0625
1532259528356304 -1.0625 1.125 -2.5625
1532259528394203 -6 -3.5 -4.75
1532259528424136 -9.5 -3.625 -3.5
1532259528447061 -9.9375 -2.375 -2.6875
1532259528469003 -8.25 -0.75 -1.375
1532259528506901 -5.4375 1.625 1.8125

1532259528551781 -6.75 2.4375 4.0625
1532259528581701 -3.9375 2.8125 6.375
1532259528649519 -4 1.875 7.3125
1532259528671462 -5.25 1.375 7.5625
1532259528709359 -3.375 0.8125 3.3125
1532259528754241 -2.0625 -0.8125 -0.1875
1532259528777179 -1.25 -0.8125 -0.5625
1532259528829045 0.3125 0 -0.625
1532259528851979 1.3125 0.25 -0.5
1532259528881899 1.625 1.4375 -0.6875
1532259528896859 2.125 1.5 -0.75
1532259528918800 2.0625 1.0625 -0.875
1532259528948720 2.9375 0.9375 -0.9375
1532259528978640 3.5 1.25 -1.125
1532259529024517 3.5625 1.5 -0.9375
1532259529046458 3.125 1.5625 -1.3125
1532259529099317 4.0625 1.1875 -2.8125
1532259529129237 3.8125 0.9375 -3.625
1532259529151179 3.625 0.5625 -3.625
1532259529204038 0.75 -1.3125 -2.4375
1532259529226976 2.0625 -0.75 -2.375
1532259529241936 3 0.25 -1.9375
1532259529301790 3.5 1.0625 -1.75
1532259529323717 2.5 0.625 -1.5
1532259529384554 0 -0.6875 -0.375
1532259529451376 -0.5625 -0.75 0.625
1532259529466335 -1.9375 -0.8125 0.25
1532259529542133 8.75 12 7
1532259529593995 5.5625 11.6875 8
1532259529653834 -0.75 -1.4375 3.6875
1532259529683754 -11.625 -9.5625 -0.0625
1532259529698715 -16.5 -12.4375 -1.1875
1532259529721661 -21.0625 -14.75 -2.75
1532259529751573 -25.6875 -15.1875 -4.1875
1532259529804432 -26.1875 -13.6875 -3.75
1532259529819392 -24.375 -11.75 -2.8125
1532259529879232 -0.4375 3.5 5.25
1532259529939072 5.8125 6.3125 8.6875
1532259529976970 6.75 5.75 7.0625
1532259530036816 1.75 2.875 3.3125
1532259530104641 -0.3125 0.625 2.125
1532259530141530 -0.375 -0.1875 -0.0625
1532259530202368 -2.1875 -0.3125 -1
1532259530286143 -0.5 0.75 -0.875
1532259530337008 0.25 1 -0.3125
1532259530388869 1.875 1.5625 -0.0625
1532259530433749 3 1.8125 -0.875
1532259530494586 1.0625 0.6875 -0.75
1532259530516528 1.375 1.125 -0.5625
1532259530599306 3.125 1 -0.1875
1532259530644186 2.5 1.3125 -0.625
1532259530733946 -1.75 -0.75 -0.125
1532259530763866 -0.6875 0.0625 0.375
1532259530838666 0 -1.6875 -1.25
1532259530884543 -1 -1.6875 -1.1875
1532259530914463 -0.1875 -1.4375 -2
1532259530936405 2.1875 -4 -6.625
1532259530974303 28.875 26.125 -12.125
1532259531049103 27.0625 63.5 -3.625
1532259531123903 -17.5625 120.375 6.75
1532259531199701 -11.875 224.063 -36.3125
1532259531274501 -23.4375 149.688 -15.6875
1532259531334340 -6.6875 0.9375 11.75
1532259531371242 -16.125 -30.9375 15
1532259531521839 -0.8125 -80.9375 14.4375
1532259531536799 31.125 -98.875 8.9375
1532259531731279 71.9375 -67.9375 -18.0625
1532259531754217 -87.375 150.813 -75
1532259531771172 -46.75 51 0
1532259531843978 43.625 -86.625 80.25
1532259531873898 31.1875 -117.313 97.0625
1532259531918778 32.125 -147.938 67.8125
1532259531994574 78.5 -120.625 8.0625
1532259532016516 79.625 -109 -11.4375
1532259532091316 23.4375 -32.125 -73.6875
1532259532151156 12.6875 -12.375 -87.125
1532259532218975 -0.875 17.625 -90.0625
1532259532286794 -70 119.188 -65.375
1532259532338655 -47.5625 49.875 44.0625
1532259532369572 -4.125 -6.3125 57.8125
1532259532406474 4.75 -78.625 66.75
1532259532459332 -10.8125 -141.188 49.0625
1532259532496234 3.625 -150.5 30.9375
1532259532579012 81.5 -117.125 -23.9375
1532259532646831 83.6875 -91.5625 -36.4375
1532259532661791 69.125 -65.4375 -43.875
1532259532789450 -77.1875 127.875 -49.25
1532259532879209 -99.1875 182.438 -31.125
1532259532932068 -119.688 168.875 -4.375
1532259532998889 -16.375 -98.25 55.1875
1532259533058729 93.8125 -190.125 64.25
1532259533104607 100.938 -210.875 62.125
1532259533126548 99.5 -218.875 55.125
1532259533201348 72.5 -208.813 69.5
1532259533261189 53.4375 -204.688 59.3125
1532259533276148 56.25 -205.813 49.5625
1532259533314047 65.375 -218.5 42.8125
1532259533329007 60.25 -237.313 58.375
1532259533343967 150.688 -69.6875 -52.125
1532259533358927 -126.188 42.3125 -53.5625
1532259533388847 -274.75 44.5 -58.5
1532259533418766 -38.75 -13.375 19.125
1532259533510521 -17.4375 -39.125 10.875
1532259533584324 -31.125 -9.6875 -9.4375
1532259533606265 -22.5 14.5 -10.3125
1532259533682063 13.5625 -19.75 11.5625
1532259533741906 9 -4.625 7.125
1532259533936382 -25.8125 -10.375 0.4375
1532259533981262 -26.3125 -7.8125 3.625
1532259534027139 -16.125 -6.4375 7.375
1532259534161780 0.125 -0.75 1.75
1532259534251539 -1.6875 -2.25 -2.125
1532259534387190 3.3125 -0.3125 -2.3125
1532259534485913 10.3125 2.875 -1.5
1532259534888836 -13.0625 -1.75 -11.375
1532259534926746 -0.4375 -5 -12.6875
1532259534941694 -1.9375 -6.25 -12.25
1532259534956654 -3.3125 -7.3125 -13.1875
1532259534986574 -5.8125 -11.125 -12.25
1532259535001534 -8.6875 -12.5625 -10.4375
1532259535031454 -13.75 -12.875 -7.6875
1532259535046415 -17.8125 -13.0625 -5.125
1532259535091294 -13.5 -11 -1.4375
1532259535136173 -10.125 -8.125 0.6875
1532259535233913 -7 5.5 5.5
1532259535271812 -4.3125 3.875 5.0625
1532259535286772 -3.1875 1.8125 4.5625
1532259535323673 -4.875 -2.875 -1.75
1532259535361572 -3.5 -3.875 -3.25
1532259535421412 -4.5625 -3.375 -3.4375

1532259535444350 -5.875 -2 -2.75
1532259535466291 -7.0625 -0.9375 -1.6875
1532259535504204 -10 2.5625 4.5625
1532259535519150 -8.375 3.25 5.4375
1532259535549070 -6.25 4.0625 6.3125
1532259535564030 -3.4375 4.1875 5.5625
1532259535601929 -2.4375 4 4.6875
1532259535616888 -2.6875 3.6875 3.75
1532259535646809 -3.25 2.125 2.375
1532259535683709 -3.0625 0.625 2
1532259535751528 -6.375 -0.3125 1.5625
1532259535774467 -5.5 -0.25 0.5
1532259535819347 -3.9375 0.125 -0.0625
1532259535886200 2.0625 2.8125 1.3125
1532259535909139 2.625 3.5625 1.75
1532259535939059 3.3125 4.25 2.0625
1532259535954032 4.3125 4.9375 2.3125
1532259535983994 5.5625 5.75 1.9375
1532259535998954 2.6875 4.625 0.875
1532259536021893 -2.1875 2.0625 0.1875
1532259536036852 -4.5 0.9375 0.25
1532259536059057 -2.875 1.3125 1.8125
1532259536088978 -3.875 2.125 2.75
1532259536103939 -1.9375 3.0625 3.625
1532259536126877 1.25 3.9375 3.9375
1532259536163778 2.5 5.1875 3.875
1532259536186717 3.6875 5.0625 3.6875
1532259536201676 4.75 4.875 2.4375
1532259536254536 4.5625 2.4375 -0.25
1532259536269495 3.4375 0.8125 -1.5
1532259536314375 -0.1875 -1.0625 -3
1532259536344296 -0.5625 -0.6875 -2.625
1532259536381783 1.1875 1 -1.8125
1532259536464561 2.8125 1.9375 -1.0625
1532259536486503 2.875 2.75 -0.125
1532259536531382 3.3125 2.0625 0.4375
1532259536591222 3.25 2.1875 0.5625
1532259536629121 2 2.25 0.4375
1532259536667020 3.0625 2.25 -0.5625
1532259536733846 3.75 3 -0.5
1532259536786700 4.625 2.875 -1.9375
1532259536816620 2.75 2 -1.125
1532259536854519 3.125 1.75 -0.75
1532259536921341 3.4375 2.6875 -0.25
1532259536951260 3.6875 2.5 -1.6875
1532259537004118 -1.125 -0.8125 -2
1532259537027057 -0.4375 -2.4375 -2.3125
1532259537086897 -3.125 -3.5 -2.75
1532259537161696 -7 -4.625 -3.375
1532259537259436 -4.1875 1.75 5.375
1532259537321271 -4.875 2 6.3125
1532259537349204 -5.3125 1.625 6
1532259537409035 -8.8125 -3.3125 1.8125
1532259537462892 -7.5 -3.1875 0.75
1532259537498805 -4.8125 -2 0.125
1532259537528715 2.875 0.3125 -1.75
1532259537566614 4.5625 0.9375 -2.125
1532259537604515 4.5625 0.9375 -1.9375
1532259537626454 3.8125 1.125 -1.6875
1532259537641414 2.8125 0.8125 -1.1875
1532259537694282 2.25 0.4375 -0.5
1532259537769072 -1.4375 -0.1875 0.75
1532259537828912 -1.8125 -0.625 0
1532259537851851 -0.0625 0.1875 -0.1875
1532259537926651 2.5625 2.3125 0.4375
1532259538046331 3 0.8125 -1.75
1532259538084230 -0.3125 -1.125 -1.625
1532259538121131 2.9375 0.875 -0.6875
1532259538173990 2.25 0.625 -0.6875
1532259538196928 1.3125 -0.0625 -1.125
1532259538271729 0 -0.1875 -0.8125
1532259538301649 0.375 -0.6875 -1.1875
1532259538346529 0.5 -0.1875 -0.4375
1532259538391408 -1.375 -0.875 0.25
1532259538414347 -1.25 -1.125 0
1532259538459227 -1 -1.25 -0.0625
1532259538474187 -1.875 -1.625 0.0625
1532259538534027 -3.5625 -3.4375 -4.5
1532259538548987 2.4375 4.4375 -1.1875
1532259538586885 1.125 10.3125 0
1532259538608827 10.4375 13.8125 0.0625
1532259538653719 -0.375 11.25 1.6875
1532259538676646 0.3125 17.5625 -3.625
1532259538691606 3.75 28.75 -7.125
1532259538714545 -6.0625 42.0625 -14.5
1532259538759424 -22.5625 54.0625 -15.125
1532259538881107 -18.4375 67.9375 -15.5
1532259539036683 -27 169.625 -46.25
1532259539164342 -58.75 107.125 17.5
1532259539246123 47.9375 -104.813 51.0625
1532259539277040 33.6875 -135.125 49.25
1532259539298982 8.375 -192.188 37.25
1532259539321921 25.875 -188.75 28.4375
1532259539343862 54.0625 -175.25 3.75
1532259539389739 70.9375 -123.75 -5.625
1532259539434638 62.9375 -94.6875 -9.8125
1532259539471521 49.5625 -62.8125 -18.6875
1532259539509419 39.5625 -29 -24.0625
1532259539599178 31.25 5.875 -30.1875
1532259539652037 -6.5625 75.625 -34.125
1532259539741798 -56.5625 100.625 -9.4375
1532259539801638 -15.5625 -39.1875 50.25
1532259539899376 71.0625 -164 44.25
1532259540050971 51.6875 -72.875 -28.5625
1532259540071914 33.4375 0.6875 -44.875
1532259540176635 21.125 30.875 -48.5
1532259540214533 -10.375 95.1875 -44.75
1532259540259413 -34.6875 123.5 -47.3125
1532259540394053 -29.0625 -48.1875 47.5
1532259540409014 -13.3125 -79.9375 50.375
1532259540453894 19.8125 -95.25 44.9375
1532259540483830 25.5625 -107.25 29.8125
1532259540574571 89.8125 -152.063 12
1532259540641392 36.5625 -176.875 32.125
1532259540686272 50.875 -183.313 32.375
1532259540701232 66.6875 -178.563 32.25
1532259540755088 27.375 -144.125 39.75
1532259540851829 -100.063 17.4375 -16.125
1532259540896709 -119.5 -11.125 6.9375
1532259540979488 74 -22.875 1.5625
1532259541009408 36.5 -5.9375 -1.375
1532259541061269 -52.5625 3.875 -13.0625
1532259541173968 -13.625 -0.5625 -0.6875
1532259541241787 -4.375 -2.625 6.25
1532259541376426 -14.6875 -7.375 6.4375
1532259541421306 -15.25 -11.125 2.1875
1532259541541984 -24.5 -9.75 4.6875
1532259541894042 -24.0625 -8.4375 12.25
1532259542006741 -9.625 -5.6875 17.9375
1532259542209213 -1.4375 -1.25 -0.25
1532259542373759 15.75 5.9375 -4.1875
1532259542426618 19.5 8.125 -4.8125
1532259542486458 41.9375 19.9375 -6.0625
1532259542501418 46.9375 20.75 -4.125
1532259542546298 46.375 20.875 -5.4375
1532259542569237 42.1875 20.8125 -5
1532259542644037 24.5 11.3125 -1.375
1532259542688916 -18.625 -1.5625 4.5
1532259542771695 3.6875 -0.375 -24.375
1532259542816575 -38.125 -2.3125 -18.8125
1532259542846495 -40.5 -5.1875 -17.4375
1532259542884394 -35.375 -8.125 -14.5625
1532259542899354 -27 -10.875 -13.0625
1532259542914313 -20.375 -12.6875 -10.4375
1532259542936255 -18.875 -11.9375 -2.25
1532259542974153 -18.9375 -10.25 0.625
1532259543012053 -17.5625 -9 2.875
1532259543033994 -10.25 -4.0625 5.8125
1532259543078874 -5.75 -0.0625 7.1875
1532259543123754 -6.25 0.4375 8.0625
1532259543161652 -6.0625 1.8125 9.0625
1532259543206533 -1.625 4.25 9.4375
1532259543229471 0.625 4.875 7.625
1532259543289310 5.6875 5.125 0.6875
1532259543326213 7 5.125 -3
1532259543394031 9.625 2.8125 -12.875
1532259543423951 8.1875 4.1875 -12

1532259543528671 3.0625 5.0625 -3.5
1532259543581530 -18.625 -4.5625 9.625
1532259543678723 -20.125 -10.3125 8.25
1532259543761502 1.4375 -1.3125 -0.6875
1532259543791421 8.625 1.4375 -3.25
1532259543836302 11.5625 4.875 -2.5625
1532259543889160 3.3125 2.6875 -1.1875
1532259543949001 3.6875 2.8125 -4.75
1532259543971939 3.8125 6.9375 -0.4375
1532259544001859 9.125 9.4375 2
1532259544016819 17.4375 14.8125 1.875
1532259544038923 26.9375 19 0
1532259544083803 35.625 22.3125 -2
1532259544113723 32.4375 19.9375 -5.1875
1532259544136662 17.5625 6.5 -9.75
1532259544159600 5.125 -1.6875 -10.25
1532259544211475 -9.3125 -13.0625 -11.25
1532259544226422 -11.25 -12.75 -12.125
1532259544294241 -9.5 -5.5625 -7.9375
1532259544324161 7.6875 6.3125 -2.3125
1532259544377020 8.375 11.5625 9.5625
1532259544421899 5.5 8.6875 11.5625
1532259544466779 -12.3125 -3.3125 9.8125
1532259544511659 -20.1875 -7.1875 10.4375
1532259544579160 -21.25 -9.1875 7.5625
1532259544624041 -23.625 -9.5625 3.5625
1532259544706819 -4.1875 -3.5 -4.1875
1532259544721778 -6.125 -3.875 -3.1875
1532259544781619 -8.9375 -5.1875 -1.5625
1532259544841893 14.125 4.625 -4.25
1532259544908713 16.625 7.3125 -2.8125
1532259544923674 14.125 7.0625 -2.25
1532259544954591 10.875 5.125 -2.1875
1532259544969552 4.0625 0.75 -3.125
1532259545006453 0.5 -0.125 -3
1532259545051190 1.25 0.5 -2.0625
1532259545074128 3.5625 1.6875 -1.3125
1532259545141947 9.8125 6.125 -0.0625
1532259545193809 6.6875 2.6875 -0.6875
1532259545208769 4.4375 1.4375 -1.4375
1532259545246667 2.625 0 -2.5625
1532259545269606 1.6875 0.25 -2.25
1532259545321225 1.5625 0.375 -1.625
1532259545336185 1.6875 0.5 -1.0625
1532259545382063 1.625 1.4375 -1.5625
1532259545411983 3.4375 2.0625 -0.375
1532259545463844 4.3125 2.0625 -1.875
1532259545486783 3.1875 1.6875 -1.875
1532259545539647 1.1875 -0.5625 -2.125
1532259545554606 0.25 -1.75 -1.875
1532259545576543 -0.75 -2.3125 -1.5
1532259545599482 -0.875 -1.125 -0.8125
1532259545659322 1.3125 0.3125 -0.4375
1532259545689241 1.1875 0.5625 -0.1875
1532259545757061 0.375 0.375 0.125
1532259545786983 0.1875 0.25 0.4375
1532259545831860 -0.6875 -0.3125 0.0625
1532259545846821 -0.3125 -0.5 -0.3125
1532259545929599 0.3125 -0.75 -0.625
1532259545981460 -0.6875 0.1875 0.0625
1532259546019359 -0.0625 0 -0.0625
1532259546041300 0 -0.0625 -0.0625
1532259546064239 -0.5625 0.125 0.4375
1532259546086180 -0.1875 0.0625 0.125
1532259546117098 1.25 -0.0625 -1
1532259546154008 0.3125 -0.3125 -0.8125
1532259546183919 -1.125 -0.8125 -0.125
1532259546229502 -1.5625 -1.1875 0
1532259546341202 1.125 1.0625 0.6875
1532259546371123 1.375 1.0625 0.25
1532259546409022 -0.6875 -1.3125 -1
1532259546446927 -0.6875 -0.625 -0.625
1532259546461887 0.3125 -0.0625 -0.375
1532259546483828 0.8125 0.25 -0.1875
1532259546506767 0.8125 0.25 -0.125
1532259546604505 0.3125 0 -0.25
1532259546649385 0.125 -0.125 0
1532259546762135 -0.75 0.0625 0.0625
1532259546873823 1.0625 0.375 -0.5625
1532259546926682 -2.3125 -1.0625 0.4375
1532259547016442 1.125 0.6875 0.375
1532259547099337 -0.3125 0 0
1532259547129258 0.3125 0.3125 -0.25
1532259547151199 0.375 0.25 -0.3125
1532259547197076 0.75 0.375 -0.5
1532259547212036 0.9375 0.5 -0.4375
1532259547278858 1.3125 0.5 -0.1875
1532259547323737 0.6875 0.3125 -0.3125
1532259547346675 0.25 -0.0625 -0.1875
1532259547369615 -0.375 -0.4375 0
1532259547391556 -1.3125 -0.6875 0.3125
1532259547414495 -1.1875 0.625 1.5
1532259547481316 -0.625 1 2
1532259547579054 0.9375 1.1875 1.125
1532259547608975 -3.3125 -1.625 0.25
1532259547646873 -2.1875 -0.8125 -0.125
1532259547676794 -0.9375 -0.5 -0.5625
1532259547706714 -0.6875 -1 -1.25
1532259547796473 -2.6875 -1.1875 -0.25
1532259547834372 -0.0625 -0.5 -0.5
1532259547849332 -2.8125 -1.875 0
1532259547916153 -4.875 -3.625 -1.6875
1532259547976990 -3.4375 -1.1875 0.625
1532259548051791 -1.75 0 1.8125
1532259548194409 -3.125 -0.75 1.9375
1532259548277188 -2.6875 0.3125 2
1532259548478649 3.5 1.1875 -3.125
1532259548546468 3.75 0.75 -3.125
1532259548674126 3.8125 2.125 -0.125
1532259548801784 -0.875 -0.6875 0.125
1532259548921465 -3.0625 -2.25 0.125
1532259549206702 0.9375 -2.8125 -3.5
1532259549244601 -0.75 5.8125 -1.75
1532259549281502 -13.0625 11.75 -4.0625
1532259549304442 -0.75 27.0625 -5.5625
1532259549364281 22.75 55.9375 -6.1875
1532259549447060 16.25 55.5625 -3.8125
1532259549566742 8.9375 45.125 5.75
1532259549761220 -53.0625 230.813 -58.3125
1532259549837048 -67.5625 136.625 -4.4375
1532259549881897 0.1875 -17.5 29.375
1532259549918798 18.75 -131.75 57.875
1532259549979635 95.3125 -177.063 38.8125
1532259550001577 90 -171.375 16.5
1532259550031497 87.875 -155.938 -10.5
1532259550039475 83 -126.25 -10.9375
1532259550061417 72.5625 -96.4375 -6.25
1532259550129235 56.1875 -26.25 -36.75
1532259550286814 -41.375 168.438 -71.5
1532259550331694 -94.8125 157.188 -34.5625
1532259550453369 -20.75 -55.1875 47.625
1532259550534152 92.9375 -159.625 31
1532259550566067 78.9375 -129.5 7.6875
1532259550623913 58.25 -56.8125 -18.375
1532259550691731 27.4375 7.625 -43.1875
1532259550894190 -80.4375 140.938 -63.1875
1532259550983950 6.6875 -90.1875 74.4375
1532259551021848 66.875 -178.625 53.375
1532259551088670 41.4375 -197.25 13.625
1532259551104627 51.25 -195.438 19.25
1532259551149507 68.375 -167.375 36.4375
1532259551231288 59.0625 -154.25 38.875
1532259551329026 77.1875 -94.125 30.6875
1532259551352964 70.8125 -87.125 16.25
1532259551381886 15.625 -37.375 -7.5
1532259551426766 -124.563 3.375 -16.5625
1532259551479631 -117.438 -4.25 -13.3125
1532259551576366 25.0625 -21.25 5.8125
1532259551629224 -20.5625 9.375 7.5625
1532259551644184 -31.125 16.5625 7.25
1532259551838664 22.75 5.1875 13.375
1532259551869581 7.6875 7.3125 11.4375
1532259551921442 -4.75 7.625 9.125
1532259552349306 -13.0625 -8.125 6.625
1532259552641517 36.9375 16.5625 -11.25
1532259552687394 39.4375 22.8125 -5.75
1532259552769176 27.6875 18.5 -3.25
1532259552799096 23.5 14.875 -2.6875
1532259552859933 -1.0625 -5.9375 -8.875
1532259552896834 8.8125 -3.625 -17.1875
1532259552941724 1.375 -3.3125 -19.1875
1532259552978616 -7.1875 -4.875 -19.75
1532259553039453 -26.375 -9.1875 -8.4375
1532259553061410 -24.25 -8.6875 -4.875
1532259553121234 -15.0625 -4.0625 -0.5
1532259553159133 -8.0625 -1.25 1.375
1532259553218973 -1.6875 6.4375 9.5
1532259553256871 0.1875 8.375 12.375
1532259553323693 -4.6875 3.1875 6.75
1532259553353630 -4.3125 0.9375 3.875
1532259553399490 -5.1875 -5.125 -2.9375
1532259553474291 -7.125 -6.6875 -5.0625

1532259553526151 -5.125 -4.1875 -1.4375
1532259553593970 -1 2.125 2.1875
1532259553638851 2.0625 4.5 2.75
1532259553676749 6.3125 5.6875 2.625
1532259553714648 5.6875 5.4375 2.25
1532259553744568 2.375 2.875 1.625
1532259553796429 -3.375 -0.8125 1.125
1532259553834328 -5.625 -2.125 1.375
1532259553849287 -9.0625 -2.6875 1.8125
1532259553863731 -23.5 -7.9375 11.375
1532259553916589 -28.0625 -8.75 17.375
1532259553946509 -30.375 -9.125 18.4375
1532259553999368 -29.375 -7.8125 20
1532259554006349 -29 -12 20.375
1532259554044248 -28.25 -23.4375 14.875
1532259554066189 0.0625 -38.25 16
1532259554097119 9.5625 -45.9375 36.625
1532259554148968 72.625 -51.9375 20.875
1532259554165922 81.375 -44.375 14.6875
1532259554193848 8.5 -51.125 28.1875
1532259554216786 -62.125 -51 17.625
1532259554246707 -76.8125 -37.8125 -8.25
1532259554276626 -36.8125 -19.125 -20.5625
1532259554344445 23.6875 36.4375 -32.9375
1532259554433886 21.375 88.1875 -37.0625
1532259554554578 43.1875 36.25 18.6875
1532259554599442 -30.6875 4.8125 33.0625
1532259554621414 -23.375 -1.25 22
1532259554704204 3.875 -5.25 -20.3125
1532259554727133 14.8125 3.5625 -14.8125
1532259554831851 0.3125 1.875 -1.8125
1532259554868753 5.125 2 2.625
1532259554929589 15.3125 8.6875 1.5625
1532259554966491 15.75 9.625 1.125
1532259555026331 6.125 5.75 0.625
1532259555056251 0.0625 0.0625 -0.625
1532259555109110 -5.4375 -3.0625 -1.8125
1532259555183910 -2.4375 1.9375 -0.0625
1532259555311569 4.8125 0 -1.5
1532259555341488 0.5 -1.8125 -2.4375
1532259555401328 -2.8125 -4.4375 -3.25
1532259555431248 -4.25 -4.6875 -2.6875
1532259555528986 -5.5 -4.875 -2.9375
1532259555596806 -10 -3.875 1.4375
1532259555664624 -8.875 -1.3125 4.4375
1532259555746406 -1.875 2.375 5.125
1532259556106442 -9.5 -3.75 0.6875
1532259556526320 -2 -3.375 -3.5
1532259556571201 3.8125 0.75 -1.125
1532259556676917 -0.3125 0.375 -0.5625
1532259556698859 0.6875 -0.4375 -1.3125
1532259556721798 1.875 -0.5 -1.625
1532259556743739 8.3125 4.1875 -4
1532259556781649 8.75 6.6875 -2.375
1532259556856437 8.375 23.75 -5.125
1532259556879376 3.8125 21.125 -2.125
1532259556916277 2.4375 16.4375 -0.1875
1532259556939216 2.5 11.125 1.5
1532259557007035 -5.25 -3.875 4.375
1532259557135691 -10.125 -6.3125 -1.125
1532259557344133 -27.75 227 -61.3125
1532259557471792 -85.6875 182.625 -29.1875
1532259557486752 -30.25 45 7.875
1532259557508693 -7.5 -91.0625 51.8125
1532259557539610 44.875 -206.438 40.9375
1532259557554571 69.625 -208.188 34.0625
1532259557584490 105.188 -203.688 37.375
1532259557606432 104.313 -188.813 33.9375
1532259557689211 68.625 -156 14.1875
1532259557742068 67.25 -94 2.1875
1532259557846789 -7.1875 118.25 -56.8125
1532259557959494 -81.625 182.625 -78.0625
1532259558034287 -87.75 122.875 -16.25
1532259558094128 29.8125 -219.625 46.1875
1532259558146987 78.5625 -194.5 11.25
1532259558177911 71 -153.813 -13.5
1532259558221787 89.5625 -31.25 -16.3125
1532259558290602 46.75 36.1875 -55.125
1532259558371387 14.4375 68.25 -69.5
1532259558439205 -68.0625 160.25 -65.1875
1532259558543934 -58.0625 93.75 -5.3125
1532259558566863 -32.875 -27.1875 44.1875
1532259558588805 10.4375 -150.813 30.1875
1532259558641663 79.75 -189.313 42.0625
1532259558664602 91.4375 -201.75 51.25
1532259558694522 62.4375 -211.813 60.625
1532259558731424 68.4375 -206.875 66.875
1532259558784282 90.125 -203.188 38.25
1532259558816197 96.625 -185.625 35.125
1532259558844131 80.4375 -157 54.5625
1532259558933882 35.625 -71.4375 15.125
1532259559076501 -80.625 -25.1875 -13.5
1532259559414597 -47.75 -27.3125 -1.4375
1532259559638997 17.1875 -3.375 12.875
1532259560201502 11.875 4.4375 3.3125
1532259560337139 27.8125 8.625 -7.375
1532259560448840 32.0625 13.75 -1.3125
1532259560502697 24.1875 14 -0.3125
1532259560599438 -5.0625 -2.25 -8.25
1532259560651299 -14.75 -2.5625 -11.3125
1532259560674238 -8.3125 -2.6875 -3.625
1532259560704157 -2.5625 -3.4375 -1.3125
1532259560734077 2.375 -2.0625 -0.625
1532259560757016 5.0625 0.75 0.1875
1532259560816857 13.3125 6 -0.5625
1532259560861736 10.1875 5 0.125
1532259560936536 -2.625 -2.8125 0.125
1532259560989395 -15.875 -7.125 0.8125
1532259561034274 -18.0625 -6.0625 0.4375
1532259561079155 -8.375 -2.625 -4.5625
1532259561094121 -1.8125 -1.5625 -5.125
1532259561132014 -6.5 -2.1875 -2.125
1532259561191854 -8.0625 -1.1875 2
1532259561228754 -7.75 -0.375 3.5625
1532259561266654 -6.3125 0.6875 4.8125
1532259561334473 -2.0625 3.0625 5.4375
1532259561364391 -3.25 2 4.75
1532259561379352 -4.125 1.0625 4.3125

1532259561477091 -6 -0.1875 3.25
1532259561507011 -1.25 0.375 0.625
1532259561588792 4.0625 0.3125 -2.875
1532259561633672 5.5 0.4375 -4.0625
1532259561686544 4.125 0.75 -5
1532259561769309 5.5625 2.125 -4.3125
1532259561837144 4.6875 1.5625 -3.75
1532259561844123 4.1875 1.5 -3.1875
1532259561874029 2.0625 1.625 -3.1875
1532259561941848 3.25 2 -2.0625
1532259561971768 3.625 1.625 -2.3125
1532259561986727 3.4375 1.625 -3
1532259562061528 2.875 1.625 -3.0625
1532259562136328 1.4375 0.4375 -2.8125
1532259562204153 -2.125 -0.5625 0.5
1532259562242045 -1.4375 0.0625 1.75
1532259562278946 -3.375 1.6875 4.625
1532259562346765 -2.875 1.5625 3.25
1532259562421565 -5.4375 -0.8125 1.6875
1532259562474424 -7.875 -4.5625 -1.875
1532259562557203 -12.875 -8.375 -3.4375
1532259562609186 -11.75 -3.875 0.375
1532259562677005 -1.6875 1.25 2.8125
1532259562781724 -0.4375 2.125 4
1532259562909383 0.75 0.8125 -2.1875
1532259563052002 7.0625 2.5625 -3.125
1532259563284380 -2.375 -0.6875 -4.25
1532259563382119 0.6875 0.1875 -0.3125
1532259563463900 3.875 -1.8125 -9.4375
1532259563486839 6.3125 2.8125 -12.5
1532259563523740 -1.125 3.5625 -15
1532259563599538 -25.6875 36.6875 -31.25
1532259563651399 -46.6875 57.3125 -51.0625
1532259563801996 -17.9375 190.063 -95.1875
1532259563861836 -85.0625 226.188 -68.0625
1532259563929655 -48.9375 63.25 32.3125
1532259563951597 18.875 -20.875 54.25
1532259563981517 -7.3125 -108.563 84.125
1532259563996492 4.375 -121.313 64.5
1532259564034374 76.625 -132.313 19.8125
1532259564079255 94 -131.875 9.625
1532259564125145 87.4375 -130.25 10.1875
1532259564147073 73.5625 -128.375 7.1875
1532259564221918 90.6875 -113.313 -12.0625
1532259564273779 93 -96.5625 -16
1532259564492962 -43 176.563 -58
1532259564521885 -32.5 45.625 4.125
1532259564552181 20.4375 -91.8125 61.125
1532259564589085 49.75 -136.375 45.125
1532259564612023 33.625 -137.063 56.4375
1532259564693804 33.25 -126.375 22
1532259564753644 61.3125 -118.125 -5.8125
1532259564806503 65.0625 -92.875 -33.8125
1532259564836712 61.6875 -23.3125 -48
1532259564926472 -69.0625 124.438 -63.25
1532259564971352 -111.688 137.563 -57.9375
1532259565039171 -39.1875 32.6875 2.75
1532259565069120 -22.8125 -42.75 38.8125
1532259565099046 -24.5625 -77.6875 51.8125
1532259565113999 -16.125 -107.313 62.8125
1532259565181819 65.4375 -184.375 49.9375
1532259565233680 46.5625 -176 34
1532259565256618 60.5 -176.875 35
1532259565293738 76.875 -172.375 40.4375
1532259565324656 77.3125 -161.938 40.1875
1532259565347594 69.5625 -146 41.9375
1532259565429375 52.875 -102 45.1875
1532259565459296 50.0625 -93.9375 44.625
1532259565496208 180.938 -19.375 36.375
1532259565511167 -82.625 14.6875 1.8125
1532259565601925 -41.5625 -40.375 7.125
1532259565653802 10.3125 -48.25 10.375
1532259565736565 -46.6875 6.4375 -13.5
1532259565774463 -21.125 -3.5 -7.4375
1532259565841284 2.8125 -3.3125 2.5625
1532259565961962 -4.0625 -1.25 7.3125
1532259565976922 -3.5 -2.4375 8.4375
1532259566089621 -8.6875 0 5.5625
1532259566328980 -21 -8.5 4.3125
1532259566343940 -29.1875 -12.5625 3.75
1532259566763850 -7.125 -7.75 -1.125
1532259566974005 37.125 17.5 -6.1875
1532259567033845 24.6875 12.9375 -6.25
1532259567124602 5.9375 1.6875 -12.25
1532259567139562 3.25 -0.5625 -13.4375
1532259567176463 -17.3125 -7.4375 -15.25
1532259567191424 -22.5 -10.0625 -15.4375
1532259567214361 -25.375 -12.4375 -17.8125
1532259567244283 -27.3125 -14.6875 -19.6875
1532259567266223 -24.6875 -17.875 -19.4375
1532259567312101 -21.8125 -20.875 -17
1532259567342021 -29.0625 -18.5625 -9.625
1532259567386901 -28.3125 -11.4375 -5.375
1532259567409026 -22.875 -6.875 -3.5625
1532259567446925 -15.75 -2 2.25
1532259567476845 -6.5625 4.375 7.4375
1532259567506765 -10.25 9.4375 8.75
1532259567536685 -13.25 11.8125 15.8125
1532259567559624 -6 9.25 17.5625
1532259567574584 -0.625 7.8125 14.6875
1532259567611485 2.8125 5.875 14.75
1532259567656365 2.6875 2 7.5625
1532259567701245 12.875 3.75 -5.25
1532259567754104 19.9375 32.8125 -4.75
1532259567792003 19.8125 60.4375 -18.8125
1532259567873784 10.3125 148.375 -68.875
1532259567964541 -49.9375 260.125 -124.25
1532259568016402 -52.1875 232.938 -152.813
1532259568076242 -58.5 166 -121.438
1532259568099181 -24.9375 107.5 -92.0625
1532259568152040 -3.5 24.5625 -31.5625
1532259568196920 0.8125 15.4375 -21.375
1532259568248780 10.75 4.0625 -12.0625
1532259568301639 12.5625 4 -2.0625
1532259568324578 4.625 1.9375 -3
1532259568376440 3.875 -0.6875 0.375
1532259568444258 9.6875 0 -14.1875
1532259568504110 2.3125 -2.4375 -17.875
1532259568661678 -0.8125 -8.625 31.875
1532259568736478 -2.125 -5.5 4.5625
1532259568759415 -0.9375 -0.6875 -17.125
1532259568856156 10.3125 0 -37.25
1532259568953896 4.9375 0.8125 -18.9375
1532259568998775 12.8125 1.6875 -11.125
1532259569066594 9.4375 1.875 -7.3125
1532259569134413 2.875 -0.875 1.75
1532259569149373 -1.375 -1.8125 5.0625
1532259569201234 1.3125 -3.1875 0.6875
1532259569269053 -1.9375 0.1875 5.0625
1532259569479490 -3.4375 -0.375 10.75
1532259569494450 -7.3125 0.375 12.375
1532259569629090 -8.25 -6.0625 21.4375
1532259569681949 -4.4375 -17.3125 31.375
1532259569756749 -0.375 4 32.1875
1532259569891389 -17.5625 36 16.1875
1532259570048967 -20.375 2.625 8.8125
1532259570176626 5.6875 3.75 -0.5
1532259570296306 1.3125 -0.6875 -1
1532259570589522 3.3125 -2.1875 6.625
1532259570813922 -0.375 4.375 0.875
1532259570866780 -2.75 3.8125 -1.3125
1532259570888722 -3.5625 0.875 -0.3125
1532259571009399 -6.125 -77.9375 53.5
1532259571046300 -3.8125 -101.063 70.375
1532259571114127 -18.375 -195.25 152.188
1532259571309596 7.875 -130.875 44
1532259571346498 44.3125 -66.125 8.0625
1532259571444236 3.1875 -64.75 4.75
1532259571497094 14.125 -72.25 7.75
1532259571623756 7 18.0625 -5.625
1532259571721495 -21.875 -6.4375 -5.4375

1532259571766375 -15.5 -12.6875 -7.25
1532259571804273 -19.375 -12.875 -10.625
1532259571856134 -10.25 -4.0625 -7.9375
1532259571908994 5.3125 1.1875 -2.0625
1532259571968832 7.75 2.9375 0.8125
1532259572051612 0.625 1.875 0.6875
1532259572089131 -4.5625 0.1875 1
1532259572112070 -2.625 0.8125 0.5
1532259572178892 1.75 0.4375 -1.375
1532259572223771 -3.75 -2.0625 -1
1532259572254689 -5.9375 -4.25 1
1532259572269648 -5.1875 -4.1875 1.25
1532259572322069 -5.1875 -4.125 1.6875
1532259572388891 -7.625 -3.125 3.25
1532259572411829 -6.625 -2.1875 1.375
1532259572456723 -10.9375 -4.5 0.875
1532259572471683 -11.125 -5.125 0.75
1532259572531523 -8.0625 -5.6875 1.9375
1532259572569422 -7.375 -4.5625 2.0625
1532259572592361 -5.4375 -2.625 2
1532259572637257 -1.875 -1.3125 1.5625
1532259572698078 -6.4375 0.375 4.4375
1532259572786841 -4.6875 1.375 7.5
1532259572816760 0.5625 1.5625 4.1875
1532259572884579 1.3125 1.3125 0.5
1532259572944419 -4.75 -2.125 -0.625
1532259572996280 -3.5625 -2.3125 -2.5625
1532259573064099 2.875 1.1875 -0.6875
1532259573146877 -0.1875 0.625 -0.8125
1532259573244617 1.125 -0.125 -1.1875
1532259573296477 -0.3125 -1.625 -1.3125
1532259573454625 1.9375 -6.875 -9.1875
1532259573476582 1.125 -12.5625 -17.125
1532259573529425 16.25 37.5625 -3.3125
1532259573566326 27.6875 119 -42.375
1532259573626166 0.5 152.938 -56.4375
1532259573716923 -37.3125 240.875 -48.625
1532259573768785 -54.125 246.688 -46
1532259573829641 -50.875 84.1875 10.5625
1532259573859550 -10.1875 -86.0625 46.8125
1532259573986226 38.3125 -136.875 14.375
1532259574009150 60.8125 -135.313 6.0625
1532259574054030 60.25 -125 -0.1875
1532259574106888 25.875 39.0625 -24.125
1532259574158762 -20.625 117.25 -41.75
1532259574407085 -26.8125 16.375 19.75
1532259574437006 3.6875 -12.1875 27.875
1532259574458947 37.1875 -104.188 52.5
1532259574481885 5.8125 -120.813 68.6875
1532259574511805 49.75 -140.563 13.5625
1532259574556685 35.125 -119.688 -0.5
1532259574812002 62.75 -100.563 -2.875
1532259574938664 39.625 9.625 -21.1875
1532259575036403 -51.8125 79.1875 9.625
1532259575104238 67.875 -99.5625 -2.125
1532259575142120 79.3125 -103.625 0.6875
1532259575179021 75.9375 -121.688 15.0625
1532259575223901 84.8125 -126.563 12.75
1532259575306680 67.8125 -97.625 30.9375
1532259575329618 45.625 -77.125 22.25
1532259575404448 -87.125 144.75 -64.0625
1532259575426389 -119.75 168.938 -63
1532259575456310 -130.063 176.875 -56.875
1532259575509168 -80 148.563 -35.875
1532259575622865 64 -106.125 70.6875
1532259575636827 57.6875 -119.813 55.875
1532259575673728 75.5 -128 43.375
1532259575711626 75.375 -135.813 32.125
1532259575764486 51.8125 -174.375 30.3125
1532259575794421 64.75 -181.75 43.25
1532259575824340 65.375 -181.375 62.9375
1532259575861549 63.8125 -183.563 75.5625
1532259575899448 77.25 -187 64.5
1532259576027107 155.125 -112.625 96.5
1532259576043064 132.313 -109.75 47.5
1532259576072004 -283.75 -0.5 -18.0625
1532259576131826 -11.125 -53.4375 6.4375
1532259576281591 -45 12.375 -16.875
1532259576356481 -50.1875 12.1875 -14
1532259576454219 -9.5 4.5625 11.375
1532259576551958 -0.875 -2.875 1.5
1532259576581878 -18.0625 -9.1875 -0.375
1532259576784336 -27.375 -13.5625 4.25
1532259576791318 -22.0625 -13.8125 8.4375
1532259576987101 23.75 5.1875 17
1532259577038962 6.625 1.5 -0.875
1532259577264360 18.875 5.5625 -5.5
1532259577392105 23.8125 10.3125 -6.5
1532259577593771 -21.9375 -15.5 -9.5625
1532259577631669 -35.625 -22.8125 -11.75
1532259577669568 -31.0625 -23.0625 -14.875
1532259577714448 -23.25 -12.5625 -14.8125
1532259577736389 -18.25 -10.3125 -14.5625
1532259577766309 -8.6875 -8.9375 -12.6875
1532259577804243 -9.625 -8.125 -11.3125
1532259577834162 -16.0625 -7.125 -8.8125
1532259577908962 -19.0625 -7.75 -0.4375
1532259577968802 -10.3125 -2.625 10.1875
1532259578021661 -19.8125 7.75 17.8125
1532259578066541 -18.25 9.6875 19.3125
1532259578104440 -5 8.25 14.0625
1532259578126381 1.0625 2.0625 5.1875
1532259578156301 -1.75 -1.6875 1.875
1532259578186221 -6.125 -5.1875 -1.0625
1532259578232098 -10.625 -8.1875 -3.1875
1532259578262019 -13.3125 -7.25 -3.25
1532259578283960 -10.5625 -5.125 -2.125
1532259578306898 -7.6875 -3.375 -1.5
1532259578328840 -5.4375 -2.0625 -0.5
1532259578373720 -0.75 -0.125 -0.75
1532259578449517 4.1875 2.25 -0.3125
1532259578494397 6.1875 3.3125 0.375
1532259578516338 6.0625 1.125 -0.6875
1532259578570194 4.875 -0.0625 -0.5
1532259578600117 5.1875 -1.5 -0.5625
1532259578629037 3.5 -1.8125 -0.625
1532259578711815 5.5625 -1.25 -0.4375
1532259578771656 5.6875 -1.8125 1
1532259578801575 5 -2.5 2.8125
1532259578884354 -3.375 0.5625 -4
1532259578929235 -1.375 0.5 -2.8125
1532259579012012 -7.25 -0.8125 -6.125
1532259579071853 -14.0625 -9.9375 -3.25
1532259579123714 -13.6875 -11.5 2.25
1532259579154631 -8.5 -7.5 2.25
1532259579176573 1.875 0 3.1875
1532259579229431 -14.5625 5.625 10.0625
1532259579259351 -25.5 4.0625 10.5625
1532259579289271 -8.8125 0.8125 9.375
1532259579334152 -6.9375 -2.8125 6.875
1532259579351106 -8.1875 -1.8125 3.875
1532259579379031 -11.125 -0.25 3.375
1532259579453841 -7.75 7 2.25
1532259579544589 24.875 12.5625 -2.4375
1532259579581490 8.125 4.5625 2.125
1532259579656290 -5.375 -1.125 5.875
1532259579679229 0.0625 1.6875 4.375
1532259579732087 7.1875 6.4375 2.0625
1532259579747048 7.625 9.25 2.3125
1532259579783949 6.9375 11.1875 3.875
1532259579881687 7.375 7.1875 5.4375
1532259579949506 5.1875 3.625 -0.5
1532259579994386 0.5625 4.5625 -1.1875
1532259580107084 0.3125 0.0625 -0.75
1532259580188866 0.875 -3.75 -6.6875
1532259580211805 1.125 -2.6875 -5.8125
1532259580218786 5.4375 0.0625 -4.375
1532259580233746 6.9375 0.4375 -5.375
1532259580301564 6.1875 -0.0625 -7.25
1532259580346444 5.25 -0.625 -8.4375
1532259580376376 4.625 -0.9375 -8.875
1532259580504037 4.5 2.1875 -1.375
1532259580541922 4.25 2.625 -0.125
1532259580631682 -0.6875 -0.1875 -0.25
1532259580654634 -2.5 -2.25 -2.0625
1532259580721442 -12.5 -10.1875 -1.6875
1532259580781282 -14.25 -9.5625 -2.3125
1532259580931879 -0.3125 4.5625 6.9375
1532259581096439 1.1875 1.25 1.625
1532259581149297 1.25 1.375 -0.25
1532259581336795 6.25 2.4375 -4.25
1532259581479415 0.6875 0.25 -2.75
1532259581576156 3.9375 2.5625 0.625
1532259581599095 4.375 2.8125 0.3125
1532259581636998 1.75 0.6875 -0.5
1532259581779612 0.625 0.1875 -0.6875
1532259581952159 6.4375 6.625 4.6875
1532259581982071 2.75 25.25 5.4375
1532259582108732 47.8125 90.625 -26.0625
1532259582161591 40.9375 103.188 -34.3125
1532259582244369 -29 1 -10.5625
1532259582304209 -13.5625 -26.8125 -39.9375
1532259582379009 22.25 21 -41.9375
1532259582483729 -63.375 197.813 -64.8125
1532259582529606 -95.5625 183.813 -46.25
1532259582544567 -79.5625 125.438 -6.625
1532259582589446 -62.0625 89.3125 14.5625
1532259582604406 -34.0625 0.3125 49.75
1532259582634327 -15.375 -44 60.5
1532259582686188 62.5 -154.375 70.625
1532259582724086 78.0625 -175 74.875
1532259582776945 58.4375 -158.125 3.5
1532259582873686 53.125 -77.375 -26.0625
1532259582949483 24.6875 -7.1875 -42.25
1532259583046224 -66.6875 128.938 -89.1875
1532259583151942 -120.375 172.625 -41.5625
1532259583182860 -54.5625 72.9375 10.3125
1532259583226743 -20.5 -118.438 95.375
1532259583279600 28.125 -170.25 63.375
1532259583369361 92.5625 -90.75 -43.625
1532259583421223 78.9375 -89.4375 -47.3125
1532259583518961 39.375 -71.5 -48.5625
1532259583646619 56.125 23.0625 -33.375
1532259583699478 -90.875 160.438 -45.9375
1532259583721423 -109.188 173.938 -26.9375
1532259583827143 -40.3125 -117.25 71
1532259583849078 10 -158.375 41.4375
1532259583968757 76.1875 -116.625 6.875
1532259584090449 10.6875 -198.375 58.125
1532259584247014 -130.313 7.625 -9.625
1532259584367704 -145.125 11.5 -1.1875
1532259584666891 -8.125 -13.1875 7.4375
1532259585018965 -26.1875 -16.0625 10.5
1532259585108710 -3.625 -10.375 4.625
1532259585191488 -5.375 -4.8125 4.125
1532259585221410 -1.0625 -2.0625 2.6875
1532259585236369 3.1875 -0.125 2
1532259585289227 7.5 2.9375 -0.3125
1532259585372006 13.25 4.25 -4.375
1532259585491686 19.125 5.4375 -9.875
1532259585596406 34.125 13.875 -10.4375
1532259585753984 4.0625 6 -6.75
1532259585866682 25.25 18.0625 -11.25
1532259585926525 8.375 5.875 -8.1875
1532259585979382 -32.9375 -18 -5.9375
1532259586054183 -41.9375 -28.625 -12.125
1532259586114021 -45.8125 -30.6875 -15.25
1532259586136960 -19.6875 -22.1875 -4.5625
1532259586196800 -14.5625 -8.9375 4.4375
1532259586241680 -11.125 -3.75 11.625
1532259586271599 -5.75 5.375 15.6875
1532259586331439 -0.4375 9.5625 14.875
1532259586346400 1.75 10.6875 14.125
1532259586406240 3.125 6.625 10.625
1532259586421200 3.1875 4.1875 7.5625
1532259586474059 -3.5625 0 1.875
1532259586496997 -4.25 -1.8125 0.3125

1532259586593739 -4.5 -0.375 -1.5625
1532259586721403 13.1875 9.25 -0.3125
1532259586774262 13.375 7.875 -3
1532259586819142 11.0625 6.75 -3
1532259586849061 9.4375 6.125 -3.1875
1532259586893942 9.1875 5.8125 -4.5
1532259586908902 8.625 5.6875 -4.8125
1532259586983702 8.75 5.875 -5.4375
1532259587051521 9.125 5.8125 -6.125
1532259587074459 6.375 4.4375 -5.5625
1532259587104380 5.4375 3.375 -4.5
1532259587179179 7.375 4.1875 -2.9375
1532259587202118 7.3125 4.5 -3.5
1532259587253980 6.75 4.4375 -3.8125
1532259587336760 7.5625 5.4375 0.0625
1532259587381638 6 5.75 1.3125
1532259587471398 4.9375 4.5 0.25
1532259587524256 -1.0625 -2.3125 -1.25
1532259587584096 -2.1875 0.3125 1
1532259587643936 -0.0625 2.3125 2.25
1532259587681835 0.3125 2.375 2.3125
1532259587733696 -1.9375 -0.875 1.25
1532259587779573 -4.1875 -2.875 0.75
1532259587801515 -4.8125 -2.25 0.5625
1532259587831435 -5.5 -1.5625 1.125
1532259587869334 -6.0625 -1.375 1.5625
1532259587921195 -5.75 -2.25 1.5
1532259587959093 -5.5 -2.5625 1.25
1532259587997990 -4.9375 -0.9375 1.8125
1532259588071792 0.625 0.3125 0.5625
1532259588124651 0.0625 -0.0625 0.4375
1532259588154571 -2 -0.3125 0.375
1532259588199451 -2.1875 -0.375 0.4375
1532259588221392 -1.4375 -0.1875 0.5625
1532259588349051 -0.5 0.5 0.5625
1532259588386949 1 1.6875 0.375
1532259588416869 2.8125 2.25 0.1875
1532259588498651 -0.5625 0.25 -0.5
1532259588626322 0.9375 -0.4375 -1.25
1532259588687162 -1.6875 -2.5625 -1.6875
1532259588761959 -1 0.1875 0.5625
1532259588926519 1.25 -1.375 1.5
1532259589031239 -4.4375 4.0625 -3.125
1532259589256637 2.875 233.188 -47.8125
1532259589316476 -65.5625 169.188 -21.6875
1532259589399255 0.0625 -126.875 34.75
1532259589482034 74.375 -131.563 -3.625
1532259589526914 39.375 -51.5 -30.6875
1532259589593735 10 29.375 -44.8125
1532259589676514 -43.8125 146 -36
1532259589736354 -53.5625 200.688 -37.4375
1532259589804180 -95.5 138 -22.25
1532259589819140 -89 112.375 -16.0625
1532259589901919 -17.5 -36.75 27
1532259589946798 40.875 -92.9375 31.6875
1532259589991693 86.9375 -132 2.5625
1532259590089417 88.5 -120.688 -1.375
1532259590164217 59.625 -95.5625 -19.8125
1532259590217076 55.375 -61.3125 -18.75
1532259590276915 45.25 26.5625 -33.8125
1532259590426516 -15.5625 101.188 -38.25
1532259590501316 -88.5625 207.5 -52.5
1532259590531235 -85.625 134.063 -31.3125
1532259590554192 -12.25 -125.125 51.8125
1532259590592080 92.3125 -183.125 42.125
1532259590651913 46.3125 -145.75 2
1532259590733694 90.9375 -102.313 -19.0625
1532259590771593 95.0625 -73.375 -29.8125
1532259590846393 -32.9375 93.5625 -47.5
1532259591056830 -81.625 190.563 -40.4375
1532259591124656 -77.4375 106.188 3.3125
1532259591184489 55.1875 -153.188 52.5
1532259591206430 67.5625 -162.25 30.5625
1532259591229368 76.5 -171.063 -11
1532259591289209 23.25 -162.375 -18.75
1532259591358038 -8.5 -160.5 3.8125
1532259591536547 84.25 -55.75 90.5625
1532259591589405 -133 43.875 -14.8125
1532259591619326 -19.8125 -62.5625 -23.375
1532259591656227 13.5 -64.0625 -8.3125
1532259591761944 -20.8125 -3.625 -22.375
1532259591881625 -52.375 -9.4375 -11.1875
1532259592233683 -8.375 -3.8125 15.375
1532259592437138 -8.375 -11.3125 -1
1532259592586742 14.375 -1.6875 5.3125
1532259592714398 3.25 0.125 2.375
1532259592953779 26.375 8.75 -6.4375
1532259593291853 19.875 8.9375 -5.4375
1532259593411533 -19.0625 -14.75 -12.8125
1532259593494312 -30.5625 -20.875 -11.75
1532259593554152 -30.4375 -15.1875 -11.0625
1532259593636931 -13.3125 -8.375 0.625
1532259593681821 -11.4375 -6.25 2.5
1532259593711731 -6.8125 -1.875 6.3125
1532259593756610 -8.6875 1.25 10.4375
1532259593779549 -7.6875 4.625 9.8125
1532259593809469 -9.1875 5.125 8.6875
1532259593831411 -9.625 5.125 7.5625
1532259593869309 -6.3125 4.4375 5.9375

1532259593914189 -7.75 2.5625 4.9375
1532259593944123 -9.625 1.4375 5.0625
1532259593974029 -9.6875 1.8125 4.875
1532259594041847 -6.375 3.25 4.4375
1532259594071768 -3.625 3.8125 4.25
1532259594139586 6.875 7.6875 3.5
1532259594236328 8.5 6.0625 0.6875
1532259594289192 7.625 4.875 -0.625
1532259594342051 6.0625 2.3125 -2.6875
1532259594401891 6.8125 2.5 -3.8125
1532259594453759 7.4375 2.375 -4.0625
1532259594468711 6.375 1.75 -4.375
1532259594521598 6.0625 1.3125 -5.0625
1532259594589446 6.375 1.1875 -6.6875
1532259594671248 -5.1875 -4.4375 -2.25
1532259594739046 -6.125 -2.875 0.1875
1532259594821593 -5.375 -1.5 0.9375
1532259594866473 -4.6875 -0.75 1.125
1532259594896393 0.25 7 -1.0625
1532259594994132 -4.5 203.938 -57.4375
1532259595046991 -21.125 225.125 -85
1532259595076918 -31.625 256.25 -100.688
1532259595211550 -107.625 177.125 -72.25
1532259595271391 -82.875 83.25 -31.8125
1532259595316271 -42.5 39.0625 -23.9375
1532259595362148 -33.875 23.5 -12.5
1532259595384100 -14.25 20.0625 -9.875
1532259595399049 -11.3125 20.0625 -1.1875
1532259595436963 -13.5 24.625 11
1532259595488809 -8.6875 25.75 13.3125
1532259595533689 -7.6875 28.625 16.8125
1532259595564606 -2.75 25.75 13
1532259595624447 8.125 17.0625 -3.9375
1532259595706228 21.25 5.875 -33.0625
1532259595752105 35.125 -4.8125 -25.5
1532259596261742 6.5 -10.9375 12.9375
1532259596366462 -11.375 -4.125 68.375
1532259596411342 -13.3125 -19.375 80.9375
1532259596494139 -12.9375 -56.1875 98
1532259596568921 6.4375 -132.688 90.8125
1532259596689608 63.1875 -237.938 -5.6875
1532259596734478 -33.8125 -229.75 -3.0625
1532259596869118 13 -102.25 -16.3125
1532259596899038 22.625 -100.313 -5.0625
1532259597222174 32.125 -8.6875 -25.0625
1532259597267054 5.75 1.25 -0.875
1532259597303956 -12.75 1.5 6.625
1532259597393715 0.0625 3.625 1
1532259597416654 1.9375 1.5625 0.125
1532259597506414 0.375 -1.25 -0.5625
1532259597671971 0.875 0.5625 -0.3125
1532259597783672 -4.375 1.75 1.8125
1532259598068910 4.3125 200 -43.5625
1532259598121768 10.6875 -4.8125 28.6875
1532259598204555 10.6875 -126.688 43.875
1532259598227486 28.4375 -136 35.5
1532259598279347 44.1875 -117.188 5.125
1532259598339187 1.8125 -48.8125 -5.9375
1532259598377086 -0.5625 36 -11.3125
1532259598451885 -31.25 129.375 -39.5625
1532259598744104 -75.4375 167.375 -52.4375
1532259598826883 77.3125 -197.438 43.3125
1532259598984461 74.6875 -118.125 2.0625
1532259599134062 -56.5 187 -60.8125
1532259599186921 -67.3125 201.563 -59.875
1532259599246760 -90.8125 205.375 -53.9375
1532259599314579 -124.813 147.063 -21.5625
1532259599374419 27.375 -168.313 43.4375
1532259599404339 73.5 -139.063 3.5625
1532259599426280 62.625 -128.688 -7.5
1532259599591850 85.375 -117.5 -2.1875
1532259599681597 -18.75 73.5 -34.4375
1532259599801277 -58.5625 188.688 -68.3125
1532259599928936 -126 185.5 -56.8125
1532259599973816 -40.4375 53.0625 -4.125
1532259600018696 5.125 -147.563 80.6875
1532259600041634 37.8125 -145.75 36.5625
1532259600071555 78 -123.438 23.9375
1532259600088509 90.9375 -118.688 5.75
1532259600116434 69.0625 -122.188 0.9375
1532259600185251 35.9375 -135.063 20.25
1532259600267032 27.0625 -134.063 8.9375
1532259600371752 162.188 -50.625 50.25
1532259600416631 104.563 -58.375 31.625
1532259600469490 1.5 -29.375 18
1532259600491431 -53.1875 0.5625 1.6875
1532259600559262 -101.5 6 -16.9375
1532259600634050 16.9375 -36.5 -12.9375
1532259600701869 23.125 -35.9375 -11.5
1532259600844487 -8.875 7.25 16.75
1532259600904327 -4.875 3.875 16
1532259600926269 -9.5 -0.25 13.1875
1532259600949208 -12.25 -1.5625 11.1875
1532259601038967 -1.6875 -5.25 5.5625
1532259601151665 -3.3125 -16.0625 5.4375
1532259601204525 -5.3125 -19.9375 2.375
1532259601256386 -20.625 -25.9375 -0.5
1532259601332183 -25.0625 -27.0625 4.75
1532259601406983 -6.625 -13.9375 13.1875
1532259601473805 -4.4375 -6 11.375
1532259601496743 -6.0625 -5.375 8.625
1532259601556583 0.3125 -3.875 3.625
1532259601586503 2.1875 -2.1875 2.6875
1532259601616423 4.3125 3 0.75
1532259601669282 10.6875 4 -3.375
1532259601706183 16.0625 5.125 -4.4375
1532259601744082 15.5625 6.0625 -4.8125
1532259601781980 16.875 8.875 -5.875
1532259601856780 26.625 13.5 -11.25
1532259601886700 26.9375 11.6875 -11.25
1532259601916620 14.75 9.375 -6.75
1532259601961500 19.9375 15.25 -9.75
1532259602021341 25 12.9375 -8.5625
1532259602081180 32.8125 14.9375 -8.25
1532259602119079 35.0625 20.8125 -14.8125
1532259602163959 21.125 15.4375 -10.3125
1532259602193879 19.375 14.25 -9.9375
1532259602223799 23.3125 13.3125 -10.25
1532259602238759 25.4375 13 -10.1875
1532259602284638 26.5 12.9375 -9.375
1532259602314556 19.5625 10.25 -6.375
1532259602419276 -7.5 -1.875 -5.8125
1532259602464156 -12 -10.5 -8.5
1532259602546935 -39.1875 -19.875 -11.25
1532259602591815 -27.625 -19.75 -13.5
1532259602636695 -22.8125 -9.4375 -8.375
1532259602666615 -14.3125 -6.0625 -5.5625
1532259602704514 -2.4375 1.75 -0.1875
1532259602726454 -5.5 5.6875 5.375
1532259602764353 -5.4375 10.25 11.375
1532259602779314 -3.0625 10.75 13.125
1532259602801255 0 9.4375 13.25
1532259602854114 3.5 8.625 10
1532259602913954 0.8125 5.375 7.1875
1532259602951852 -1.6875 3.125 3.6875
1532259602981772 -3.9375 1.125 2.75
1532259602996732 -9.1875 -2.625 2.0625

1532259603049591 -11.0625 -4.125 1.3125
1532259603064551 -14.625 -6.4375 0.5
1532259603116426 -14.8125 -5.8125 1.0625
1532259603146332 -5.3125 -2.5 0.1875
1532259603206171 0.6875 -0.0625 -0.75
1532259603273991 3 0.6875 -1.5
1532259603318871 1.375 0.4375 -0.875
1532259603334828 2.5 0.5 -2
1532259603424588 2.5 -0.0625 -2.75
1532259603446530 2.75 -0.0625 -3.1875
1532259603491403 3 0.4375 -3.5625
1532259603604102 1.6875 -0.375 -2.1875
1532259603648982 1.375 0.5 -0.625
1532259603701841 3.375 2.75 0.625
1532259603754699 4.5625 2.875 0.8125
1532259603821521 2.75 2 1.125
1532259603889339 5.625 2.8125 -0.6875
1532259603949186 3.8125 1.8125 -2.3125
1532259603972124 2.625 0.6875 -2.6875
1532259604023986 1.125 -1.0625 -2.9375
1532259604068866 -1.375 -0.5625 -1.625
1532259604106764 0.875 1.1875 -0.4375
1532259604174583 1.125 1.25 -0.75
1532259604204503 1.5625 1.5 0.125
1532259604234423 0.375 1.3125 0.75
1532259604279304 -0.1875 1.0625 1.1875
1532259604286284 -0.3125 1.25 0.75
1532259604392002 3.25 3.0625 -0.625
1532259604436899 3.8125 2 -1.6875
1532259604646322 0.9375 -0.8125 -3.875
1532259604737092 4 3.4375 0.6875
1532259604759042 3.5 3.375 0.75
1532259604924590 0.6875 1.125 -2.3125
1532259604999390 -1.625 -1.5625 -2.4375
1532259605186889 -0.75 1.125 -0.4375
1532259605479107 0.5 0 -0.25
1532259605576846 -3.0625 4.4375 -3.875
1532259605756366 -35.5 -9.5625 -13.6875
1532259605921924 -42.9375 126.438 -44.125
1532259605973785 -36.25 144.875 -38.25
1532259606176244 -81.1875 185.375 -7.8125
1532259606318862 55.0625 -181.938 46.9375
1532259606401640 77.6875 -171.875 21.0625
1532259606461481 55.875 -132.125 3.5
1532259606597118 35.5625 56.4375 -27.0625
1532259606799576 -114.125 176.875 -18.9375
1532259606851438 -9.25 -65.5625 31.3125
1532259606866398 -0.1875 -100.75 35.125
1532259606926238 52.1875 -167.75 16.0625
1532259607009032 70.625 -129.563 -41
1532259607151635 49.5 -4.625 -42.5
1532259607279294 -70 151.813 -49.25
1532259607436872 -192.75 212.25 -21.875
1532259607601432 46.5625 -117.875 -39.8125
1532259607624371 31.875 -111.25 -25.1875
1532259607745047 67.375 -101.063 -4.875
1532259607788935 69.25 -96.375 4.625
1532259607863731 64.75 -87.5625 11.625
1532259607916589 37.3125 -40.1875 14.875
1532259608021309 -3 -1.6875 43.3125
1532259608291587 -10.0625 -7.8125 -0.5625
1532259608479085 -1.25 -4.25 8.3125
1532259608546904 -22.8125 -11.75 5.375
1532259608621704 -6.5 -8.8125 4.125
1532259608666584 -2.75 -5.5625 1.5
1532259608719443 -8.6875 -10.875 4.375
1532259608801224 -6 -11.3125 5
1532259608847101 2.3125 -12.4375 7.6875
1532259608958802 -7.3125 -16.0625 7
1532259609101421 -7.875 -11.3125 3.75
1532259609161261 -4.625 -9 2.875
1532259609303879 -2.8125 0.125 -0.8125
1532259609378680 -2.6875 1.375 -3.0625
1532259609454477 4.0625 0.625 1.9375
1532259609806535 27.625 14.4375 -7.9375
1532259609881336 10.9375 8.75 -5.875
1532259609919234 6.875 6.0625 -5.1875
1532259610076813 -28.75 -18.625 -10.875
1532259610159592 -26.75 -24.1875 -13.5
1532259610196493 -25.125 -21.9375 -12.625
1532259610226412 -23.5 -9.6875 -8
1532259610271297 -18.375 -2.0625 1.4375
1532259610332129 -0.3125 5.125 8.625
1532259610406930 9.75 8.3125 16.6875
1532259610429869 6.125 9 15.375
1532259610451809 2.75 8.875 13.1875
1532259610473751 -1.0625 8.4375 9.75
1532259610496690 -2.8125 4.0625 1.8125
1532259610556530 -8 -1.6875 -7.9375
1532259610586450 -12.75 -2.75 -9.125
1532259610616370 -13.125 -3.25 -8.6875
1532259610646290 -11.6875 -2.8125 -7.9375

1532259610691170 -9.375 -0.875 -4.875
1532259610714108 -6.875 0.5625 -3.125
1532259610752007 3.25 5.1875 1.5625
1532259610826811 3.6875 8.4375 4.5625
1532259610842009 5.5625 9.875 4.5625
1532259610969668 9.25 10.4375 3.125
1532259610999587 5.4375 7.3125 0
1532259611089347 -0.875 2.375 -4.375
1532259611111288 -1 2.5 -4.25
1532259611141209 0.625 2.9375 -2.75
1532259611194083 3.3125 2.6875 0.3125
1532259611238947 4.4375 3 0.375
1532259611291806 4.0625 3.625 -0.4375
1532259611321726 1.0625 1 -1.125
1532259611389545 -0.625 -0.5 -1
1532259611396526 -2.0625 -0.25 -0.5625
1532259611449385 -0.625 0.375 -0.5
1532259611479304 3.0625 2.5625 0.6875
1532259611592003 2.1875 3 0.8125
1532259611628905 0.625 0.375 -0.75
1532259611651844 -0.3125 -0.1875 -1
1532259611673784 -0.6875 -0.5625 -0.5
1532259611734622 2.8125 2 -0.5625
1532259611794462 5.0625 4.5 0.9375
1532259611846323 6.75 3.25 1.375
1532259611899181 2.8125 1.3125 -0.875
1532259612011880 -2.0625 -1.25 -1.75
1532259612079699 -9.3125 -2.875 -2.1875
1532259612139539 -5.5625 -3.875 -1.5625
1532259612229299 -6.1875 -2.625 -0.5
1532259612251240 -4.8125 -1.5625 0.125
1532259612282159 -1.0625 2.5 3.4375
1532259612416798 2.3125 1.9375 1.5
1532259612491615 0.125 -0.6875 -3.6875
1532259612529496 -0.0625 -0.5625 -2.75
1532259612687075 2.25 1.75 -0.5
1532259612828696 -5.0625 -2.125 -1.5625
1532259612859614 -2 -1.4375 -1.3125
1532259612956355 0.75 -1.375 0.1875
1532259613062071 0.1875 -0.875 1.0625
1532259613121912 -3.5625 -1.25 -0.375
1532259613346312 40.5625 53.9375 -16.75
1532259613384211 -25.625 137 -38.875
1532259613422110 -20.375 165.875 -49.125
1532259613541789 -21.5 94.25 -41.1875
1532259613601629 26.5 -20.4375 -5.8125
1532259613669447 25.375 -103.813 23.0625
1532259613744248 43.25 -131.438 3
1532259613766189 61 -133 -1.8125
1532259613863928 1.625 21.8125 -14.375
1532259613938728 -34.3125 125.375 -34.9375
1532259614081347 -65.125 186.438 -43.3125
1532259614194045 2.9375 -60.125 38.625
1532259614216983 36.8125 -183.625 52.375
1532259614231944 25.125 -198.938 51.1875
1532259614283817 76.375 -187.125 19.3125
1532259614336664 64.5 -144.938 -11.3125
1532259614419443 32.125 -91.1875 -12
1532259614501223 31.1875 61.25 -41.9375
1532259614517181 -10.625 88.125 -35.5
1532259614569042 -49.1875 96.8125 -61.1875
1532259614711694 -62.5 151.375 -51.4375
1532259614846333 -22.3125 -64.375 51.125
1532259614876254 58.9375 -142 26.8125
1532259614899192 28.125 -148.188 9.4375
1532259614922131 57.5 -155.75 15.6875
1532259614973992 58.875 -139.813 21.9375
1532259615018872 59.1875 -125.375 10.125
1532259615063752 73.1875 -104.625 1
1532259615086690 66.75 -80.125 -2
1532259615199389 -1.9375 82.75 -54
1532259615266211 -39.9375 141.5 -60.6875
1532259615342008 -69.0625 162.875 -56.5625
1532259615454706 -106.438 176.188 -51.3125
1532259615551448 77 -193.25 65.1875
1532259615611288 75.625 -201.25 90.125
1532259615687088 43.9375 -176.188 43.75
1532259615709027 13.5625 -94.3125 16.3125
1532259616032163 15.5625 -29.9375 1.1875
1532259616098984 -6.625 -10.75 -13.4375
1532259616173784 -21.125 -3.1875 -1.9375
1532259616264541 1.5 0.4375 0.9375
1532259616316402 -5.5625 2.5 8.375
1532259616361282 10.125 2.375 9.3125
1532259616437086 5.5 2.3125 3.5625
1532259616518861 -20.625 -7.3125 -8.75
1532259616563742 -31.8125 -16.375 -10
1532259616744258 -18.5 -20.5625 10.5
1532259616871917 6.875 -10.5625 10.5
1532259616931757 -12.375 -14.875 3.4375
1532259616976636 -0.125 -9.75 -1.8125
1532259617074386 -4.125 -5.625 2.375
1532259617246915 10.875 19 -4.25
1532259617276834 15.875 19.5 -5.25
1532259617404493 1.3125 8.9375 -7
1532259617449373 28.5625 15.4375 -5.4375
1532259617524172 28.25 30.25 0.9375
1532259617636872 43.3125 20 6
1532259617688733 29.0625 14.875 6.375
1532259617711671 17.1875 14 3.4375
1532259617831351 -23.0625 -11.3125 -14.5
1532259617914130 -24.625 -12.5 -14.125
1532259617952028 -25.8125 -12.375 -11
1532259618003889 -10.1875 -4.125 0.0625
1532259618033809 -8.5 1.3125 6.9375
1532259618131549 -0.0625 -0.625 11.375
1532259618161469 0.1875 -2.125 8.1875
1532259618206349 -13.6875 -10 1.125
1532259618259208 -17.875 -12.625 0.125
1532259618304102 -17.125 -12 -0.25

1532259618342983 -13.5 -6.0625 3.5
1532259618393847 -2.25 2.0625 7.375
1532259618416786 -1.25 2.4375 7.9375
1532259618484604 0.25 1.875 7.6875
1532259618536466 3.75 1.4375 4.625
1532259618551426 3.125 1.625 1.375
1532259618596306 -0.125 2.3125 -1.1875
1532259618672103 3.375 4.0625 -2.625
1532259618694045 3.5 4.25 -2.6875
1532259618731943 2.6875 4.75 -2.375
1532259618746903 2.875 5 -2.3125
1532259618783804 4.8125 5.25 -2.5
1532259618806743 6.5625 6.0625 -2.875
1532259618836663 7.5625 6 -2.625
1532259618859602 7.375 6.4375 -3.0625
1532259618911463 5.375 6.75 -2.875
1532259618941383 5.9375 7.25 -2.8125
1532259618987263 7.75 8.625 -2.75
1532259619024162 11.5625 11.4375 -3.0625
1532259619039122 12.5625 12.75 -2.9375
1532259619047101 16.375 14.3125 -3.25
1532259619077020 20.0625 16.25 -4
1532259619098961 23.5625 17.9375 -5
1532259619151820 27.5 19.0625 -5.625
1532259619226621 33.3125 20.1875 -6.6875
1532259619264519 35.3125 20.9375 -7.25
1532259619339422 38.5 16.0625 -13.6875
1532259619781773 7.6875 4.3125 -2.125
1532259620052050 -27.75 -10.6875 7.5625
1532259620118872 -27.3125 -11.0625 7.75
1532259620178719 -30.6875 -16.875 10.625
1532259620299388 -18.9375 -14.25 5.6875
1532259620434029 -12.6875 -17.125 1.75
1532259620471928 -13.4375 -16.1875 1.9375
1532259620561687 -5 -5.125 5.1875
1532259620599585 0.375 -1.4375 5.875
1532259620621533 1.3125 -0.6875 5.875
1532259620674386 1.5625 0.3125 5.625
1532259620689345 1.6875 1.0625 4.25
1532259620742205 1.75 1.375 -0.625
1532259620817005 2.8125 1.375 -3.0625
1532259620838946 1.8125 2.0625 -3.1875
1532259620876845 1.6875 2.375 -3.0625
1532259620966605 3.4375 3.4375 -2.5
1532259620989544 3.125 3 -2.5625
1532259621026445 2.75 2.9375 -3.3125
1532259621056365 0 2.8125 -2.75
1532259621094274 0.6875 2.5625 -2.75
1532259621131181 1.75 1.0625 -3.5
1532259621169063 0.5625 0.375 -4.0625
1532259621184023 -1.4375 0.125 -3.625
1532259621228903 -2.5 -0.875 -3.6875
1532259621281762 -1.0625 -1.125 -4.1875
1532259621319661 -2.625 -1.0625 -2.125
1532259621379501 3.375 -0.0625 -0.0625
1532259621424381 3.125 0.3125 0.875
1532259621446322 0.5 -0.3125 3.5625
1532259621514141 0.8125 -2.3125 3.625
1532259621559020 0.6875 -2.5625 3.75
1532259621588941 0.4375 -2.375 3
1532259621694658 -3.9375 -2.4375 0.875
1532259621746519 -2.1875 -0.875 0.0625
1532259621799378 -1.3125 0.25 -0.0625
1532259621836279 -0.375 0.8125 -0.125
1532259621897117 0 1.5625 -0.25
1532259621941996 2.375 1.1875 -0.9375
1532259621986878 1.5625 1.6875 -0.9375
1532259622001836 1.1875 1.6875 -1.125
1532259622046717 0.75 1.6875 -1.1875
1532259622084615 -1.1875 0.125 -1.125
1532259622114535 0.6875 0 -0.5625
1532259622129494 1.6875 0.5 -0.5625
1532259622159415 1.75 0.8125 -0.3125
1532259622204308 0.3125 0.9375 -0.1875
1532259622226237 -0.5625 0.5625 -0.1875
1532259622294055 -1.125 -0.875 -0.125
1532259622346913 -0.625 -0.8125 -0.375
1532259622398775 6.8125 -5.25 -9.5
1532259622579292 -25.5625 220.813 -91.75
1532259622601233 -30.1875 218.188 -67.25
1532259622632150 7.5625 161.563 -66.5625
1532259622706951 18.8125 62 -35.375
1532259622773772 41.25 32.1875 -31.8125
1532259622803692 31.8125 -56.625 -2.625
1532259622894450 42 -184.813 -4.6875
1532259622924370 13.3125 -151.063 0.875
1532259622961271 -3.875 -53 -31.5625
1532259622991191 -25.125 -7.1875 -32.25
1532259623052027 -41.6875 83.3125 -41.5
1532259623073969 -42.25 123.25 -32.3125
1532259623178689 -87.125 201.188 -30.0625
1532259623239527 -104 207.063 -29.125
1532259623397105 58.9375 -194.75 87.1875
1532259623441986 52.75 -199.375 52.25
1532259623456944 42.25 -187.375 35.6875
1532259623493846 84.0625 -137.625 -30.0625
1532259623508807 43.1875 -102.75 -51.8125
1532259623554684 0.375 -69.125 -63.5
1532259623599564 -16.4375 -37.6875 -74
1532259623629483 -9.625 -7.375 -83.625
1532259623659404 3.25 21.6875 -77.5625
1532259623704285 -17.25 99.4375 -56.375
1532259623764124 -74.6875 156.75 -29.5
1532259623802022 -97.5625 161 -9.6875
1532259623853884 -97.5 153.438 -1.8125
1532259623898764 -57.3125 99.8125 20.125
1532259623936662 -42.0625 33.8125 41.8125
1532259623959601 -29.25 -34.6875 71.625
1532259623981542 41.375 -127.375 56.875
1532259623996502 36 -133.688 47.125
1532259624034402 28 -127.188 36.375
1532259624071303 17.625 -122.063 9.125
1532259624147100 94.375 -118.75 -16.875
1532259624236860 46.0625 -52.625 -20.5
1532259624334598 -11.375 62.0625 -41.6875
1532259624364518 -23.1875 102.75 -42.5
1532259624484198 -34.8125 38.5 16.875
1532259624507137 -34.75 -2.625 35.6875
1532259624529078 -32.4375 -41.5625 49.75
1532259624558999 -3.6875 -108.5 64.5625
1532259624618838 52.75 -135.5 36.125
1532259624633798 44.4375 -133.125 23.25
1532259624656737 45.875 -130.5 23.5
1532259624686656 43.1875 -132.25 27.0625
1532259624724556 36.0625 -132 26.25
1532259624784395 44.3125 -126.563 25.9375
1532259624806337 41.875 -122.438 23.9375
1532259624867173 35.6875 -109.563 29.3125
1532259624978876 12 -62.875 32
1532259624993835 11.5 -53.625 32.3125
1532259625046694 14.5 -38.875 38.6875
1532259625121494 -21.25 -6.875 15.9375
1532259625316971 -24.375 -1.6875 -11.75
1532259625376811 -3.625 -2.25 -9.3125
1532259625594230 -9.625 -5.375 9.0625
1532259625609190 -7.6875 -5.1875 8.5
1532259625669040 -4.375 -3.5625 6.4375
1532259625797685 -15.5 -15.1875 0.6875
1532259625886459 -16.5 -16.25 4.75
1532259625961248 5.6875 -13.4375 7.625
1532259626029067 1.8125 -6.0625 5.4375
1532259626163707 3.375 -1.9375 2.4375
1532259626291366 -1.75 -2 0.1875
1532259626306326 1.5625 -0.5625 -0.4375
1532259626359184 3.0625 3.5625 -0.125
1532259626486842 0.9375 3.75 -2.1875
1532259626644422 3.0625 4.875 -4.1875
1532259626781056 12.1875 9.9375 -5.3125
1532259626913701 25.3125 10.75 -4.5625
1532259626989499 11.5 9 -4.5
1532259627071294 12.875 9.1875 -5.625
1532259627198954 -26.3125 -19.6875 -9.375
1532259627409376 -21.5625 -3.3125 -6.6875
1532259627424336 -11.125 0.8125 2.125
1532259627537048 -4.5625 3.1875 11.9375
1532259627573936 -4.125 1.1875 14.125
