1532259928219504 0.2333 -0.39465 -0.7322
1532259928264383 0.23495 -0.392313 -0.731341
1532259928362122 0.233856 -0.383631 -0.731956
1532259928541642 0.233387 -0.383634 -0.735559
1532259928571571 0.232232 -0.383564 -0.737531
1532259928722158 0.227812 -0.384473 -0.74143
1532259929254751 0.215272 -0.365508 -0.751286
1532259929329534 0.216661 -0.367997 -0.758189
1532259929336516 0.21471 -0.369261 -0.759047
1532259929472154 0.214031 -0.374482 -0.761184
1532259929554936 0.214525 -0.37731 -0.759937
1532259929606793 0.213817 -0.379824 -0.757559
1532259929629732 0.213782 -0.38081 -0.756795
1532259929644692 0.212965 -0.381278 -0.755884
1532259929659652 0.21319 -0.382014 -0.755535
1532259929741434 0.214492 -0.384153 -0.754517
1532259929779332 0.214983 -0.384925 -0.754103
1532259929824212 0.215414 -0.385421 -0.753872
1532259930079529 0.215006 -0.383158 -0.75846
1532259930139369 0.21486 -0.383307 -0.759238
1532259930192228 0.218085 -0.383595 -0.762172
1532259930229129 0.215629 -0.383275 -0.76368
1532259930274016 0.211982 -0.38388 -0.763618
1532259930349806 0.211082 -0.384209 -0.763721
1532259930446548 0.210466 -0.384698 -0.764194
1532259930574234 0.204574 -0.392935 -0.764836
1532259930806611 0.19321 -0.400021 -0.766479
1532259930874430 0.19379 -0.400184 -0.766902
1532259931061929 0.195935 -0.39548 -0.764598
1532259931136728 0.194032 -0.395123 -0.763935
1532259931279347 0.196311 -0.417641 -0.7546
1532259931309267 0.196739 -0.419681 -0.752938
1532259931362126 0.201649 -0.423899 -0.746905
1532259931392045 0.205324 -0.423908 -0.74556
1532259931541646 0.212818 -0.420998 -0.745043
1532259931594504 0.208268 -0.415917 -0.751252
1532259931692243 0.200969 -0.397764 -0.784282
1532259931729144 0.19335 -0.365053 -0.779401
1532259931774024 0.114896 -0.229032 -0.779786
1532259931803945 0.0946509 -0.179717 -0.783258
1532259931833864 0.0403353 -0.0764894 -0.78643
1532259931991443 -0.0893259 0.084496 -0.793407
1532259932029342 -0.149827 0.126544 -0.799844
1532259932112120 -0.36263 0.119173 -0.828921
1532259932171960 -0.411937 0.118878 -0.847741
1532259932231801 -0.499288 0.11579 -0.890813
1532259932246760 -0.629159 0.110658 -0.953433
1532259932261720 -0.661726 0.109703 -0.963495
1532259932321566 -0.721329 0.0996929 -0.941565
1532259932382398 -0.765772 0.0812461 -0.84962
1532259932404347 -0.781038 0.0651193 -0.811319
1532259932427278 -0.79358 0.0289211 -0.737252
1532259932457198 -0.785481 0.00822084 -0.708994
1532259932472157 -0.775081 -0.0123904 -0.687472
1532259932494098 -0.763921 -0.0322435 -0.674797
1532259932524019 -0.748226 -0.0535337 -0.677192
1532259932561918 -0.746675 -0.0595238 -0.689395
1532259932591837 -0.752494 -0.0642334 -0.70845
1532259932622754 -0.765207 -0.0675385 -0.732086
1532259932704542 -0.805585 -0.0624217 -0.80445
1532259932734456 -0.83236 -0.0569256 -0.828966
1532259932764376 -0.878611 -0.0579716 -0.875341
1532259932862115 -0.941151 -0.0483857 -0.749653
1532259932921955 -0.904856 -0.0487892 -0.615099
1532259932989773 -0.861318 -0.0706055 -0.479273
1532259933011715 -0.847482 -0.0869518 -0.475134
1532259933147355 -0.838837 -0.0966205 -0.484466
1532259933214173 -0.828644 -0.0999277 -0.539054
1532259933281992 -0.963051 -0.094344 -0.738249
1532259933303952 -1.02166 -0.112909 -0.629746
1532259933349811 -0.996803 -0.140939 -0.446356
1532259933424611 -0.985942 -0.15115 -0.386139
1532259933439571 -0.956957 -0.162843 -0.329681
1532259933529331 -0.84337 -0.229623 -0.220835
1532259933597149 -0.894165 -0.226947 -0.338634
1532259933761709 -0.997911 -0.187243 -0.417003
1532259933836509 -1.03484 -0.163393 -0.332115
1532259933874408 -1.03286 -0.124906 -0.14845
1532259934114764 -0.960613 -0.101793 0.245421
1532259934159645 -0.894061 -0.135825 0.31838
1532259934249405 -0.74829 -0.0653758 0.0882705
1532259934466824 -0.618391 -0.064275 -0.203013
1532259934519682 -0.537292 -0.0989259 -0.367613
1532259934556584 -0.45138 -0.147825 -0.50466
1532259934609441 -0.35578 -0.221896 -0.585461
1532259934631383 -0.329345 -0.249608 -0.611779
1532259934647341 -0.300379 -0.275342 -0.634971
1532259934677261 -0.237456 -0.31335 -0.672378
1532259934699202 -0.204417 -0.324448 -0.690305
1532259934729122 -0.173115 -0.336083 -0.705901
1532259934752061 -0.123939 -0.356482 -0.732873
1532259934767021 -0.104881 -0.366142 -0.742878
1532259934788963 -0.0808003 -0.390609 -0.75165
1532259934811901 -0.0495762 -0.414126 -0.762027
1532259934834839 -0.0260473 -0.418082 -0.769242
1532259934856781 -0.00889391 -0.419335 -0.773981
1532259934879719 0.00462998 -0.430121 -0.77689

1532259934946541 0.0644319 -0.455564 -0.789786
1532259934969479 0.077347 -0.463107 -0.79236
1532259935014360 0.119043 -0.473785 -0.800495
1532259935074200 0.140078 -0.492739 -0.805322
1532259935097146 0.151613 -0.493548 -0.810201
1532259935142018 0.160079 -0.502136 -0.806433
1532259935201858 0.15292 -0.500188 -0.792054
1532259935246738 0.157917 -0.49755 -0.778352
1532259935261699 0.162506 -0.496871 -0.772243
1532259935291618 0.164765 -0.496599 -0.762013
1532259935381382 0.148588 -0.494661 -0.749554
1532259935434237 0.13731 -0.49231 -0.74293
1532259935531992 0.13056 -0.493027 -0.741329
1532259935561896 0.13251 -0.488968 -0.743629
1532259935606776 0.13361 -0.48552 -0.746865
1532259935636695 0.135033 -0.473221 -0.7548
1532259935651655 0.135883 -0.464275 -0.758683
1532259935711495 0.138057 -0.444914 -0.77065
1532259935824194 0.147473 -0.4201 -0.796475
1532259935847132 0.154527 -0.415688 -0.794483
1532259935869074 0.153976 -0.41574 -0.789929
1532259935892012 0.154613 -0.416325 -0.780873
1532259935981772 0.163175 -0.419318 -0.77447
1532259935996733 0.163388 -0.421518 -0.77312
1532259936011692 0.162623 -0.423593 -0.771949
1532259936064551 0.160995 -0.428696 -0.768105
1532259936109431 0.162759 -0.430175 -0.765708
1532259936147346 0.16703 -0.429452 -0.765158
1532259936207170 0.168551 -0.424121 -0.765187
1532259936259031 0.167654 -0.41822 -0.765585
1532259936289949 0.173386 -0.399385 -0.768061
1532259936334829 0.183007 -0.383902 -0.77413
1532259936349788 0.182764 -0.379631 -0.776305
1532259936394668 0.182459 -0.375245 -0.778447
1532259936424588 0.187826 -0.367595 -0.783442
1532259936446530 0.197262 -0.364235 -0.789521
1532259936476449 0.199345 -0.362801 -0.792021
1532259936514348 0.200678 -0.35977 -0.793664
1532259936537287 0.201613 -0.35831 -0.793484
1532259936559228 0.203622 -0.356419 -0.792921
1532259936612087 0.207719 -0.353215 -0.790451
1532259936642007 0.208207 -0.351681 -0.788923
1532259936656967 0.20807 -0.350827 -0.787538
1532259936761687 0.207662 -0.353638 -0.785674
1532259936889346 0.208347 -0.359842 -0.787601
1532259937384022 0.201643 -0.393532 -0.784615
1532259937586481 0.204432 -0.381547 -0.78873
1532259937647319 0.199907 -0.377775 -0.809331
1532259937692199 0.198149 -0.377739 -0.805267
1532259937722119 0.198479 -0.37873 -0.804872
1532259937737079 0.198622 -0.379348 -0.804874
1532259937788940 0.196469 -0.379941 -0.804868
1532259937864737 0.193374 -0.381234 -0.804806
1532259937991399 0.193375 -0.383264 -0.80556
1532259938037281 0.18907 -0.384376 -0.80409
1532259938141996 0.184246 -0.383544 -0.797027
1532259938366396 0.175351 -0.386203 -0.797174
1532259938479094 0.176102 -0.386841 -0.797445
1532259938546913 0.174191 -0.386674 -0.795902
1532259938719452 0.173085 -0.38673 -0.792159
1532259938772311 0.174379 -0.386492 -0.792432
1532259938906950 0.17672 -0.397293 -0.792271
1532259939071511 0.0435746 -0.392148 -0.81617
1532259939116390 -0.0505112 -0.296697 -0.830532
1532259939169249 -0.183104 -0.169877 -0.851659
1532259939184209 -0.233629 -0.131128 -0.856131
1532259939252027 -0.329814 -0.0637043 -0.860173
1532259939319846 -0.374878 -0.0365936 -0.862867
1532259939401628 -0.646329 0.0319866 -0.906738
1532259939461467 -0.752263 -0.0107117 -0.889337
1532259939529286 -0.795124 -0.14481 -0.840656
1532259939597105 -0.874925 -0.247933 -0.955748
1532259939619046 -0.891535 -0.24879 -1.00295
1532259939678885 -0.908085 -0.249 -1.08268
1532259939746711 -0.921764 -0.240388 -1.10424
1532259939791591 -0.953224 -0.219265 -1.10323
1532259939814530 -0.983272 -0.175675 -0.944166
1532259939874369 -0.991018 -0.14808 -0.76751
1532259939904290 -0.953892 -0.126381 -0.666549
1532259939927237 -0.922728 -0.135087 -0.644416
1532259939957148 -0.877841 -0.166883 -0.662877
1532259940016988 -0.876625 -0.16934 -0.707746
1532259940084806 -0.887138 -0.165754 -0.769111
1532259940114727 -0.902699 -0.163062 -0.843472
1532259940144647 -0.925025 -0.164866 -0.920352
1532259940159607 -0.97672 -0.17059 -1.05243
1532259940235405 -1.06481 -0.162852 -1.1315
1532259940256349 -1.08555 -0.158606 -1.07943
1532259940302226 -1.12431 -0.140457 -0.847394
1532259940354107 -1.13325 -0.121828 -0.676708
1532259940362065 -1.15061 -0.117164 -0.596139
1532259940391986 -1.13319 -0.119493 -0.472453
1532259940421906 -1.10629 -0.112307 -0.458294
1532259940504684 -1.09384 -0.16596 -0.603971
1532259940632343 -1.06904 -0.149796 -0.83492
1532259940714124 -1.06305 -0.0832939 -0.868707
1532259940722102 -1.05286 -0.0590095 -0.845864
1532259940773964 -1.05365 -0.0487888 -0.744395
1532259940826834 -1.1011 -0.0601844 -0.471104
1532259940916583 -1.00382 -0.0963323 -0.262801
1532259940969442 -0.977406 -0.11304 -0.291283
1532259940976423 -0.970823 -0.120225 -0.324369
1532259941014321 -0.966712 -0.105319 -0.440491
1532259941141980 -0.961466 -0.0877498 -0.510091
1532259941201823 -0.962034 -0.0756886 -0.536285
1532259941254685 -0.965557 -0.0268846 -0.524424
1532259941276620 -0.993318 0.0110627 -0.300163
1532259941299559 -0.99447 0.0131153 -0.0144791
1532259941449159 -0.888959 -0.0541101 0.311575
1532259941591778 -0.83185 -0.0613713 0.115519
1532259941621699 -0.828563 0.00903374 0.137368
1532259942034593 -0.506347 -0.0051816 -0.0180777
1532259942079474 -0.515881 -0.00567405 -0.0765443
1532259942162252 -0.51603 -0.0281442 -0.244759
1532259942192184 -0.473222 -0.0563708 -0.377303
1532259942214113 -0.402097 -0.0897748 -0.479906
1532259942252012 -0.343047 -0.121824 -0.537017
1532259942273953 -0.319304 -0.141073 -0.56047
1532259942311852 -0.269906 -0.175699 -0.598332
1532259942349750 -0.239937 -0.190974 -0.617847

1532259942439510 -0.122384 -0.275349 -0.66551
1532259942461452 -0.0961014 -0.294645 -0.671024
1532259942529270 -0.0307828 -0.343792 -0.686553
1532259942633990 0.0397876 -0.399753 -0.723315
1532259942701810 0.0686017 -0.40014 -0.74346
1532259942761721 0.0858726 -0.397414 -0.750632
1532259942776642 0.0925231 -0.397918 -0.753892
1532259942829748 0.100483 -0.397078 -0.757002
1532259942866649 0.114003 -0.397439 -0.75523
1532259942919508 0.134747 -0.385575 -0.773661
1532259942934468 0.139947 -0.381264 -0.778733
1532259942972367 0.143767 -0.377385 -0.788398
1532259943002286 0.143624 -0.377337 -0.79212
1532259943039188 0.142894 -0.378199 -0.79504
1532259943077086 0.142803 -0.378339 -0.793673
1532259943099029 0.147451 -0.378052 -0.786754
1532259943151890 0.159558 -0.378767 -0.770532
1532259943196772 0.16146 -0.379383 -0.765297
1532259943234671 0.164041 -0.380167 -0.757441
1532259943264624 0.165818 -0.379938 -0.75517
1532259943286566 0.167286 -0.378311 -0.752166
1532259943309504 0.166295 -0.377748 -0.750513
1532259943361366 0.164577 -0.377075 -0.748837
1532259943414224 0.163509 -0.37639 -0.747003
1532259943437164 0.164363 -0.375963 -0.745683
1532259943549861 0.172399 -0.379149 -0.743713
1532259943586763 0.171538 -0.378673 -0.74372
1532259943616683 0.171565 -0.377586 -0.743416
1532259943691483 0.170363 -0.375458 -0.745475
1532259943744342 0.169336 -0.375804 -0.746737
1532259943774262 0.160673 -0.380298 -0.74993
1532259943827121 0.156506 -0.383213 -0.752768
1532259943916880 0.157451 -0.384739 -0.752412
1532259943969739 0.162952 -0.385643 -0.749817
1532259943991680 0.163945 -0.385658 -0.748826
1532259944044539 0.162789 -0.385722 -0.746597
1532259944179179 0.163478 -0.385303 -0.746796
1532259944269937 0.164075 -0.385351 -0.747614
1532259944329776 0.161454 -0.385514 -0.751039
1532259944471398 0.1667 -0.389962 -0.757874
1532259944494336 0.16986 -0.389722 -0.755232
1532259944584096 0.169893 -0.390251 -0.75264
1532259944651915 0.174106 -0.392176 -0.755432
1532259944756635 0.179045 -0.396562 -0.763044
1532259944877312 0.178809 -0.398672 -0.764546
1532259944937152 0.180745 -0.398331 -0.764275
1532259944989014 0.188481 -0.396593 -0.762735
1532259945034890 0.191173 -0.394577 -0.764084
1532259945079771 0.184243 -0.392852 -0.768981
1532259945139611 0.186144 -0.395351 -0.771474
1532259945161552 0.186374 -0.395517 -0.771543
1532259945229370 0.185822 -0.395201 -0.771503
1532259945282229 0.182346 -0.393436 -0.770102
1532259945378971 0.17514 -0.39611 -0.769394
1532259945454769 0.168528 -0.400334 -0.771375
1532259945581429 0.157196 -0.406776 -0.76359
1532259945657227 0.156325 -0.406019 -0.761789
1532259945769924 0.154303 -0.406502 -0.758568
1532259945986346 0.155192 -0.408902 -0.761585
1532259946047184 0.158637 -0.409187 -0.762036
1532259946114005 0.161114 -0.412581 -0.763719
1532259946196784 0.162111 -0.416291 -0.76539
1532259946271584 0.162487 -0.426323 -0.765654
1532259946324443 0.172648 -0.428386 -0.761036
1532259946476037 0.174309 -0.414127 -0.767976
1532259946519937 0.173418 -0.415431 -0.778063
1532259946601712 0.158531 -0.413046 -0.787868
1532259946676501 0.150898 -0.317887 -0.807113
1532259946714400 0.0786747 -0.210884 -0.811158
1532259946752298 -0.000816061 -0.0827523 -0.819139
1532259946812138 -0.0909973 0.0661798 -0.818032
1532259946878960 -0.131615 0.0981023 -0.813833
1532259946946778 -0.399458 0.0558696 -0.841181
1532259946991658 -0.461206 0.0397241 -0.877346
1532259947021583 -0.531552 0.027705 -0.916608
1532259947051498 -0.6007 0.0196585 -0.952606
1532259947104359 -0.777427 0.0157526 -0.972376
1532259947142255 -0.797438 0.025075 -0.807204
1532259947157215 -0.803718 0.0234592 -0.73215
1532259947187136 -0.792397 0.0132206 -0.660963
1532259947224037 -0.742858 -0.0283271 -0.534308
1532259947238997 -0.745349 -0.0570045 -0.492894
1532259947276895 -0.746811 -0.138124 -0.478761
1532259947299834 -0.755605 -0.167431 -0.510013
1532259947344714 -0.810288 -0.174561 -0.619849
1532259947419513 -0.839209 -0.1695 -0.684821
1532259947456415 -0.890996 -0.160789 -0.820253
1532259947569114 -0.929607 -0.143819 -0.973133
1532259947613993 -1.04056 -0.0968829 -0.676213
1532259947674831 -1.02604 -0.0895221 -0.418037
1532259947764591 -0.90417 -0.112973 -0.281311
1532259947801492 -0.925885 -0.140007 -0.349435
1532259947846373 -0.962185 -0.145512 -0.401999
1532259947862332 -1.01499 -0.150825 -0.506036
1532259947877290 -1.027 -0.162729 -0.55401
1532259947907210 -1.01738 -0.200853 -0.631878
1532259947922169 -1.01432 -0.200605 -0.656786
1532259948003952 -1.02972 -0.170478 -0.617972
1532259948071770 -1.05117 -0.126496 -0.515527
1532259948109669 -1.07114 -0.0824666 -0.372715
1532259948116650 -1.04816 -0.0646163 -0.221191
1532259948139588 -1.01259 -0.0688179 -0.0945824
1532259948214388 -0.946803 -0.0983187 -0.0280114
1532259948289189 -0.931269 -0.119249 -0.0240489
1532259948312126 -0.925188 -0.133121 -0.0315465
1532259948327086 -0.914466 -0.139735 -0.0438098
1532259948363988 -0.805031 -0.075963 -0.249476
1532259948401887 -0.797786 -0.0222974 -0.309369
1532259948416847 -0.805164 0.00671378 -0.319834
1532259948469706 -0.819087 0.0290746 -0.310638
1532259948514585 -0.834206 0.0718742 -0.230697
1532259948566447 -0.812018 0.0927928 0.000651271
1532259948889583 -0.633394 -0.0703573 0.472984
1532259948972365 -0.593198 -0.0586187 0.439755
1532259949039183 -0.550518 -0.029597 0.257008
1532259949211721 -0.542859 -0.0584552 -0.0392561
1532259949264580 -0.517692 -0.105617 -0.218697
1532259949301481 -0.495385 -0.120831 -0.301521
1532259949316441 -0.481939 -0.137472 -0.334101
1532259949339380 -0.445997 -0.160542 -0.402711
1532259949346361 -0.426473 -0.170295 -0.437859
1532259949392239 -0.384033 -0.210975 -0.482784
1532259949414180 -0.369552 -0.225732 -0.510444
1532259949526879 -0.258821 -0.30335 -0.595237

1532259949564777 -0.181427 -0.348097 -0.622616
1532259949594697 -0.166564 -0.360166 -0.630966
1532259949624617 -0.134653 -0.37679 -0.646456
1532259949661528 -0.120503 -0.384355 -0.65298
1532259949706398 -0.101093 -0.39423 -0.666207
1532259949774217 -0.0460822 -0.399602 -0.682064
1532259949849017 0.00750005 -0.393913 -0.687037
1532259949901876 0.0664677 -0.397717 -0.711901
1532259949954735 0.0879749 -0.404653 -0.727712
1532259950059455 0.141021 -0.431089 -0.746143
1532259950074414 0.134462 -0.418749 -0.720449
1532259950104335 0.151639 -0.413661 -0.709253
1532259950149214 0.190804 -0.408914 -0.708824
1532259950209054 0.168345 -0.402421 -0.717002
1532259950224014 0.157501 -0.395961 -0.72462
1532259950246953 0.153917 -0.388408 -0.736091
1532259950276873 0.157203 -0.381347 -0.752791
1532259950314771 0.169035 -0.367357 -0.798936
1532259950351673 0.173037 -0.364408 -0.809558
1532259950374612 0.181158 -0.364401 -0.827413
1532259950411515 0.190343 -0.376226 -0.831682
1532259950464371 0.190377 -0.380549 -0.825701
1532259950487349 0.193905 -0.388053 -0.810867
1532259950517263 0.197014 -0.391834 -0.791932
1532259950554182 0.195008 -0.392429 -0.788071
1532259950577103 0.191386 -0.393095 -0.785181
1532259950614004 0.183275 -0.393338 -0.782758
1532259950636943 0.180964 -0.39399 -0.782599
1532259950651903 0.1795 -0.395009 -0.782592
1532259950681823 0.178084 -0.39638 -0.782619
1532259950696783 0.176488 -0.397967 -0.782645
1532259950726702 0.1744 -0.399196 -0.782349
1532259950756623 0.173289 -0.400048 -0.782367
1532259950779562 0.172648 -0.40085 -0.782756
1532259950801503 0.172035 -0.401652 -0.783298
1532259950831423 0.170521 -0.403335 -0.783481
1532259950854375 0.169332 -0.403809 -0.783278
1532259950899241 0.169332 -0.403809 -0.783278
1532259950922181 0.170856 -0.403475 -0.782374
1532259950967060 0.171435 -0.399697 -0.782541
1532259951003962 0.169494 -0.398445 -0.784043
1532259951041860 0.168795 -0.39871 -0.785118
1532259951101700 0.168013 -0.402705 -0.789905
1532259951124639 0.167425 -0.405003 -0.791776
1532259951154559 0.164853 -0.409445 -0.794311
1532259951191460 0.1623 -0.413773 -0.795507
1532259951214399 0.161893 -0.415308 -0.795534
1532259951244319 0.161877 -0.416416 -0.795188
1532259951327097 0.165718 -0.417439 -0.791451
1532259951371977 0.167177 -0.417091 -0.79024
1532259951491657 0.169041 -0.414311 -0.78742
1532259951732015 0.165686 -0.42143 -0.796821
1532259951753956 0.161238 -0.426829 -0.798813
1532259951814792 0.157579 -0.43066 -0.799632
1532259951851695 0.157581 -0.43481 -0.802099
1532259951905551 0.150863 -0.450164 -0.806145
1532259951956415 0.148604 -0.459726 -0.805685
1532259952009273 0.147818 -0.461017 -0.805703
1532259952039193 0.147531 -0.461549 -0.806249
1532259952136933 0.145846 -0.458535 -0.811135
1532259952159870 0.144337 -0.457839 -0.8128
1532259952241651 0.141626 -0.459563 -0.818245
1532259952369310 0.141432 -0.461164 -0.818858
1532259952511929 0.138729 -0.451595 -0.807019
1532259952587727 0.137783 -0.448812 -0.810805
1532259952654549 0.132138 -0.446855 -0.81813
1532259952707408 0.13296 -0.448133 -0.821275
1532259952744307 0.132869 -0.449121 -0.821264
1532259952857006 0.131414 -0.451358 -0.81597
1532259952909865 0.129748 -0.452515 -0.809084
1532259952984665 0.126389 -0.454595 -0.808836
1532259952999625 0.127234 -0.453949 -0.808924
1532259953036526 0.128289 -0.452853 -0.809176
1532259953074425 0.130763 -0.449595 -0.808982
1532259953134265 0.129554 -0.448899 -0.80927
1532259953149225 0.129403 -0.448945 -0.809092
1532259953187124 0.129723 -0.449642 -0.809154
1532259953232003 0.130518 -0.450515 -0.80906
1532259953284862 0.131327 -0.452833 -0.809407
1532259953366643 0.133787 -0.459554 -0.81061
1532259953404543 0.134028 -0.462067 -0.810416
1532259953517241 0.14228 -0.469744 -0.804653
1532259953569102 0.152326 -0.464034 -0.80187
1532259953613982 0.150497 -0.459443 -0.803555
1532259953651881 0.124014 -0.458867 -0.812296
1532259953689779 0.0924757 -0.452757 -0.825258
1532259953756600 -0.016533 -0.321612 -0.839456
1532259953816441 -0.148274 -0.168196 -0.848522
1532259953877294 -0.271244 -0.0464607 -0.864177
1532259953944098 -0.343627 0.0543662 -0.848882
1532259954004937 -0.424235 -0.00483984 -0.824228
1532259954018899 -0.468406 -0.0356154 -0.836686
1532259954034857 -0.530837 -0.0679448 -0.861714
1532259954056798 -0.58891 -0.0930194 -0.895792
1532259954086718 -0.647607 -0.113522 -0.937836
1532259954109656 -0.706853 -0.129987 -0.986462
1532259954161518 -0.757774 -0.13921 -1.0317
1532259954184457 -0.794425 -0.144863 -1.06526
1532259954222355 -0.82189 -0.143837 -1.08085
1532259954244297 -0.858331 -0.117966 -1.01561
1532259954282194 -0.919603 -0.0898004 -0.825274
1532259954297155 -0.930637 -0.0821276 -0.74064
1532259954327075 -0.872681 -0.0862872 -0.594556
1532259954363976 -0.825036 -0.0922408 -0.539009
1532259954386915 -0.783142 -0.0917384 -0.499523
1532259954409854 -0.770639 -0.110302 -0.486948
1532259954446755 -0.77506 -0.130354 -0.498958
1532259954461715 -0.790192 -0.148055 -0.52726
1532259954514574 -0.812973 -0.161626 -0.570107
1532259954559453 -0.86932 -0.181543 -0.73045
1532259954582399 -0.877176 -0.204407 -0.825759
1532259954612329 -0.886328 -0.208021 -0.861386
1532259954634254 -0.900166 -0.209513 -0.883157
1532259954709054 -0.92445 -0.201019 -0.862492
1532259954746952 -0.99484 -0.14715 -0.724182
1532259954784851 -1.01188 -0.0790269 -0.541905
1532259954806792 -0.998348 -0.0614699 -0.476862
1532259954859651 -0.947016 -0.0405568 -0.352317
1532259954881592 -0.917829 -0.054937 -0.313219
1532259954919491 -0.855257 -0.0911505 -0.271336
1532259954934451 -0.837147 -0.121622 -0.282468
1532259955017229 -0.889015 -0.178009 -0.422566
1532259955062110 -0.925008 -0.194223 -0.534717
1532259955099011 -0.92402 -0.208412 -0.672655
1532259955174808 -0.913984 -0.177163 -0.676038
1532259955301470 -0.972003 -0.112038 -0.508834
1532259955354329 -0.973084 -0.0903049 -0.432343
1532259955541827 -0.774127 -0.162225 -0.206638
1532259955624606 -0.763968 -0.0948499 -0.295778
1532259955684445 -0.746534 -0.00849233 -0.221852
1532259956036504 -0.53839 -0.0575145 0.597514
1532259956074403 -0.480988 -0.151497 0.765393
1532259956172142 -0.43516 -0.104491 0.683116
1532259956351661 -0.463299 0.0189768 0.242112
1532259956404521 -0.476781 0.0166296 0.113364
1532259956577058 -0.482377 -0.228851 -0.511949
1532259956651859 -0.367762 -0.347632 -0.623729
1532259956734637 -0.280349 -0.38061 -0.659238
1532259956809437 -0.14888 -0.419355 -0.706045
1532259956825395 -0.125607 -0.4257 -0.714159

1532259956877255 -0.0847418 -0.435805 -0.728667
1532259956959037 -0.00092005 -0.450963 -0.758538
1532259957026856 0.0505094 -0.444311 -0.778424
1532259957086696 0.0842556 -0.431535 -0.793149
1532259957169475 0.10897 -0.424932 -0.800507
1532259957222333 0.135993 -0.429938 -0.795504
1532259957252252 0.135284 -0.432446 -0.790484
1532259957282173 0.134215 -0.434373 -0.784461
1532259957304124 0.134837 -0.436408 -0.772523
1532259957348994 0.135054 -0.437182 -0.761825
1532259957424791 0.134061 -0.436067 -0.748278
1532259957461693 0.134911 -0.435443 -0.746259
1532259957514551 0.136442 -0.434973 -0.745088
1532259957536493 0.135837 -0.435202 -0.744977
1532259957574392 0.133963 -0.436416 -0.744015
1532259957642210 0.136769 -0.436347 -0.745778
1532259957694071 0.140189 -0.435383 -0.749283
1532259957738951 0.141636 -0.433778 -0.751788
1532259957829709 0.14634 -0.43081 -0.754629
1532259957904510 0.146856 -0.43181 -0.751849
1532259957941410 0.149606 -0.431265 -0.749219
1532259957987288 0.156982 -0.426702 -0.749757
1532259958054109 0.159085 -0.423764 -0.751816
1532259958069068 0.160749 -0.422868 -0.753015
1532259958098989 0.162131 -0.422352 -0.754077
1532259958159839 0.158237 -0.419481 -0.752782
1532259958211687 0.159429 -0.417668 -0.753572
1532259958226647 0.159663 -0.416762 -0.754943
1532259958256567 0.158691 -0.416753 -0.759262
1532259958324386 0.157537 -0.417467 -0.759898
1532259958384226 0.154626 -0.417895 -0.758189
1532259958459026 0.159908 -0.417918 -0.756817
1532259958489943 0.161746 -0.416794 -0.758533
1532259958526844 0.161668 -0.41643 -0.758868
1532259958601648 0.160179 -0.416854 -0.757499
1532259958684423 0.158248 -0.417709 -0.752492
1532259958804103 0.168107 -0.418009 -0.758933
1532259958886882 0.171391 -0.417722 -0.75207
1532259958946722 0.17521 -0.417519 -0.750579
1532259959112279 0.175562 -0.419124 -0.756957
1532259959194066 0.175376 -0.422054 -0.757823
1532259959238940 0.180491 -0.425632 -0.761031
1532259959306758 0.180768 -0.426349 -0.761501
1532259959329698 0.180414 -0.4284 -0.760975
1532259959517196 0.186201 -0.424182 -0.755791
1532259959577036 0.180982 -0.42069 -0.763253
1532259959621917 0.17089 -0.426485 -0.767914
1532259959711676 0.174832 -0.423329 -0.770239
1532259960011875 0.168848 -0.418679 -0.767398
1532259960071714 0.167574 -0.418093 -0.764319
1532259960146513 0.168727 -0.419023 -0.765843
1532259960199372 0.167081 -0.419245 -0.768013
1532259960274171 0.164858 -0.419435 -0.766305
1532259960341991 0.168766 -0.417516 -0.766943
1532259960416791 0.170407 -0.414001 -0.771422
1532259960431751 0.170072 -0.41428 -0.771802
1532259960476631 0.168511 -0.417596 -0.77009
1532259960506551 0.171652 -0.424548 -0.770445
1532259960566390 0.171497 -0.427197 -0.771263
1532259960619249 0.170587 -0.431802 -0.772787
1532259960679089 0.167063 -0.445581 -0.768912
1532259960731948 0.168933 -0.447569 -0.767184
1532259960778823 0.183015 -0.44417 -0.75962
1532259960881548 0.17662 -0.434771 -0.766247
1532259960919446 0.159875 -0.441992 -0.783002
1532259960941388 0.168829 -0.436004 -0.82877
1532259960973303 0.161539 -0.371548 -0.867004
1532259961009206 0.118367 -0.321386 -0.888551
1532259961039127 0.0114608 -0.202135 -0.925093
1532259961062065 -0.0335592 -0.139851 -0.938067
1532259961098966 -0.073724 -0.0803153 -0.949118
1532259961174764 -0.158042 0.0148895 -0.959958
1532259961226624 -0.256007 0.0733246 -0.955753
1532259961241585 -0.305101 0.087243 -0.942058
1532259961294444 -0.41511 0.0254134 -0.889322
1532259961324364 -0.51385 -0.102165 -0.88097
1532259961377222 -0.744221 -0.174108 -1.01421
1532259961474967 -0.868108 -0.231079 -1.15928
1532259961504887 -0.885119 -0.240553 -1.18046
1532259961519848 -0.901424 -0.242923 -1.18321
1532259961586668 -0.99811 -0.191543 -0.97871
1532259961609607 -0.998018 -0.176464 -0.910604
1532259961639527 -0.982795 -0.161314 -0.845452
1532259961661469 -0.877009 -0.113894 -0.670873
1532259961729287 -0.807845 -0.113056 -0.596983
1532259961744247 -0.759743 -0.123055 -0.579903
1532259961774167 -0.733993 -0.16235 -0.649043
1532259961812066 -0.831599 -0.172796 -0.778068
1532259961901826 -0.876465 -0.177425 -0.848619
1532259961939724 -0.90179 -0.183498 -0.919476
1532259962059405 -0.964048 -0.17188 -1.10172
1532259962082344 -0.98602 -0.122074 -0.976771
1532259962097304 -0.98014 -0.108912 -0.920135
1532259962112264 -0.970223 -0.0897683 -0.859627
1532259962134205 -0.962511 -0.0689442 -0.79368
1532259962164126 -0.935637 -0.0550813 -0.656326
1532259962216984 -0.836747 -0.0649934 -0.560287
1532259962269842 -0.802308 -0.0908729 -0.544279
1532259962299762 -0.842717 -0.116284 -0.597625
1532259962336663 -0.856335 -0.128237 -0.632608
1532259962381543 -0.859877 -0.144265 -0.669226
1532259962419442 -0.858776 -0.161448 -0.705388
1532259962532141 -0.865935 -0.197397 -0.772094
1532259962547100 -0.875825 -0.204769 -0.831509
1532259962562061 -0.879728 -0.201834 -0.853106
1532259962584002 -0.887024 -0.19075 -0.869667
1532259962629880 -0.958077 -0.151152 -0.754683
1532259962651820 -0.980559 -0.132231 -0.628682
1532259962696700 -0.970818 -0.110658 -0.417069
1532259962719639 -0.942393 -0.109283 -0.340918
1532259962764519 -0.904908 -0.110915 -0.21743
1532259962847298 -0.88089 -0.117822 -0.170984
1532259962869239 -0.849056 -0.159745 -0.102215
1532259962907138 -0.844941 -0.183489 -0.0860693
1532259962966978 -0.888483 -0.295699 -0.189113
1532259963034797 -0.862151 -0.325619 -0.320763
1532259963244236 -0.868347 -0.135849 -0.0449657
1532259963341975 -0.728221 -0.0636278 0.172335
1532259963363916 -0.68574 -0.0717801 0.26535
1532259963394834 -0.663798 -0.0898754 0.303089
1532259963424757 -0.621881 -0.152364 0.376261
1532259963619233 -0.547026 -0.173632 0.142878
1532259963679074 -0.537586 -0.161302 0.0168333
1532259963731932 -0.525635 -0.154217 -0.0271546
1532259963761852 -0.469408 -0.142938 -0.157175
1532259963791772 -0.428395 -0.139913 -0.240069
1532259963814711 -0.410708 -0.139019 -0.278295
1532259963911452 -0.323252 -0.176032 -0.469888
1532259963949351 -0.304305 -0.188587 -0.503437
1532259964062049 -0.207426 -0.270838 -0.623052
1532259964151810 -0.0701969 -0.348798 -0.70887

1532259964241569 -0.0185682 -0.373509 -0.72538
1532259964631527 0.167893 -0.39022 -0.791166
1532259964714305 0.150217 -0.390401 -0.805834
1532259964782124 0.142923 -0.393988 -0.807159
1532259964812044 0.141575 -0.397471 -0.802259
1532259964841977 0.141855 -0.398939 -0.798379
1532259964886857 0.148821 -0.404562 -0.787831
1532259964916777 0.148777 -0.406054 -0.785504
1532259964961657 0.146205 -0.409507 -0.782629
1532259965021498 0.145578 -0.410965 -0.782426
1532259965089338 0.147443 -0.4109 -0.781924
1532259965134217 0.149443 -0.410363 -0.780571
1532259965157156 0.148738 -0.410482 -0.7796
1532259965194058 0.147598 -0.410511 -0.777596
1532259965223978 0.147815 -0.410666 -0.775383
1532259965269855 0.148117 -0.410673 -0.774384
1532259965336676 0.149551 -0.410503 -0.772822
1532259965411476 0.152249 -0.40995 -0.769877
1532259965502233 0.157609 -0.408938 -0.765517
1532259965554095 0.157216 -0.40882 -0.766871
1532259965614932 0.156952 -0.409326 -0.768218
1532259965689733 0.163453 -0.410772 -0.778875
1532259965749572 0.159657 -0.404886 -0.799441
1532259965771514 0.151267 -0.401332 -0.807165
1532259965786473 0.148346 -0.397263 -0.824312
1532259965839331 0.152626 -0.387896 -0.877539
1532259965899172 0.154375 -0.387894 -0.884513
1532259965944052 0.154782 -0.388798 -0.89149
1532259966101631 0.158946 -0.389262 -0.873086
1532259966146511 0.158378 -0.390757 -0.871712
1532259966176430 0.153507 -0.392649 -0.87033
1532259966229289 0.15396 -0.393128 -0.8701
1532259966304089 0.155843 -0.392141 -0.870238
1532259966446707 0.157493 -0.390166 -0.870848
1532259966799764 0.161151 -0.39786 -0.863872
1532259966844644 0.162164 -0.398515 -0.863951
1532259966874564 0.164436 -0.397641 -0.86434
1532259966934403 0.164062 -0.396594 -0.868834
1532259966972303 0.163595 -0.396951 -0.869605
1532259967062062 0.163864 -0.397253 -0.870133
1532259967121904 0.163587 -0.396252 -0.868124
1532259967159801 0.161984 -0.397794 -0.866919
1532259967211663 0.161431 -0.399152 -0.865943
1532259967249561 0.161218 -0.39992 -0.865193
1532259967324361 0.161393 -0.399841 -0.86495
1532259967354280 0.161393 -0.399841 -0.86495
1532259967564718 0.163347 -0.395119 -0.869366
1532259967654496 0.160629 -0.394323 -0.872842
1532259967714318 0.156723 -0.396147 -0.875799
1532259967767176 0.159093 -0.396999 -0.876479
1532259967833998 0.160276 -0.39493 -0.875323
1532259967894836 0.16016 -0.394983 -0.875305
1532259968044435 0.15858 -0.396247 -0.875275
1532259968059396 0.158696 -0.396194 -0.875293
1532259968134196 0.160633 -0.395178 -0.875712
1532259968208996 0.157951 -0.395196 -0.877163
1532259968321702 0.155519 -0.406055 -0.879926
1532259968487251 0.153377 -0.424075 -0.874491
1532259968539115 0.158567 -0.425359 -0.869689
1532259968613913 0.163925 -0.41697 -0.869406
1532259968674749 0.162966 -0.414933 -0.87168
1532259968726611 0.159634 -0.417265 -0.885807
1532259968749550 0.168742 -0.413319 -0.882698
1532259968801411 0.172159 -0.409887 -0.879878
1532259968869229 0.176272 -0.405893 -0.877141
1532259969071689 0.168289 -0.393321 -0.87023
1532259969094626 0.136101 -0.363666 -0.872578
1532259969192365 -0.174695 0.0151235 -0.884213
1532259969237251 -0.32926 0.0120237 -0.823041
1532259969274147 -0.390029 -0.0493238 -0.832705
1532259969297086 -0.439896 -0.0633118 -0.859174
1532259969333987 -0.509139 -0.0744003 -0.893789
1532259969356925 -0.589221 -0.0816823 -0.934731
1532259969371886 -0.6612 -0.0877417 -0.979997
1532259969439704 -0.746826 -0.101935 -1.06762
1532259969506526 -0.799836 -0.0662661 -1.04451
1532259969567363 -0.877237 -0.0377368 -0.90001
1532259969582323 -0.886764 -0.0447915 -0.83555
1532259969634184 -0.834067 -0.0749507 -0.7269
1532259969649144 -0.769556 -0.0822987 -0.684286
1532259969672082 -0.711416 -0.0826933 -0.651889
1532259969716963 -0.676433 -0.112406 -0.64508
1532259969746882 -0.684043 -0.116466 -0.724817
1532259969776803 -0.706291 -0.109453 -0.776666
1532259969904461 -0.748236 -0.10111 -0.832456
1532259969979261 -0.835803 -0.0832635 -0.937964
1532259970024141 -0.89968 0.00227273 -0.915043
1532259970047080 -0.952517 -0.00531333 -0.805879
1532259970062040 -0.940209 -0.0386028 -0.682287
1532259970098941 -0.871498 -0.063583 -0.584419
1532259970129858 -0.852106 -0.105772 -0.540162
1532259970144818 -0.862189 -0.121643 -0.54915
1532259970166760 -0.864932 -0.132627 -0.574838
1532259970196679 -0.856375 -0.139771 -0.61142
1532259970234579 -0.833081 -0.144509 -0.697872
1532259970264498 -0.829324 -0.141332 -0.738158
1532259970332326 -0.840484 -0.129156 -0.802032
1532259970414098 -0.860305 -0.0836029 -0.940019
1532259970429059 -0.879104 -0.0826602 -0.953039
1532259970444019 -0.907666 -0.0779814 -0.949619
1532259970473938 -1.0044 -0.0406234 -0.799275
1532259970496877 -1.01852 -0.0317347 -0.718171
1532259970519816 -1.02745 -0.0281864 -0.63854
1532259970571677 -1.0068 -0.0425703 -0.483748
1532259970594615 -0.986894 -0.0546593 -0.4157
1532259970661437 -0.934026 -0.0789061 -0.314425
1532259970684375 -0.902737 -0.103776 -0.279507
1532259970752194 -0.820196 -0.224457 -0.301162
1532259970767154 -0.799889 -0.228493 -0.320198
1532259970789095 -0.785705 -0.209848 -0.344066
1532259970864909 -0.788778 -0.193781 -0.344713
1532259970939693 -0.800092 -0.140851 -0.320069
1532259971089292 -0.730643 -0.0622226 0.035574
1532259971112233 -0.629031 -0.0845965 0.132673
1532259971396471 -0.585384 -0.117963 0.226909
1532259971517148 -0.456861 -0.113435 0.277977
1532259971636828 -0.443073 -0.0956488 0.186721
1532259971689688 -0.448047 -0.109004 -0.107885
1532259971741548 -0.446891 -0.143084 -0.243384
1532259971764488 -0.440722 -0.172918 -0.33469
1532259971847266 -0.418964 -0.214419 -0.44827
1532259971907106 -0.29374 -0.280009 -0.600745
1532259971922066 -0.260361 -0.289121 -0.628573
1532259971989885 -0.192516 -0.306868 -0.671083
1532259972079644 -0.0937929 -0.342631 -0.739508

1532259972139484 0.0216056 -0.375225 -0.792523
1532259972214284 0.0762455 -0.38679 -0.814156
1532259972259165 0.0937443 -0.38806 -0.817509
1532259972289328 0.127066 -0.387596 -0.825423
1532259972327227 0.14152 -0.385823 -0.83491
1532259972357162 0.121819 -0.38512 -0.844094
1532259972409007 0.122704 -0.380108 -0.850637
1532259972423968 0.129336 -0.37794 -0.855016
1532259972484805 0.143303 -0.377538 -0.864869
1532259972521707 0.15512 -0.382535 -0.873383
1532259972574565 0.161487 -0.390472 -0.874421
1532259972626426 0.157892 -0.385801 -0.8544
1532259972687264 0.175559 -0.376907 -0.834376
1532259972717184 0.174254 -0.380506 -0.831587
1532259972754088 0.170617 -0.381933 -0.831816
1532259972777024 0.167671 -0.383059 -0.832685
1532259972836864 0.166476 -0.384126 -0.834217
1532259972859802 0.166547 -0.385335 -0.835655
1532259972881744 0.167539 -0.386825 -0.838694
1532259972956544 0.170869 -0.38747 -0.842439
1532259972986464 0.173802 -0.387704 -0.842883
1532259973024362 0.179989 -0.387378 -0.841572
1532259973092181 0.181185 -0.385216 -0.840528
1532259973107141 0.1817 -0.383751 -0.840388
1532259973181941 0.183762 -0.381728 -0.84212
1532259973301621 0.179568 -0.383685 -0.850615
1532259973361462 0.175786 -0.386447 -0.853341
1532259973384399 0.171318 -0.391183 -0.855564
1532259973444239 0.174099 -0.393701 -0.85545
1532259973534000 0.175218 -0.391935 -0.852117
1532259973586857 0.175301 -0.391079 -0.851317
1532259973654677 0.178959 -0.389591 -0.850673
1532259973706538 0.182383 -0.389063 -0.851259
1532259973797295 0.18581 -0.388114 -0.850947
1532259973819237 0.187194 -0.387657 -0.850248
1532259973887056 0.189742 -0.387371 -0.850667
1532259973931935 0.191132 -0.388248 -0.85359
1532259973978810 0.191346 -0.391191 -0.858423
1532259974014713 0.190288 -0.395806 -0.86079
1532259974051615 0.19557 -0.395822 -0.860023
1532259974074554 0.199358 -0.394871 -0.859015
1532259974105472 0.202743 -0.393098 -0.857855
1532259974157333 0.205871 -0.386308 -0.857588
1532259974217173 0.200316 -0.3818 -0.859218
1532259974277013 0.193323 -0.391245 -0.866552
1532259974314911 0.193378 -0.393568 -0.867812
1532259974359791 0.195204 -0.395676 -0.868386
1532259974404685 0.194693 -0.393275 -0.864799
1532259974472491 0.195546 -0.391837 -0.858195
1532259974501412 0.196795 -0.391145 -0.855619
1532259974562249 0.195414 -0.39135 -0.855748
1532259974644031 0.194619 -0.392212 -0.86034
1532259974719829 0.194145 -0.393946 -0.862331
1532259974831530 0.193617 -0.394586 -0.863959
1532259975056927 0.198012 -0.392809 -0.858549
1532259975146687 0.197995 -0.392691 -0.857024
1532259975387044 0.188109 -0.401783 -0.860973
1532259975574543 0.18587 -0.40275 -0.85935
1532259975627405 0.185524 -0.407785 -0.857765
1532259975687258 0.196049 -0.411339 -0.85272
1532259975739103 0.198474 -0.413784 -0.848086
1532259975762042 0.198215 -0.415564 -0.845357
1532259975941562 0.192284 -0.428556 -0.837501
1532259976272676 0.182408 -0.409282 -0.850594
1532259976324537 0.0814486 -0.340087 -0.884904
1532259976354467 0.044781 -0.3114 -0.899546
1532259976369417 -0.0841133 -0.214855 -0.929545
1532259976429257 -0.202353 -0.125111 -0.940582
1532259976504057 -0.325952 -0.0759337 -0.91287
1532259976549934 -0.420768 -0.0980485 -0.870002
1532259976579854 -0.43988 -0.11661 -0.850773
1532259976661636 -0.48523 -0.183184 -0.816504
1532259976676596 -0.511165 -0.217735 -0.811183
1532259976729455 -0.77664 -0.262813 -0.963205
1532259976812232 -0.829327 -0.305556 -1.11025
1532259976849135 -0.832488 -0.308446 -1.144
1532259976864095 -0.859139 -0.294787 -1.15851
1532259976923934 -0.912946 -0.224915 -1.03128
1532259977014692 -0.807157 -0.152387 -0.758906
1532259977051593 -0.740918 -0.141342 -0.730119
1532259977089492 -0.66929 -0.145007 -0.733179
1532259977134371 -0.679425 -0.150766 -0.755718
1532259977247070 -0.814294 -0.174631 -0.984379
1532259977283972 -0.882213 -0.16802 -1.02788
1532259977329849 -0.941375 -0.165987 -0.922937
1532259977351791 -0.974246 -0.162169 -0.859007
1532259977419609 -1.01173 -0.132168 -0.627617
1532259977494409 -0.871816 -0.107758 -0.439454
1532259977569209 -0.833348 -0.156986 -0.429241
1532259977629049 -0.799851 -0.193752 -0.498627
1532259977666948 -0.79625 -0.203898 -0.547096
1532259977696867 -0.816157 -0.223422 -0.691693
1532259977711828 -0.824462 -0.204528 -0.757034
1532259977756707 -0.829333 -0.192457 -0.775981
1532259977809566 -0.863771 -0.149569 -0.767268
1532259977914286 -0.947856 -0.105205 -0.433959
1532259978094803 -0.847883 -0.207385 -0.225998
1532259978244403 -0.715869 -0.176051 -0.369104
1532259978349124 -0.783674 -0.0668717 0.0261844
1532259978514680 -0.648341 -0.184652 0.309213
1532259978626382 -0.617784 -0.240336 0.157782
1532259978791939 -0.573189 -0.136646 0.124397
1532259978814877 -0.541907 -0.0899419 0.294661
1532259978866739 -0.443226 -0.139269 0.484296
1532259979069198 -0.404076 -0.344918 0.0891523
1532259979107096 -0.41318 -0.358357 -0.041231
1532259979137016 -0.412078 -0.368568 -0.108874
1532259979181896 -0.41533 -0.383476 -0.242295
1532259979204835 -0.420391 -0.387881 -0.302202
1532259979241737 -0.42234 -0.398309 -0.467747
1532259979279635 -0.415686 -0.398967 -0.513599
1532259979331496 -0.403837 -0.401228 -0.55503
1532259979414275 -0.294656 -0.420557 -0.731989
1532259979429235 -0.275441 -0.424913 -0.75237
1532259979452174 -0.255785 -0.428147 -0.771648
1532259979474115 -0.23567 -0.430894 -0.788989
1532259979489075 -0.215351 -0.435534 -0.804039
1532259979521007 -0.194867 -0.440222 -0.818046

1532259979556893 -0.155957 -0.443907 -0.845043
1532259979581828 -0.135955 -0.450387 -0.854021
1532259979609752 -0.105424 -0.46077 -0.874276
1532259979624712 -0.0913724 -0.46369 -0.88469
1532259979661614 -0.0633433 -0.46851 -0.900175
1532259979691534 -0.0469901 -0.469543 -0.909015
1532259979729433 -0.00884068 -0.474507 -0.921391
1532259979759352 0.00524028 -0.474825 -0.922729
1532259979789272 0.0161849 -0.47149 -0.917562
1532259979827171 0.0438348 -0.452684 -0.906464
1532259979849112 0.0820275 -0.432944 -0.904949
1532259979864072 0.093952 -0.426312 -0.905965
1532259979887011 0.0973919 -0.421591 -0.908676
1532259979908952 0.0948515 -0.41851 -0.911501
1532259979954830 0.0916709 -0.417393 -0.913918
1532259979991730 0.0909016 -0.417328 -0.916077
1532259980036611 0.0946253 -0.418154 -0.918299
1532259980066531 0.100418 -0.420346 -0.920017
1532259980126371 0.114785 -0.431633 -0.903939
1532259980142328 0.118902 -0.42821 -0.889914
1532259980194189 0.137383 -0.417725 -0.874818
1532259980247048 0.140956 -0.414916 -0.87247
1532259980269997 0.142043 -0.410822 -0.873135
1532259980283949 0.145455 -0.404642 -0.877429
1532259980374707 0.155499 -0.396988 -0.913595
1532259980426568 0.129302 -0.389614 -0.924474
1532259980471447 0.151097 -0.385388 -0.914427
1532259980509347 0.156708 -0.384891 -0.912862
1532259980547245 0.15921 -0.385099 -0.911985
1532259980569187 0.159173 -0.385915 -0.910579
1532259980622045 0.157178 -0.387768 -0.906296
1532259980674904 0.164968 -0.389914 -0.903273
1532259980734744 0.167052 -0.389757 -0.901951
1532259980771646 0.169256 -0.387295 -0.899556
1532259980899303 0.168195 -0.382991 -0.90886
1532259980929223 0.167546 -0.385148 -0.910344
1532259980989064 0.166239 -0.390129 -0.912835
1532259981012002 0.164794 -0.394351 -0.914081
1532259981026963 0.163443 -0.395563 -0.913981
1532259981064861 0.163592 -0.396713 -0.911057
1532259981146642 0.166522 -0.395134 -0.908164
1532259981214461 0.167669 -0.393706 -0.906642
1532259981261336 0.169932 -0.388936 -0.900686
1532259981289261 0.172042 -0.38726 -0.899263
1532259981357080 0.171764 -0.386818 -0.898969
1532259981393986 0.171764 -0.386818 -0.898969
1532259981439859 0.173177 -0.386434 -0.899912
1532259981559538 0.173346 -0.387785 -0.904183
1532259981596440 0.172496 -0.39008 -0.910881
1532259981709139 0.168511 -0.402239 -0.920979
1532259981768978 0.165762 -0.408051 -0.920261
1532259981806877 0.169038 -0.411343 -0.916706
1532259981844776 0.172625 -0.410163 -0.915711
1532259981911597 0.175811 -0.408058 -0.914994
1532259981971447 0.173393 -0.404052 -0.916299
1532259982009335 0.167608 -0.406311 -0.919572
1532259982047234 0.165643 -0.411011 -0.923295
1532259982062194 0.164974 -0.413047 -0.924741
1532259982136994 0.164367 -0.415195 -0.92568
1532259982249693 0.168195 -0.411549 -0.921237
1532259982286594 0.170608 -0.407873 -0.91342
1532259982339453 0.169069 -0.407165 -0.912474
1532259982377352 0.167592 -0.40705 -0.912934
1532259982467112 0.162694 -0.40935 -0.917548
1532259982541911 0.159292 -0.413291 -0.91978
1532259982616712 0.159697 -0.414228 -0.920052
1532259982691511 0.162206 -0.411833 -0.917736
1532259982752349 0.165181 -0.409227 -0.915497
1532259982827149 0.163244 -0.408302 -0.914026
1532259982879010 0.158476 -0.411178 -0.915178
1532259982954826 0.155798 -0.41232 -0.915409
1532259982991709 0.156346 -0.412209 -0.915129
1532259983021632 0.156611 -0.411625 -0.914514
1532259983066508 0.158886 -0.409539 -0.913465
1532259983104411 0.158123 -0.41019 -0.913538
1532259983157266 0.157946 -0.41296 -0.914941
1532259983322824 0.154987 -0.430519 -0.913119
1532259983389645 0.160857 -0.433719 -0.906484
1532259983629004 -0.0260621 -0.151539 -0.935267
1532259983786583 -0.14293 -0.0228502 -0.942935
1532259983801543 -0.181573 0.00803977 -0.944391
1532259983824482 -0.220027 0.0322538 -0.943112
1532259983877340 -0.486635 -0.068305 -0.947749
1532259983944162 -0.685918 -0.145821 -1.05696
1532259983989042 -0.740991 -0.168685 -1.09587
1532259983997020 -0.771619 -0.19061 -1.12821
1532259984049878 -0.827258 -0.230251 -1.1471
1532259984064839 -0.868995 -0.224018 -1.10581
1532259984109719 -0.896276 -0.194731 -1.02277
1532259984124679 -0.897133 -0.171623 -0.966854
1532259984146620 -0.860763 -0.148473 -0.846481
1532259984169558 -0.814524 -0.137021 -0.793898
1532259984191500 -0.758001 -0.118725 -0.74929
1532259984214439 -0.706 -0.0982019 -0.723738
1532259984244359 -0.670714 -0.116239 -0.741226
1532259984274279 -0.682926 -0.128176 -0.767522
1532259984342098 -0.774503 -0.140331 -0.843092
1532259984431858 -0.893682 -0.225634 -1.02068
1532259984476738 -0.902747 -0.224422 -0.992627
1532259984499677 -0.938352 -0.233547 -0.904514
1532259984529596 -0.996514 -0.213663 -0.783786
1532259984551538 -1.01147 -0.210825 -0.707334
1532259984566497 -1.00073 -0.207132 -0.627675
1532259984619356 -0.950805 -0.194355 -0.496548
1532259984672215 -0.875052 -0.177934 -0.443129
1532259984747015 -0.829993 -0.2002 -0.462834
1532259984753996 -0.840752 -0.220549 -0.530565
1532259984829794 -0.823857 -0.252975 -0.666501
1532259984859713 -0.831523 -0.242472 -0.680141
1532259984896614 -0.868019 -0.205278 -0.644283
1532259984941495 -0.918001 -0.178726 -0.532619
1532259984987411 -0.950947 -0.165036 -0.453644
1532259985174870 -0.854794 -0.235825 -0.0708713
1532259985241692 -0.874423 -0.243601 -0.104879
1532259985362369 -0.860656 -0.0873779 0.0295085
1532259985526930 -0.704311 -0.130192 0.407615
1532259985744348 -0.805788 -0.235524 0.313215
1532259985797213 -0.761836 -0.239912 0.541054
1532259985812167 -0.576299 -0.274375 0.683227
1532259985878987 -0.538286 -0.291211 0.63818
1532259986112364 -0.60334 -0.147433 -0.136674
1532259986149266 -0.594278 -0.152969 -0.317873
1532259986194145 -0.579309 -0.168786 -0.430087
1532259986217084 -0.570082 -0.174163 -0.479294
1532259986261964 -0.539123 -0.201324 -0.606145
1532259986299862 -0.493984 -0.225467 -0.66737
1532259986329782 -0.468626 -0.242523 -0.696263
1532259986351724 -0.445929 -0.256912 -0.724426
1532259986419543 -0.377524 -0.295092 -0.774106
1532259986441483 -0.34571 -0.307165 -0.790739

1532259986472401 -0.311041 -0.320277 -0.803395
1532259986494342 -0.25841 -0.344791 -0.820755
1532259986554182 -0.178366 -0.377907 -0.844965
1532259986577121 -0.155805 -0.38769 -0.851423
1532259986614029 -0.112463 -0.403082 -0.867637
1532259986628988 -0.0876284 -0.409359 -0.875817
1532259986667884 -0.039852 -0.415066 -0.889929
1532259986689826 -0.0175458 -0.415004 -0.897514
1532259986764625 0.0242931 -0.41324 -0.91252
1532259986801528 0.045951 -0.413594 -0.920082
1532259986847415 0.0665315 -0.412286 -0.926142
1532259986938174 0.109215 -0.404935 -0.930503
1532259986974089 0.102859 -0.407143 -0.931723
1532259987011999 0.0888594 -0.409481 -0.94612
1532259987057866 0.0821509 -0.409552 -0.966133
1532259987124687 0.0742871 -0.41537 -0.977876
1532259987154623 0.0732942 -0.416338 -0.979917
1532259987191508 0.0749104 -0.415133 -0.979235
1532259987221429 0.0790866 -0.413741 -0.97674
1532259987251373 0.0976548 -0.4098 -0.962321
1532259987282291 0.110653 -0.405439 -0.952353
1532259987312211 0.117025 -0.402195 -0.948728
1532259987342131 0.128593 -0.397997 -0.943757
1532259987393992 0.132241 -0.398355 -0.94188
1532259987431891 0.134036 -0.400045 -0.939782
1532259987462122 0.134196 -0.403139 -0.937311
1532259987484071 0.130993 -0.408779 -0.933177
1532259987536930 0.132109 -0.419114 -0.933694
1532259987611730 0.12834 -0.419765 -0.935109
1532259987641650 0.128275 -0.419234 -0.934878
1532259987671573 0.131531 -0.418549 -0.934123
1532259987717450 0.133515 -0.418298 -0.934305
1532259987777287 0.135635 -0.417399 -0.934128
1532259987807208 0.135916 -0.415686 -0.930268
1532259987822167 0.137164 -0.415056 -0.929371
1532259987874029 0.137678 -0.413208 -0.928467
1532259987888989 0.136323 -0.412582 -0.928156
1532259987941847 0.133811 -0.412158 -0.929007
1532259987956807 0.133296 -0.412881 -0.929991
1532259988024625 0.130697 -0.417727 -0.934765
1532259988046566 0.129351 -0.419621 -0.936728
1532259988091447 0.12677 -0.425011 -0.940351
1532259988122365 0.127194 -0.426106 -0.940932
1532259988152284 0.127699 -0.427525 -0.940064
1532259988227084 0.13024 -0.428072 -0.936727
1532259988294903 0.138629 -0.427701 -0.928738
1532259988339783 0.139949 -0.425685 -0.925942
1532259988361724 0.140757 -0.424391 -0.925057
1532259988414595 0.141728 -0.422113 -0.925332
1532259988429543 0.141333 -0.421645 -0.926407
1532259988519303 0.136844 -0.422389 -0.933051
1532259988557214 0.137779 -0.422989 -0.934516
1532259988564183 0.139644 -0.423376 -0.935598
1532259988638983 0.145808 -0.424451 -0.935808
1532259988706802 0.147974 -0.425212 -0.935651
1532259988729740 0.150281 -0.427173 -0.935735
1532259988751682 0.149561 -0.428533 -0.935682
1532259988781602 0.148895 -0.431729 -0.936926
1532259988804540 0.148468 -0.432374 -0.937213
1532259988857398 0.147593 -0.433915 -0.936173
1532259988909260 0.149928 -0.4351 -0.934207
1532259988971106 0.155034 -0.433333 -0.931552
1532259988999020 0.155802 -0.429716 -0.932046
1532259989044912 0.155255 -0.428161 -0.932994
1532259989134660 0.152645 -0.430753 -0.941608
1532259989232396 0.153576 -0.429865 -0.942081
1532259989284258 0.153328 -0.429114 -0.941054
1532259989329137 0.150284 -0.429384 -0.941736
1532259989494694 0.141217 -0.434877 -0.948519
1532259989629335 0.141521 -0.440023 -0.939761
1532259989689175 0.141939 -0.44002 -0.937649
1532259989736050 0.141091 -0.440342 -0.935797
1532259989756993 0.136803 -0.441224 -0.933595
1532259989795890 0.130245 -0.445779 -0.934279
1532259989869692 0.128241 -0.448656 -0.938037
1532259989966433 0.128414 -0.448833 -0.940481
1532259990057190 0.131724 -0.446071 -0.940974
1532259990117031 0.135104 -0.444778 -0.939951
1532259990184849 0.134705 -0.446967 -0.93997
1532259990402268 0.140822 -0.464803 -0.933996
1532259990477068 0.149435 -0.452105 -0.932216
1532259990506988 0.144404 -0.448472 -0.938315
1532259990589766 0.162797 -0.383198 -0.95349
1532259990611707 0.15029 -0.345012 -0.960531
1532259990656588 -0.0456595 -0.101913 -0.986459
1532259990686508 -0.0826357 -0.0583545 -0.987311
1532259990724407 -0.12182 -0.0221506 -0.987283
1532259990792225 -0.159374 0.00740808 -0.986807
1532259990799206 -0.195853 0.0298327 -0.979477
1532259990867025 -0.358076 -0.0767759 -0.866224
1532259990911905 -0.469407 -0.163906 -0.87641
1532259990971746 -0.590707 -0.184557 -0.930615
1532259990994684 -0.646626 -0.189601 -0.964367
1532259991084444 -0.763974 -0.207752 -1.0552
1532259991114364 -0.790331 -0.211715 -1.06452
1532259991144283 -0.809176 -0.214754 -1.05405
1532259991159243 -0.864836 -0.23998 -0.824568
1532259991189164 -0.888985 -0.236208 -0.651317
1532259991204123 -0.860972 -0.241393 -0.566884
1532259991242022 -0.764238 -0.241931 -0.450076
1532259991263964 -0.726859 -0.23645 -0.426933
1532259991286902 -0.703241 -0.245136 -0.430125
1532259991324801 -0.692181 -0.252373 -0.451604
1532259991346742 -0.69696 -0.258939 -0.488681
1532259991391622 -0.717111 -0.254048 -0.535007
1532259991429521 -0.833258 -0.240145 -0.684907
1532259991436502 -0.860492 -0.249787 -0.726453
1532259991497340 -0.89239 -0.291516 -0.771715
1532259991519280 -0.905872 -0.325937 -0.729311
1532259991542219 -0.912767 -0.334619 -0.67777
1532259991617019 -0.958596 -0.317813 -0.525932
1532259991646939 -0.976953 -0.295862 -0.435792
1532259991699799 -0.995261 -0.238667 -0.23849
1532259991774597 -0.906277 -0.196497 0.163793
1532259991826459 -0.792801 -0.19453 0.264823
1532259991841419 -0.708942 -0.221458 0.301347
1532259991872337 -0.835007 -0.271643 0.221225
1532259991909246 -0.861339 -0.287837 0.178475
1532259991969079 -0.86862 -0.32834 0.0731127
1532259992036897 -0.85615 -0.344502 0.0191736
1532259992134635 -0.817919 -0.323817 -0.0776176
1532259992179515 -0.801661 -0.32143 -0.0683378
1532259992254316 -0.689045 -0.16113 0.461237
1532259992337093 -0.553413 -0.202333 0.715327
1532259992388955 -0.520494 -0.232882 0.789461
1532259992426854 -0.454057 -0.312004 0.973371
1532259992449792 -0.433144 -0.37059 1.07224
1532259992591413 -0.27913 -0.375956 1.03715
1532259992763953 -0.373557 -0.135984 0.257219
1532259992816812 -0.424562 -0.129434 0.0181708
1532259992876651 -0.480443 -0.175365 -0.335346
1532259992929509 -0.479622 -0.193278 -0.393901
1532259992944470 -0.474052 -0.211405 -0.447273
1532259993019270 -0.427016 -0.276939 -0.618924
1532259993146928 -0.235453 -0.371253 -0.794761
1532259993214747 -0.144803 -0.389644 -0.839502
1532259993252646 -0.0993574 -0.400023 -0.856904

1532259993304524 -0.025686 -0.418879 -0.872679
1532259993326449 -0.00610183 -0.428472 -0.879508
1532259993379307 0.0252047 -0.448247 -0.89314
1532259993432165 0.0296067 -0.44754 -0.894516
1532259993484027 0.0835475 -0.41573 -0.902643
1532259993498987 0.0938081 -0.411894 -0.911653
1532259993566805 0.0912423 -0.406358 -0.932566
1532259993589743 0.0897043 -0.405167 -0.944438
1532259993641605 0.0934805 -0.404259 -0.956861
1532259993664544 0.109021 -0.406411 -0.978617
1532259993701445 0.126104 -0.414124 -0.992992
1532259993777243 0.129267 -0.421095 -0.977104
1532259993814144 0.12679 -0.421555 -0.96605
1532259993844063 0.127333 -0.417554 -0.944227
1532259993888951 0.143048 -0.41302 -0.925311
1532259993919861 0.137916 -0.413027 -0.918917
1532259993941803 0.134247 -0.412796 -0.917454
1532259993979701 0.131532 -0.413709 -0.918062
1532259994061483 0.127628 -0.417545 -0.921351
1532259994091403 0.127812 -0.418636 -0.922688
1532259994129301 0.131343 -0.420182 -0.926599
1532259994182166 0.131723 -0.419898 -0.927617
1532259994212086 0.132108 -0.419172 -0.928413
1532259994248987 0.137136 -0.416638 -0.929913
1532259994271932 0.137284 -0.416557 -0.930057
1532259994294871 0.137284 -0.416557 -0.930057
1532259994331772 0.136947 -0.416423 -0.929538
1532259994346732 0.13696 -0.416806 -0.92877
1532259994361692 0.137664 -0.417566 -0.927838
1532259994384640 0.138965 -0.417865 -0.926806
1532259994414550 0.142697 -0.41744 -0.926
1532259994489351 0.143916 -0.417132 -0.925974
1532259994534237 0.143992 -0.416823 -0.926352
1532259994564150 0.145471 -0.41489 -0.928442
1532259994587089 0.146325 -0.414225 -0.929371
1532259994609030 0.145984 -0.412607 -0.930808
1532259994661889 0.146127 -0.412555 -0.930986
1532259994684827 0.14631 -0.412586 -0.931013
1532259994736689 0.146793 -0.412225 -0.931486
1532259994751649 0.147405 -0.41152 -0.932067
1532259994789548 0.147713 -0.410659 -0.932255
1532259994804508 0.147741 -0.410663 -0.932415
1532259994834428 0.149185 -0.410197 -0.931827
1532259994872338 0.150314 -0.409947 -0.931941
1532259994894268 0.150429 -0.40989 -0.931958
1532259994909227 0.149896 -0.409722 -0.932334
1532259994947127 0.147233 -0.409249 -0.93383
1532259994962087 0.146217 -0.408814 -0.935185
1532259994984028 0.145883 -0.40848 -0.936866
1532259995021927 0.144829 -0.408348 -0.938532
1532259995081767 0.141413 -0.408319 -0.941738
1532259995179505 0.139685 -0.409516 -0.947502
1532259995232363 0.139963 -0.410685 -0.947937
1532259995277244 0.13945 -0.410907 -0.947547
1532259995307164 0.140085 -0.410854 -0.946864
1532259995329105 0.141005 -0.410208 -0.945717
1532259995373985 0.144492 -0.407973 -0.943665
1532259995434822 0.14739 -0.405862 -0.944699
1532259995449782 0.147918 -0.404764 -0.945725
1532259995494663 0.147458 -0.403899 -0.946856
1532259995524582 0.148365 -0.402284 -0.950146
1532259995569462 0.149821 -0.401592 -0.951352
1532259995584422 0.151423 -0.400392 -0.953038
1532259995622320 0.151936 -0.399745 -0.95376
1532259995644262 0.154004 -0.398587 -0.955018
1532259995697121 0.15667 -0.396747 -0.957975
1532259995719062 0.157583 -0.396327 -0.95979
1532259995756960 0.158088 -0.396293 -0.963113
1532259995779905 0.15852 -0.396524 -0.96437
1532259995824780 0.159005 -0.396323 -0.965722
1532259995861681 0.161093 -0.396306 -0.968039
1532259995914539 0.165521 -0.395807 -0.970705
1532259995982364 0.167483 -0.395676 -0.972128
1532259996072118 0.171314 -0.398187 -0.975357
1532259996146918 0.171359 -0.398013 -0.975328
1532259996184817 0.171256 -0.39821 -0.975067
1532259996206758 0.174108 -0.398273 -0.973947
1532259996245654 0.174922 -0.39724 -0.971571
1532259996281558 0.175936 -0.39602 -0.9716
1532259996319457 0.175739 -0.39284 -0.972603
1532259996342396 0.17383 -0.392148 -0.973291
1532259996357356 0.172144 -0.392296 -0.974006
1532259996394257 0.171922 -0.393159 -0.975249
1532259996491995 0.172814 -0.396013 -0.977127
1532259996544854 0.172926 -0.395955 -0.977143
1532259996574774 0.172073 -0.393925 -0.974728
1532259996626635 0.172206 -0.396275 -0.974094
1532259996664534 0.171322 -0.397291 -0.973922
1532259996739335 0.170999 -0.400176 -0.973705
1532259996799173 0.169659 -0.40275 -0.974574
1532259996844060 0.167714 -0.404057 -0.975185
1532259996971713 0.167837 -0.405973 -0.97432
1532259996994651 0.167138 -0.406461 -0.973815
1532259997046513 0.166 -0.407544 -0.971344
1532259997174171 0.166228 -0.405544 -0.964714
1532259997256950 0.159209 -0.408729 -0.965132
1532259997384609 0.15046 -0.416745 -0.968916
1532259997661867 0.152065 -0.41416 -0.967438
1532259997691788 0.152216 -0.416415 -0.968337
1532259997736667 0.151895 -0.421216 -0.97068
1532259997811467 0.149721 -0.431089 -0.971566
1532259997857345 0.150264 -0.434643 -0.971108
1532259997939126 0.153329 -0.434112 -0.961278
1532259997962064 0.146549 -0.434797 -0.966269
1532259998104699 0.195973 -0.411802 -0.97754
1532259998247302 -0.107477 -0.0329533 -1.01492
1532259998292182 -0.185257 0.0207566 -1.00155
1532259998344043 -0.344055 -0.0273697 -0.933046
1532259998359003 -0.371527 -0.0602149 -0.929889
1532259998404892 -0.442295 -0.12115 -0.933478
1532259998471701 -0.673266 -0.173142 -0.982018
1532259998494640 -0.748092 -0.186319 -1.00753
1532259998516582 -0.836972 -0.221618 -1.05396
1532259998561462 -0.867073 -0.244337 -1.06945
1532259998644240 -0.921824 -0.270525 -1.06426
1532259998704080 -0.995116 -0.281957 -0.941084
1532259998727019 -1.02629 -0.261474 -0.748399
1532259998748960 -1.01284 -0.252805 -0.687899
1532259998795835 -0.860032 -0.221024 -0.554364
1532259998846699 -0.703478 -0.207644 -0.530635
1532259998884597 -0.627246 -0.205881 -0.541273
1532259998906539 -0.574932 -0.195936 -0.590984
1532259998989318 -0.73226 -0.163176 -0.774413
1532259999057137 -0.787711 -0.170177 -0.843437
1532259999169835 -0.924426 -0.283132 -0.717708
1532259999206735 -1.05359 -0.302862 -0.464257
1532259999274555 -0.922592 -0.261905 -0.147997
1532259999319435 -0.755937 -0.235381 -0.092988
1532259999342373 -0.65879 -0.230401 -0.0882684
1532259999417172 -0.606215 -0.259681 -0.129349
1532259999529871 -0.73139 -0.293593 -0.247662
1532259999619632 -0.738365 -0.274022 -0.419422
1532259999679472 -0.77785 -0.22918 -0.295802
1532260000069429 -0.470961 -0.249579 0.577594
1532260000174149 -0.579202 -0.416704 0.562619
1532260000475343 -0.453721 -0.342127 0.269661
1532260000527205 -0.490197 -0.339477 0.0981849
1532260000564107 -0.497136 -0.33715 0.0388511
1532260000617963 -0.499827 -0.327083 -0.133121
1532260000699743 -0.436407 -0.310066 -0.427181
1532260000729664 -0.395325 -0.313726 -0.50725
1532260000751605 -0.376139 -0.317643 -0.544738
1532260000781525 -0.3547 -0.320214 -0.576946
1532260000796485 -0.331948 -0.32034 -0.606831
1532260000826405 -0.30602 -0.321267 -0.638108
1532260000849344 -0.278778 -0.32631 -0.666995
1532260000864304 -0.252674 -0.330016 -0.691977
1532260000902202 -0.22735 -0.329526 -0.715456
1532260000932122 -0.199552 -0.328068 -0.7382
1532260000954067 -0.171984 -0.328849 -0.757715
1532260000991962 -0.106353 -0.337637 -0.807106
1532260001014913 -0.0862134 -0.34091 -0.820152
1532260001044821 -0.0651945 -0.346848 -0.832106

1532260001081722 -0.0290425 -0.362788 -0.854103
1532260001126602 -0.00040053 -0.375529 -0.87019
1532260001141562 0.0159238 -0.380144 -0.87832
1532260001202399 0.0592377 -0.388292 -0.904261
1532260001224341 0.0728523 -0.386595 -0.911196
1532260001269220 0.105029 -0.38115 -0.926211
1532260001314101 0.117453 -0.377117 -0.932893
1532260001358981 0.163437 -0.349649 -0.964301
1532260001411839 0.177567 -0.347254 -0.977286
1532260001426801 0.182445 -0.35113 -0.983414
1532260001456719 0.183529 -0.357699 -0.987116
1532260001479658 0.181211 -0.36577 -0.986422
1532260001509578 0.175958 -0.373032 -0.981097
1532260001546479 0.170958 -0.377927 -0.971748
1532260001584378 0.172953 -0.37934 -0.953214
1532260001622277 0.184108 -0.381305 -0.940798
1532260001652197 0.173622 -0.388165 -0.939977
1532260001689097 0.167066 -0.39032 -0.941053
1532260001712036 0.160819 -0.392152 -0.942237
1532260001733977 0.152433 -0.39543 -0.94543
1532260001756917 0.15107 -0.396612 -0.947699
1532260001801797 0.149421 -0.398573 -0.952803
1532260001831717 0.148498 -0.399551 -0.95555
1532260001884575 0.147123 -0.400326 -0.958012
1532260001936436 0.144661 -0.402113 -0.96177
1532260001974336 0.144405 -0.402595 -0.963214
1532260002019216 0.14898 -0.402418 -0.964551
1532260002087033 0.157833 -0.39988 -0.958837
1532260002116953 0.158341 -0.399174 -0.9584
1532260002154852 0.156474 -0.398958 -0.957488
1532260002176794 0.156474 -0.398958 -0.957488
1532260002221674 0.15948 -0.39872 -0.957754
1532260002244612 0.160823 -0.3986 -0.957769
1532260002266553 0.161078 -0.398488 -0.957962
1532260002304453 0.160752 -0.396391 -0.958337
1532260002342351 0.160091 -0.394891 -0.959422
1532260002372271 0.158793 -0.395167 -0.960979
1532260002394212 0.158153 -0.395683 -0.961925
1532260002424132 0.157603 -0.396112 -0.962693
1532260002566751 0.157797 -0.397392 -0.96647
1532260002619610 0.159906 -0.395748 -0.967222
1532260002656517 0.161114 -0.395433 -0.967742
1532260002724330 0.161346 -0.394606 -0.968197
1532260002807112 0.167183 -0.391217 -0.969815
1532260002858970 0.168994 -0.389291 -0.969481
1532260002866949 0.169892 -0.38839 -0.969376
1532260002881908 0.170596 -0.388031 -0.969068
1532260002904855 0.170483 -0.38809 -0.969053
1532260002949727 0.169899 -0.389946 -0.969382
1532260002986628 0.169868 -0.390705 -0.969959
1532260003024528 0.168711 -0.392315 -0.971918
1532260003062446 0.168452 -0.392768 -0.972798
1532260003152186 0.169396 -0.393885 -0.974224
1532260003241958 0.172715 -0.395201 -0.976806
1532260003286825 0.171046 -0.395556 -0.979007
1532260003346666 0.166928 -0.39574 -0.980707
1532260003423460 0.167355 -0.395829 -0.982221
1532260003504243 0.16825 -0.39616 -0.985735
1532260003527183 0.169462 -0.395958 -0.985442
1532260003557103 0.170882 -0.395475 -0.984292
1532260003579045 0.171424 -0.395302 -0.983394
1532260003624937 0.173537 -0.394022 -0.981702
1532260003639882 0.174662 -0.393124 -0.980812
1532260003654842 0.176184 -0.391056 -0.980798
1532260003676783 0.17736 -0.388001 -0.981454
1532260003699721 0.177953 -0.385455 -0.982823
1532260003759562 0.174637 -0.386128 -0.987904
1532260003774521 0.174115 -0.388438 -0.990314
1532260003826383 0.174309 -0.392715 -0.993591
1532260003857300 0.175019 -0.393355 -0.994445
1532260003917140 0.176625 -0.392661 -0.994574
1532260003991939 0.179204 -0.385746 -0.988518
1532260004006900 0.180228 -0.387618 -0.987848
1532260004036820 0.179092 -0.388357 -0.987854
1532260004111620 0.176848 -0.388851 -0.989101
1532260004141540 0.176495 -0.389785 -0.990744
1532260004209368 0.176323 -0.390465 -0.9914
1532260004247257 0.175026 -0.393867 -0.99159
1532260004337018 0.177015 -0.394509 -0.989679
1532260004396857 0.17763 -0.393272 -0.987467
1532260004516537 0.177984 -0.38745 -0.984736
1532260004592334 0.172369 -0.394083 -0.989991
1532260004667134 0.171242 -0.394866 -0.991704
1532260004712014 0.170814 -0.394341 -0.991055
1532260004914473 0.170196 -0.394583 -0.986334
1532260004952382 0.16943 -0.396145 -0.987143
1532260005019193 0.169059 -0.400118 -0.988812
1532260005093998 0.170231 -0.413028 -0.990347
1532260005154831 0.170253 -0.415263 -0.989358
1532260005221652 0.174333 -0.416154 -0.984662
1532260005311412 0.180947 -0.412172 -0.979527
1532260005364269 0.164232 -0.407223 -0.98307
1532260005566729 -0.0400543 0.0465783 -0.999948
1532260005904833 -0.812945 -0.310581 -1.15059
1532260005911806 -0.85288 -0.318043 -1.10578
1532260005971663 -0.965838 -0.307047 -0.921701
1532260006009545 -0.879755 -0.282773 -0.76108
1532260006061406 -0.676119 -0.208798 -0.705324
1532260006122243 -0.609935 -0.190276 -0.727534
1532260006189065 -0.5283 -0.169839 -0.786392
1532260006218984 -0.587339 -0.175441 -0.908761
1532260006294782 -0.741178 -0.249467 -1.04377
1532260006354627 -0.853938 -0.283349 -1.06618
1532260006399501 -0.854248 -0.309581 -1.03999
1532260006467321 -0.912391 -0.335562 -0.829045
1532260006474301 -0.99101 -0.317423 -0.614956
1532260006557081 -0.869753 -0.279073 -0.306777
1532260006639859 -0.760782 -0.239772 -0.279315
1532260006676760 -0.678239 -0.238026 -0.300081
1532260006744590 -0.682861 -0.248685 -0.335827
1532260006766520 -0.724557 -0.244515 -0.384436
1532260006842318 -0.704954 -0.209494 -0.691924
1532260006887198 -0.642632 -0.229111 -0.827291
1532260007021852 -0.801639 -0.159744 -0.403931
1532260007524493 -0.47685 -0.232643 0.304969
1532260007726952 -0.330689 -0.347505 0.426881
1532260007839651 -0.388699 -0.258245 0.0314151
1532260007869570 -0.410445 -0.262803 -0.160786
1532260007921433 -0.397932 -0.290177 -0.344757
1532260007989251 -0.386645 -0.308795 -0.451913
1532260008004224 -0.368175 -0.327293 -0.548325
1532260008072029 -0.300473 -0.37112 -0.693985
1532260008139848 -0.262065 -0.391929 -0.746116
1532260008206669 -0.147875 -0.419251 -0.838269
1532260008259527 -0.0981123 -0.414094 -0.862861
1532260008281469 -0.0764922 -0.413711 -0.872067

1532260008327347 -0.0225769 -0.415227 -0.900084
1532260008379233 -0.0061783 -0.417283 -0.908147
1532260008409154 0.00633299 -0.419494 -0.916188
1532260008424113 0.0140053 -0.420425 -0.923074
1532260008468993 0.0492981 -0.413209 -0.942883
1532260008483953 0.0610512 -0.408093 -0.948044
1532260008529830 0.0709858 -0.402256 -0.952923
1532260008589670 0.0901027 -0.388117 -0.964886
1532260008641532 0.101035 -0.380816 -0.971233
1532260008686440 0.122864 -0.367732 -0.985441
1532260008717356 0.148964 -0.356209 -1.02008
1532260008747276 0.153034 -0.360563 -1.0304
1532260008762237 0.155971 -0.382321 -1.04816
1532260008837036 0.123049 -0.419423 -1.04209
1532260008896877 0.108125 -0.404551 -1.01482
1532260008919815 0.138291 -0.403874 -1.00555
1532260008971678 0.150487 -0.40735 -1.00875
1532260009055453 0.139747 -0.403148 -1.01981
1532260009099335 0.142957 -0.403038 -1.02155
1532260009122274 0.148658 -0.403288 -1.02286
1532260009159175 0.16044 -0.403049 -1.01987
1532260009189096 0.161794 -0.402106 -1.01831
1532260009219015 0.161085 -0.401144 -1.01654
1532260009241954 0.159419 -0.399984 -1.01479
1532260009256943 0.158014 -0.398983 -1.01369
1532260009316782 0.158986 -0.397296 -1.01347
1532260009339721 0.160997 -0.396503 -1.01422
1532260009451422 0.165909 -0.395047 -1.01627
1532260009519240 0.166256 -0.39349 -1.01848
1532260009534200 0.164317 -0.393482 -1.0221
1532260009564121 0.162089 -0.394188 -1.0241
1532260009587068 0.157326 -0.396815 -1.02814
1532260009609001 0.155595 -0.398259 -1.02983
1532260009669838 0.153776 -0.400957 -1.03232
1532260009796499 0.153028 -0.402144 -1.03296
1532260009894238 0.157391 -0.401513 -1.0272
1532260009939118 0.159304 -0.397304 -1.02347
1532260009977016 0.160994 -0.393432 -1.022
1532260010021897 0.160423 -0.392942 -1.02376
1532260010089716 0.161734 -0.393746 -1.02664
1532260010134595 0.162411 -0.393702 -1.02779
1532260010224356 0.167335 -0.394414 -1.03168
1532260010247293 0.168805 -0.393899 -1.03195
1532260010338051 0.169859 -0.392581 -1.0318
1532260010367971 0.170755 -0.392676 -1.03232
1532260010411854 0.173379 -0.392724 -1.03371
1532260010486653 0.176242 -0.392485 -1.03551
1532260010561454 0.177599 -0.392483 -1.03642
1532260010637251 0.181829 -0.392195 -1.03965
1532260010697091 0.181667 -0.393602 -1.0392
1532260010712051 0.181622 -0.394483 -1.03865
1532260010779870 0.18263 -0.396164 -1.03428
1532260010839710 0.184209 -0.394373 -1.03329
1532260010861651 0.186043 -0.387701 -1.03339
1532260010891571 0.186521 -0.386698 -1.04113
1532260010960392 0.19598 -0.393451 -1.0635
1532260010982329 0.189264 -0.396055 -1.06594
1532260011004270 0.183242 -0.397791 -1.06692
1532260011042168 0.180072 -0.397997 -1.0659
1532260011108990 0.183516 -0.395453 -1.0622
1532260011176809 0.179522 -0.393524 -1.04677
1532260011274547 0.174365 -0.38978 -1.04289
1532260011334401 0.173275 -0.389959 -1.04322
1532260011424147 0.173994 -0.392664 -1.04494
1532260011529864 0.17442 -0.39375 -1.04527
1532260011574744 0.172924 -0.389377 -1.04089
1532260011702402 0.172151 -0.390001 -1.04212
1532260011732323 0.172328 -0.390221 -1.04293
1532260011829064 0.172072 -0.392486 -1.0463
1532260011881922 0.172529 -0.391934 -1.04602
1532260011956723 0.17482 -0.390041 -1.04535
1532260012107320 0.170594 -0.395199 -1.05062
1532260012316760 0.180632 -0.407133 -1.04386
1532260012391560 0.187221 -0.399128 -1.03432
1532260012444418 0.184086 -0.39858 -1.03612
1532260012534178 0.206957 -0.398556 -1.04924
1532260012557117 0.210106 -0.346692 -1.04803
1532260012639896 0.0013855 -0.0360428 -1.09497
1532260012654867 -0.0337578 0.00657217 -1.09591
1532260012721677 -0.145421 0.115741 -1.05213
1532260012751597 -0.192585 0.0576915 -0.993666
1532260012789496 -0.201093 0.00295312 -0.974234
1532260012804465 -0.20277 -0.0534238 -0.966884
1532260012819415 -0.214578 -0.097402 -0.969587
1532260012857314 -0.311685 -0.129478 -1.00615
1532260012879256 -0.398303 -0.142734 -1.03605
1532260012909204 -0.573862 -0.161318 -1.11029
1532260012939124 -0.632712 -0.171357 -1.14812
1532260012977022 -0.711885 -0.206685 -1.20063
1532260012991983 -0.750844 -0.231804 -1.20225
1532260013029882 -0.83589 -0.295485 -1.15859
1532260013059801 -0.881595 -0.326775 -1.12396
1532260013081743 -0.95803 -0.318248 -1.0333
1532260013111663 -0.971084 -0.306011 -0.977655
1532260013164521 -0.940226 -0.283387 -0.853905
1532260013329081 -0.76503 -0.240195 -0.704334
1532260013381940 -0.831973 -0.228169 -0.94944
1532260013471700 -0.876191 -0.230275 -1.00899
1532260013607337 -1.01292 -0.267953 -0.967213
1532260013637256 -1.05551 -0.250551 -0.736745
1532260013704078 -1.01811 -0.246091 -0.568272
1532260013748958 -0.962242 -0.257308 -0.370904
1532260013801817 -0.8092 -0.272548 -0.405648
1532260013824756 -0.790903 -0.268685 -0.457499
1532260013869636 -0.815709 -0.24954 -0.574579
1532260013899556 -0.831548 -0.237239 -0.631073
1532260013921497 -0.834284 -0.22475 -0.735236
1532260013959396 -0.831031 -0.222342 -0.783049
1532260014057134 -0.854588 -0.210978 -0.815458
1532260014108996 -0.900775 -0.199897 -0.609716
1532260014176814 -0.923499 -0.186866 -0.512465
1532260014236654 -0.92219 -0.16929 -0.307622
1532260014581731 -0.706402 -0.142798 0.0245583
1532260014852009 -0.313709 -0.318925 0.568429
1532260015054467 -0.222792 -0.364046 0.674565
1532260015084387 -0.235308 -0.365216 0.679805
1532260015256926 -0.374385 -0.222527 -0.329025
1532260015346686 -0.428686 -0.263932 -0.528545
1532260015406526 -0.437939 -0.291593 -0.681056
1532260015436446 -0.410821 -0.325095 -0.78002
1532260015459385 -0.360011 -0.368782 -0.83727
1532260015482323 -0.339351 -0.379365 -0.855166
1532260015497283 -0.317651 -0.390647 -0.868467
1532260015549145 -0.274929 -0.410479 -0.891365
1532260015564104 -0.24993 -0.414263 -0.904958
1532260015631922 -0.178909 -0.425388 -0.929593
1532260015661843 -0.129318 -0.430583 -0.942199
1532260015684781 -0.101864 -0.433116 -0.948324

1532260015751603 -0.0771748 -0.436664 -0.95587
1532260015774542 -0.0379239 -0.450228 -0.966538
1532260015827401 0.037843 -0.475433 -0.979137
1532260015857320 0.0522937 -0.451547 -0.96886
1532260015887240 0.0678447 -0.438979 -0.963254
1532260015917160 0.0947574 -0.428215 -0.96105
1532260015947080 0.135738 -0.406785 -0.964377
1532260015962040 0.145512 -0.395525 -0.973128
1532260015991960 0.15196 -0.381566 -1.00026
1532260016013901 0.146992 -0.380378 -1.0177
1532260016051801 0.136176 -0.387363 -1.0553
1532260016081720 0.134702 -0.395538 -1.0734
1532260016104673 0.132263 -0.405936 -1.08961
1532260016126601 0.127117 -0.417281 -1.10329
1532260016141560 0.117098 -0.427279 -1.11177
1532260016164499 0.103226 -0.43226 -1.11391
1532260016186440 0.0902089 -0.431714 -1.11116
1532260016224338 0.0855 -0.420454 -1.09841
1532260016254259 0.0907109 -0.415937 -1.09102
1532260016292158 0.104173 -0.409753 -1.07502
1532260016314099 0.109009 -0.408519 -1.06874
1532260016351997 0.112287 -0.407382 -1.06487
1532260016381918 0.11321 -0.406371 -1.06217
1532260016426803 0.114908 -0.407718 -1.06656
1532260016449736 0.115433 -0.408012 -1.06918
1532260016471678 0.115569 -0.408073 -1.07138
1532260016494616 0.116623 -0.407746 -1.07359
1532260016524536 0.118797 -0.40724 -1.07621
1532260016554456 0.124536 -0.406045 -1.08083
1532260016607315 0.128728 -0.404649 -1.08433
1532260016667155 0.137414 -0.400853 -1.085
1532260016733976 0.142392 -0.39758 -1.08457
1532260016794814 0.144302 -0.396047 -1.08256
1532260016809773 0.14538 -0.395391 -1.08212
1532260016876595 0.148184 -0.393596 -1.08218
1532260016899533 0.149851 -0.392347 -1.08319
1532260017012232 0.151236 -0.393655 -1.09102
1532260017087032 0.151114 -0.397858 -1.09413
1532260017123934 0.147705 -0.403321 -1.09769
1532260017154857 0.141907 -0.407605 -1.09869
1532260017214690 0.142037 -0.405517 -1.09976
1532260017236632 0.142108 -0.404005 -1.09979
1532260017281513 0.141925 -0.402428 -1.09884
1532260017296472 0.142416 -0.402267 -1.09837
1532260017387230 0.142375 -0.401849 -1.09815
1532260017462030 0.141311 -0.401582 -1.09796
1532260017581709 0.144559 -0.406676 -1.09715
1532260017664488 0.147972 -0.405542 -1.10081
1532260017717347 0.153216 -0.404357 -1.10452
1532260017792147 0.15567 -0.403446 -1.10436
1532260017866947 0.156327 -0.402681 -1.10305
1532260017904845 0.154413 -0.402703 -1.10112
1532260017941747 0.155087 -0.402845 -1.10002
1532260017986627 0.157138 -0.402308 -1.09912
1532260018054459 0.166355 -0.392993 -1.09763
1532260018129245 0.158296 -0.396032 -1.10671
1532260018182104 0.15881 -0.399758 -1.11051
1532260018264882 0.161143 -0.39788 -1.11055
1532260018279842 0.161821 -0.396656 -1.10929
1532260018316744 0.161935 -0.396252 -1.10796
1532260018346663 0.160195 -0.397295 -1.10466
1532260018399522 0.158268 -0.399586 -1.10292
1532260018437457 0.157941 -0.399939 -1.10306
1532260018467341 0.156971 -0.400099 -1.10343
1532260018587021 0.153026 -0.404991 -1.1091
1532260018624920 0.154973 -0.405161 -1.10948
1532260018736621 0.160563 -0.396837 -1.10263
1532260018812432 0.15654 -0.398249 -1.1028
1532260018887222 0.148708 -0.404075 -1.10639
1532260018954050 0.146645 -0.410401 -1.10961
1532260019029837 0.15093 -0.406934 -1.10752
1532260019051778 0.152481 -0.403207 -1.10554
1532260019104643 0.147105 -0.407328 -1.10751
1532260019141538 0.145979 -0.409424 -1.10881
1532260019179437 0.144163 -0.411634 -1.10996
1532260019247256 0.141104 -0.415198 -1.11092
1532260019292135 0.140922 -0.41634 -1.11081
1532260019381896 0.145342 -0.419133 -1.10579
1532260019449735 0.15283 -0.419455 -1.09963
1532260019584354 0.170416 -0.40957 -1.09876
1532260019637229 0.170661 -0.354553 -1.09757
1532260019667132 0.102428 -0.219476 -1.08584
1532260019697053 0.0678328 -0.164827 -1.07844
1532260019712026 0.00899141 -0.0602996 -1.06371
1532260019779832 -0.0580519 0.0619254 -1.03864
1532260019794797 -0.0776344 0.0837648 -1.02619
1532260019839671 -0.173495 0.0482379 -0.979683
1532260019861613 -0.211057 0.0104755 -0.969885
1532260019908488 -0.243294 -0.0398894 -0.966033
1532260019989273 -0.542865 -0.121944 -1.0457
1532260020012224 -0.606936 -0.127786 -1.07283
1532260020034151 -0.649617 -0.136643 -1.10012
1532260020064071 -0.70196 -0.166953 -1.13814
1532260020101970 -0.730666 -0.178405 -1.14096
1532260020139868 -0.776281 -0.211744 -1.10368
1532260020146849 -0.787073 -0.236084 -1.06339
1532260020296450 -0.681593 -0.272545 -0.609896
1532260020357287 -0.61928 -0.260751 -0.619989
1532260020417127 -0.584221 -0.245061 -0.716869
1532260020439068 -0.603755 -0.23819 -0.761166
1532260020491928 -0.669983 -0.21924 -0.869579
1532260020566727 -0.709308 -0.229129 -0.880166
1532260020589666 -0.718062 -0.231467 -0.862809
1532260020619586 -0.7517 -0.248301 -0.662134
1532260020679426 -0.814568 -0.232348 -0.45138
1532260020732284 -0.785473 -0.249075 -0.122129
1532260020754226 -0.730773 -0.252749 -0.0571284
1532260020792124 -0.613215 -0.246357 -0.00250679
1532260020837005 -0.589975 -0.257945 0.00162
1532260020896844 -0.638068 -0.292424 -0.0198121
1532260021046444 -0.676759 -0.311815 -0.0517274
1532260021167122 -0.741646 -0.398005 -0.164308
1532260021233943 -0.680804 -0.319645 0.479108
1532260021271857 -0.503753 -0.435841 0.788158
1532260021324700 -0.527225 -0.432353 0.779066
1532260021399500 -0.523778 -0.422902 0.764169
1532260021661799 -0.443392 -0.384555 0.696817
1532260021796444 -0.426198 -0.168019 -0.190624
1532260021872236 -0.444615 -0.181509 -0.355722
1532260021917116 -0.4193 -0.204548 -0.515745
1532260021939058 -0.364109 -0.239989 -0.603199
1532260022006876 -0.311317 -0.273444 -0.672035
1532260022074695 -0.226386 -0.306986 -0.775245
1532260022096636 -0.206677 -0.313551 -0.79249
1532260022149495 -0.182226 -0.323091 -0.819456
1532260022164455 -0.168663 -0.325245 -0.833283

1532260022232273 -0.111246 -0.330628 -0.870725
1532260022284134 -0.0863488 -0.334464 -0.887932
1532260022299095 -0.0709988 -0.338223 -0.896627
1532260022343975 -0.00635371 -0.355472 -0.931743
1532260022419771 0.0408173 -0.367765 -0.975344
1532260022441713 0.0566791 -0.368298 -0.989383
1532260022494572 0.0893826 -0.37152 -1.02343
1532260022517081 0.112686 -0.37467 -1.05419
1532260022568943 0.143462 -0.387027 -1.08283
1532260022592878 0.144287 -0.393827 -1.08765
1532260022621813 0.136882 -0.403242 -1.08271
1532260022644753 0.135636 -0.405373 -1.07589
1532260022674674 0.138444 -0.404797 -1.07114
1532260022704594 0.158251 -0.399195 -1.07348
1532260022749474 0.164593 -0.402994 -1.08102
1532260022764433 0.157284 -0.405504 -1.08373
1532260022802332 0.143471 -0.406239 -1.08217
1532260022824273 0.143665 -0.40451 -1.07957
1532260022847212 0.147857 -0.402749 -1.0758
1532260022869153 0.154161 -0.399684 -1.06378
1532260022907052 0.154737 -0.398504 -1.05683
1532260022928994 0.155637 -0.396858 -1.05043
1532260022951932 0.15782 -0.394871 -1.04601
1532260022989831 0.162732 -0.392695 -1.04263
1532260023004819 0.163295 -0.393696 -1.04309
1532260023049698 0.158863 -0.397288 -1.045
1532260023071642 0.154564 -0.398592 -1.04592
1532260023109539 0.149907 -0.401172 -1.04812
1532260023131480 0.151539 -0.402033 -1.04871
1532260023146439 0.152861 -0.402436 -1.04894
1532260023177357 0.153053 -0.402618 -1.04875
1532260023199299 0.152741 -0.402473 -1.04834
1532260023229218 0.152606 -0.402406 -1.04803
1532260023252157 0.152646 -0.40223 -1.04799
1532260023289059 0.152713 -0.402058 -1.04813
1532260023311996 0.152753 -0.401882 -1.0481
1532260023326958 0.152863 -0.401819 -1.04811
1532260023364856 0.15348 -0.401226 -1.04915
1532260023386797 0.153461 -0.401247 -1.04958
1532260023416717 0.153852 -0.401762 -1.04991
1532260023476557 0.155722 -0.402189 -1.05019
1532260023491517 0.156684 -0.402367 -1.05017
1532260023559336 0.15612 -0.403096 -1.0496
1532260023604215 0.157482 -0.405218 -1.04893
1532260023642114 0.157592 -0.405155 -1.04894
1532260023672035 0.15663 -0.404663 -1.04901
1532260023739853 0.146182 -0.402809 -1.05354
1532260023761794 0.141965 -0.402878 -1.05612
1532260023814652 0.132022 -0.408662 -1.06541
1532260023866515 0.127917 -0.416099 -1.07155
1532260023889453 0.126759 -0.419703 -1.07381
1532260023934333 0.1265 -0.424428 -1.07638
1532260023949293 0.127254 -0.425443 -1.07632
1532260023972232 0.129434 -0.425787 -1.07392
1532260023994173 0.134823 -0.424317 -1.07065
1532260024024093 0.137637 -0.423182 -1.06913
1532260024047031 0.139751 -0.421867 -1.06754
1532260024091911 0.141896 -0.419155 -1.06483
1532260024106871 0.142706 -0.417589 -1.06371
1532260024144781 0.14535 -0.415138 -1.06289
1532260024211591 0.146808 -0.414024 -1.06332
1532260024264450 0.146375 -0.414152 -1.06408
1532260024324291 0.147851 -0.413791 -1.06511
1532260024414050 0.150955 -0.410267 -1.06536
1532260024443970 0.151065 -0.410203 -1.06537
1532260024541709 0.153861 -0.408477 -1.06631
1532260024579607 0.15634 -0.40816 -1.06541
1532260024594568 0.157106 -0.408283 -1.06477
1532260024616508 0.157774 -0.408603 -1.06387
1532260024646429 0.158225 -0.408357 -1.06105
1532260024692306 0.160061 -0.407645 -1.05865
1532260024714247 0.161285 -0.406201 -1.05838
1532260024729207 0.161676 -0.404363 -1.05853
1532260024767106 0.158515 -0.402019 -1.06016
1532260024782066 0.156055 -0.40217 -1.06145
1532260024826946 0.154759 -0.404376 -1.06527
1532260024849884 0.155153 -0.406025 -1.06758
1532260024871830 0.155433 -0.407244 -1.06918
1532260024894764 0.155438 -0.408018 -1.07019
1532260024916706 0.155384 -0.408219 -1.07065
1532260024931666 0.155202 -0.408045 -1.07045
1532260024954605 0.155699 -0.407433 -1.06988
1532260024991506 0.156504 -0.406471 -1.06901
1532260025006466 0.157384 -0.405935 -1.06813
1532260025037392 0.15788 -0.406022 -1.06696
1532260025104207 0.157349 -0.406426 -1.06562
1532260025149084 0.153811 -0.40821 -1.06665
1532260025193981 0.153957 -0.408771 -1.06768
1532260025284735 0.153794 -0.410507 -1.06854
1532260025404402 0.15706 -0.410446 -1.06636
1532260025606862 0.15516 -0.403321 -1.0626
1532260025704600 0.154248 -0.403282 -1.06653
1532260025749479 0.15604 -0.402545 -1.06683
1532260025854199 0.158229 -0.400207 -1.06617
1532260025892098 0.151976 -0.406259 -1.06756
1532260025959916 0.15214 -0.419234 -1.07089
1532260026041698 0.149087 -0.42923 -1.06807
1532260026116498 0.153314 -0.423811 -1.06187
1532260026349873 -0.0942867 -0.0140692 -1.11558
1532260026386791 -0.200627 0.0586309 -1.08166
1532260026409713 -0.222589 0.0674222 -1.05095
1532260026439633 -0.240208 0.0587735 -1.01735
1532260026469554 -0.246021 -0.00947475 -0.973196
1532260026522419 -0.273529 -0.138959 -0.943591
1532260026559313 -0.407187 -0.139811 -0.987419
1532260026589234 -0.492487 -0.135491 -1.02129
1532260026642092 -0.653636 -0.127545 -1.1082
1532260026672012 -0.750717 -0.140624 -1.18122
1532260026701932 -0.767771 -0.155438 -1.19933
1532260026708914 -0.78313 -0.175599 -1.20206
1532260026746811 -0.858269 -0.251137 -1.16546
1532260026761772 -0.904106 -0.281273 -1.12299
1532260026814631 -0.980503 -0.313798 -1.01368
1532260026829591 -0.9963 -0.309977 -0.956908
1532260026844551 -1.00805 -0.283213 -0.825161
1532260026889438 -0.96465 -0.237834 -0.693515
1532260026919351 -0.798865 -0.186931 -0.614207
1532260026949270 -0.706592 -0.170643 -0.594933
1532260026987169 -0.634117 -0.164346 -0.592869
1532260027024070 -0.571375 -0.158017 -0.636149
1532260027061970 -0.619279 -0.162149 -0.717563
1532260027076930 -0.686333 -0.167501 -0.762576
1532260027114828 -0.853981 -0.179676 -0.847785
1532260027136769 -0.923587 -0.187558 -0.8819
1532260027166689 -0.958987 -0.20483 -0.90783
1532260027211569 -0.949513 -0.243353 -0.924152
1532260027264428 -1.0041 -0.318305 -0.708335
1532260027302326 -1.07988 -0.306913 -0.523759
1532260027347207 -1.09946 -0.298387 -0.429469
1532260027369148 -1.11597 -0.280361 -0.333112
1532260027436967 -1.12291 -0.251751 -0.153378
1532260027504788 -0.803917 -0.219385 -0.0108581
1532260027579585 -0.674836 -0.195778 -0.0770188
1532260027647404 -0.821224 -0.232347 -0.507439
1532260027699265 -0.826448 -0.296813 -0.575451
1532260027714225 -0.836251 -0.322294 -0.588403
1532260027744145 -0.892522 -0.337181 -0.540173
1532260027767084 -0.904989 -0.331819 -0.47502
1532260027789025 -0.923136 -0.311178 -0.382393
1532260027818945 -0.939115 -0.284514 -0.276339
1532260027849862 -0.914679 -0.236813 -0.069746
1532260027901724 -0.817716 -0.219592 0.1365
1532260027976524 -0.798598 -0.220008 0.236007
1532260028104182 -0.787724 -0.266225 0.464709
1532260028157041 -0.914766 -0.474599 0.75795
1532260028178982 -0.928815 -0.498484 0.792458
1532260028224860 -0.858795 -0.528611 0.910058
1532260028261760 -0.790077 -0.524845 0.962459
1532260028299660 -0.740699 -0.521258 0.976227
1532260028321614 -0.642333 -0.510345 0.985808
1532260028351521 -0.594046 -0.504231 0.983216
1532260028404380 -0.510379 -0.492412 0.959444
1532260028449260 -0.481419 -0.485718 0.934611
1532260028629776 -0.411961 -0.393904 0.630108
1532260028666694 -0.415113 -0.373434 0.562581
1532260028741478 -0.510341 -0.250266 -0.132331
1532260028877115 -0.564152 -0.335937 -0.651698
1532260028899056 -0.556751 -0.35186 -0.695741
1532260028943937 -0.528102 -0.380561 -0.773375
1532260028966876 -0.510506 -0.397283 -0.803714
1532260029011755 -0.455887 -0.424022 -0.88252
1532260029056635 -0.386462 -0.440459 -0.938696
1532260029109494 -0.327002 -0.445251 -0.971991
1532260029131435 -0.30256 -0.450796 -0.984885
1532260029170331 -0.252782 -0.458134 -1.00935

1532260029229174 -0.172324 -0.47243 -1.03415
1532260029252112 -0.149679 -0.477638 -1.03837
1532260029289014 -0.0990751 -0.488519 -1.04691
1532260029311953 -0.0703995 -0.490961 -1.0516
1532260029349851 -0.0298236 -0.489763 -1.06455
1532260029371793 -0.0111832 -0.487773 -1.06914
1532260029401712 0.0243741 -0.477144 -1.06601
1532260029424651 0.0345955 -0.465419 -1.06118
1532260029454577 0.0578848 -0.441188 -1.05969
1532260029491473 0.0766933 -0.431065 -1.062
1532260029537358 0.100857 -0.417907 -1.07566
1532260029582230 0.096084 -0.416904 -1.08664
1532260029604171 0.0999557 -0.418265 -1.09029
1532260029649051 0.112351 -0.423251 -1.09102
1532260029686950 0.116293 -0.424768 -1.0856
1532260029731829 0.134847 -0.425257 -1.04467
1532260029754769 0.143638 -0.425096 -1.03629
1532260029784688 0.150185 -0.42463 -1.03002
1532260029814608 0.152899 -0.423782 -1.02528
1532260029836550 0.152509 -0.423259 -1.02208
1532260029912352 0.146086 -0.423976 -1.02045
1532260029919329 0.144098 -0.424122 -1.02183
1532260029949264 0.141153 -0.424312 -1.02497
1532260029979168 0.140175 -0.424294 -1.02841
1532260030068986 0.143379 -0.422966 -1.03167
1532260030129823 0.14895 -0.419243 -1.03352
1532260030196645 0.151074 -0.416426 -1.03306
1532260030219584 0.152009 -0.415625 -1.03302
1532260030264464 0.155538 -0.414252 -1.03321
1532260030347242 0.157158 -0.413359 -1.03372
1532260030399103 0.157269 -0.413296 -1.03373
1532260030474900 0.158167 -0.412645 -1.03368
1532260030519781 0.160455 -0.409672 -1.03441
1532260030654421 0.152073 -0.40969 -1.04471
1532260030684341 0.149235 -0.411973 -1.04688
1532260030707280 0.148954 -0.412738 -1.04738
1532260030818980 0.151136 -0.412925 -1.04654
1532260030886800 0.155177 -0.409956 -1.04398
1532260030932682 0.153111 -0.406293 -1.04319
1532260030976560 0.156527 -0.404063 -1.04317
1532260030991519 0.159336 -0.402916 -1.04334
1532260031142117 0.15977 -0.400326 -1.04212
1532260031231877 0.163333 -0.399654 -1.039
1532260031299696 0.164572 -0.401142 -1.04386
1532260031314655 0.164967 -0.401707 -1.04481
1532260031351557 0.16556 -0.402113 -1.0456
1532260031381477 0.166849 -0.402432 -1.04655
1532260031457274 0.171067 -0.401208 -1.0458
1532260031509135 0.175617 -0.399322 -1.04441
1532260031576954 0.174344 -0.396436 -1.04608
1532260031599893 0.169851 -0.395563 -1.04851
1532260031666714 0.167658 -0.399012 -1.05338
1532260031741514 0.169862 -0.399283 -1.05527
1532260031809333 0.171629 -0.396995 -1.05223
1532260031907071 0.174211 -0.400093 -1.04892
1532260031996831 0.173561 -0.401213 -1.04942
1532260032214250 0.172708 -0.406454 -1.0524
1532260032274090 0.175557 -0.405234 -1.05074
1532260032394766 0.176097 -0.399234 -1.04594
1532260032446628 0.171036 -0.401262 -1.04723
1532260032642106 0.17407 -0.399391 -1.05176
1532260032776746 0.172327 -0.399802 -1.05183
1532260032972223 0.176576 -0.42485 -1.04264
1532260033054004 0.158337 -0.420855 -1.05039
1532260033106863 0.153539 -0.416531 -1.06812
1532260033241503 0.0888421 -0.292036 -1.08904
1532260033256463 0.0660533 -0.244585 -1.0917
1532260033347220 -0.104373 0.031662 -1.1153
1532260033369162 -0.197558 0.0859655 -1.11804
1532260033422020 -0.226813 0.0821948 -1.11389
1532260033511780 -0.333109 0.0272686 -1.1299
1532260033601541 -0.510631 -0.0294271 -1.18343
1532260033677338 -0.645323 -0.0871027 -1.23298
1532260033752137 -0.860938 -0.254955 -1.07762
1532260033774079 -0.896868 -0.261835 -1.01235
1532260033789039 -0.98552 -0.265903 -0.868732
1532260033834916 -0.908611 -0.258078 -0.668135
1532260033886777 -0.8552 -0.245271 -0.620526
1532260033939636 -0.753859 -0.215011 -0.589894
1532260033961577 -0.677948 -0.206311 -0.621814
1532260034037374 -0.682481 -0.209261 -0.785384
1532260034089236 -0.765678 -0.231326 -0.884911
1532260034134116 -0.805902 -0.249616 -0.905965
1532260034149076 -0.837036 -0.267563 -0.914196
1532260034231854 -0.930372 -0.351197 -0.768172
1532260034276735 -0.982927 -0.349269 -0.683955
1532260034321615 -1.06703 -0.313272 -0.50093
1532260034568953 -0.953975 -0.159512 0.0102377
1532260034719550 -0.678196 -0.162063 0.0204038
1532260034893087 -0.692569 -0.271728 -0.138915
1532260034996809 -0.623889 -0.282125 0.218946
1532260035222207 -0.439084 -0.356553 0.496055
1532260035259107 -0.393497 -0.443754 0.583604
1532260035386766 -0.545407 -0.615994 0.986189
1532260035476526 -0.370173 -0.535814 0.891754
1532260035642083 -0.34643 -0.270548 0.191531
1532260035664024 -0.350364 -0.261058 0.110472
1532260035693945 -0.381415 -0.272453 -0.280565
1532260035761764 -0.379402 -0.308632 -0.485956
1532260035806644 -0.359805 -0.333702 -0.648253
1532260035882452 -0.317324 -0.345498 -0.771539
1532260035934302 -0.299918 -0.346739 -0.801241
1532260035949262 -0.263699 -0.347129 -0.855539
1532260035994142 -0.165287 -0.339666 -0.925842
1532260036047001 -0.11076 -0.348416 -0.951972
