1532256321038982 30.5 -2.4375 -4.875
1532256321075883 34.3125 -2.1875 -16.6875
1532256321098822 25.5625 17.875 -29.625
1532256321116773 6.8125 42.4375 -8.4375
1532256321136720 -12.125 47.875 -5.4375
1532256321188581 21.375 70.75 -8.9375
1532256321218502 37.4375 67.0625 -9.1875
1532256321250416 47.25 61.3125 -7.5
1532256321301280 47.5 21.8125 -3.0625
1532256321331200 52.1875 8 -2.4375
1532256321420960 65.6875 -18.8125 -6.25
1532256321481823 70.6875 -48.1875 5.75
1532256321533698 58.5 -81.0625 13.625
1532256321578577 41.125 -81.25 18.5625
1532256321608498 26.5625 -63.4375 19.375
1532256321638430 18.3125 -54.5625 15.6875
1532256321646397 8.9375 -41.5625 13.375
1532256321691277 2.0625 -16.5 3.5
1532256321818936 12.0625 -2.0625 1.625
1532256321848855 12.5 -31 -0.75
1532256321870796 -13 -38.5625 -11.625
1532256321916691 7.125 -15.5625 1.75
1532256321968536 15.4375 7.5625 15.875
1532256321998455 15.75 -0.375 14.1875
1532256322028375 -8.6875 -7.8125 9.3125
1532256322051314 -12.875 -5.1875 7.4375
1532256322096193 -1.6875 0.9375 4.875
1532256322164019 -1.5 -5.6875 8.5625
1532256322268739 -2.8125 -5.25 2.1875
1532256322313635 -5.6875 -3.0625 1.5
1532256322351547 -6.1875 -3.125 2.1875
1532256322411374 -0.375 -3.625 4.4375
1532256322539033 9.9375 3.6875 4.1875
1532256322629795 -10.4375 -5.5625 -9.125
1532256322658713 -10.1875 -3.9375 -6.8125
1532256322688633 -10.25 -1.9375 -4.8125
1532256322718552 -8.5625 -0.5625 -2.8125
1532256322816291 17.875 7.625 -5.8125
1532256322847209 1.5 15.5625 -2.625
1532256322861171 -4.625 23.625 0.3125
1532256322899070 -22.5 47.625 -2.5625
1532256322921012 -30.3125 50.8125 -2.8125
1532256322943949 -37.5625 56.9375 0.75
1532256322980851 -35.1875 62.3125 2.3125
1532256323033710 -5.25 68.75 -5.375
1532256323056649 -1.5 67.9375 -7
1532256323108510 -9.125 39.1875 -9.5
1532256323131448 2.6875 21.8125 -20.125
1532256323191289 14.5625 6.1875 -30.3125
1532256323214229 0.6875 -24.0625 -30.875
1532256323244147 -6.5 -42.4375 -43.125
1532256323296009 -7.625 -65.5 -49.75
1532256323333921 -20.5625 -64.4375 -31.5625
1532256323370809 -18.4375 -60.3125 -36.1875
1532256323408707 -9.625 -41.8125 -26.125
1532256323423667 -10.125 -28.625 -24
1532256323476526 -4.5 20.75 -32.1875
1532256323573268 -14.5625 37.8125 -37.9375
1532256323596205 -22.375 70.875 -56.5
1532256323656046 -59 139.5 -55.5
1532256323671006 -66.8125 139.438 -54.625
1532256323685966 -71.125 135.625 -51.4375
1532256323723865 -74.375 128.75 -47.5
1532256323791683 -75.875 123.75 -48.8125
1532256323813624 -62.5625 117.125 -49.875
1532256323860499 -30.25 65.25 -51.25
1532256323888425 -35 48.9375 -45.125
1532256323918354 -31.0625 43.625 -46
1532256323964231 -18.625 42.0625 -53.9375
1532256324016083 4.5625 35.5 -60.6875
1532256324120803 4.8125 -0.3125 -43.875
1532256324188622 -5 -7.75 7.8125
1532256324218542 -3.125 -13.8125 15.5625
1532256324256440 -7.125 -24.4375 28.75
1532256324278381 -21.5625 -30.9375 42.5
1532256324331240 -63.0625 -43.75 78.0625
1532256324384112 -80.6875 -45 96.875
1532256324443939 -80.75 -48.375 91.8125
1532256324533699 -74.625 -69.9375 59.8125
1532256324571598 -85.4375 -89.5 43.4375
1532256324661358 -1.6875 -75.5 52.8125
1532256324766077 -25.8125 -120.438 38.5625
1532256324795997 76.1875 -148.25 -2.875
1532256324810958 102.625 -150.625 -12.3125
1532256324825918 95.125 -127.875 -19.5625
1532256324848856 74.375 -93.1875 2.0625
1532256324870797 39.1875 -67.875 7.9375
1532256324923657 4 -39.25 -6.375
1532256324961555 4.1875 -32.375 -12.4375
1532256324983496 -13.6875 -15.875 -13.375
1532256325028376 -38.375 1.375 -11
1532256325051328 -20.625 6.8125 -7.75
1532256325096195 0.375 29.9375 7.0625
1532256325126115 11.125 45.5625 21.75
1532256325149053 66.4375 81.375 54.5
1532256325185955 80.1875 94.125 65.1875
1532256325200917 101.438 105.375 83.125
1532256325223853 129.563 113.5 101.625
1532256325276717 218.875 104.313 125.75
1532256325291672 225.188 107.438 126.875
1532256325321592 222.688 102.188 126.313
1532256325351512 207.063 88.875 118.375
1532256325366472 206.438 73.75 114.25
1532256325381433 209.313 58.375 110.875
1532256325441272 160 39.3125 93.1875
1532256325479171 163.063 33.8125 86.25
1532256325553971 85.3125 -37.4375 70.875
1532256325605832 85.3125 -49 72.9375
1532256325628771 38.875 -75.1875 55.875
1532256325658691 -18.5 -77 39
1532256325681629 -2.75 -68.25 29.1875
1532256325718531 9.6875 -56.0625 22.25
1532256325741469 2.8125 -37.8125 17.8125
1532256325756429 -19.1875 -20.8125 10.25
1532256325793330 -14.0625 22.4375 -27
1532256325816269 -6.25 29.8125 -33.375
1532256325846189 -18.6875 37 -34.75
1532256325861149 -30.3125 41.8125 -37.375
1532256325891068 -13.25 43.4375 -39.6875
1532256325906029 -19.8125 42.125 -44.375
1532256325935949 -38.125 40.6875 -50.6875
1532256325950909 -44.1875 36.875 -53.4375
1532256325980829 -35.6875 33.875 -54.75
1532256326033688 -44.375 40.4375 -59
1532256326063608 -70.625 39.625 -54.75
1532256326138408 -158.188 14.9375 -49.3125
1532256326161347 -95.4375 -15.0625 -58.375
1532256326198263 -59.125 -30.8125 -64.4375
1532256326244125 -73.75 -74.75 -48.25
1532256326281027 -68.4375 -98.0625 -53.125
1532256326310946 -61.625 -102.125 -46.4375
1532256326333885 -44.1875 -107.063 -41.8125
1532256326348844 -30.3125 -111.688 -42.875
1532256326385747 -22.1875 -118.563 -34.5
1532256326423645 -16.625 -121.188 -29.125
1532256326461543 -6.25 -125.875 -27.375
1532256326483485 2.6875 -128.438 -32.375
1532256326521384 -21.0625 -121.563 -38.5
1532256326574251 21.5 -81.8125 -29.4375
1532256326641064 14 -69.625 -27.25

1532256326715863 -0.875 -36.125 -8.5625
1532256326745784 12.4375 -25.0625 -7
1532256326768723 7.0625 -28.4375 -6.5
1532256326806647 -24.3125 -19.0625 -6.3125
1532256326828588 -30.5 -4.1875 -6.625
1532256326858507 3.125 9.5 -0.3125
1532256326888427 13.5 6.375 1.375
1532256326971206 -2.125 -2.25 2.125
1532256327001126 -4.875 0.5 0
1532256327031046 -5.75 2.625 -1.5625
1532256327068945 -7.1875 1.6875 0
1532256327083905 -6.75 1.1875 1.375
1532256327105847 -4 0.625 2.5
1532256327128786 -1.5 0.5 3.8125
1532256327203585 1.625 -0.875 4.0625
1532256327233505 -2.375 -1 3.9375
1532256327248465 -2.3125 -1.1875 3.6875
1532256327293345 -2.0625 -0.5625 3.3125
1532256327323265 -0.75 -0.875 2.9375
1532256327384103 0 -0.8125 2.375
1532256327428982 -2.5625 -2.9375 1.5625
1532256327467896 -0.875 -5.875 2.8125
1532256327495804 2.0625 -6.9375 2.5
1532256327533722 5.4375 -6.1875 1.4375
1532256327548663 4.8125 -5.5625 0.875
1532256327586561 8.5 -1.625 2.9375
1532256327638423 -2 6.625 -4.375
1532256327683302 -3.875 5.9375 -10.1875
1532256327714231 -21.125 8.625 -12.875
1532256327774060 -57.875 36.125 -13.9375
1532256327803980 -41.8125 29.75 -17.5625
1532256327840881 -17.75 7.0625 -3.9375
1532256327878780 -3.5 6 -1.75
1532256327923659 8.9375 4.9375 -1.4375
1532256327991478 8.9375 3.4375 4.1875
1532256328141078 8.25 3.5625 3.1875
1532256328208898 21 -1.4375 8.5625
1532256328268737 16.875 1.1875 9.625
1532256328306635 14.875 -0.3125 9
1532256328403376 6.5 -3.3125 6
1532256328463217 1.875 -4.6875 -0.875
1532256328560956 -6.625 -2.375 -4.375
1532256328598859 -3.125 -1.875 -2.75
1532256328628774 -0.875 -2.25 -1.5
1532256328703574 -2.1875 -0.8125 1.5
1532256328771392 1.3125 -0.4375 5.8125
1532256328808294 4.1875 -2.4375 6.875
1532256328899052 1.25 -4.25 5.8125
1532256328920993 1.875 -3.9375 2
1532256328958892 -2.25 -4 0.1875
1532256328988811 -3.625 -4.5 -0.5
1532256329041681 -1.1875 -4.0625 -2.8125
1532256329101510 -5.375 -4.75 -3.25
1532256329123451 -4.3125 -3.875 -3.6875
1532256329153371 -2.375 -2.6875 -2.75
1532256329191281 -1.8125 -1.375 -1.9375
1532256329221206 -1.375 0.1875 -1.75
1532256329251116 0.875 1.1875 -1.375
1532256329310949 0.5625 1.125 -1.375
1532256329325921 -1.75 0.25 -2.1875
1532256329363809 -8.1875 -1.625 -2.8125
1532256329393728 -6.875 -3.3125 -1.5625
1532256329438609 0.3125 -1.9375 -0.625
1532256329461547 -0.125 0.6875 2.375
1532256329513408 1.375 2.3125 3.875
1532256329543329 2.8125 1.6875 3.375
1532256329581227 -0.25 1.25 1.6875
1532256329649045 -13 -2 -12.8125
1532256329664006 -14.375 1.1875 -12.5625
1532256329693935 -9.5 17.3125 -10.4375
1532256329760748 14.9375 28.25 -12.5
1532256329828566 10.8125 37.75 -8.25
1532256329866464 -36.4375 73.125 -12.5625
1532256329888406 6.375 75.625 -17.0625
1532256329918328 11.625 63.5625 -21.8125
1532256329956225 15.0625 21.3125 -22
1532256329979163 7.3125 3.875 -24.4375
1532256330031024 -22.0625 -25.1875 -29.5
1532256330045984 -30.125 -39 -33.875
1532256330083882 -23.25 -42.9375 -41.125
1532256330105824 1.125 -50.375 -38.5625
1532256330143723 -28.5625 -44.0625 -27.4375
1532256330166662 -26.625 -41.6875 -24.5
1532256330181622 -20.5625 -38.4375 -20.25
1532256330218523 5.375 -25.3125 -13.75
1532256330248442 8.8125 -19.625 -10.8125
1532256330263403 10.9375 -12.3125 -10.9375
1532256330301307 5.5 -4.5625 -10.9375
1532256330339200 -2.5 1.75 -12.875
1532256330361142 -10.3125 7.3125 -18.375
1532256330406022 -15.3125 19.625 -28.125
1532256330503760 -49.625 78.625 -43.1875
1532256330578560 -68.25 157.313 -25.1875
1532256330601498 -79.75 160.125 -25.75
1532256330676299 -75.375 156.938 -33.0625
1532256330699237 -79.4375 151.625 -37.875
1532256330766059 -45.125 101.188 -54.75
1532256330795979 -45.3125 88.0625 -61
1532256330818918 -14.0625 53.875 -61.625
1532256330848837 9.1875 36.3125 -64.5625
1532256330878757 33.1875 1.875 -68.8125
1532256330931616 43.375 -13.25 -68.25
1532256330946575 58.625 -41.4375 -62.4375
1532256331013398 58.3125 -53.5 -35.8125
1532256331044315 51.9375 -37.6875 -9.375
1532256331081215 -0.9375 -7.6875 5.25
1532256331104155 -16.375 7.5625 13.375
1532256331156016 -18.25 27.1875 29.5
1532256331230816 -38.5625 28.3125 69.75
1532256331291654 -31.4375 7.8125 87.9375
1532256331366454 -44 -12.75 92.75
1532256331486133 -23.4375 -33.75 75.625
1532256331575893 -99.0625 -49.125 98.5625
1532256331605813 -149 -64.1875 97.5
1532256331659669 -5.25 -85 36.1875
1532256331696571 -2.5 -97.375 55.8125
1532256331733476 -4.6875 -86.375 51.8125
1532256331763391 9.875 -88.75 33.1875
1532256331786331 37.125 -90.0625 17.4375
1532256331816251 33.25 -88.625 15.5
1532256331831210 16.6875 -85.125 12.625
1532256331846170 7.5625 -79.75 4.875
1532256331899029 19.4375 -61.25 -7.375
1532256331913989 12.125 -51.1875 -15.8125
1532256331937925 0.75 -40.1875 -21.9375
1532256331973829 -20.75 -17 -21.125
1532256331995770 -25.0625 -5.875 -21.4375
1532256332018709 -23.25 5.625 -21.1875
1532256332048629 -12 23.5 -12.4375
1532256332078549 -15.6875 35.375 -0.5
1532256332131408 10.5625 53.5625 24.375
1532256332146368 27.875 67.9375 38.75
1532256332215184 110.188 92.3125 95.4375
1532256332236127 138.125 84.1875 100.813
1532256332274026 160.688 76.5625 99.625
1532256332303946 160.188 77.9375 90.5625
1532256332325888 153.688 73.25 86.5625
1532256332408667 153.063 64.6875 91.1875
1532256332453546 158.438 46.3125 77.8125
1532256332468507 144.813 11.625 57
1532256332566245 105 -32.5625 54.3125
1532256332596165 110.938 -38.9375 55.5
1532256332626093 94.6875 -55.625 63.75
1532256332641045 53.1875 -60 49.5
1532256332685925 46.5 -62.1875 47.0625
1532256332723823 30.8125 -63.5 42.25
1532256332738783 10.8125 -62.4375 35.0625
1532256332768704 2.9375 -48.75 22.1875
1532256332799630 10 -42.4375 21.9375
1532256332836522 9.1875 -33.9375 21.375
1532256332866443 -7.0625 -13.25 10.75
1532256332888384 -5.5 2.625 1.5625
1532256332903344 -7.4375 11.3125 -5.3125
1532256332926282 -8.9375 18.0625 -10.0625
1532256332941242 -12.4375 23.75 -14.1875
1532256332971162 -14 31.125 -24.4375
1532256332994101 -6.625 37.625 -30.5
1532256333045962 -19.875 42.75 -40.5625
1532256333098821 -70.25 45.4375 -38.5625
1532256333151680 -104.063 44.1875 -29.625
1532256333173621 -101.063 42.1875 -33.5
1532256333211520 -100.813 26.0625 -35.9375
1532256333226479 -112.438 13.8125 -39.375
1532256333271359 -128.625 -16.375 -56.75
1532256333316239 -114.813 -43.0625 -74.3125
1532256333354138 -111.75 -55.9375 -75.5
1532256333376079 -90.25 -65.625 -59.75
1532256333391039 -64.3125 -74.0625 -48.5
1532256333405999 -19.9375 -94.1875 -60.3125
1532256333428938 -4.3125 -99.375 -52.9375
1532256333473818 -39 -101.688 -42.5625
1532256333503738 -49.1875 -107.563 -44.0625
1532256333518706 -35.875 -111.313 -45.625
1532256333593497 -12 -110.125 -27.9375
1532256333623418 -2.8125 -107.625 -34.8125
1532256333684256 10 -86.125 -17.625
1532256333699214 3.4375 -71.3125 -17.4375
1532256333766037 8.9375 -27.1875 -11.25
1532256333810917 -7.875 -14.625 -10.75

1532256333833862 -8.125 4.4375 -12.75
1532256333848815 10.5625 4.875 -7.0625
1532256333886714 1.25 -3.5 -1.4375
1532256333916634 1.5625 -5.25 0.625
1532256333968503 6.375 -7.4375 -2
1532256333991434 2.8125 -3.25 -2.1875
1532256334021354 -1.375 -0.25 -1.4375
1532256334081193 -4.75 1.625 1.25
1532256334126074 6.6875 1.1875 8.5
1532256334155994 -0.4375 3 10.75
1532256334185914 -1.0625 2.8125 10.75
1532256334230794 1.625 1.625 9.125
1532256334268693 0.75 0.9375 7.625
1532256334352469 -1.8125 0.375 4.4375
1532256334375407 -1.5 0.6875 3.8125
1532256334396351 -2.8125 1.1875 3
1532256334434250 -3.6875 0.0625 3.75
1532256334516031 -1.25 -3.5 1.8125
1532256334530991 -4.1875 -4.375 2.625
1532256334583901 -2.25 -4.125 1
1532256334650712 -0.6875 -3.5 0.1875
1532256334711548 -3.5625 -2.0625 0.0625
1532256334733490 -3.5 -1.625 0.25
1532256334965867 -1.6875 0.75 -1.3125
1532256335101531 4.25 -3.3125 0.5
1532256335168328 2 -1.6875 -0.875
1532256335213207 0.8125 2.0625 -1.625
1532256335244124 2.3125 3.9375 -1.25
1532256335266065 3.375 4.8125 -1.0625
1532256335310945 7.9375 10.125 -1.9375
1532256335325905 1.5 9.125 -5.4375
1532256335355825 -25.625 12.5 -8.625
1532256335378764 -41.1875 21.5625 -10.125
1532256335401703 -34.0625 28.0625 -19.25
1532256335438604 -9.4375 22.25 -25.625
1532256335468523 -18.125 22 -22.9375
1532256335513404 -16.1875 18.375 -17.3125
1532256335574241 6.3125 8 -4.1875
1532256335596183 6.625 5.6875 -0.125
1532256335791660 11.125 -1 5
1532256335918321 -0.125 -1.6875 -1.3125
1532256335979158 2.5625 -2.3125 -1.25
1532256336024038 2.5 -4.1875 -0.0625
1532256336075899 -5.3125 -1.6875 -1.3125
1532256336098838 -3.0625 -2.25 -1.1875
1532256336128759 -0.8125 -3.25 -1.125
1532256336151697 -5.0625 -3.875 0.5
1532256336211537 -5.75 -3.75 1.5625
1532256336263398 -3.6875 -3.8125 2.4375
1532256336331217 0.0625 -6.125 7.125
1532256336407015 4.3125 -0.6875 5.5
1532256336443915 4.1875 -1.6875 4
1532256336458876 3.0625 -3.4375 3.5
1532256336488796 0.1875 -4.4375 2.6875
1532256336518715 -2.25 -5.4375 1.125
1532256336563613 -1.6875 -6.9375 -2.9375
1532256336608476 -6.6875 -6.5625 -3.9375
1532256336631414 -7.25 -4.6875 -0.9375
1532256336706214 3.4375 -2 -1.625
1532256336774033 -5.8125 -1.9375 -5.9375
1532256336825894 -9.125 -0.8125 -4.875
1532256336893713 -8.25 0.1875 -3.6875
1532256336923633 -4.6875 1.1875 -11.8125
1532256336983473 -8.75 17.5625 1.3125
1532256337021371 0.25 29.625 10.5625
1532256337126091 9.5 66.375 21.5
1532256337156011 -7 80.0625 17.625
1532256337185932 -15.5625 75 -3.5625
1532256337208870 -8.4375 61.0625 -10.4375
1532256337238789 1.5625 31.75 -28.125
1532256337260731 -13.9375 -1.1875 -38.375
1532256337283670 -23.625 -14.625 -37.875
1532256337328550 -32.75 -24.75 -42.5
1532256337351488 -40 -35.375 -48.0625
1532256337396369 -39.125 -43.5625 -49.75
1532256337426289 -17.8125 -51.125 -43.3125
1532256337494107 1.1875 -50.125 -33.9375
1532256337538988 -5.5 -49.1875 -37.6875
1532256337560928 -4 -44.5625 -41.5
1532256337613787 -13.1875 -28.9375 -45.8125
1532256337651701 -17.875 -15.875 -42.6875
1532256337673626 -26.5 16.8125 -38.875
1532256337778347 -9.8125 78.5625 -36.75
1532256337793307 -30.375 95.75 -37.0625
1532256337831206 -63.0625 128.813 -25.1875
1532256337854154 -80.8125 164.625 -21.0625
1532256337906006 -100.813 157.875 -11.8125
1532256337943904 -91.75 151 -17.625
1532256337973824 -77.625 119.938 -28.8125
1532256338011727 -69.75 95.1875 -38.0625
1532256338041660 -43.1875 87.5625 -43.4375
1532256338071563 -9.375 76.4375 -48.25
1532256338086523 -6.75 70.0625 -48.625
1532256338101484 -4.1875 60.3125 -53.0625
1532256338116443 8.125 51 -56.9375
1532256338153345 22.375 42.125 -59.6875
1532256338191243 32.6875 32.0625 -58.9375
1532256338229142 42.25 21.8125 -56.25
1532256338251100 55.375 9.4375 -53.25
1532256338318902 54.125 -33.75 -23.5
1532256338408662 19.125 -19.625 -16.3125
1532256338491440 11.875 -10.375 -8.375
1532256338521360 -24.1875 17.75 21.3125
1532256338573222 -43.4375 6.9375 48.6875
1532256338596160 -50.75 0.8125 52.375
1532256338626080 -44.8125 -7.25 56.3125
1532256338663979 -14.5 -17.625 55.0625
1532256338708859 -16.875 -22.5625 57.375
1532256338730800 -27 -27 61.5
1532256338836517 -17.3125 -33.5625 52.3125
1532256338949216 -14.0625 -50.5625 73.875
1532256339060918 -16.25 -63.25 57.5625
1532256339105798 -50.875 -74.9375 42.75
1532256339166635 26.5 -104.875 -0.9375
1532256339188576 11.5 -103.625 11.0625
1532256339211515 38.4375 -107.25 1.3125
1532256339241435 26.25 -110.188 -7
1532256339256395 9.4375 -96.3125 1.25
1532256339278336 17.625 -81.8125 4.125
1532256339301275 27.375 -73.3125 1.1875
1532256339339190 10.4375 -52.5625 10.75
1532256339384069 14.3125 18.125 25.0625
1532256339405995 26.25 40.5625 20.625
1532256339428933 -9.125 77.9375 20.25
1532256339458853 -26.25 85 27.8125
1532256339488773 -39.9375 71.8125 34.6875
1532256339503733 -40.625 64.75 33.75
1532256339533653 -58 45 30.6875
1532256339556593 -64.1875 24.625 24.1875
1532256339586512 -56.875 5.4375 22
1532256339616431 -52 -13.6875 17.625
1532256339676272 -30.8125 -50 -5.125
1532256339683253 -40.9375 -54.75 -9.25
1532256339729131 -60.6875 -40.125 -22.5
1532256339759050 -44.3125 -39.6875 -22.4375
1532256339803930 -34.5625 -27.875 -17.25
1532256339863771 -4.9375 -8.4375 -9.25
1532256339893691 0.6875 -0.5625 -5.25
1532256339923610 24.3125 17 9.5625
1532256339961509 45.1875 28.375 22.8125
1532256339998410 84.25 56.875 36.625
1532256340021349 110.688 73.625 70.1875
1532256340058251 130.5 84.5625 76.8125
1532256340073210 144.063 89.3125 80.375
1532256340096149 156 87.6875 90.5
1532256340178928 156.875 78.9375 107.438
1532256340231786 147.438 66.5 96.625
1532256340261711 111.813 46.0625 106.688
1532256340313568 93.125 20.5625 97.6875
1532256340373409 84.5 -3 96.4375
1532256340418288 62.125 -26.3125 83.5
1532256340441227 47.25 -37.8125 84.375
1532256340456187 31.625 -46.1875 79.125
1532256340494084 20.625 -62.1875 58.5
1532256340516026 -12.5625 -68.0625 47.6875
1532256340530987 -20.125 -66 37.1875
1532256340553925 -9.625 -64.375 26.0625
1532256340575866 4.9375 -60.9375 24.25
1532256340605786 8.75 -54.5 22.625
1532256340636704 14.375 -36.9375 8.25
1532256340666624 3.1875 -29.3125 5.25
1532256340733445 1.5 3.6875 -13.75
1532256340748405 10.6875 12.3125 -17.8125
1532256340793284 -15.8125 23.5 -18.8125
1532256340831184 -9.5625 24.625 -24.125
1532256340861104 0.4375 25.0625 -25.875
1532256340905984 -3.125 16.4375 -19.875
1532256340966821 -22.0625 5.875 -13
1532256341003722 -26.9375 -5.6875 -13
1532256341086501 -91.5625 -36.75 -16.5625
1532256341123402 -110.5 -50.5 -39.1875
1532256341153322 -126 -55.75 -39.625
1532256341184240 -171.375 -76.8125 -42
1532256341199200 -177.75 -85.4375 -69.4375
1532256341244080 -72.5 -106.875 -105.313
1532256341280981 -35.9375 -112.563 -92.4375
1532256341333841 -64.8125 -88 -60.125
1532256341363759 -29.125 -82.8125 -61.6875
1532256341386698 -26.8125 -78 -56.125
1532256341431578 -14.6875 -56.9375 -37.75
1532256341468484 -6.75 -56.125 -42.9375
1532256341513359 -24 -47.125 -30.5
1532256341574197 -2 -26 -20.5
1532256341612095 -7.4375 -20.625 -10.0625

1532256341700858 -0.375 -21.75 -11.375
1532256341783642 1.625 2.6875 -11.4375
1532256341813562 2.875 -0.9375 -8.9375
1532256341881381 -9.4375 -3.0625 -8.6875
1532256341896376 -12.8125 -3.8125 -7.25
1532256341941255 -12.9375 -0.4375 -6.0625
1532256341971175 -14.125 1.1875 -2.25
1532256342039020 -0.1875 -0.0625 5.625
1532256342075921 6.125 -0.125 7.125
1532256342113825 8.5 -1.125 8.0625
1532256342143745 5.3125 -1.375 6.9375
1532256342166684 1.9375 -0.5 6.625
1532256342203585 1.375 -1.875 7.4375
1532256342226524 4.1875 -3.8125 5.8125
1532256342293375 4.875 -3.75 1.9375
1532256342338255 -3.625 -1.6875 0.75
1532256342399092 0.125 0.5625 1
1532256342518772 0.8125 1.75 2.1875
1532256342608533 3.0625 0 1.75
1532256342721231 -3.8125 -1.125 -0.6875
1532256342810991 1.1875 -0.8125 0.875
1532256342840911 2.625 -1.875 1
1532256342885791 1.125 -3.4375 0.875
1532256342961588 -1.0625 -0.625 -0.6875
1532256343013450 -5 2.9375 -1.375
1532256343066308 -4 3.5 -3.375
1532256343096228 -5.6875 3.0625 -4
1532256343141108 -6.125 2.75 -4.3125
1532256343200964 -7.4375 2.25 -4.1875
1532256343351557 5.5 -2.6875 6.6875
1532256343418368 13.5625 1.8125 7.875
1532256343448287 20 10.25 10.8125
1532256343464244 21.0625 14.1875 9.9375
1532256343516106 4.9375 14.8125 1.875
1532256343568979 10.8125 14.375 -1.625
1532256343583925 15.75 11.75 -3.4375
1532256343605874 10.4375 6.6875 -3.3125
1532256343643764 7.9375 -0.3125 -6.25
1532256343688644 3.3125 -0.9375 -7.1875
1532256343718564 -2.875 -5.125 -4.625
1532256343771422 0.125 -8.25 -1.0625
1532256343861183 -11.8125 -4.125 -0.5625
1532256343929002 5.3125 -2.5625 6.8125
1532256343958922 10.1875 -5.125 7.25
1532256343995823 8.75 -5 6.375
1532256344012778 6.375 -6 5
1532256344185316 -2.0625 -7.375 -2
1532256344198281 -2.125 -9.25 -1.625
1532256344221220 -0.625 -8.125 -2.1875
1532256344236180 0.9375 -6.8125 -3.375
1532256344259119 2.75 -4.6875 -4.75
1532256344310979 2.25 -2.5 -4.875
1532256344355860 -2.4375 4.125 -3.125
1532256344425673 6.5 6.75 -2.5625
1532256344461577 9.9375 6 -1.9375
1532256344498479 7.625 3.0625 -0.75
1532256344596217 -2 1.125 -0.375
1532256344642095 -0.75 -0.75 1.4375
1532256344693956 -8.3125 -6.25 4.375
1532256344717893 -6.375 -5.625 1.8125
1532256344753796 38.5 15.375 -6.3125
1532256344776740 21.6875 23.125 -2
1532256344791695 -2.4375 30.75 0
1532256344828596 14.5 40.25 5
1532256344896415 8.9375 50.1875 2.375
1532256344941294 -18.625 63 2.375
1532256344979196 -46.5 90.75 -16.25
1532256345016094 -4 45.3125 -39.0625
1532256345046014 -14.75 27.6875 -39.625
1532256345068953 -22.3125 11.625 -38.25
1532256345105855 -33.75 -2.375 -34.9375
1532256345120814 -44 -13.3125 -36.3125
1532256345143753 -53.125 -22.3125 -38.25
1532256345218553 -21.25 -38.25 -36.3125
1532256345233513 -5.625 -42.5625 -34.8125
1532256345278393 1.9375 -49.875 -22.4375
1532256345293353 0.25 -52.375 -17.625
1532256345346212 1.4375 -48.125 -15.5
1532256345384111 1.875 -39.8125 -19.5625
1532256345406052 12.3125 -38.125 -26.75
1532256345458910 -15.0625 -11 -28.625
1532256345473870 -6.6875 -1.8125 -27.375
1532256345534708 -18 30.6875 -26.0625
1532256345586569 -25.125 50.5625 -33.1875
1532256345631449 -19.5625 105.375 -49.125
1532256345698270 -57.6875 145.188 -58.3125
1532256345810968 -58.4375 140.5 -61.375
1532256345848867 -89.625 133.313 -71.375
1532256345923667 -14.5 68.875 -47.5
1532256345946606 -3.6875 53.75 -43.8125
1532256345991490 -14.4375 24.75 -37.4375
1532256346081246 -5.625 12.5 -33.5625
1532256346185966 15.375 -12.75 -18.9375
1532256346291684 5.6875 -9.3125 -7.625
1532256346336563 -8.75 -12.5625 9.9375
1532256346403385 -66.125 -8.0625 54.8125
1532256346456243 -105.563 -11.8125 76.4375
1532256346568948 -114.563 -34.75 42.0625
1532256346620809 -121.25 -43.5625 41
1532256346637764 -93.5 -38.4375 34.5
1532256346733509 9 -68.5 49.125
1532256346808308 -30.375 -104.25 46.8125
1532256346816287 -26.5 -120.563 29.0625
1532256346846207 -48.5625 -167.125 -19.125
1532256346899064 -7.375 -140.438 -38.625
1532256346973865 -14 -103.063 -15.0625
1532256347033706 9.125 -61.0625 -22.5
1532256347057641 -7.6875 -47.625 -18.25
1532256347123465 -5.4375 -34.6875 -6.6875
1532256347176324 6.8125 -29.1875 -6.875
1532256347237162 21.5625 -14 -3.0625
1532256347281044 -2.9375 16.75 -0.875
1532256347333903 47.6875 67 34.1875
1532256347363822 57.625 98.375 54.4375
1532256347378782 106.188 112.25 65.9375
1532256347438622 138.25 141.313 115.5
1532256347476521 174.563 122.938 133.688
1532256347611161 225.063 79.75 124.375
1532256347664020 233.813 63.625 123.375
1532256347775721 101.125 -81.5625 63.5
1532256347806638 -17.6875 -113.875 60.375
1532256347828580 -7.6875 -102.625 47.5625
1532256347866478 24.4375 -81 32.4375
1532256347903379 -9.9375 -42.4375 25
1532256347926318 -3.25 -25.625 10.75
1532256347971198 3.5 -0.1875 -2.5625
1532256348009097 -15.0625 24.6875 -14.4375
1532256348053977 -29.5 45.1875 -37.5
1532256348075918 -39.6875 45.625 -46.125
1532256348105838 -30.6875 46.0625 -44.5
1532256348166676 -27.625 37.25 -38.875
1532256348188616 -43.875 32.625 -32.75
1532256348233497 -67.0625 22.875 -19.5
1532256348256435 -79.9375 14.625 -24.25
1532256348301316 -133.375 -29.9375 -28.1875
1532256348324254 -172.625 -72.5625 -53.625
1532256348339213 -134.875 -82.5 -60
1532256348391076 -30 -96.875 -75.125
1532256348414014 -13 -108.125 -72.9375
1532256348428973 -19.9375 -117.188 -66.3125
1532256348473854 -37.375 -117.188 -59.5
1532256348510755 -47.75 -115.875 -46.125
1532256348541673 -44.8125 -116.313 -38.875
1532256348549652 -37.875 -117.813 -54.625
1532256348578574 -14.5 -111.625 -52.125
1532256348601513 -0.875 -109.938 -49.625
1532256348638414 13.0625 -103.188 -41.4375
1532256348668334 18 -90.5 -31.0625
1532256348729172 -42.625 21.625 3.8125
1532256348774052 17.5625 20.6875 -1.6875
1532256348795993 43.1875 -2.875 -10.75
1532256348818932 33.5625 47 11

1532256348886750 17.1875 99.5625 -9.0625
1532256348908691 16.875 141.375 -17.625
1532256348953571 71.875 222.625 -59.25
1532256349103414 -20.0625 272.938 -82.875
1532256349178215 -15.375 255.813 -94
1532256349290913 -10.9375 65.75 -57.625
1532256349343771 -10.5625 25.4375 -23.1875
1532256349404610 7.25 6.375 -3.625
1532256349493372 5.4375 -7.5 5.5625
1532256349508348 16.0625 -9.125 8.3125
1532256349584128 11.6875 5.25 -0.3125
1532256349606070 6.4375 1.8125 -1.4375
1532256349786588 8.125 -4.8125 -4
1532256349883329 -2.4375 3.125 4.4375
1532256349959139 -5 3.625 7.625
1532256350063859 -7.375 3.5 16.1875
1532256350236398 -20.75 -93.4375 56.5625
1532256350393977 -49.125 -181.813 -20.1875
1532256350400958 -41 -174.5 -8.8125
1532256350453817 -5.875 -151.938 5.5625
1532256350468777 0.25 -139.313 2.25
1532256350513657 18.125 -116.313 -4
1532256350581475 0.4375 -97 -7.375
1532256350641315 1.25 -88.125 -7.375
1532256350671235 6.25 -77 -12.5
1532256350716115 13.6875 -61.875 -16.6875
1532256350783944 8.5 -5.0625 -5.3125
1532256350835795 18.3125 -13.4375 20
1532256350911592 16.6875 1 15
1532256350941512 11.25 -5.125 9.6875
1532256350956473 5.0625 -6.1875 7.1875
1532256350986393 -4.5 -5.5 -0.4375
1532256351001353 -6.125 -3.125 -3.25
1532256351023294 -9.1875 -1.375 -4.125
1532256351038254 -11.5 -2.8125 -2.4375
1532256351054210 -14.125 -3.5 -0.875
1532256351069171 -11.75 -3.4375 -0.5625
1532256351091112 -6 -3.25 -0.875
1532256351158930 -0.4375 -3.5625 -0.375
1532256351173891 2.25 -4.3125 1.1875
1532256351210792 -2.0625 -1.5 3.6875
1532256351248691 -2.9375 -6.0625 7.5
1532256351286590 5.75 -4.5625 11.5
1532256351346431 9.5 -2.5625 10.0625
1532256351383331 4.8125 -1.8125 8.25
1532256351406270 1.6875 -0.375 6.625
1532256351444168 0.625 0.375 5.8125
1532256351466110 -0.4375 -0.3125 3.1875
1532256351496029 -3.1875 -5.8125 0.375
1532256351510990 -1.3125 -6.625 0
1532256351555869 -0.375 -5.9375 -0.875
1532256351616724 3.5 -0.875 -2.9375
1532256351676547 0 2 -4.6875
1532256351706467 -3.0625 3 -6.3125
1532256351728409 -4.375 3.0625 -6.875
1532256351766307 -5.0625 0.75 -5.0625
1532256351803208 -3.6875 1.125 -3.875
1532256351826147 0 1.625 -2.8125
1532256351849085 5.1875 3.125 -1.4375
1532256351879005 2.1875 2.75 0.5
1532256351900947 1.5625 3.1875 1.5625
1532256351938845 1.625 3.5625 1.625
1532256351953805 1.6875 1.1875 -0.5
1532256352006664 -4.75 0.375 -4.9375
1532256352036584 -12.625 6.375 -12.0625
1532256352051544 -7.4375 12 -13.5625
1532256352088445 15.5625 22.5625 -11.6875
1532256352141304 -45.6875 55.5 -6
1532256352194162 -21.75 69.9375 -10.8125
1532256352216104 -8.5625 76.75 -12.875
1532256352239043 1.4375 71.75 -20.1875
1532256352260984 5.25 62.3125 -25.25
1532256352275944 4.75 54.875 -20.25
1532256352305864 -4.9375 41.875 -20.9375
1532256352335784 -8.1875 7 -39.1875
1532256352389640 -6.8125 -21.0625 -52.5
1532256352441507 -22.625 -43.4375 -54.75
1532256352463442 -10.625 -35.25 -45.25
1532256352486381 13.125 -36.6875 -24.5
1532256352501341 16.6875 -39.8125 -18.25
1532256352531262 25.0625 -26.25 -14.9375
1532256352554211 14.6875 -15.625 -5.5625
1532256352584120 -0.875 -10.25 -6.6875
1532256352606061 -6.625 1.5 -12.375
1532256352629000 -2.5625 14.625 -16.375
1532256352673880 1.3125 39.375 -22.625
1532256352725741 -18.625 63.125 -24.875
1532256352763640 -11.0625 75.625 -31.3125
1532256352778600 -31.1875 95.125 -33.8125
1532256352823480 -47.25 112 -32.3125
1532256352846419 -38.5625 115.313 -36.3125
1532256352876339 -61.5625 117.625 -29.75
1532256352898280 -61.375 115.25 -36.8125
1532256352944157 -48.8125 110.938 -48.125
1532256353003997 -56.0625 101.938 -47.125
1532256353072812 -32.1875 72.1875 -67.8125
1532256353108717 -20.9375 42.75 -66.875
1532256353153597 26.375 17.625 -58.6875
1532256353183517 40.125 -0.25 -54.5
1532256353198477 38.5625 -10.0625 -47.5
1532256353266296 48.4375 -24.375 -26.125
1532256353288237 23.9375 -28 -12.125
1532256353304195 13.0625 -19.125 -6.3125
1532256353319154 16.5625 -10.5 -1.125
1532256353356055 14.25 -5.8125 9.4375
1532256353371016 -7.6875 -0.125 18.875
1532256353400946 -23.125 8.625 29
1532256353415895 -23.1875 9.9375 31.75
1532256353445816 -30.4375 9.625 37.375
1532256353475735 -46.5 9.4375 46.6875
1532256353498674 -66.5625 8.875 55.9375
1532256353551533 -87.3125 7.125 71.25
1532256353566493 -88.5625 4.9375 82.5625
1532256353581452 -98.375 -1.0625 89.8125
1532256353686173 -91.6875 -0.6875 81.75
1532256353746013 -108.313 -43.25 31.875
1532256353843751 -84.625 -68.375 -0.25
1532256353881650 -27.6875 -75.875 49.625
1532256353918552 -11.0625 -106.875 36.5625
1532256353941490 -16.75 -112.25 34.125
1532256353956450 -24 -121 29
1532256353978392 -22.5 -123.125 19.75
1532256354001330 3.125 -121.188 13.25
1532256354023272 35.4375 -110.5 4.125
1532256354062168 43.375 -100.938 -5.875
1532256354091090 38.3125 -93.75 -8.8125
1532256354106050 28.0625 -75.25 -10
1532256354135970 5.0625 -41.125 -11.75
1532256354203788 -8.125 -12.125 -23.4375
1532256354241687 -8.375 5.0625 -14.9375
1532256354301540 -10.75 9.6875 -3.75
1532256354316488 2.0625 20.9375 8.125
1532256354391287 70.375 61.5625 59.25
1532256354466088 117.875 81.375 92.375
1532256354496007 155.563 82.4375 110.313
1532256354525927 190.063 91.625 124.938
1532256354601724 189.875 80 127.375
1532256354661565 190 70.4375 128.938
1532256354743346 105.938 5.8125 111.625
1532256354766285 110.375 -28.625 95.3125
1532256354826124 46.5 -59 91.9375
1532256354871004 23.6875 -85.125 66
1532256354945805 28.6875 -65.125 43.0625
1532256354983702 23.5625 -53.625 32.1875
1532256355021602 -10.5625 -12 -4.5
1532256355036562 -13.8125 16 -26.6875
1532256355088423 -19.125 42.25 -46
1532256355134300 -26.5 45.375 -47.125
1532256355165217 -27.5625 47.8125 -45.9375
1532256355216082 -44.8125 38.5 -53.375
1532256355246999 -76.6875 26.4375 -48.25
1532256355283900 -112 -3.75 -45.4375
1532256355328780 -134.688 -17.625 -43.8125
1532256355388620 -181.438 -37.5 -49.375
1532256355441479 -59.9375 -62.6875 -124.313
1532256355478381 -53.0625 -76.9375 -107.625
1532256355501320 -89.8125 -79.75 -100.938
1532256355561159 -91.5 -77.9375 -79.375
1532256355628978 -15.875 -80.125 -44.125

1532256355748658 3.8125 -55.125 -16.375
1532256355763618 9.1875 -49.1875 -19.1875
1532256355831436 3.5 -34.75 -12.25
1532256355876316 -5.125 -23.8125 -14.25
1532256355914215 25.1875 -26.9375 -15.0625
1532256355966092 3.625 -21.8125 -11
1532256356003993 7.6875 -14.1875 4
1532256356206452 -1.4375 -1.1875 6.8125
1532256356228393 -1.4375 0.125 6.125
1532256356258313 -3.0625 -1.125 5.4375
1532256356281251 -0.25 -1.4375 5.9375
1532256356349070 2.6875 -1.4375 5.0625
1532256356371012 3 -1.1875 4.9375
1532256356468750 0.3125 0.9375 3
1532256356498670 -1.875 1.25 2.5
1532256356521609 -3.375 0.4375 2.3125
1532256356611369 -0.75 -0.5625 3.8125
1532256356701129 2 -1.875 1
1532256356739027 -2.8125 1.1875 0.6875
1532256356798867 7.5625 -0.25 -7.4375
1532256356850743 5 9.8125 -6.9375
1532256356911566 -11.5 37.125 -16.375
1532256356963428 -32.6875 42.5625 -12
1532256357165885 -3.1875 14.3125 -9.5
1532256357407241 5.9375 -10.75 4.6875
1532256357548862 13.6875 -6.125 10.9375
1532256357616681 -8.125 -1.0625 -5.6875
1532256357646604 -10.1875 -2.1875 -3.0625
1532256357661560 -8.75 -3.0625 -1.6875
1532256357691481 -2.4375 -4.0625 0.625
1532256357728382 -1.875 -3.875 3.125
1532256357766281 -2.4375 -3.0625 3.75
1532256357796201 -3.25 -1.8125 4.625
1532256357834100 -3 -0.3125 6.1875
1532256357849058 -0.3125 -0.375 7.3125
1532256357878980 4.375 -0.3125 7.3125
1532256357938819 7.5625 1.125 6.1875
1532256357983708 5.875 1 3.3125
1532256358006638 4.3125 -0.3125 1.8125
1532256358036558 1.3125 -1 -2
1532256358052526 -0.375 -1.25 -4.125
1532256358073459 -1.1875 -1.8125 -5.25
1532256358096397 -1.1875 -2.375 -6.25
1532256358126318 -2.125 -2.625 -6.5
1532256358164216 -4.625 -1.0625 -6.5
1532256358216078 -1.625 0.625 -4.5625
1532256358239016 0.1875 0.9375 -4.5
1532256358268937 -1 1.6875 -4.4375
1532256358290878 -3.4375 1.25 -4.125
1532256358320798 -3.3125 0.25 -3.5
1532256358366674 -1.0625 0.0625 -3.125
1532256358396595 0.1875 1.375 -1.1875
1532256358411555 0.4375 2.3125 -0.9375
1532256358433497 0.125 2.25 -1.1875
1532256358463416 1.1875 1.375 -4.0625
1532256358591075 -3.4375 2 -3.625
1532256358606035 -8.5 2.125 -4.25
1532256358658893 -11.5625 -1.125 -5.4375
1532256358688814 -9.25 0.625 -6.375
1532256358718744 -3.4375 4 -8.5625
1532256358733699 1.3125 3 -5.0625
1532256358748654 2.5 5.375 -2.3125
1532256358771593 -0.6875 11.6875 -2.0625
1532256358793534 -3.3125 17.0625 -2.3125
1532256358808494 1.5 19.8125 -3.9375
1532256358831432 10.1875 21.75 -2.5625
1532256358853374 14 24.875 -1.4375
1532256358883294 10.5625 30.5625 -3.9375
1532256358906232 2.6875 33.9375 -5.5625
1532256358944131 -2 34.0625 -1.3125
1532256358959102 0.1875 32.5 -3.3125
1532256358995992 1.875 27.6875 -3.8125
1532256359018931 0.25 22.125 -1.3125
1532256359116676 -8.375 16.6875 -1.125
1532256359168531 -6.75 7.4375 -2.9375
1532256359221389 24.5625 -3.25 4.3125
1532256359281229 13.4375 -16.9375 -8.75
1532256359319128 -11.3125 -18.5625 -10.625
1532256359385949 -12.1875 -12.75 -9.375
1532256359438808 -3.4375 -13.4375 -9.25
1532256359498648 0.3125 23.875 -31.9375
1532256359566467 -34.5625 118.625 -27.5
1532256359611347 -36.6875 154.438 -44.875
1532256359724045 -51.5625 164.813 -62.6875
1532256359739006 -65.25 161.813 -61.1875
1532256359798845 -73.6875 144.875 -62.3125
1532256359835747 -14 43.375 -57.4375
1532256359873645 -8.25 31.3125 -53.625
1532256359918526 1.5625 19.8125 -52.375
1532256359993325 15.875 8.375 -54.9375
1532256360054163 39.125 -47.875 -49.875
1532256360091064 40.3125 -63.4375 -40.3125
1532256360114002 57 -70.125 -34.75
1532256360158883 38.4375 -73.125 -22.25
1532256360173855 24.875 -62.0625 -16.1875
1532256360233683 -10.3125 -12.8125 6.0625
1532256360256621 -20.9375 20.8125 23.9375
1532256360293523 -29.5 32.0625 33.625
1532256360316461 -39.125 39.6875 42.5625
1532256360338403 -50.875 44.8125 50.375
1532256360361341 -59 45.5625 60.0625
1532256360406221 -52.6875 39.9375 66.75
1532256360429160 -52.0625 36.75 74.125
1532256360474040 -62.125 34.1875 83.25
1532256360540861 -95.3125 19.5 86.875
1532256360683480 -62.5625 -86.4375 -6.375
1532256360766258 -37.1875 -62.4375 29.875
1532256360796178 1.75 -54.3125 25
1532256360841059 -38.75 -87.8125 47.375
1532256360878956 5.75 -108.063 38.9375
1532256360900898 0.0625 -111.125 35
1532256360938797 -1.75 -100.563 20
1532256360976695 28.9375 -92.6875 11.6875
1532256361021576 10.75 -45.75 -9.75
1532256361051496 -9.875 -19 -14.75
1532256361103357 -25.875 4.0625 -14.8125
1532256361118317 -9.9375 7.8125 -15.375
1532256361149234 1.6875 11.3125 -9.25
1532256361186136 2.1875 39.5 7
1532256361238994 64.25 80.375 53.1875
1532256361275895 93.1875 92.4375 67.875
1532256361313794 112.5 101.313 79.3125
1532256361403554 196.563 109 135.25
1532256361433475 208.063 98.5 144.75
1532256361463393 198 52.8125 130.125
1532256361493314 173.563 0.1875 119.688
1532256361539192 150.125 -16.25 118.5
1532256361628951 84.6875 -96.6875 79.0625
1532256361658880 80.4375 -94.5 64.0625
1532256361718712 -30.375 -72.0625 49.375
1532256361771570 0.125 -43.0625 33.8125
1532256361786530 17.1875 -26.1875 26.6875
1532256361846370 -10.0625 26.5 -13.375
1532256361868328 -15.4375 36.1875 -25.625
1532256361921170 -24.6875 49.0625 -40.75
1532256361959069 -49.0625 52.6875 -49.375
1532256361988989 -88 43.875 -46.6875
1532256362010930 -106.813 37.875 -52.0625
1532256362040850 -132.5 28.5 -60.875
1532256362063789 -140.5 19 -65.125
1532256362101687 -156 -8.25 -72
1532256362123629 -154.938 -20.125 -76
1532256362161527 -105.813 -46.125 -90.8125
1532256362191447 -71.375 -65.75 -100.375
1532256362206413 -38.875 -92.8125 -86.25
1532256362236327 -26.9375 -109.063 -78
1532256362274236 -45.5 -132.063 -88.1875
1532256362311127 -64.25 -140.5 -58.75
1532256362326087 -42.4375 -136.938 -43.125
1532256362349025 3.375 -133.75 -32.5625
1532256362385927 35.25 -128.188 -28.375
1532256362408865 39.375 -120.375 -24.75
1532256362438810 28.625 -103.938 -9.3125

1532256362476709 10 -74.625 -11.9375
1532256362551516 -4.25 24 -16.1875
1532256362633297 -21.4375 -26.9375 -9.8125
1532256362664219 -23.6875 0 -11.3125
1532256362716075 2.8125 4.375 -7.5
1532256362768934 4.625 4.5625 -1.6875
1532256362813813 6.4375 4.5 11.125
1532256362828773 10.3125 5.6875 11.0625
1532256362843734 13.9375 4.8125 10.6875
1532256362866673 14.375 3.1875 9.875
1532256362918534 7.5625 1.9375 10.1875
1532256362978373 1 -1 9.4375
1532256363084097 3.25 -3.875 8.125
1532256363158891 -2.5625 -8.25 4.375
1532256363210752 -5.125 -7.5 3.625
1532256363233691 -3.0625 -6.625 3.3125
1532256363338410 -8.8125 -3.8125 -7.375
1532256363406230 -10.9375 -6.5 -4.875
1532256363459088 -8.625 -2.1875 -3.5
1532256363548848 -30.875 4.75 0.8125
1532256363608688 -17.75 2.5 0.6875
1532256363683488 2.5 -11 1.1875
1532256363713419 1.3125 -15.125 -0.6875
1532256363789216 -11.5 -3.25 -9.0625
1532256363826118 -7.3125 2.75 -12.875
1532256363893936 -8.9375 24.375 -6.9375
1532256363983697 7 -3.1875 -5.0625
1532256364066474 14 -1.4375 12.6875
1532256364209102 20.1875 -10.5 18.5
1532256364268934 -2.4375 -13.9375 8.9375
1532256364320795 -6.6875 -9.625 -6.3125
1532256364358693 -4.0625 -5.25 -5.25
1532256364426523 1 -4.125 -3.25
1532256364463413 2.3125 -0.6875 -4.8125
1532256364508293 5.125 1.9375 -6
1532256364539210 4.625 4 -5.5625
1532256364652907 -5.4375 0.6875 -5.6875
1532256364710752 -9.1875 -3.25 -5.875
1532256364756629 -17 -2.1875 -5.8125
1532256364801510 -24.9375 -1.0625 -6.8125
1532256364921189 -18.4375 12.0625 -18.8125
1532256364959093 -16.625 25.5625 -2.875
1532256364974048 -23.4375 36 10.625
1532256364989008 -17.375 66.5625 14
1532256365033889 -2.625 92.0625 13.125
1532256365055829 -7.0625 98.25 9.1875
1532256365070789 -1.8125 102 5.4375
1532256365108688 21.875 76.3125 -14.8125
1532256365146587 29.125 60.5 -28.625
1532256365191467 -13.875 23.0625 -27.5625
1532256365213408 -57.1875 -9 -29.6875
1532256365258288 -67.375 -30.4375 -35.5
1532256365326106 -56.375 -49.25 -52.875
1532256365415866 -6.0625 -70.6875 -30.875
1532256365438805 6.25 -64.4375 -28.6875
1532256365476704 11.6875 -31.9375 -20.5625
1532256365498645 8.875 -17.9375 -27.625
1532256365543524 6.1875 27.375 -45.4375
1532256365603364 1.875 41.25 -49.25
1532256365671184 -6.1875 74.125 -57.1875
1532256365709082 -30.875 133.25 -49.4375
1532256365731024 -22.875 149.188 -53.375
1532256365768923 -54.5625 147.938 -58.0625
1532256365783883 -59.8125 141.125 -55.6875
1532256365820783 -46.5 128.813 -58.8125
1532256365836753 -49.25 120.125 -58.875
1532256365873642 -51.6875 111.188 -53.875
1532256365888602 -36.5 102.5 -50.875
1532256365903562 -28.75 94.5 -49.6875
1532256365941461 -35.5625 85.5625 -47.25
1532256365993322 -23 65.625 -38.75
1532256366031221 -7.9375 41.1875 -39.5625
1532256366158880 -1.375 24.0625 -38.375
1532256366195786 9.4375 8 -37.0625
1532256366248640 1.1875 -30.6875 -20.875
1532256366338399 -14.9375 -19.0625 5.6875
1532256366436138 -56.875 -25.1875 67.375
1532256366474037 -63.375 -29.4375 79.8125
1532256366518917 -74.4375 -33.8125 80.4375
1532256366638597 -82.6875 -50.5 67.8125
1532256366661535 -85.125 -59.75 58.5
1532256366698436 -73.625 -75.375 48.0625
1532256366789194 -52.9375 -92.9375 50.125
1532256366827108 -15.875 -84.625 22.125
1532256366885935 2.625 -106.25 6.125
1532256366938794 25.6875 -104.875 -6.125
1532256366976692 22.9375 -88.1875 -18.375
1532256367028554 17 -54.6875 -23.125
1532256367066453 0.0625 -33.375 -23.3125
1532256367103354 13.0625 -20 -19.4375
1532256367133274 16.5 -8.125 -8.75
1532256367179151 10.1875 -4.8125 -8.0625
1532256367231012 2.875 3 -7.3125
1532256367268911 0.5625 7.125 -9.9375
1532256367343711 -15.1875 9.0625 -7.625
1532256367433471 73.1875 68.5 79.3125
1532256367508271 123.25 79.375 114.5
1532256367569109 190.375 70.875 147.688
1532256367650890 248.75 35.75 151.375
1532256367710730 157.813 -13.5625 104.688
1532256367733669 154.313 -37.8125 98.6875
1532256367808468 135.75 -59.0625 90.0625
1532256367838389 93.1875 -67.875 79.1875
1532256367868308 25.875 -71 61.6875
1532256367936127 26.5625 -56.875 48.25
1532256367959065 26.8125 -52.1875 45.6875
1532256368010927 -1.125 -0.1875 -3.6875
1532256368033866 -12.9375 10.5 -11.1875
1532256368063786 -18.1875 22.8125 -17.5
1532256368101684 -11.625 29.125 -23.75
1532256368161524 -42.625 38.125 -30.875
1532256368206404 -73.5 38.625 -33.4375
1532256368229343 -96.875 35.625 -35.375
1532256368289183 -92.875 27.125 -42.125
1532256368304143 -90.0625 21.9375 -47.3125
1532256368334063 -106.563 4.875 -57.6875
1532256368363983 -123.563 -9.125 -74.625
1532256368400886 -142.375 -22.6875 -86.625
1532256368415844 -137.188 -34.375 -88.125
1532256368468702 -88.875 -75.125 -91.8125
1532256368483663 -84 -83.0625 -84.25
1532256368521572 -85.625 -92 -77.8125
1532256368551482 -65.375 -100.688 -66.5
1532256368618303 -10.75 -106.125 -61.75
1532256368641241 12.375 -116.313 -67.5625
1532256368686121 63.0625 -53.1875 -26.875
1532256368724020 73.9375 -53.25 -12.625
1532256368753940 47.3125 -53.25 -8.375

1532256368798820 14.125 -49.375 -4.1875
1532256368844697 29.375 -51.6875 -7.5625
1532256368888580 42.8125 -53.9375 -7.4375
1532256368918500 -21.5 -13.6875 12.625
1532256368948420 2.6875 9.625 -10.0625
1532256368971359 9 0.9375 -7.5625
1532256369016238 2.9375 -8.125 -3.5
1532256369054137 -13.6875 -9.375 -2.875
1532256369084069 -15.875 1.8125 -2.875
1532256369137914 4.4375 -0.5 2.6875
1532256369195759 -15.8125 -2.625 4.3125
1532256369241636 -2.5625 0.5 1.25
1532256369263576 -2 2 -1.4375
1532256369361233 -13.8125 0.5625 -3.0625
1532256369473932 -13.875 0 -4.3125
1532256369503851 -13.625 0 -3.625
1532256369548732 -3.875 1 0.0625
1532256369593611 7.625 2.25 6.8125
1532256369623532 15.5 1.3125 6.8125
1532256369646470 15.9375 3.8125 4.8125
1532256369668412 11 5.1875 4.3125
1532256369691350 7.6875 6.4375 3.3125
1532256369729248 7.9375 7 1.625
1532256369774129 6.9375 4.875 -2
1532256369811030 1.0625 1.5625 -4
1532256369833969 -2.75 0.625 -5.125
1532256369953648 -6.8125 0.125 -5.875
1532256370119206 -10.1875 0.0625 -2.75
1532256370418410 2.625 8.3125 -2.375
1532256370456305 10.5 4.0625 -1.25
1532256370561024 2.75 -4.375 -4.0625
1532256370583986 -0.375 -4.3125 -3.9375
1532256370650794 -3.875 -0.8125 -4.4375
1532256370810358 4.9375 1.8125 5.875
1532256370861222 0.6875 -1.125 -0.5
1532256370914081 1.8125 -2.5625 -6
1532256370973920 -1.3125 -3.5625 -5.9375
1532256370995862 -4.625 -3.625 -5.375
1532256371063680 -3.3125 -2.8125 -3.6875
1532256371093600 -0.125 -3.625 -2.5
1532256371138481 0.3125 -1.0625 -3.75
1532256371214279 -2.625 0.3125 -4.25
1532256371259158 -0.8125 0.375 -3.75
1532256371318998 -0.8125 -0.3125 -1.5
1532256371348917 -1.3125 -0.0625 -0.75
1532256371378837 -2 1.0625 1.625
1532256371446656 -2.6875 0.375 3.6875
1532256371461616 -7.0625 -0.4375 -1.8125
1532256371536416 11.0625 16.25 -12.3125
1532256371573318 -9.625 22.9375 -9.5
1532256371588278 -29.125 46.6875 -7.3125
1532256371656096 -7.8125 67.8125 -12.0625
1532256371679035 -6.9375 70.5625 -12.375
1532256371723915 -25.8125 58.8125 -36.3125
1532256371760816 -25.5625 36.0625 -45.1875
1532256371798715 -17.125 20.625 -52.25
1532256371881494 -15.9375 -14.1875 -43.3125
1532256371948315 -5.625 -65.0625 -25
1532256371971253 -1.3125 -59 -15.9375
1532256371986213 -6.625 -46.3125 -12.875
1532256372046053 -6.875 -34.375 -9.625
1532256372075973 -3.9375 -23.625 -6.125
1532256372113872 5 -10.125 -7.125
1532256372150773 -7.8125 47.0625 -16
1532256372188672 -30 63.5625 -17.0625
1532256372203632 -22.75 102.25 -20
1532256372226571 -9.8125 114.75 -29.0625
1532256372263472 -54.5625 149.438 -28.8125
1532256372308352 -58.625 155.25 -35.5625
1532256372323312 -49.25 154.938 -47.125
1532256372384149 -60.1875 148.438 -48.125
1532256372429029 -62.125 133.25 -54
1532256372503829 -48 111.438 -73
1532256372616528 0.6875 46.1875 -58.75
1532256372661408 24.25 5.625 -51.5625
1532256372706287 27.8125 -8.4375 -50.1875
1532256372833956 -4.0625 -30.0625 1.6875
1532256372915728 -48.25 -14.3125 29.3125
1532256373043387 -123.688 -16.0625 92.0625
1532256373119184 -95.25 -120.5 28.875
1532256373164063 -23.875 -108.688 46
1532256373193984 40.6875 -123.625 20.8125
1532256373245845 14.625 -149.75 6.9375
1532256373298703 -14.375 -149.625 9.4375
1532256373403424 36.0625 -88.4375 -4.375
1532256373486202 42.6875 -29.375 -21.8125
1532256373531082 28.875 -21.125 -20.125
1532256373546042 8.0625 -16.4375 -21.3125
1532256373598900 -14.25 26.75 8.0625
1532256373628821 20.5625 32 10.125
1532256373673701 21.125 68.8125 51.25
1532256373726560 51.0625 74.875 62.5
1532256373778421 118.688 82.4375 81.0625
1532256373869178 171.188 72.5 116.063
1532256373965947 209.438 41.8125 104.75
1532256374004843 158.25 22 96
1532256374056704 132.375 1.5 89.625
1532256374183366 38.375 -60.75 70.5
1532256374221264 11.125 -65.75 54.5
1532256374244204 1.6875 -66.5625 48.5625
1532256374281104 -17.9375 -51.875 28.375
1532256374304043 -8.875 -38.9375 18.875
1532256374370864 -5.125 11.625 -8.5
1532256374393802 -16.1875 32.9375 -26.375
1532256374431701 -21.75 40.875 -41.875
1532256374446661 -39.6875 42.625 -47.0625
1532256374476582 -58.875 43.6875 -52.0625
1532256374513484 -117.25 64.4375 -61
1532256374536421 -145.938 69.5 -69.1875
1532256374566342 -219.313 40.25 -114.125
1532256374619200 -152.625 -23 -112.5
1532256374679040 -76.625 -46.6875 -121.688
1532256374700982 -75 -56.9375 -115.063
1532256374723920 -76.375 -64.6875 -99.4375
1532256374745861 -79.8125 -72.125 -95.5
1532256374783760 -72.9375 -85.3125 -86.5625
1532256374821659 -40.25 -92.6875 -72
1532256374911418 9.6875 -122.563 -51.6875
1532256375031098 27.9375 -105.625 -7.8125
1532256375061018 -9.5 -21.0625 29.3125
1532256375075979 -35.6875 42.5625 -5.5625
1532256375098917 -12.6875 43.8125 -15.3125
1532256375128837 6.6875 25.75 -5.5

1532256375150778 50.5 7.375 -9.875
1532256375181696 12.3125 -24 2.9375
1532256375196656 -5.25 -19.6875 12
1532256375218597 -15.75 -10.75 11.5
1532256375233570 -1.5625 3.3125 0.375
1532256375256496 5.5625 7.8125 -7.375
1532256375286417 4.0625 8.25 -6.875
1532256375316335 5.875 6.5 -2.875
1532256375345864 3.5625 0.625 -0.0625
1532256375376781 1.8125 -0.4375 2.3125
1532256375406701 -7.625 5.625 -3.75
1532256375428643 -7.625 6.5 -3.5625
1532256375458563 -2.1875 4.9375 -2.75
1532256375488482 10.0625 -2.9375 0.9375
1532256375533362 -7.3125 -7.25 4.25
1532256375556301 -10 -6.0625 5.3125
1532256375594200 2.75 -4.375 8.6875
1532256375609160 7.9375 -4.4375 9.6875
1532256375631101 8.3125 -4.25 10.5625
1532256375661021 0.9375 -4 11.0625
1532256375698920 -1 -2.8125 10.75
1532256375743800 -2.3125 -1.3125 8.375
1532256375759757 -1.875 -1.5625 7.6875
1532256375781698 -2.875 -1.3125 6
1532256375818600 -4.1875 -1.25 5.3125
1532256375841539 -3.875 -1.4375 5.4375
1532256375886419 -3.6875 -1.9375 5.25
1532256375946259 0.9375 -3.375 3.125
1532256375976178 3.9375 0.4375 2.5625
1532256376006099 10.1875 4.25 5.1875
1532256376021059 17.75 6.25 3.375
1532256376036018 17.6875 9.75 1.5625
1532256376058957 11.1875 10.75 3.125
1532256376088877 7.0625 8.4375 -3
1532256376103837 13.3125 14.5 -3.5625
1532256376125778 14.3125 19.625 -8.1875
1532256376141736 10.125 25.8125 -18.6875
1532256376156696 3.1875 19 -24.375
1532256376193597 1.8125 10.6875 -17.625
1532256376223517 8.3125 9.875 -10.25
1532256376268397 -2.6875 10.6875 -11.1875
1532256376298316 -9.5 9.8125 -18.5
1532256376329240 -14.625 7.875 -2.6875
1532256376336216 -14.3125 7.5625 5.4375
1532256376425976 9.75 4 19.3125
1532256376598514 3.25 -7.1875 9.125
1532256376636420 -4.875 -0.0625 1.25
1532256376719192 15.25 -1.3125 14.9375
1532256376876770 -0.4375 1.0625 0.3125
1532256376898712 2.5 0.6875 -2.0625
1532256376958552 -6.1875 -2.375 -8.75
1532256376981491 -6.75 -4.1875 -9.3125
1532256377026370 -8.5 -5.25 -9.1875
1532256377041329 -9.3125 -4.8125 -7.4375
1532256377079229 -9.3125 -4.0625 -5.625
1532256377131090 0.0625 0.4375 2.3125
1532256377168988 2.25 1.3125 6
1532256377190930 4.375 0.75 9.5625
1532256377220850 6.5 0.25 11.25
1532256377235810 8.875 -0.5 11.5625
1532256377281687 11.25 -2 10.75
1532256377363469 3.6875 -5.625 4.625
1532256377469186 -4.4375 -7.0625 -0.4375
1532256377499106 0.3125 -2.125 -0.9375
1532256377550968 -2.125 4.25 -3.1875
1532256377580887 -6.4375 3.8125 -4
1532256377633746 -6.8125 0.125 -7
1532256377648705 -6.4375 -1.1875 -9.25
1532256377746445 -11.5625 -1.5 -10.375
1532256377866125 15.5625 2.875 1.25
1532256377918983 -0.625 17.6875 0.25
1532256377978823 4.4375 38.75 5.75
1532256378016722 6.5 48.6875 -1.25
1532256378053623 30.9375 68.5625 -15.25
1532256378113463 45.1875 52.8125 -7.875
1532256378166322 14.9375 -7.375 -33.5625
1532256378330881 -45.3125 -56.5 -37.625
1532256378773717 -45.25 126.875 -69.4375
1532256378803637 -50.4375 124.125 -68.75
1532256378826576 -47.75 123.188 -68.9375
1532256378865471 -51 108.688 -53.75
1532256378908357 -29.1875 82.75 -57.9375
1532256378923317 -8.625 63.4375 -60.3125
1532256378976176 8.125 19.6875 -69.8125
1532256379080895 55.9375 -46 -30.0625
1532256379163674 30.6875 -30.8125 -15.875
1532256379201593 3.75 -7.5 1
1532256379223514 -15.375 3.5 10.8125
1532256379253434 -43.5625 20.5 47.25
1532256379298314 -49.1875 22.625 60.4375
1532256379329240 -59.8125 24.3125 76.0625
1532256379366133 -104.063 22.625 108.188
1532256379389071 -114.188 19.125 117.938
1532256379463871 -128.688 14.0625 124.313
1532256379501770 -144.188 6.375 129.438
1532256379538672 -152.375 -9.5625 123.625
1532256379583551 -108 -79.875 30.25
1532256379711210 11.9375 -104.625 -14
1532256379756133 43 -59.75 -11.3125
1532256379786040 35.9375 -42.4375 -2.25
1532256379808979 37.3125 -28 -4.0625
1532256379823938 36.125 -22.0625 -17.6875
1532256379868819 10.4375 -10.3125 -12.625
1532256379883779 -8.6875 -2.9375 -9.125
1532256379943619 -5.1875 0.1875 -9.1875
1532256379981518 7.0625 0.1875 -4.6875
1532256380033378 10.4375 1.125 2.75
1532256380071277 13.5 27.375 24.875
1532256380094217 38.9375 39.3125 32.6875
1532256380109176 50.875 71.5625 58.6875
1532256380131118 73.4375 83.1875 73.0625
1532256380169017 128 82.5 91.125
1532256380199934 151.625 83.5 98.3125
1532256380220877 171.063 84.625 119.75
1532256380250798 178.875 79.5625 128.438
1532256380273736 183.063 70.375 128.375
1532256380311635 194.688 64.4375 131.188
1532256380333577 213.75 54.375 139.75
1532256380371474 181.125 22.3125 103
1532256380423337 110.875 -7.8125 102.313
1532256380484174 119.688 -46.5625 77
1532256380529054 85.5625 -54.1875 80.0625
1532256380580914 50.75 -52.875 71.9375
1532256380663693 13.375 -50.1875 56.9375
1532256380693613 15.0625 -29.375 34.375
1532256380791352 -0.3125 0.625 -0.1875
1532256380828253 -6.6875 21.6875 -18.6875
1532256380866152 -20.8125 37.1875 -35.5625
1532256380911032 -36.9375 34.8125 -40.0625
1532256380925992 -48.0625 33.25 -44.9375
1532256380978851 -79 26.75 -46.9375
1532256381000792 -95.0625 20.6875 -47.5625
1532256381015752 -106.5 12.1875 -48.3125
1532256381053650 -107.188 10.375 -47.375
1532256381076590 -96.8125 10.375 -45.5625
1532256381106509 -95.875 3.5625 -44.4375
1532256381143411 -111.375 -13 -46.6875
1532256381181309 -100.813 -43.9375 -49.5625
1532256381241149 -26.5 -107.25 -48.0625
1532256381300993 -94.0625 -146.938 -61.6875
1532256381315949 -115.188 -156.25 -69.125
1532256381353849 -94.8125 -165.25 -53.5
1532256381383768 48.125 -158.688 -7.0625
1532256381406706 57.1875 -152.875 -8.5
1532256381428648 54.3125 -133.25 -3.25
1532256381473528 -31.4375 49.9375 -9.5
1532256381496467 5.1875 13.625 -8.4375
1532256381518422 35.5625 -16.375 -6.375
1532256381571291 -3 -36.75 -4.4375

1532256381609190 -48.25 -20.5 -10.75
1532256381639110 -15.25 4.9375 -24.25
1532256381654070 -10.5 -0.8125 -18.9375
1532256381676011 -16.1875 -0.6875 -17.5
1532256381705931 -22.75 2.4375 -17.9375
1532256381735852 -22.75 4.75 -17.0625
1532256381766772 -8.5625 3.8125 -18.0625
1532256381781729 -6.3125 2.5 -15.25
1532256381811649 -7.5 2.4375 -12
1532256381841569 -8.1875 1.6875 -11.6875
1532256381886449 -5.125 1.25 -15.0625
1532256381923350 -15.25 -4.875 -7.125
1532256381954274 -15.3125 -6.625 -2.5625
1532256381968232 -11.0625 -7.1875 -0.4375
1532256381991169 -6.1875 -6.125 4.625
1532256382029067 -7.6875 -4.75 4.25
1532256382051020 -8.1875 -5.0625 3.8125
1532256382080929 -8 -5.625 3.75
1532256382110896 -8.0625 -5.5 5.5625
1532256382140816 -8.4375 -5.8125 6.0625
1532256382163755 -7.9375 -4.25 5.875
1532256382216613 -1.4375 -2.9375 4.1875
1532256382246534 -0.5625 -3.625 3.9375
1532256382261494 -0.9375 -4.125 3.5
1532256382291414 0.125 -3.9375 2.0625
1532256382321334 -0.625 -2.875 1.1875
1532256382351265 -1.5 -1.875 0.875
1532256382381174 -3.3125 -0.1875 0.5625
1532256382419073 -1.125 1.625 0.8125
1532256382434039 -0.4375 2 0.625
1532256382463952 0.375 1.875 0.4375
1532256382478913 -0.3125 1.625 -0.4375
1532256382500853 -2.1875 2.3125 -2.625
1532256382515813 -5.125 2.375 -4
1532256382538752 -7.4375 1.625 -5.25
1532256382553711 -10.1875 1.125 -6.6875
1532256382606570 -12.25 0.5625 -8.1875
1532256382719276 -12.9375 -0.9375 -8.4375
1532256382816011 -12.0625 -3.875 -7.1875
1532256382906767 4.375 3.5 6.0625
1532256382966608 8.6875 1.4375 5.3125
1532256383018469 10.375 0.625 4.125
1532256383093269 0.3125 3.75 3.875
1532256383124187 7.3125 9.375 1.4375
1532256383176048 -15.5 1.375 -5.0625
1532256383198987 -8.1875 1.6875 -4
1532256383243867 5.5 -0.8125 -3.9375
1532256383273787 4.5625 0.4375 -2.9375
1532256383296725 -0.375 3 -1.75
1532256383348586 7.9375 3.625 1.25
1532256383363547 10.4375 2.6875 2.6875
1532256383401446 9.0625 3.875 2.125
1532256383438347 7.8125 3.875 1.25
1532256383491205 6.125 2.75 0.875
1532256383551048 1.1875 -0.625 -1.6875
1532256383580965 -1.375 0.0625 -2.875
1532256383655764 -1.1875 -1.875 -3.8125
1532256383723584 -5.25 -5.125 -5.375
1532256383753504 -7.1875 -5.5 -4.125
1532256383791402 -8.25 -4.4375 -2.125
1532256383806362 -4.875 -3.6875 -1.4375
1532256383851243 0.5 -1.5 -1.1875
1532256383889141 1.5 -0.75 -0.8125
1532256383919061 -0.6875 1.0625 -0.3125
1532256383948981 1 1.1875 -0.625
1532256383993860 3.25 1.125 -2.0625
1532256384016799 2.125 0.9375 -1.4375
1532256384046720 1.0625 2.125 0.375
1532256384068661 1.875 7.0625 1.9375
1532256384107565 4.1875 5.125 1.25
1532256384136495 -0.875 2.875 4.25
1532256384166400 -1 2.1875 3.75
1532256384181360 4.5 3.0625 1
1532256384234221 25.5 18.8125 -5.9375
1532256384241200 5.1875 15.625 -4.125
1532256384256159 -7.75 21.625 1.4375
1532256384279097 -20.5625 25.125 4.75
1532256384323978 -43.0625 33 11.375
1532256384338938 -54.5625 42.9375 6.75
1532256384398778 -1.6875 58.75 -11.5
1532256384421717 -1.8125 53.9375 -16
1532256384436677 -3.4375 38.75 -23.5
1532256384488538 -11.6875 23.5 -37.3125
1532256384609215 -46.4375 -24.4375 -45.3125
1532256384690997 -6.75 -35.625 -24.5625
1532256384735877 -16.6875 -27.125 -13.5625
1532256384788735 -13 -12.25 -14.625
1532256384803695 -10.9375 -2.875 -12.625
1532256384848576 -14.75 27.4375 -16.5
1532256384938343 -23.1875 46.8125 -17.1875
1532256384961286 -27 62.5625 -19.1875
1532256384991194 -19.9375 76.6875 -23.9375
1532256385014132 -44.9375 132.188 -35.5
1532256385021114 -38.8125 136.188 -39.5625
1532256385133845 -70.1875 140.625 -38.125
1532256385381151 20.4375 18.4375 -42
1532256385419050 21.8125 -15.5 -50.75
1532256385508823 14.375 -34.6875 5.1875
1532256385568649 -19.6875 -7.3125 39.875
1532256385628489 -64.6875 4.125 58.3125
1532256385711268 -78.375 8.5625 66.3125
1532256385801029 -80.0625 17.5 69.75
1532256385883807 -95.5625 -70.4375 8.0625
1532256385936665 -49.375 -90.5625 30.625
1532256386048366 4.1875 -95.125 9.0625
1532256386109205 52.1875 -65.875 5.3125
1532256386154084 23.0625 -36.8125 -2.8125
1532256386190985 22.125 -19.8125 -12.875
1532256386213924 12.5 -14.6875 -16.0625
1532256386266783 0.875 -17.0625 -20
1532256386371503 -4.6875 14.4375 4.25
1532256386393444 8.125 21.6875 5.875
1532256386416383 1.375 29.1875 9.5
1532256386438325 -21.75 36.1875 9.0625
1532256386499162 -1.8125 61.4375 42.3125
1532256386544041 50.5625 75.25 70.3125
1532256386565983 70.125 80.5 84.125
1532256386603881 84.625 80.25 99.125
1532256386626828 148.313 74.125 119.25
1532256386656748 167.375 70.25 124.563
1532256386678682 190.875 56.5625 134.563
1532256386723562 188.813 54.375 133.938
1532256386746500 180 35.875 129.563
1532256386791383 165.313 9.75 125.188
1532256386822298 170.625 -4.1875 120.438
1532256386881140 126.375 -35.25 100.75
1532256386955940 107.75 -45.9375 83.0625
1532256387068639 132.438 -52.875 59.8125
1532256387122495 147.375 -45.6875 64.875
1532256387323956 -60.75 26.75 -38.375
1532256387413716 -112.063 32.75 -45.4375
1532256387488515 -167.188 7.4375 -81.375
1532256387526415 -121.5 -59.0625 -123.938
1532256387548356 -121.438 -71.5 -115.063
1532256387563316 -133.938 -94.875 -104.688
1532256387601214 -96.125 -95.875 -73.1875
1532256387624153 -60.875 -100.125 -66.0625
1532256387654073 -25.5 -108.625 -73.625
1532256387676014 -6.25 -121.75 -48.75
1532256387720894 -21.625 -122.625 -21.8125
1532256387751811 -10.5625 -105.563 -6.5625
1532256387796691 53.0625 -90.375 -4
1532256387826612 48.625 -99.8125 -3.5625
1532256387893433 46.8125 -42.9375 10.5
1532256387908393 29.75 -31 -3.5

1532256388006132 45.0625 3.875 6.25
1532256388065972 8.6875 -9.375 5.3125
1532256388118831 0.875 3.6875 -3
1532256388148751 -4.0625 0.5625 2
1532256388193630 -7.6875 0.375 3.1875
1532256388216568 -3.5 0 3.6875
1532256388246489 1.1875 -1.375 5.5
1532256388268431 0.9375 -2.375 6.5625
1532256388306328 0.6875 -5.9375 8.1875
1532256388344228 4.375 -9.25 8.625
1532256388366169 -5.625 -9.5 1.9375
1532256388396089 -9.5625 -2.125 -0.625
1532256388411049 -9.5 -1.625 -4.75
1532256388455928 -6.5 -0.125 -5.125
1532256388486847 -5.6875 -0.25 -0.5
1532256388546686 -2.3125 -3.125 3.5625
1532256388598548 6.1875 -5.625 4.1875
1532256388628467 -2.5625 -4.1875 4.1875
1532256388651412 -5.25 -4.4375 3.9375
1532256388673353 -6.4375 -3.375 2.9375
1532256388688313 -6.75 -2.1875 2.5625
1532256388719231 -1.6875 -1.3125 3.4375
1532256388741172 2.25 -1.0625 3.375
1532256388756132 6.375 0.875 3.625
1532256388786051 9.6875 1.3125 3.8125
1532256388808991 10.125 3.625 2.25
1532256388845892 10.375 5.6875 2.5
1532256388875812 5.625 8.875 2.5
1532256388913710 7.875 10.3125 1.125
1532256388936649 10 9.9375 0
1532256388966569 10.375 8.8125 -1.0625
1532256389035385 1.0625 1.375 -5.375
1532256389078271 -2.625 -0.8125 -6.9375
1532256389139108 -7.75 -1.375 -7.6875
1532256389235849 -12.4375 -1.5625 -9.125
1532256389484186 3.1875 5.1875 4.625
1532256389491166 2.25 6 3.9375
1532256389580926 1.3125 2.5 0.75
1532256389648745 -1.5625 3.0625 -5.6875
1532256389671684 2.875 3.875 -5.75
1532256389693625 4.625 2.875 -4.8125
1532256389723545 4.875 2.6875 -4.5
1532256389738505 5.1875 3.0625 -4
1532256389776404 5.75 3.0625 -3.5
1532256389791364 5.875 3.375 -2.5
1532256389813305 6 3.4375 -1.625
1532256389830260 5.3125 2.9375 -0.4375
1532256389844222 3.25 2.25 0.6875
1532256389874142 2.5625 1.5625 1.5
1532256389904064 1.6875 1.125 1.9375
1532256389940977 0.875 -0.5 2.4375
1532256390038702 -0.375 -3.875 0.8125
1532256390068637 1 -5.8125 2.625
1532256390083599 0.9375 -7.5 0.8125
1532256390098542 -4.75 -8.1875 -0.1875
1532256390121481 -5.1875 -7.5625 -0.5
1532256390151401 -3.8125 -6.6875 -1.5625
1532256390181321 -1.3125 -5.5 -2.8125
1532256390196281 -3.9375 -5.3125 -2.0625
1532256390219219 -5.625 -5.8125 -1.3125
1532256390241161 -6.0625 -5.9375 -0.6875
1532256390287038 -6.1875 -4.5 0.875
1532256390330921 0.5 -4.6875 1.125
1532256390375801 1.3125 -1.6875 -1.25
1532256390406728 -2.3125 -0.25 -2.9375
1532256390428668 -6.8125 -0.375 -4
1532256390451599 -10.75 -1.3125 -4.5625
1532256390488499 -10.875 -2.125 -4.9375
1532256390503459 -10.1875 -1.625 -5.5
1532256390518420 -8.0625 -1.75 -5.1875
1532256390548339 -5.5 -1.25 -3.5625
1532256390563300 -4.6875 -0.125 -2.1875
1532256390601199 -2.5 1.1875 1
1532256390624137 -2.6875 1.25 2.3125
1532256390646078 -4.9375 0.5625 0.9375
1532256390675998 -3.8125 0.4375 -2.8125
1532256390773737 3.6875 2.5 -5.8125
1532256390796675 9.0625 10.5625 0.625
1532256390841555 19.125 23 -1.0625
1532256390946275 -30.1875 89.625 -12.0625
1532256390961235 -26.125 85.6875 -15.9375
1532256391014094 18.75 55.3125 -28.75
1532256391178653 10.6875 10.375 -25.125
1532256391193614 -4.875 -15.5625 -35.6875
1532256391291355 -24.6875 -72 -8.4375
1532256391359171 10.8125 10.25 22.375
1532256391425992 17.5 15.125 -12.9375
1532256391523731 1.4375 81.0625 -45.625
1532256391576590 -35.0625 122.375 -56.8125
1532256391598531 -59.375 131.125 -41.625
1532256391628451 -57.875 127.688 -42.5
1532256391681310 -39.1875 124.938 -56.5625
1532256391815950 -27.9375 81.125 -53.75
1532256391845870 -26.625 74.125 -48.5625
1532256391860830 -1.0625 59.4375 -54.125
1532256391906716 18.3125 21.375 -58.5
1532256391936627 21.6875 -3.125 -57.5
1532256391951588 31.6875 -18.5 -50.625
1532256392003448 41.75 -50.375 -36.5
1532256392041347 41.4375 -64.25 -23.625
1532256392086227 52.1875 -70 -14.5
1532256392124125 27.4375 -55.25 -4.75
1532256392169006 -2 -11.375 4.4375
1532256392198925 -13.1875 3.625 13.5625
1532256392251785 -36 28.25 40.4375
1532256392288685 -48.8125 33.3125 62.75
1532256392333566 -59.1875 32.875 77
1532256392423326 -90.0625 30.75 95.4375
1532256392678642 -20.625 -125.938 -3.375
1532256392738483 12.375 -115.813 -2.625
1532256392806301 19.8125 -76.9375 -23.75
1532256392851191 -18.375 -39.6875 -26.1875
1532256392896061 5.3125 -23 -27.0625
1532256392955901 -0.125 8.1875 -4.875
1532256392993800 6.0625 17.375 -0.375
1532256393008759 2.375 25.8125 8.9375
1532256393031699 25.9375 47.1875 41.5
1532256393091539 81 67 70.625
1532256393158360 154.188 81.3125 121.375
1532256393189283 210.938 82 130.375
1532256393226178 202.75 78.5 128.125
1532256393286019 195.438 50.875 123.813
1532256393368797 148.313 2.5625 93
1532256393473517 132.313 -52.8125 80.9375
1532256393594195 -10.125 -53.4375 44.5625
1532256393646056 -14.0625 -57.5625 48.25
1532256393698926 2.625 -44.5625 28.4375
1532256393728834 -2.125 -4.4375 7.375
1532256393781693 -6.5625 32.375 -18.0625
1532256393901384 -102.75 36.75 -46.375
1532256393923314 -116.875 33 -53.8125
1532256393946253 -122.938 29.9375 -60
1532256393984152 -129.125 14.3125 -65.5
1532256394021053 -128.188 -3.6875 -66
1532256394043992 -129.938 -20.625 -68.9375
1532256394058952 -110.813 -25.125 -68.625
1532256394088872 -72.8125 -32.3125 -63.6875
1532256394110813 -4 -58.1875 -55.25
1532256394141731 -0.625 -70.8125 -46.4375
1532256394163671 -22.5 -85.9375 -49.6875
1532256394178632 -62.1875 -96 -52.0625
1532256394261410 -60.8125 -126.125 -55.5625
1532256394291331 -48 -134.75 -57.625
1532256394336210 0.625 -140.875 4.125
1532256394359149 46.9375 -138.438 2.25
1532256394433950 40.125 -99.6875 1.8125
1532256394448909 -73.625 22.8125 25.8125

1532256394508749 74.875 -4.0625 -25.5
1532256394561608 44 -0.3125 -18.4375
1532256394606487 -14.6875 87.875 -42.875
1532256394681287 72.125 226.188 -83.5625
1532256394704227 65.3125 236.313 -112.75
1532256394854172 -6.5625 234.313 -146.938
1532256394950913 11.9375 74.0625 -63.9375
1532256395003772 20.1875 1.9375 -35
1532256395041670 31.5625 7.125 -40.625
1532256395086561 10.625 6.3125 -21.9375
1532256395131430 5.75 11.3125 -19
1532256395146390 7.4375 11.0625 -17.375
1532256395206229 -2.875 12.4375 -5.6875
1532256395251111 -2.5 8.5625 -1.3125
1532256395318929 -11.8125 3.375 15.125
1532256395363809 -9.4375 4 15.5625
1532256395408689 -5.5 4.125 16.625
1532256395483489 -15.5625 6.9375 20.875
1532256395611147 1.5 -0.125 -2.5
1532256395649045 4.25 -2.625 -6.8125
1532256395745787 19.0625 -2 -14.375
1532256395851511 12.3125 -4.75 -7.5625
1532256395926311 19.0625 -7.6875 -17.25
1532256395964209 23.9375 -7.9375 -25.125
1532256396076459 36.8125 -9.125 -45.375
1532256396091420 34.875 -6.875 -40.3125
1532256396113360 23.25 -3.125 -30
1532256396128321 18 -1.0625 -23
1532256396151275 12 -3 -12.5
1532256396181179 2.8125 -4.8125 -4.9375
1532256396204118 -8.5625 -12.25 3.375
1532256396234038 -17.625 -19.875 17.375
1532256396293878 -33.5625 -35.3125 27.8125
1532256396330779 -62.0625 -48.8125 44.5625
1532256396353718 -57.1875 -51.1875 69.6875
1532256396383638 -50.25 -9 75.6875
1532256396406577 -63.125 6.75 79.5
1532256396519276 -84.5625 24.875 76.375
1532256396698795 -81 45.75 67.125
1532256397238409 -9.5 -1.875 15.6875
1532256397314206 3.5625 6.6875 1.6875
1532256397538607 -3.8125 -47.5 11.8125
1532256397583487 -13 -88 36.5625
1532256397606425 -68.375 -169.5 97.0625
1532256397756025 -57.75 -225.625 6.375
1532256397793924 -67.75 -215.938 12.875
1532256397816863 -54 -201.438 7.25
1532256397898643 -2.1875 -47.875 -6.6875
1532256397921582 -4.1875 -42.4375 -9.8125
1532256397951514 -1.3125 -34.0625 -10.875
1532256398034283 16.75 -23.5625 -5.6875
1532256398079160 19 -24.25 -3.6875
1532256398116062 14.0625 -0.875 18.625
1532256398145982 44.625 -0.4375 19.875
1532256398175914 34.1875 -7.25 15.75
1532256398236777 0.375 -5.75 12.9375
1532256398258681 -7 -3.25 11.1875
1532256398318534 6.875 -4.5625 5.9375
1532256398341461 0.5 -3.375 -0.6875
1532256398371380 -5.8125 -0.375 -4.125
1532256398408282 1 0.5625 -4.5625
1532256398424240 2.875 1.1875 -4.125
1532256398446180 2.75 0.875 -2.375
1532256398484080 0.25 1.4375 -2.5625
1532256398535941 -1 1.875 -2
1532256398588798 -0.125 1.1875 -1.125
1532256398603758 -0.5625 0.3125 0.125
1532256398618733 -0.375 0.1875 1.0625
1532256398723461 0.625 -1.4375 2
1532256398851096 -3.8125 -3.75 -1.6875
1532256398874071 -6.125 -4 -2
1532256398903955 -3.5625 -4.4375 -2.375
1532256398918915 -2.5625 -5.0625 -1.1875
1532256398933875 -2.625 -5.625 -1.1875
1532256398955816 -2.8125 -5.6875 -0.1875
1532256398978758 -3.875 -6.375 1.4375
1532256399001713 -3 -6.9375 3.125
1532256399068516 1.5625 -4.375 3.625
1532256399121374 6.6875 -1.4375 4.125
1532256399143315 6.125 0 3.1875
1532256399234072 -9 -1.1875 -3.75
1532256399256015 -6.875 -1.4375 -3.875
1532256399278952 -2.1875 -0.5 -3.25
1532256399368724 -3.9375 2.875 2.6875
1532256399406612 32.4375 11.3125 -3.625
1532256399443513 14.25 29.0625 0.9375
1532256399473433 -10.5 40 5.9375
1532256399503370 -10.4375 60.25 -2.625
1532256399526292 -4.75 69.375 -9.5
1532256399549245 17.25 83.9375 -14.75
1532256399571172 8 81.0625 -23.25
1532256399645971 -16.8125 62.6875 -28.625
1532256399698830 25.5625 -4.4375 -42.5
1532256399796569 21.25 -17.1875 -47.625
1532256399901293 -23.375 -42 -29.9375
1532256400050888 5.5 -18.4375 -6.125
1532256400073830 -2.1875 -5.5 -7.6875
1532256400231422 -39.6875 130.5 -38
1532256400418907 -65.1875 117.813 -62.125
1532256400455822 -40.25 86.5 -69.25
1532256400516643 -20.75 43.5625 -70.375
1532256400613397 36.3125 -19.875 -67.8125
1532256400643305 32.125 -31.5625 -60.5
1532256400674223 28.5625 -35.875 -51.6875
1532256400704149 30.3125 -34.6875 -27.25
1532256400719103 31.8125 -29.6875 -18.125
1532256400778947 2.1875 -15.8125 5.125
1532256400808877 -53.875 -0.9375 29.25
1532256400846760 -77.6875 2.8125 42.1875
1532256400906604 -94.875 6.75 54.6875
1532256400958462 -98.875 5.5625 75.25
1532256400996377 -111.875 -5.5625 94.875
1532256401086121 -124.375 -90.25 43.1875
1532256401168898 32.6875 -116.625 43.9375
1532256401183859 19.3125 -118.25 36.25
1532256401213785 -33.3125 -131.625 37.5625
1532256401236733 5.5625 -113.938 15.25
1532256401251677 27 -99.75 -6.4375
1532256401281596 25.4375 -95.25 -23.625
1532256401303538 -0.1875 -79.5625 -27.0625
1532256401341443 -13.1875 -60.8125 -23.3125
1532256401371358 -7.625 -51.6875 -24.5625
1532256401401286 18 -26.375 -28.75
1532256401439176 19.8125 -8.625 -6.3125
1532256401476077 22.625 5.5625 -11
1532256401499015 13.25 6.8125 -8.4375
1532256401513976 -0.75 9.6875 -8.375
1532256401535917 -12.125 14.1875 -11.375
1532256401567840 -9.5 25 -2.0625
1532256401603736 -5.0625 32.875 8.625
1532256401618696 2.625 46.6875 23.75
1532256401663589 65.9375 66.125 58.4375
1532256401678535 107.25 78.6875 73.3125
1532256401716434 135.5 95.0625 101.313
1532256401731395 149.25 98.625 120.813
1532256401761315 180.25 98.4375 133.875
1532256401829133 202.875 97.5 138.813
1532256401859053 198.438 89.1875 145.938
1532256401881992 205.813 78.375 144.813
1532256401918892 174.375 40.25 114.813
1532256401955794 130.313 24.375 117.313
1532256401978734 101.75 12.875 107.25
1532256402001671 93.9375 0.5 98.6875
1532256402046552 69.75 -42.5 84.0625
1532256402083453 54.75 -50.875 84.3125
1532256402106392 40.25 -59.125 74.6875
1532256402219090 52.1875 -62.375 72.125
1532256402308850 14.3125 -60.5625 61.5
1532256402496349 -30.75 22.25 -24.25
1532256402586109 -73.8125 16.4375 -30.9375
1532256402638967 -95.875 16.5625 -29.9375
1532256402713768 -56.875 -51 -85.875
1532256402736706 -66.625 -77.8125 -95
1532256402781586 -120.938 -88.9375 -65.25
1532256402803528 -139.063 -89.875 -61.5
1532256402841426 -126.688 -97.625 -67.375
1532256402893288 -44.75 -120.25 -58.0625
1532256402946146 -10.625 -127.25 -39.0625
1532256403050867 21 -78.6875 -4.125
1532256403088764 16.375 33.625 -15.3125
1532256403111704 3.5625 -17.5 -2

1532256403163564 -34.75 -8 -7.1875
1532256403208445 -27.5 0.8125 -13.5625
1532256403223412 -10 3.625 -19.5
1532256403253325 -20.625 8.3125 -37.3125
1532256403306198 -16.3125 20.8125 -47.8125
1532256403388977 -61.875 91.5 -107.313
1532256403448817 -70.25 119.188 -132.313
1532256403508657 -75.1875 103 -128.75
1532256403568498 -59.125 78.25 -83.375
1532256403643297 -9.6875 3.6875 -27.1875
1532256403696155 7.75 -67.1875 21.0625
1532256403741036 -18.1875 -84.875 51.0625
1532256403770956 21.8125 -98.4375 53.9375
1532256403808854 -5.1875 -104.813 71.4375
1532256403838774 -44.5 -96.4375 79.5625
1532256403951490 32.3125 -62.3125 74.125
1532256404018295 65.125 -59.0625 61.9375
1532256404138972 51.875 25 11.3125
1532256404190833 5.4375 1.625 8.875
1532256404243692 5.625 2.75 -1.6875
1532256404281590 -15.875 -6 -2.75
1532256404416231 -10.75 -3.1875 0.375
1532256404454129 -0.375 -3.9375 0.0625
1532256404641685 4.625 -2.375 -1.1875
1532256404686564 -3.375 9.8125 -10.1875
1532256404708521 -9.125 16.3125 -8.8125
1532256404761365 -53.875 28 -25.3125
1532256404776325 -43.1875 28.1875 -27.6875
1532256404791285 -36 24.25 -31.75
1532256404829183 -42.5 19.625 -28.8125
1532256404896005 -38.875 19.1875 -26.1875
1532256404940885 -22.8125 18.5 -23.6875
1532256404993744 -3.125 15.3125 -15.1875
1532256405031641 5.4375 5.0625 -6.375
1532256405053583 7.4375 -1.375 -3.75
1532256405106442 19.375 -10.125 12.4375
1532256405158303 22.6875 -8.5 13.6875
1532256405173263 24.625 -5.375 12.8125
1532256405241082 -1.1875 2.875 9.125
1532256405271002 -1.75 2.25 9.4375
1532256405353780 6.75 0.375 8.5
1532256405421599 -4.8125 -2.4375 -2.9375
1532256405443540 -7.875 -2.0625 -4.3125
1532256405466480 -6.1875 -2.375 -5.1875
1532256405488421 -2 -3.125 -5.5625
1532256405511359 -0.4375 -2.875 -6.0625
1532256405541279 -2.625 -2.4375 -5.8125
1532256405579177 -6.6875 -1.6875 -3.0625
1532256405624058 -2.9375 -1.6875 -0.3125
1532256405668938 0.5625 -0.625 5.75
1532256405713818 6.1875 -0.3125 9.375
1532256405767675 8.125 -0.8125 8.75
1532256405901317 1.1875 -1.5625 -1
1532256405969135 -6.0625 -6.5 -5.9375
1532256406006036 -12.8125 -6.125 -6.375
1532256406073855 4.9375 -2.3125 2.0625
1532256406141673 5.3125 1.375 2.375
1532256406171594 3.875 1.75 1.75
1532256406208495 -1.25 1.4375 -1.5625
1532256406283295 -3.3125 -2.9375 -11.625
1532256406463812 17.3125 14.875 -12.3125
1532256406472788 7.0625 15.375 -14.1875
1532256406493731 44 92.0625 3.375
1532256406538613 32.125 76.1875 -6.0625
1532256406561550 30.1875 57.6875 -17.0625
1532256406621391 7.875 16.125 -30.5
1532256406636351 -15.125 -2.25 -30.875
1532256406674249 -34.8125 -12.375 -44.625
1532256406696191 -51.375 -19.625 -60.4375
1532256406785951 -84.6875 -36.9375 -55.4375
1532256406853769 4.3125 -57.8125 -57
1532256406906628 -10.5 -5.5 -29.875
1532256406943529 -23.5625 29.375 -28.1875
1532256406973450 -28 44.625 -31.625
1532256407056228 -31.5625 87.75 -38.75
1532256407168927 -59.1875 122.375 -44.25
1532256407251706 -66.9375 119.813 -52.0625
1532256407401319 -14.3125 51.375 -58.125
1532256407431225 17.75 11.25 -60.8125
1532256407439204 30.75 0.3125 -57.9375
1532256407484084 48.6875 -16.9375 -50.25
1532256407506026 60.4375 -28.25 -46.875
1532256407565865 80.8125 -42.8125 -22.5
1532256407603764 55.25 -33.8125 -12.4375
1532256407626703 29.3125 -27 -3.25
1532256407663603 2.6875 -1.25 14.625
1532256407678564 -16.875 8.5625 29.8125
1532256407783283 -96.5625 23.25 75.9375
1532256407851103 -124.563 16 115.563
1532256407895982 -147.563 2.6875 127.813
1532256407963801 -118.875 -104.938 28.0625
1532256407993721 -51.5 -91.5 32.4375
1532256408023641 6.3125 -118.688 27.5
1532256408061539 21.5625 -126.25 13.1875
1532256408083481 -31 -122.313 -6.375
1532256408121380 -64.75 -120.25 8.5
1532256408174238 -51.25 -105.938 -16.4375
1532256408219119 41.75 -86.875 -37.75
1532256408285939 56.6875 -42.875 -33.5
1532256408353758 6.875 -18.1875 -22.3125
1532256408383678 -2.125 -12.25 -23.625
1532256408398638 -8.75 -8.25 -21.4375
1532256408451507 -0.125 13 0.6875
1532256408488398 19.625 18.5 9.75
1532256408533278 60.9375 56.875 56.4375
1532256408579155 135.25 78.3125 92.9375
1532256408609076 156.063 85.875 107.688
1532256408624035 172 89.625 120.625
1532256408638996 187.938 91.25 127.25
1532256408668915 212.375 92.6875 135.125
1532256408690857 220.563 87 134.563
1532256408713796 230 75.1875 131.063
1532256408728756 235.625 67.875 125.938
1532256408766654 230.813 65.9375 121.563
1532256408796574 167.625 48.3125 106.75
1532256408841454 129.813 24.9375 98.3125
1532256408878355 110.625 7.5625 90.6875
1532256408894324 84.5 -6.375 81
1532256408916254 62.875 -22.625 80.0625
1532256408954153 42.6875 -42.5 83.875
1532256409013993 43.0625 -58.75 70.375
1532256409050898 14.0625 -60.3125 75.8125
1532256409156611 -8.25 -58.6875 43.875
1532256409208473 -17.6875 -3.6875 -6.625
1532256409253353 -8.75 38.5 -29.4375
1532256409299230 -12.375 51.125 -36.8125
1532256409381011 -36.8125 70.9375 -53.5
1532256409448830 -87.75 64 -74.5625
1532256409471779 -130.5 53.25 -80.8125
1532256409501689 -122.938 39.375 -84.5625
1532256409546569 -140.188 -15.1875 -117.188
1532256409561529 -139.75 -29.125 -117
1532256409606409 -94.6875 -52.1875 -124.75
1532256409636329 -72.875 -64.4375 -127.5
1532256409666249 -83 -79.1875 -103.563
1532256409689187 -85.5625 -90.75 -96.75
1532256409704147 -42.25 -104.938 -79.75
1532256409726089 -25.8125 -117.063 -76.0625
1532256409749028 -24.25 -125.875 -70.875
1532256409785948 -25.5625 -136.813 -58
1532256409823847 -19 -141.375 -45.875
1532256409891666 -9.125 -137.875 -34.0625
1532256409906626 0.75 -128.313 -22.4375
1532256409951506 24.375 -91.8125 -1.1875
1532256409988407 14.375 -52.75 -0.625
1532256410101106 30.125 6.5 -4.125

1532256410153964 35.1875 -8.625 7.125
1532256410183899 21.1875 -10.625 5.0625
1532256410228764 11.3125 -10.875 3.9375
1532256410388337 -13.1875 -6 -1.625
1532256410520983 -45.5625 -18 -11.875
1532256410558896 -11.75 -6.6875 0
1532256410611754 20.0625 16.125 11.875
1532256410656635 -28.625 14.5 6.75
1532256410708496 -20.375 5.25 -15.9375
1532256410723456 -33.375 5.5625 -16.625
1532256410776315 -39.5625 4.3125 -22.25
1532256410806234 -30.125 2.875 -21.3125
1532256410829173 -13.0625 2.125 -16.4375
1532256410866074 8 0.1875 -9.5
1532256410911621 13.0625 -0.4375 -6.375
1532256410948523 15.375 -2.25 -1.5625
1532256410986422 14.4375 -1.0625 0.4375
1532256411016341 15.25 2.375 6.3125
1532256411054240 24.25 7.25 9.8125
1532256411069200 24.3125 8.75 12.1875
1532256411091142 23.1875 9.25 13.375
1532256411114081 23.8125 11.125 13.1875
1532256411136021 22.0625 14.25 13.0625
1532256411165941 21.125 14.75 9.9375
1532256411203840 18.3125 12 3
1532256411218800 12.8125 11 0
1532256411263680 7.875 10.375 -3.625
1532256411278640 5.125 10.4375 -6.1875
1532256411413280 2.25 9.8125 -8.25
1532256411481099 -3 6.1875 -9.9375
1532256411691536 16.4375 5.0625 11.3125
1532256411886016 20.125 -75.4375 -1.8125
1532256411915936 -2.0625 5.625 6.25
1532256411938874 21.25 41.0625 -5.9375
1532256411968795 1.625 21.9375 3.8125
1532256412021653 11.875 -13.5625 3.25
1532256412043595 -9.1875 -15.1875 5.0625
1532256412058554 -20.5 -3.3125 8
1532256412088475 9.4375 4.8125 -0.5
1532256412111412 17.25 -1.625 -0.3125
1532256412141333 8.5625 -4.5 2.1875
1532256412313872 3.75 -1.4375 4.25
1532256412328831 4.5 -2.5625 2.75
1532256412358752 4.8125 -3.4375 1
1532256412396650 -0.125 -2.6875 -3.5625
1532256412435547 -5.25 -3.0625 -4.0625
1532256412448519 -8 -2.25 -2.625
1532256412486411 -4.25 -0.4375 -1
1532256412546251 4.1875 0.375 -1.1875
1532256412599109 -0.625 0.625 -1.75
1532256412665930 -3.5625 -1.4375 -3.25
1532256412703828 -0.4375 -1.875 -2.25
1532256412710810 -2.125 -1.625 -1
1532256412756688 -3.125 0.75 1.4375
1532256412801568 -2.5 1.1875 1.1875
1532256412846448 -1.6875 1.125 1.25
1532256412944186 9.3125 5.375 1.0625
1532256412996047 56.4375 36 -1.4375
1532256413025968 24.625 94.875 -21
1532256413048906 34.0625 90.125 -24.8125
1532256413093786 2.25 60.5625 -33
1532256413183562 -14.8125 -10.1875 -58.5625
1532256413364064 -27.3125 -40.9375 -29.6875
1532256413445845 8.875 0.1875 -27.5625
1532256413671242 -60.125 125.938 -38.0625
1532256413739061 -85.375 121.938 -34.5
1532256413828821 -71.4375 101.438 -44.375
1532256413850762 -38.4375 77.125 -50
1532256413903621 -16.125 48.125 -43.0625
1532256413956479 12.875 31 -52.75
1532256414001360 11.625 19 -54.8125
1532256414069178 37.4375 -12.625 -62.9375
1532256414106079 33.375 -39.8125 -57.625
1532256414121039 39.1875 -49.375 -52.625
1532256414158938 33.25 -49.625 -46.5
1532256414180879 22.1875 -41.375 -26.8125
1532256414241717 -14.3125 -9 16.625
1532256414293578 -75.9375 7.8125 79.3125
1532256414331476 -71.9375 9.375 95.75
1532256414451160 -73.625 14.3125 118.938
1532256414623694 -40.1875 -105.313 29.1875
1532256414683534 -40.0625 -112.938 4.1875
1532256414736394 33.6875 -78.9375 -11.9375
1532256414766314 28.9375 -56 -6.4375
1532256414796234 26.9375 -43.875 -9.5
1532256414834135 20.0625 -28.8125 -11.875
1532256414864052 15.1875 -20.0625 -8.25
1532256414908932 6.625 -0.9375 -17.25
1532256414953812 -15.5625 -13.4375 -8.5625
1532256414983733 -6.0625 -12.25 -6.875
1532256415021630 11.9375 -1.3125 -0.3125
1532256415043572 -3.8125 6.625 3.9375
1532256415103412 6.4375 34.875 32.25
1532256415156271 63.125 51.4375 58.0625
1532256415179209 89.625 57.125 71.5625
1532256415254010 152.125 68.75 102.313
1532256415275951 193.125 70.5625 110.25
1532256415313849 198.813 68 125.188
1532256415373690 207.25 58.8125 123.438
1532256415411587 206.125 45.0625 105.688
1532256415442509 210.375 34.625 100.438
1532256415463450 119 -4.1875 84.25
1532256415486388 111.75 -23.9375 75.625
1532256415546227 87.4375 -46.875 62.125
1532256415658927 88.8125 -57.5 54.625
1532256415726746 17.75 -72.5 45.6875
1532256415816505 -14.1875 -41.75 21.375
1532256415929204 -81.375 50.25 -24.5625
1532256415966105 -92.0625 50.9375 -33
1532256415996025 -96.5625 50.3125 -41.6875
1532256416033924 -98.875 40.6875 -43.375
1532256416040905 -99.3125 25.8125 -48
1532256416093764 -95.625 -7.4375 -58.1875
1532256416108723 -100 -21.6875 -65.5
1532256416131663 -96.75 -35.875 -69.125
1532256416146623 -83.8125 -47.75 -63.375
1532256416191502 -75.4375 -69.75 -56.4375
1532256416221423 -79.125 -82.4375 -54.9375
1532256416326142 -32.8125 -122.688 -68.875
1532256416371022 -73.9375 -132.75 -23.125
1532256416438841 15.625 -72.625 1.8125

1532256416461780 -6 -63.6875 8
1532256416498681 -13.0625 -44.5625 -11.75
1532256416536580 -3.6875 -14.125 -14.375
1532256416588441 -1.625 -7.9375 -13.125
1532256416664239 5.5 -8.9375 -7.75
1532256416768958 2.1875 -12.5 -9.3125
1532256416828798 -27.0625 -15.5625 -17.25
1532256416866697 -36.875 -16.4375 -27.3125
1532256416926537 -25.125 -4.0625 -46.25
1532256416978399 -41 -11.75 -47.75
1532256416993358 -101.75 -14.75 -54.0625
1532256417039235 -140.25 -5.0625 -55.0625
1532256417061177 -127.938 -2.6875 -57.8125
1532256417076137 -107.5 -1.6875 -61.5625
1532256417128995 -86.125 -5.125 -62.75
1532256417143956 -61.625 -7.6875 -63.875
1532256417196814 -19.6875 -22.625 -58.4375
1532256417203796 15 -26.5 -55.625
1532256417241694 50.6875 -23.4375 -46.25
1532256417271614 66 -13.6875 -22.8125
1532256417368356 88.5 4.75 27.75
1532256417430190 60.1875 9.5 19.5
1532256417518953 -25 4.25 -9
1532256417555854 -18.0625 2.8125 -3.875
1532256417585774 -11.5 0.625 1.3125
1532256417653599 -8.0625 -3.9375 5.8125
1532256417736378 27.6875 2.125 -16
1532256417789235 -6.8125 14.0625 2.0625
1532256417804196 -62.25 13.8125 17.4375
1532256417826137 -77.25 3.1875 12.125
1532256417856058 -78.375 -0.0625 13.9375
1532256417885992 -75.8125 -3.4375 13.375
1532256417908932 -56.0625 -7.5 10.375
1532256417923891 -28.9375 -8.9375 8.1875
1532256417960792 17.9375 -10.375 3.4375
1532256417991709 30.625 -9.9375 3.9375
1532256418036590 28.9375 -9.25 10.375
1532256418051550 16.5625 -9.25 16.1875
1532256418096429 0.6875 -2.25 23.5625
1532256418133331 -26.8125 8.5625 31.875
1532256418186190 -19.6875 -1.75 16.875
1532256418216109 -13.25 -12.875 2.25
1532256418239048 5.25 -6.875 -6.6875
1532256418268968 19.9375 -4.5625 -5.125
1532256418290910 22.875 -3.9375 -6.5625
1532256418320829 1.25 -1.0625 -3.1875
1532256418343768 -6.1875 -0.375 -2.1875
1532256418366707 -10.125 1.125 -1.5
1532256418426547 -9.0625 2.25 2.5
1532256418471427 -8.8125 2.375 6.4375
1532256418501374 -8.25 2.5 8
1532256418539260 -10.625 1.6875 8.5
1532256418561202 -12.375 -0.75 8.25
1532256418607079 -11.125 -1.875 7.5625
1532256418650961 2.8125 -3.875 1.0625
1532256418720775 1.75 -2.625 6.125
1532256418742716 -6.0625 -2.5625 6.9375
1532256418846439 3.5 -0.625 -15.3125
1532256418868384 49.9375 16.3125 0
1532256418929217 14.4375 39.6875 10.5625
1532256418974097 -21.25 36.875 31.1875
1532256418989057 0.3125 30.5625 36
1532256419010999 5.3125 25.75 40.25
1532256419040919 10.625 22.5 44.8125
1532256419070838 19.875 14.8125 47.1875
1532256419108737 28.0625 7.6875 46.6875
1532256419161596 33.9375 1.5625 46.9375
1532256419221437 34.5625 0.75 41.9375
1532256419273297 25.25 -2.375 10.625
1532256419326156 31.25 4.75 -14.375
1532256419371036 31 8.75 -26.25
1532256419385996 23.0625 9.1875 -29.25
1532256419536593 25.4375 -5.6875 -15.0625
1532256419566513 19.375 -12.5 -10.125
1532256419709132 -13.375 4.375 1.4375
1532256419731073 -2.125 2.625 -1.5
1532256419754013 -0.5625 0.4375 -0.25
1532256419768972 -1.9375 -1.4375 1.9375
1532256419813852 -4.75 -2.75 3
1532256419828812 -3.5625 -3.3125 1.9375
1532256419918572 -2.3125 -2.4375 1.125
1532256419948491 -4.6875 -1.5 3.1875
1532256420016311 4.625 -2.625 11.9375
1532256420046230 8.9375 -2.875 12.25
1532256420091111 2.9375 -3.4375 6.3125
1532256420135990 0.0625 -5.25 0.125
1532256420180870 -4.6875 -7.375 -3.375
1532256420203809 -6.5625 -5.5625 -5.0625
1532256420218769 -5.6875 -5.1875 -5.4375
1532256420301548 -4.75 -4 -4.25
1532256420316507 -6.25 -3.1875 -2.1875
1532256420331468 -2.375 -2 0.75
1532256420383332 4.875 -2 2.6875
1532256420421228 7.25 -0.75 2.6875
1532256420436188 6.9375 0.75 1.1875
1532256420525948 -10.5625 0.6875 -5.5
1532256420563846 -17.5 -3.9375 -17.9375
1532256420661585 8.5 47.25 1.125
1532256420698486 -11.8125 64.125 -0.6875
1532256420737382 0.125 89.75 3.25
1532256420781265 -3.125 112.75 9.0625
1532256420811185 8.4375 46 -31.75
1532256420864043 -16.4375 9.5 -31.625
1532256420879003 -28.3125 -13.0625 -34
1532256420915905 -26.8125 -36.0625 -33
1532256420930865 -21.25 -51 -37.6875
1532256421013644 -0.3125 -76.25 -36.1875
1532256421051542 18.3125 -87.1875 -29.6875
1532256421164245 30.1875 -59.875 -16
1532256421224088 21.6875 -32.25 -8.125
1532256421313841 -33.75 59.625 -30.125
1532256421358721 -29 85.625 -38.625
1532256421396619 -67.625 128.625 -48
1532256421433521 -56.75 132.438 -50.5
1532256421486379 -59.375 133.188 -49.5
1532256421621019 -55.8125 107.563 -53.1875
1532256421665899 -25.8125 74.0625 -61.8125
1532256421733726 2.875 34.6875 -60.125
1532256421786576 27.625 0.8125 -38.25
1532256421876336 32.6875 -54.8125 -21.625
1532256421906256 8.9375 -56.5 -18.375
1532256421929195 -3.3125 -51.1875 -11.375
1532256421981057 -32.75 -35.6875 14.8125
1532256422010976 -37.9375 -24.5 31.625
1532256422040906 -61 0.3125 66.625
1532256422093761 -78.6875 8.25 86.6875
1532256422221421 -32.625 -32 47.625
1532256422311180 -56.25 -49.125 60.75
1532256422415900 -31.4375 -89.3125 12.875
1532256422460779 -1.4375 -88.625 0.0625
1532256422483720 20.875 -83.3125 -9.1875
1532256422506657 14.9375 -63.125 -8.0625
1532256422521617 12.1875 -56 -6.625
1532256422566497 18.5 -40.25 -16
1532256422588438 12 -31.8125 -12.625
1532256422626337 9 -11.8125 -20.3125
1532256422664235 -4.3125 -1.25 -17.5625
1532256422701137 0 18.5625 6.5625
1532256422731057 20.6875 29.75 18.5
1532256422760977 75.625 48.5625 54.8125
1532256422805857 118 62 75.4375
1532256422820817 125.063 62 86.5625
1532256422858716 139.625 62.4375 101.375
1532256422904593 161.063 65.875 105.25
1532256422918555 162.5 69 109.25
1532256422957452 162.313 65.375 134.563
1532256422971414 149.125 53.875 126.688
1532256423001335 169 43 112.313
1532256423031254 168.375 39.0625 116
1532256423061174 137.125 25.5625 105.375
1532256423099073 109.438 10.75 92.9375
1532256423128993 103.188 -0.75 86.0625
1532256423158913 82.5625 -38.3125 73.875
1532256423180855 66.3125 -60.0625 68.25
1532256423286571 60.9375 -64 62.0625
1532256423399281 64.5625 -61.9375 56.375
1532256423436171 18.0625 -53.8125 31.8125
1532256423593750 -70.1875 23.75 -23.9375
1532256423616689 -96 24.125 -17.375
1532256423638630 -97.5625 24.375 -17.5
1532256423668551 -96.0625 23.3125 -14.625
1532256423683509 -95.5625 20.1875 -13.6875
1532256423728390 -128.438 -6.25 -21.875
1532256423774267 -135.625 -15.1875 -34.3125
1532256423804187 -110.313 -25.25 -44.3125
1532256423826129 -67.0625 -38.125 -51.9375
1532256423841089 -46.4375 -52.0625 -61.875
1532256423864026 -56.6875 -69 -71.6875
1532256423900929 -91.0625 -103.813 -73
1532256423953787 -88.25 -113.5 -65.75
1532256424028587 -76.5625 -109.688 -55.5
1532256424051526 13.625 -87.5 -29.125
1532256424111365 -12.5 -49.375 -15.3125
1532256424126326 -4.6875 -39.625 -16.1875
1532256424149264 -14.1875 -18.125 -10.6875
1532256424163227 -12.5 -15.125 -9.9375
1532256424186166 -0.875 -15.4375 -14.4375
