1532259653404427 0.20938 -0.372124 -0.629356
1532259653419385 0.207973 -0.372193 -0.628803
1532259653474239 0.205535 -0.365161 -0.625018
1532259653487204 0.209081 -0.360408 -0.62176
1532259653547044 0.218422 -0.355647 -0.618158
1532259653576965 0.23 -0.347877 -0.612676
1532259653628826 0.241569 -0.339724 -0.606422
1532259653674704 0.260558 -0.323103 -0.57603
1532259653711605 0.264923 -0.302544 -0.545396
1532259653779423 0.264136 -0.279784 -0.52324
1532259653801365 0.26367 -0.270464 -0.515049
1532259653899103 0.26626 -0.200801 -0.476077
1532259654034746 0.241779 -0.140861 -0.447223
1532259654127493 0.0298435 0.221001 -0.24175
1532259654154421 0.00935214 0.279022 -0.188565
1532259654252160 -0.000699854 0.323937 -0.138394
1532259654276096 -0.00419655 0.342325 -0.113891
1532259654326959 -0.00925345 0.357949 -0.0895341
1532259654424697 -0.00443156 0.39228 -0.0197992
1532259654461599 0.00290952 0.399262 0.000837737
1532259654521439 0.0207207 0.411304 0.0377453
1532259654582276 0.109825 0.442897 0.107476
1532259654874495 0.143507 0.447188 0.0315532
1532259654934334 0.146314 0.456054 -0.0459137
1532259655083935 0.115766 0.394762 -0.379035
1532259655151754 0.192598 0.401538 -0.360149
1532259655241514 0.235902 0.390961 -0.519875
1532259655301353 0.263085 0.376277 -0.528477
1532259655384132 0.260016 0.356804 -0.534171
1532259655451951 0.283223 0.360838 -0.537511
1532259655511791 0.253711 0.360741 -0.530492
1532259655571631 0.242386 0.365215 -0.511159
1532259655624490 0.286745 0.386185 -0.451133
1532259655797028 0.344131 0.407169 -0.443757
1532259655848889 0.321884 0.393748 -0.512179
1532259656006468 0.30527 0.37771 -0.529449
1532259656074287 0.299126 0.36282 -0.525459
1532259656180004 0.293788 0.324499 -0.52117
1532259656269764 0.137921 0.0131603 -0.566125
1532259656336585 0.13102 -0.0981165 -0.563691
1532259656420365 0.143324 -0.25755 -0.551569
1532259656471250 0.125524 -0.384462 -0.529584
1532259656539068 0.133554 -0.45586 -0.535915
1532259656562007 0.117772 -0.399645 -0.545264
1532259656621847 0.159796 -0.379773 -0.553556
1532259656749506 0.16838 -0.39581 -0.549087
1532259656816327 0.161509 -0.393743 -0.544194
1532259656839265 0.164003 -0.395345 -0.54225
1532259656877165 0.165961 -0.396578 -0.540142
1532259657101565 0.149912 -0.391781 -0.529793
1532259657124503 0.14247 -0.394534 -0.526326
1532259657184342 0.138599 -0.398372 -0.52542
1532259657259171 0.139114 -0.400884 -0.523412
1532259657304051 0.141891 -0.401773 -0.520262
1532259657333970 0.160046 -0.393357 -0.514059
1532259657371881 0.167095 -0.386397 -0.515189
1532259657611229 0.168265 -0.381766 -0.54997
1532259657708968 0.179407 -0.36618 -0.535989
1532259657798728 0.18521 -0.359898 -0.535541
1532259657986226 0.179408 -0.359719 -0.54821
1532259658136840 0.174773 -0.358889 -0.548185
1532259658226586 0.185003 -0.346812 -0.536084
1532259658339282 0.193348 -0.341257 -0.541576
1532259658563682 0.291296 -0.282513 -0.578791
1532259658639480 0.297374 -0.282429 -0.617745
1532259658691341 0.296845 -0.271926 -0.620027
1532259658736221 0.298548 -0.266495 -0.623079
1532259658774119 0.319214 -0.252545 -0.618975
1532259658818999 0.31348 -0.233078 -0.602861
1532259658871858 0.304737 -0.226545 -0.59477
1532259658924732 0.295685 -0.227613 -0.595847
1532259659051378 0.305169 -0.244369 -0.61831
1532259659329634 0.300796 -0.237864 -0.609855
1532259659351586 0.281982 -0.229118 -0.593561
1532259659449314 0.265165 -0.265831 -0.623615
1532259659487213 0.25116 -0.27768 -0.617995
1532259659539074 0.247778 -0.281096 -0.614475
1532259659591944 0.220187 -0.291871 -0.596876
1532259659658760 0.191863 -0.31458 -0.579836
1532259659681698 0.18252 -0.327611 -0.574485
1532259659756499 0.169839 -0.344271 -0.568499
1532259659801378 0.166572 -0.348645 -0.566121
1532259659831298 0.163751 -0.352474 -0.564259
1532259659929037 0.151499 -0.367618 -0.550845

1532259660018811 0.143706 -0.375462 -0.53644
1532259660139488 0.137929 -0.378357 -0.530683
1532259660169408 0.136033 -0.38008 -0.53526
1532259660244208 0.133716 -0.382231 -0.537885
1532259660267147 0.132262 -0.383505 -0.539015
1532259660333969 0.128313 -0.389071 -0.540767
1532259660371867 0.125814 -0.390772 -0.540038
1532259660408768 0.125165 -0.391471 -0.539078
1532259660439688 0.124253 -0.392637 -0.535658
1532259660491547 0.124289 -0.392913 -0.534295
1532259660506507 0.125056 -0.393096 -0.53279
1532259660536427 0.123452 -0.393009 -0.532054
1532259660589286 0.122182 -0.393464 -0.532734
1532259660634166 0.12113 -0.394012 -0.533747
1532259660701984 0.12339 -0.39712 -0.538824
1532259660716944 0.123718 -0.397304 -0.538929
1532259660738886 0.123918 -0.397112 -0.538292
1532259660851588 0.124488 -0.394402 -0.535017
1532259661039089 0.132145 -0.391592 -0.536591
1532259661091986 0.134823 -0.388286 -0.537285
1532259661249565 0.141303 -0.386849 -0.537606
1532259661279484 0.141021 -0.38704 -0.53782
1532259661301426 0.141394 -0.387199 -0.537526
1532259661324364 0.142758 -0.387669 -0.536094
1532259661369244 0.148212 -0.386629 -0.536497
1532259661399164 0.152319 -0.38372 -0.53608
1532259661422103 0.15384 -0.382589 -0.535119
1532259661473964 0.158499 -0.379188 -0.534379
1532259661548764 0.176737 -0.360069 -0.530333
1532259661752234 0.223574 -0.1376 -0.402275
1532259661819042 0.0781162 0.208994 -0.270941
1532259661848963 0.0574997 0.252605 -0.257273
1532259661954679 0.0108959 0.369233 -0.213719
1532259662021500 0.00202589 0.401468 -0.197993
1532259662179079 0.021206 0.477765 -0.0889829
1532259662306751 0.0569379 0.467464 -0.0477149
1532259662389515 0.11329 0.449437 -0.0317801
1532259662449356 0.40555 0.411748 -0.277159
1532259662517187 0.411369 0.3964 -0.360884
1532259662643840 0.361243 0.381481 -0.438455
1532259662922092 0.443946 0.435244 -0.306278
1532259663018833 0.368268 0.399669 -0.474366
1532259663071692 0.388975 0.390767 -0.429625
1532259663199350 0.428068 0.379447 -0.432837
1532259663229270 0.430088 0.380026 -0.372055
1532259663348950 0.464597 0.402785 -0.399773
1532259663401809 0.436835 0.402134 -0.471261
1532259663491569 0.332803 0.342785 -0.492377
1532259663551409 0.286132 0.280325 -0.504156
1532259663596289 0.259352 0.255824 -0.507161
1532259663768827 0.149016 0.00238297 -0.503586
1532259663791766 0.148822 -0.0560662 -0.4983
1532259663829665 0.145326 -0.113092 -0.490137
1532259663904465 0.199784 -0.33092 -0.484121
1532259663926406 0.21498 -0.348575 -0.487632
1532259663949344 0.225634 -0.368642 -0.493223
1532259663971286 0.236571 -0.363005 -0.500015
1532259663994226 0.191612 -0.291723 -0.484305
1532259664024144 0.200457 -0.301929 -0.476769
1532259664054065 0.216956 -0.311362 -0.470123
1532259664069025 0.215177 -0.314875 -0.469407
1532259664091963 0.209167 -0.319587 -0.471024
1532259664121887 0.200896 -0.323749 -0.474896
1532259664151803 0.193494 -0.318685 -0.478439
1532259664241564 0.188927 -0.32207 -0.482776
1532259664301403 0.182926 -0.315507 -0.480168
1532259664324342 0.183251 -0.315078 -0.474827
1532259664346283 0.185688 -0.312605 -0.46782
1532259664377201 0.183884 -0.310522 -0.45275
1532259664466961 0.179086 -0.31233 -0.443247
1532259664496881 0.173944 -0.316684 -0.437048
1532259664533782 0.170273 -0.319474 -0.434829
1532259664579659 0.167667 -0.321955 -0.434015
1532259664601602 0.167434 -0.325959 -0.444988
1532259664833979 0.182711 -0.320171 -0.45847
1532259664856918 0.18468 -0.314956 -0.452568
1532259664931717 0.185507 -0.314149 -0.452623
1532259664976598 0.186644 -0.314069 -0.456237
1532259665074337 0.179933 -0.319006 -0.467854
1532259665104257 0.175852 -0.323052 -0.471951
1532259665179057 0.179852 -0.324632 -0.468702
1532259665238897 0.181767 -0.322309 -0.465701
1532259665306715 0.186392 -0.315602 -0.464013
1532259665419414 0.192335 -0.310268 -0.467053
1532259665532112 0.204004 -0.30228 -0.480493
1532259665583973 0.206114 -0.302181 -0.48824
1532259665628854 0.205992 -0.302043 -0.49279
1532259665914107 0.215421 -0.279331 -0.483176
1532259665944010 0.217214 -0.283963 -0.491137
1532259665973931 0.21946 -0.295315 -0.495469
1532259666011830 0.221428 -0.305333 -0.50205
1532259666033771 0.223835 -0.31417 -0.502041
1532259666116550 0.234873 -0.29646 -0.500047
1532259666140494 0.230975 -0.291471 -0.49501
1532259666244208 0.21006 -0.286591 -0.483166
1532259666297067 0.205504 -0.295014 -0.494147
1532259666348928 0.204529 -0.302431 -0.50406
1532259666416747 0.199999 -0.306317 -0.504952
1532259666439685 0.201605 -0.306534 -0.503621
1532259666529446 0.203089 -0.306157 -0.50179
1532259666604246 0.198794 -0.304454 -0.491718
1532259666627183 0.197005 -0.3041 -0.487928
1532259666716944 0.180851 -0.321907 -0.472348
1532259666768805 0.175627 -0.331626 -0.473386
1532259666851583 0.169797 -0.347939 -0.471166
1532259666896464 0.168766 -0.353861 -0.467386
1532259666941350 0.168352 -0.356095 -0.465029
1532259666994209 0.168646 -0.357669 -0.462608
1532259667032107 0.169812 -0.360191 -0.454494
1532259667121867 0.163926 -0.363769 -0.445623

1532259667151787 0.161988 -0.364814 -0.445478
1532259667173729 0.158862 -0.366751 -0.44598
1532259667226587 0.157897 -0.367569 -0.446514
1532259667271480 0.154843 -0.369473 -0.447397
1532259667309366 0.152836 -0.370279 -0.447853
1532259667429046 0.142532 -0.382106 -0.451942
1532259667458965 0.140958 -0.382973 -0.451326
1532259667496864 0.139728 -0.383658 -0.45078
1532259667511824 0.138739 -0.384133 -0.450367
1532259667556704 0.138084 -0.384272 -0.450111
1532259667721309 0.131921 -0.391004 -0.450082
1532259667774167 0.130199 -0.392771 -0.450155
1532259667863927 0.129848 -0.392473 -0.450054
1532259667901825 0.129814 -0.392346 -0.450028
1532259667976625 0.129814 -0.392346 -0.450028
1532259668029484 0.129623 -0.392525 -0.450143
1532259668081345 0.129749 -0.392498 -0.450167
1532259668134204 0.130812 -0.390842 -0.449812
1532259668164124 0.131759 -0.389747 -0.449511
1532259668216983 0.135929 -0.384529 -0.448679
1532259668276823 0.138886 -0.381812 -0.448845
1532259668329681 0.139542 -0.380923 -0.448768
1532259668359602 0.140765 -0.378984 -0.448926
1532259668434401 0.142077 -0.37917 -0.450102
1532259668547100 0.162899 -0.366113 -0.459705
1532259668606940 0.205613 -0.32183 -0.462535
1532259668636860 0.2311 -0.250279 -0.449785
1532259668764519 0.227632 -0.188327 -0.433471
1532259669109595 0.16403 0.156577 -0.298331
1532259669304076 0.492201 0.374732 -0.233915
1532259669378883 0.5141 0.353126 -0.313936
1532259669462652 0.45326 0.354858 -0.38721
1532259669649153 0.532289 0.33452 -0.271635
1532259669753873 0.403426 0.318977 -0.452644
1532259669859590 0.463138 0.312975 -0.377125
1532259669934390 0.459887 0.304327 -0.329973
1532259670001212 0.512485 0.31448 -0.313127
1532259670024150 0.503625 0.315914 -0.334041
1532259670173750 0.423199 0.329113 -0.42765
1532259670286449 0.309177 0.258228 -0.450474
1532259670437046 0.260059 0.148673 -0.440977
1532259670707336 0.235567 -0.22625 -0.381547
1532259670828997 0.241357 -0.320722 -0.418597
1532259670931723 0.206287 -0.351847 -0.418602
1532259671014502 0.20298 -0.346691 -0.417489
1532259671059382 0.161692 -0.320131 -0.401488
1532259671119221 0.166239 -0.316836 -0.406971
1532259671187041 0.169578 -0.30376 -0.418923
1532259671231920 0.17088 -0.303276 -0.422736
1532259671321681 0.176191 -0.310547 -0.42631
1532259671411440 0.175984 -0.3115 -0.414509
1532259671471280 0.174897 -0.311558 -0.412549
1532259671524140 0.174911 -0.312317 -0.412383
1532259671598951 0.178115 -0.314613 -0.41689
1532259671711638 0.180303 -0.329471 -0.433201
1532259671741557 0.178392 -0.33752 -0.430551
1532259671937035 0.185555 -0.338295 -0.41591
1532259672071682 0.189142 -0.335636 -0.421328
1532259672454669 0.211222 -0.321787 -0.438031
1532259672499531 0.211044 -0.319509 -0.4345
1532259672634171 0.209833 -0.319835 -0.435078
1532259672701990 0.205086 -0.325393 -0.43726
1532259672753851 0.201467 -0.333422 -0.43554
1532259673024128 0.190542 -0.364082 -0.437831
1532259673098928 0.194358 -0.353183 -0.435599
1532259673204648 0.194172 -0.35314 -0.425762
1532259673354245 0.174517 -0.364725 -0.420792
1532259673407104 0.173028 -0.365711 -0.419858
1532259673429045 0.171879 -0.366796 -0.417985
1532259673481904 0.172257 -0.367453 -0.415985
1532259673556704 0.173389 -0.36897 -0.414244
1532259673579642 0.173961 -0.369225 -0.41491
1532259673609563 0.173822 -0.369589 -0.415683
1532259673684362 0.172459 -0.370419 -0.417417
1532259673706304 0.171952 -0.370985 -0.418662
1532259673812021 0.16243 -0.38225 -0.423409
1532259673833962 0.161014 -0.383034 -0.420671
1532259673886821 0.161469 -0.381699 -0.416405
1532259673908762 0.162112 -0.380888 -0.414278
1532259673961622 0.161448 -0.379382 -0.410268

1532259674021462 0.156475 -0.379781 -0.408526
1532259674096261 0.152946 -0.383169 -0.411752
1532259674119200 0.150399 -0.384757 -0.413046
1532259674164080 0.134675 -0.387922 -0.419498
1532259674193999 0.124152 -0.386726 -0.419723
1532259674261878 0.139995 -0.364981 -0.416693
1532259674336677 0.152948 -0.34083 -0.405131
1532259674374576 0.153524 -0.338842 -0.40174
1532259674562075 0.162145 -0.357824 -0.404037
1532259674592011 0.171943 -0.369476 -0.404114
1532259674636875 0.171485 -0.379767 -0.402012
1532259674688736 0.177023 -0.378046 -0.395081
1532259674764533 0.18757 -0.376163 -0.387399
1532259674794453 0.188387 -0.375299 -0.384285
1532259674816394 0.191049 -0.373579 -0.379937
1532259674824373 0.192526 -0.373389 -0.378693
1532259674846314 0.191946 -0.374069 -0.377653
1532259674869253 0.190155 -0.374634 -0.377608
1532259674914025 0.187949 -0.375866 -0.377932
1532259674943945 0.187901 -0.376636 -0.378154
1532259674996804 0.188406 -0.377184 -0.378204
1532259675018745 0.188406 -0.377184 -0.378204
1532259675131444 0.190276 -0.375883 -0.377539
1532259675282041 0.190417 -0.375494 -0.377395
1532259675318942 0.190386 -0.375367 -0.377369
1532259675356841 0.190386 -0.375367 -0.377369
1532259675559300 0.192258 -0.373709 -0.378297
1532259675649059 0.191633 -0.374705 -0.378558
1532259675723860 0.190767 -0.376291 -0.380105
1532259675934297 0.191551 -0.355429 -0.381194
1532259676226515 0.186863 0.171396 -0.146515
1532259676302314 0.202919 0.26784 -0.102658
1532259676339214 0.268492 0.356795 -0.0725108
1532259676466873 0.35053 0.386177 -0.169696
1532259676503774 0.367035 0.386812 -0.204743
1532259676609491 0.378049 0.381163 -0.496577
1532259676708227 0.424114 0.388211 -0.412036
1532259676737150 0.422404 0.382039 -0.335904
1532259676871790 0.51172 0.373731 -0.262122
1532259676946589 0.456811 0.371659 -0.387197
1532259677021390 0.426315 0.3678 -0.443552
1532259677097186 0.336956 0.35915 -0.464069
1532259677164008 0.403283 0.337265 -0.409551
1532259677223849 0.47517 0.358383 -0.387728
1532259677238808 0.464433 0.357801 -0.40597
1532259677284686 0.415726 0.34303 -0.517814
1532259677344538 0.339256 0.312744 -0.527322
1532259677568926 0.249401 0.226163 -0.532531
1532259677628765 0.100796 -0.0235385 -0.463555
1532259677704564 0.12327 -0.208722 -0.378834
1532259677741464 0.152676 -0.279933 -0.336636
1532259677794323 0.201372 -0.346193 -0.294337
1532259677907022 0.212582 -0.341555 -0.273133
1532259677988803 0.253852 -0.331388 -0.274211
1532259678132423 0.269618 -0.329599 -0.279486
1532259678184280 0.270466 -0.328326 -0.277685
1532259678244120 0.271552 -0.325278 -0.278778
1532259678274040 0.272213 -0.340022 -0.280881
1532259678326899 0.26745 -0.332169 -0.279111
1532259678372776 0.250504 -0.32574 -0.270373
1532259678401699 0.245807 -0.321989 -0.265597
1532259678476499 0.246557 -0.3162 -0.258498
1532259678536338 0.249554 -0.316366 -0.25755
1532259678604170 0.250005 -0.316579 -0.258533
1532259678627096 0.242756 -0.316463 -0.263758
1532259678671976 0.247624 -0.332031 -0.273916
1532259678761735 0.260174 -0.343105 -0.278443
1532259678949234 0.258627 -0.337881 -0.272062
1532259679038995 0.259199 -0.336554 -0.282909
1532259679106813 0.258159 -0.337791 -0.290322
1532259679234471 0.260426 -0.338527 -0.287714
1532259679309272 0.258499 -0.341106 -0.27995
1532259679369112 0.258699 -0.34114 -0.279623
1532259679511730 0.260138 -0.338399 -0.280975
1532259679534669 0.261295 -0.337052 -0.281613
1532259679556611 0.265865 -0.331867 -0.283676
1532259679646370 0.271156 -0.319206 -0.298102
1532259679871768 0.267217 -0.321111 -0.308514
1532259679999426 0.265581 -0.317307 -0.302458
1532259680276684 0.251525 -0.328745 -0.317766
1532259680404344 0.243017 -0.292758 -0.311425
1532259680479143 0.234342 -0.299873 -0.314377
1532259680621762 0.232244 -0.313106 -0.317764
1532259680681602 0.226228 -0.313997 -0.316213
1532259680719501 0.227386 -0.322169 -0.307625
1532259680906999 0.235296 -0.337372 -0.282068

1532259681259059 0.224456 -0.350638 -0.272695
1532259681326877 0.221301 -0.353073 -0.275184
1532259681454548 0.216374 -0.362593 -0.280151
1532259681529335 0.213474 -0.367184 -0.279565
1532259681686913 0.193666 -0.379328 -0.279625
1532259681814572 0.163795 -0.410011 -0.28319
1532259681836514 0.161373 -0.412168 -0.281508
1532259682083852 0.181602 -0.396357 -0.27174
1532259682332188 0.203017 -0.380363 -0.27903
1532259682362108 0.206585 -0.376426 -0.278627
1532259682511708 0.216391 -0.364327 -0.29146
1532259682571548 0.213688 -0.367296 -0.294967
1532259682744087 0.218892 -0.364909 -0.289644
1532259682924604 0.212403 -0.372555 -0.289875
1532259683051265 0.200242 -0.377502 -0.300244
1532259683127063 0.200164 -0.376508 -0.303755
1532259683149004 0.203792 -0.374082 -0.30444
1532259683322060 0.22541 -0.242614 -0.24284
1532259683396860 0.224585 -0.207533 -0.22414
1532259683449718 0.153022 0.015226 -0.102582
1532259683479638 0.172635 0.18427 -0.018095
1532259683546460 0.218617 0.230092 -0.0362108
1532259683599318 0.241188 0.243771 -0.0529639
1532259683674120 0.279791 0.280352 -0.120012
1532259683794801 0.402811 0.298812 -0.401067
1532259683824716 0.401201 0.29137 -0.440388
1532259683876577 0.39265 0.284336 -0.473121
1532259683936416 0.379047 0.280717 -0.497129
1532259683959355 0.445564 0.305681 -0.411252
1532259684123915 0.524133 0.296448 -0.246111
1532259684153843 0.523966 0.318556 -0.271859
1532259684304432 0.437093 0.331649 -0.411822
1532259684439073 0.499303 0.320622 -0.330202
1532259684566731 0.516868 0.328422 -0.332106
1532259684762208 0.395331 0.22891 -0.512296
1532259684918790 0.183753 0.0017667 -0.4946
1532259684941728 0.172204 -0.0338242 -0.492324
1532259684994595 0.179111 -0.146516 -0.458138
1532259685116262 0.18197 -0.264706 -0.405349
1532259685197045 0.225201 -0.339673 -0.343154
1532259685316726 0.217224 -0.359776 -0.36528
1532259685414464 0.23614 -0.353475 -0.363852
1532259685436405 0.240061 -0.347607 -0.360956
1532259685789462 0.237928 -0.342795 -0.364747
1532259685842320 0.23865 -0.340749 -0.370643
1532259685902160 0.240423 -0.340612 -0.371461
1532259685947040 0.242455 -0.337902 -0.372458
1532259686066720 0.243364 -0.326126 -0.367427
1532259686104622 0.242459 -0.325579 -0.367925
1532259686307078 0.230316 -0.329841 -0.379311
1532259686381876 0.230367 -0.331373 -0.375869
1532259686479616 0.229104 -0.334092 -0.370214
1532259686546437 0.230181 -0.334549 -0.361402
1532259686622234 0.23231 -0.328028 -0.363623
1532259686682074 0.231627 -0.326135 -0.364731
1532259686824706 0.232629 -0.325353 -0.367586
1532259686929413 0.230462 -0.32593 -0.370925
1532259687483954 0.22227 -0.320668 -0.363748
1532259687769191 0.208274 -0.337972 -0.376041
1532259687858951 0.216134 -0.350953 -0.354719
1532259687918791 0.207431 -0.362074 -0.348852
1532259687964668 0.205931 -0.365753 -0.34664
1532259687986609 0.203024 -0.371755 -0.342195
1532259688061409 0.198333 -0.376271 -0.334882
1532259688084349 0.198216 -0.375922 -0.332792
1532259688121249 0.199948 -0.373969 -0.329477
1532259688159148 0.200831 -0.371189 -0.32766
1532259688189068 0.200277 -0.369748 -0.327479

1532259688271847 0.198472 -0.368569 -0.328352
1532259688549111 0.201799 -0.366195 -0.33514
1532259688638871 0.212937 -0.355164 -0.338155
1532259688691786 0.213989 -0.352491 -0.337739
1532259688744645 0.214258 -0.352172 -0.338129
1532259688799498 0.214984 -0.351461 -0.339308
1532259688871329 0.216985 -0.350405 -0.342193
1532259688954106 0.217452 -0.350283 -0.34277
1532259689006966 0.218005 -0.349945 -0.342703
1532259689043866 0.218328 -0.349132 -0.34127
1532259689096725 0.21785 -0.348983 -0.340905
1532259689284224 0.218322 -0.349148 -0.342527
1532259689433824 0.217358 -0.350859 -0.340434
1532259689546523 0.211919 -0.352762 -0.344936
1532259689704102 0.207975 -0.354728 -0.347333
1532259689831760 0.18888 -0.318336 -0.3308
1532259690259625 0.33319 0.35655 -0.267514
1532259690304496 0.37604 0.355837 -0.316448
1532259690409216 0.401396 0.351321 -0.511487
1532259690558815 0.483194 0.356168 -0.370599
1532259690671516 0.545766 0.385303 -0.277653
1532259690686474 0.535467 0.395965 -0.308052
1532259690761275 0.477845 0.423691 -0.441892
1532259690822112 0.484532 0.407847 -0.446027
1532259690888934 0.45049 0.404305 -0.444221
1532259690948774 0.485434 0.406421 -0.392939
1532259691091392 0.453796 0.399188 -0.470971
1532259691121312 0.398069 0.406874 -0.439059
1532259691271909 0.366536 0.383556 -0.461938
1532259691354687 0.378635 0.377333 -0.456687
1532259691436468 0.371145 0.3413 -0.478354
1532259691534207 0.282978 0.234011 -0.505174
1532259691594048 0.127539 0.00130244 -0.525686
1532259691721706 0.111663 -0.143187 -0.508935
1532259691804485 0.16223 -0.384995 -0.436308
1532259691849365 0.182922 -0.411899 -0.429573
1532259691924165 0.199165 -0.376223 -0.419676
1532259691991983 0.209291 -0.369657 -0.421243
1532259692149562 0.218841 -0.392287 -0.423846
1532259692224362 0.227616 -0.359315 -0.419435
1532259692276223 0.232301 -0.362586 -0.415045
1532259692337067 0.226852 -0.356152 -0.410534
1532259692373962 0.227781 -0.34378 -0.406332
1532259692411861 0.228517 -0.343482 -0.40655
1532259692599359 0.227927 -0.342424 -0.405399
1532259692763919 0.230994 -0.335077 -0.40223
1532259693183803 0.211099 -0.308051 -0.417957
1532259693387252 0.173153 -0.364859 -0.432102
1532259693432133 0.181624 -0.36739 -0.419033
1532259693462052 0.184233 -0.366716 -0.414514
1532259693521892 0.203389 -0.346762 -0.401341
1532259693558793 0.20865 -0.336022 -0.404168
1532259693739311 0.215706 -0.322376 -0.42929
1532259694024548 0.232005 -0.299275 -0.441794
1532259694346687 0.239925 -0.290885 -0.458915
1532259694496287 0.214532 -0.302171 -0.462495
1532259694646885 0.208306 -0.322733 -0.447771
1532259694691764 0.21188 -0.322431 -0.435955
1532259694751604 0.214628 -0.322917 -0.430319
1532259694781524 0.216144 -0.330839 -0.415762
1532259694909183 0.196918 -0.360557 -0.400036
1532259694969022 0.19275 -0.363579 -0.398712

1532259695051801 0.184758 -0.367743 -0.394218
1532259695149540 0.183485 -0.368948 -0.3836
1532259695186441 0.176542 -0.375642 -0.386702
1532259695209380 0.17241 -0.379624 -0.38837
1532259695277199 0.163159 -0.388726 -0.393622
1532259695299140 0.161805 -0.390584 -0.394305
1532259695388900 0.16347 -0.389573 -0.39302
1532259695411838 0.164956 -0.388568 -0.392068
1532259695464697 0.168058 -0.387073 -0.390267
1532259695486638 0.169598 -0.386699 -0.389532
1532259695524537 0.171214 -0.386384 -0.387299
1532259695599337 0.17071 -0.386047 -0.385241
1532259695667156 0.170573 -0.385843 -0.382409
1532259695726996 0.17117 -0.385549 -0.380716
1532259695778857 0.171696 -0.385223 -0.380541
1532259695808786 0.171929 -0.384549 -0.380509
1532259695839703 0.173837 -0.382917 -0.380963
1532259695914503 0.173805 -0.382021 -0.381097
1532259695981324 0.176398 -0.380312 -0.380668
1532259696034183 0.176961 -0.376692 -0.379698
1532259696057122 0.177647 -0.375282 -0.379523
1532259696094023 0.179439 -0.373309 -0.379778
1532259696168823 0.180543 -0.371987 -0.37972
1532259696266561 0.185987 -0.367481 -0.379369
1532259696296481 0.187425 -0.365812 -0.379439
1532259696371282 0.189822 -0.365462 -0.380384
1532259696447079 0.186302 -0.364741 -0.383757
1532259696491959 0.183916 -0.363515 -0.383887
1532259696761239 0.222353 -0.281781 -0.341528
1532259696837050 0.225362 -0.224427 -0.306421
1532259697016556 0.252297 0.228096 0.0309056
1532259697197089 0.490526 0.368048 -0.140274
1532259697226993 0.513541 0.373452 -0.173706
1532259697271873 0.526482 0.373811 -0.21327
1532259697331713 0.535392 0.385928 -0.405294
1532259697406512 0.494767 0.396307 -0.421998
1532259697444412 0.559155 0.419591 -0.387846
1532259697474332 0.572116 0.428676 -0.391418
1532259697496273 0.566604 0.396956 -0.304467
1532259697534172 0.572634 0.394702 -0.271182
1532259697579052 0.619222 0.396069 -0.225091
1532259697646870 0.641006 0.407719 -0.21107
1532259697668812 0.632139 0.414104 -0.224453
1532259697887234 0.549329 0.429851 -0.38932
1532259697983976 0.591497 0.392692 -0.259037
1532259698051795 0.626559 0.411009 -0.229016
1532259698081714 0.620448 0.425975 -0.288093
1532259698134573 0.557294 0.431118 -0.417824
1532259698179453 0.501394 0.429753 -0.434415
1532259698201394 0.546742 0.425077 -0.408725
1532259698224333 0.532757 0.434634 -0.440313
1532259698254266 0.513969 0.409685 -0.477771
1532259698314093 0.396042 0.36113 -0.497185
1532259698358972 0.362373 0.319766 -0.493525
1532259698426791 0.295521 0.203518 -0.479726
1532259698456712 0.250846 0.114913 -0.478508
1532259698516551 0.227901 0.0596151 -0.478552
1532259698591351 0.20571 0.00228203 -0.47663
1532259698667148 0.180529 -0.104442 -0.478547
1532259698719010 0.23 -0.241841 -0.485188
1532259698854647 0.246027 -0.330322 -0.479814
1532259698906509 0.24579 -0.349439 -0.487021
1532259698929447 0.239645 -0.35083 -0.488933
1532259698966349 0.243805 -0.349134 -0.48835
1532259698989287 0.248476 -0.348733 -0.486694
1532259699072066 0.254118 -0.339878 -0.473814
1532259699161825 0.251965 -0.337721 -0.468424
1532259699214684 0.247015 -0.338405 -0.467041
1532259699289484 0.240847 -0.34484 -0.466211
1532259699334364 0.240168 -0.346822 -0.466019
1532259699417143 0.246658 -0.34748 -0.461317
1532259699440082 0.248118 -0.341711 -0.46321
1532259699491943 0.245882 -0.340109 -0.468114
1532259699829042 0.243458 -0.336544 -0.477268
1532259699888881 0.241575 -0.334574 -0.468397
1532259699903842 0.235499 -0.336586 -0.464719
1532259699964679 0.232549 -0.339853 -0.462352
1532259700001580 0.23311 -0.334686 -0.462808
1532259700054440 0.232295 -0.329567 -0.467965
1532259700129239 0.230621 -0.32643 -0.473403
1532259700167138 0.231541 -0.321 -0.479638
1532259700197058 0.237485 -0.309405 -0.486844
1532259700248919 0.241157 -0.30467 -0.488685
1532259700316737 0.248892 -0.297191 -0.49169
1532259700376577 0.251581 -0.29469 -0.495478
1532259700451377 0.251355 -0.299581 -0.509407
1532259700481297 0.253221 -0.293596 -0.51195
1532259700527191 0.254082 -0.289468 -0.511044
1532259700608956 0.261129 -0.273291 -0.501539
1532259700683756 0.257858 -0.262315 -0.491284
1532259700736615 0.244295 -0.276469 -0.510055
1532259700879234 0.216793 -0.302932 -0.5345
1532259700954039 0.225156 -0.298624 -0.526645
1532259700976972 0.231111 -0.293464 -0.51873
1532259701216332 0.203612 -0.325342 -0.523556
1532259701284150 0.196601 -0.334099 -0.526176
1532259701366929 0.204571 -0.33474 -0.511542
1532259701456689 0.223244 -0.343603 -0.472306
1532259701539467 0.221455 -0.35374 -0.458182

1532259701786807 0.192728 -0.367224 -0.447245
1532259701831686 0.20048 -0.363168 -0.438342
1532259701861606 0.195579 -0.36542 -0.432307
1532259701921446 0.18973 -0.368339 -0.433278
1532259701959345 0.186836 -0.370517 -0.434624
1532259701997243 0.183264 -0.373207 -0.436404
1532259702034145 0.173677 -0.379202 -0.441564
1532259702087004 0.174269 -0.380005 -0.443438
1532259702108945 0.17516 -0.379209 -0.443154
1532259702146843 0.177523 -0.377978 -0.442472
1532259702184742 0.178507 -0.377881 -0.442396
1532259702221659 0.178451 -0.37853 -0.4426
1532259702266524 0.177838 -0.378523 -0.442725
1532259702311404 0.178082 -0.377968 -0.442708
1532259702364262 0.177793 -0.37564 -0.441576
1532259702394181 0.179332 -0.373547 -0.440983
1532259702462001 0.180252 -0.372454 -0.44116
1532259702499900 0.180181 -0.371431 -0.441393
1532259702543782 0.180435 -0.370713 -0.441596
1532259702604629 0.182603 -0.367127 -0.442714
1532259702679419 0.183096 -0.36575 -0.44303
1532259702739623 0.184761 -0.365247 -0.443033
1532259702776543 0.187403 -0.362935 -0.442503
1532259702829402 0.190359 -0.359658 -0.442161
1532259702904211 0.191742 -0.357208 -0.441853
1532259702957061 0.193759 -0.355031 -0.443092
1532259703016902 0.193755 -0.354357 -0.443898
1532259703046821 0.194134 -0.354008 -0.444315
1532259703144560 0.194413 -0.354056 -0.444364
1532259703226341 0.194593 -0.353754 -0.444354
1532259703256261 0.193953 -0.353645 -0.444479
1532259703271221 0.193953 -0.353645 -0.444479
1532259703324086 0.193953 -0.353645 -0.444479
1532259703347018 0.194525 -0.354266 -0.444667
1532259703398880 0.18998 -0.358456 -0.446754
1532259703451738 0.201577 -0.349473 -0.444389
1532259703504597 0.219565 -0.333555 -0.435715
1532259703526538 0.22869 -0.300882 -0.422951
1532259703631258 0.232627 -0.23162 -0.406678
1532259703736976 0.228794 -0.174642 -0.391907
1532259704014234 0.214108 0.203166 -0.25715
1532259704067092 0.20036 0.264933 -0.212154
1532259704216693 0.239194 0.346725 -0.142252
1532259704389231 0.455739 0.378635 -0.317558
1532259704486970 0.453291 0.356008 -0.476431
1532259704561770 0.413449 0.343515 -0.589955
1532259704839030 0.42672 0.371666 -0.414329
1532259705094362 0.392948 0.35366 -0.477979
1532259705199066 0.498724 0.401213 -0.348002
1532259705319743 0.497901 0.396516 -0.463465
1532259705446405 0.44499 0.378311 -0.545563
1532259705567082 0.425517 0.337888 -0.586487
1532259705597002 0.290074 0.285841 -0.596827
1532259705618943 0.197504 0.180239 -0.588185
1532259705746602 0.0578687 -0.144892 -0.518604
1532259705806442 0.0908475 -0.236059 -0.50682
1532259705904180 0.195597 -0.340036 -0.471961
1532259705978980 0.208069 -0.329042 -0.471265
1532259706023860 0.210857 -0.330526 -0.472526
1532259706144538 0.205863 -0.339622 -0.474802
1532259706226319 0.198147 -0.342577 -0.480338
1532259706353977 0.205317 -0.35071 -0.455243
1532259706376917 0.2065 -0.352332 -0.452153
1532259706489615 0.206501 -0.356266 -0.446732
1532259706701049 0.21238 -0.342543 -0.460686
1532259706714015 0.20199 -0.340855 -0.479447
1532259706773855 0.201094 -0.342248 -0.483433
1532259706931433 0.215301 -0.339106 -0.449437
1532259706984291 0.209636 -0.335017 -0.4457
1532259707118932 0.216404 -0.328982 -0.462288
1532259707133892 0.218701 -0.327045 -0.464212
1532259707186751 0.225352 -0.320735 -0.467465
1532259707412148 0.240158 -0.3003 -0.480406
1532259707787145 0.227114 -0.307882 -0.504881
1532259707817065 0.221922 -0.313071 -0.509174
1532259707839006 0.214075 -0.321791 -0.515805
1532259708041465 0.223279 -0.317779 -0.49316
1532259708154164 0.225925 -0.318906 -0.492034
1532259708319721 0.200863 -0.337916 -0.51229
1532259708431422 0.211608 -0.338121 -0.491785
1532259708507220 0.215177 -0.350467 -0.456433
1532259708582020 0.20445 -0.36226 -0.443859
1532259708724638 0.189186 -0.371357 -0.433953
1532259708784478 0.18851 -0.371957 -0.434912

1532259709001906 0.17319 -0.387338 -0.44264
1532259709061737 0.171106 -0.391076 -0.440642
1532259709084675 0.171329 -0.391429 -0.440093
1532259709151497 0.173344 -0.390085 -0.437937
1532259709196377 0.173425 -0.389457 -0.437236
1532259709257214 0.175207 -0.387264 -0.434909
1532259709302094 0.176829 -0.384163 -0.431033
1532259709332013 0.177302 -0.382949 -0.427408
1532259709353955 0.177681 -0.382905 -0.42685
1532259709376893 0.177554 -0.38293 -0.426825
1532259709406813 0.177554 -0.38293 -0.426825
1532259709436734 0.176954 -0.382784 -0.426537
1532259709481620 0.176926 -0.382684 -0.426532
1532259709504559 0.177052 -0.382659 -0.426556
1532259709511540 0.177045 -0.382527 -0.426665
1532259709541460 0.177171 -0.382502 -0.426689
1532259709579358 0.178121 -0.381381 -0.426987
1532259709609296 0.179169 -0.380936 -0.427037
1532259709639199 0.181413 -0.379293 -0.427409
1532259709684079 0.182817 -0.376842 -0.427122
1532259709707018 0.184755 -0.373917 -0.426893
1532259709766858 0.186902 -0.371557 -0.427024
1532259709811737 0.187669 -0.370371 -0.427151
1532259709834676 0.188183 -0.369235 -0.427229
1532259709931417 0.192268 -0.365025 -0.428392
1532259709984277 0.192819 -0.364517 -0.42856
1532259710044127 0.193574 -0.364069 -0.429027
1532259710141854 0.180637 -0.362192 -0.429465
1532259710538794 0.210235 -0.173009 -0.339762
1532259710659471 0.219845 -0.0316953 -0.273934
1532259710876889 0.328636 0.416065 -0.222788
1532259710974628 0.373258 0.410563 -0.391053
1532259710996569 0.370554 0.391936 -0.500927
1532259711049427 0.342042 0.370097 -0.602834
1532259711147166 0.361312 0.384557 -0.589898
1532259711281807 0.38499 0.41509 -0.462758
1532259711356607 0.406949 0.434631 -0.434225
1532259711424424 0.358664 0.433152 -0.5511
1532259711507204 0.283269 0.421687 -0.617407
1532259711559064 0.311215 0.423322 -0.586888
1532259711618905 0.337275 0.410587 -0.472496
1532259711709662 0.386339 0.431202 -0.40538
1532259711724622 0.397148 0.4375 -0.39538
1532259711761524 0.405363 0.44191 -0.394714
1532259711799422 0.389773 0.438825 -0.47801
1532259711851284 0.327408 0.418674 -0.60593
1532259711897160 0.307501 0.445734 -0.618527
1532259711927081 0.32709 0.431086 -0.611878
1532259712008862 0.275919 0.382395 -0.616136
1532259712085656 0.243651 0.360474 -0.621268
1532259712279140 0.20421 0.152994 -0.567119
1532259712391845 0.216453 -0.328738 -0.519364
1532259712459657 0.19972 -0.333988 -0.520598
1532259712526477 0.219594 -0.301128 -0.529478
1532259712541437 0.226968 -0.307274 -0.532781
1532259712601277 0.203728 -0.336802 -0.53566
1532259712662115 0.201523 -0.336954 -0.53859
1532259712684057 0.202641 -0.340204 -0.535566
1532259712728936 0.200823 -0.340674 -0.532819
1532259712811721 0.199792 -0.340021 -0.52598
1532259712864574 0.19778 -0.342268 -0.522307
1532259712931395 0.192844 -0.352173 -0.512629
1532259713022152 0.19942 -0.351201 -0.498315
1532259713096953 0.202633 -0.346291 -0.507592
1532259713163774 0.200698 -0.345652 -0.523139
1532259713216633 0.187846 -0.351144 -0.541376
1532259713291433 0.191746 -0.35893 -0.533652
1532259713463971 0.213924 -0.345716 -0.504007
1532259713546749 0.214716 -0.342417 -0.514432
1532259713591629 0.215354 -0.341254 -0.517968
1532259713651469 0.21593 -0.337553 -0.522897
1532259713719288 0.222969 -0.329515 -0.52601
1532259713794092 0.230687 -0.321708 -0.526404
1532259713868888 0.240503 -0.306301 -0.532586
1532259713921747 0.238278 -0.308191 -0.539027
1532259713974605 0.229454 -0.311821 -0.549259
1532259714071346 0.239773 -0.29918 -0.544785
1532259714192024 0.241338 -0.284324 -0.532664
1532259714258846 0.227656 -0.298308 -0.552318
1532259714424402 0.196097 -0.325064 -0.572735
1532259714431384 0.202735 -0.321349 -0.56624
1532259714499203 0.231531 -0.300979 -0.527002
1532259714552062 0.230237 -0.30089 -0.522135
1532259714574003 0.219687 -0.303979 -0.523388
1532259714746541 0.181116 -0.330351 -0.568147
1532259714912099 0.210928 -0.329399 -0.532875
1532259714956979 0.212226 -0.337518 -0.497064
1532259715023799 0.208532 -0.342389 -0.49501
1532259715159437 0.19604 -0.357344 -0.494923
1532259715204336 0.187133 -0.367189 -0.492301
1532259715234246 0.190606 -0.366417 -0.489086

1532259715436696 0.18207 -0.376643 -0.495768
1532259715504538 0.173486 -0.385895 -0.499681
1532259715579338 0.166657 -0.406307 -0.495545
1532259715639186 0.163514 -0.409722 -0.487827
1532259715721964 0.161996 -0.413063 -0.479599
1532259716007211 0.139582 -0.442711 -0.440408
1532259716118903 0.135467 -0.452777 -0.453566
1532259716149829 0.136353 -0.455243 -0.456772
1532259716171776 0.134284 -0.456825 -0.458762
1532259716201682 0.133118 -0.459277 -0.46097
1532259716216642 0.133926 -0.462445 -0.463101
1532259716269500 0.135935 -0.465335 -0.46511
1532259716291441 0.13984 -0.467391 -0.469832
1532259716344300 0.141454 -0.46713 -0.472402
1532259716457015 0.161932 -0.45342 -0.484507
1532259716471975 0.166016 -0.451243 -0.486109
1532259716568717 0.173113 -0.46467 -0.483755
1532259716614594 0.175262 -0.471107 -0.483966
1532259716629554 0.1788 -0.47638 -0.485665
1532259716689394 0.196178 -0.489514 -0.498966
1532259716741255 0.193968 -0.492232 -0.504256
1532259716757213 0.194121 -0.491799 -0.50759
1532259716817052 0.198485 -0.473234 -0.524195
1532259716832012 0.199072 -0.470779 -0.526153
1532259716868914 0.19063 -0.462992 -0.527366
1532259716891852 0.186468 -0.458279 -0.525532
1532259716921773 0.185653 -0.454116 -0.523003
1532259716974631 0.187412 -0.453657 -0.520283
1532259717019511 0.188949 -0.455002 -0.51919
1532259717041452 0.188288 -0.451913 -0.534343
1532259717056412 0.188123 -0.447411 -0.540988
1532259717079351 0.190255 -0.438586 -0.553905
1532259717094325 0.189207 -0.432857 -0.560392
1532259717116252 0.186123 -0.42586 -0.567252
1532259717147170 0.183439 -0.419696 -0.574367
1532259717177089 0.18021 -0.413783 -0.587245
1532259717221969 0.17778 -0.413167 -0.592707
1532259717243921 0.173556 -0.412978 -0.595438
1532259717258871 0.170709 -0.414874 -0.595722
1532259717273830 0.170548 -0.418524 -0.593362
1532259717296770 0.179245 -0.42103 -0.5828
1532259717319709 0.183663 -0.418824 -0.5748
1532259717356610 0.180243 -0.410599 -0.548379
1532259717379548 0.178621 -0.405013 -0.532191
1532259717446370 0.189196 -0.391639 -0.504435
1532259717476290 0.198981 -0.384625 -0.496969
1532259717537127 0.214114 -0.373458 -0.498561
1532259717574028 0.206503 -0.371102 -0.507989
1532259717633868 0.200414 -0.359338 -0.512891
1532259717663788 0.206765 -0.356194 -0.513747
1532259717709666 0.211461 -0.351543 -0.51798
1532259717754546 0.210308 -0.349062 -0.518915
1532259717776487 0.214108 -0.348347 -0.517132
1532259717859265 0.235157 -0.318607 -0.501407
1532259718031805 0.270661 -0.250997 -0.453597
1532259718106604 0.24471 -0.154291 -0.375162
1532259718279143 0.210117 0.234016 -0.169303
1532259718444700 0.334881 0.390966 -0.180958
1532259718511521 0.398779 0.408284 -0.231946
1532259718564380 0.423898 0.411669 -0.253944
1532259718684066 0.3669 0.420118 -0.622203
1532259718736918 0.363462 0.437524 -0.550424
1532259718796758 0.402477 0.437351 -0.491579
1532259718849616 0.389211 0.434027 -0.371572
1532259718976294 0.462228 0.440657 -0.238015
1532259719096956 0.544091 0.460601 -0.174129
1532259719171756 0.400665 0.406632 -0.546024
1532259719194694 0.38076 0.386134 -0.522037
1532259719254535 0.405554 0.382357 -0.464458
1532259719300411 0.403455 0.384555 -0.384614
1532259719336316 0.437852 0.401252 -0.292457
1532259719389174 0.514675 0.442312 -0.185856
1532259719449014 0.554405 0.488011 -0.190947
1532259719493894 0.528479 0.501619 -0.26546
1532259719523814 0.489155 0.494146 -0.369886
1532259719538775 0.433123 0.445526 -0.52831
1532259719614571 0.341644 0.376852 -0.590114
1532259719667430 0.363356 0.374278 -0.572942
1532259719689372 0.378343 0.335544 -0.595345
1532259719794104 0.288925 0.282211 -0.587078
1532259719846950 0.210521 0.100642 -0.555231
1532259719861910 0.187773 0.0441291 -0.539045
1532259719883851 0.156445 -0.0871307 -0.500613
1532259719913771 0.143228 -0.152943 -0.483514
1532259719951670 0.145997 -0.212762 -0.467505
1532259720026470 0.15548 -0.260611 -0.457058
1532259720101270 0.220633 -0.323236 -0.46134
1532259720124209 0.258007 -0.356819 -0.466886
1532259720177068 0.297423 -0.346184 -0.513021
1532259720228929 0.274957 -0.344356 -0.521834
1532259720303742 0.263308 -0.347632 -0.521262
1532259720379526 0.24982 -0.356918 -0.521461
1532259720424406 0.244066 -0.36064 -0.523839
1532259720588966 0.209698 -0.36993 -0.519666
1532259720716625 0.211136 -0.379628 -0.502455
1532259721008843 0.237651 -0.35185 -0.548929
1532259721084640 0.238187 -0.349463 -0.545678
1532259721106581 0.238241 -0.348994 -0.542904
1532259721183377 0.238737 -0.343949 -0.530077
1532259721189361 0.240151 -0.341132 -0.531562
1532259721212303 0.241138 -0.339599 -0.532914
1532259721257179 0.24482 -0.335658 -0.53647
1532259721272139 0.247214 -0.334102 -0.538487
1532259721391819 0.25938 -0.322252 -0.552672
1532259721436699 0.266209 -0.313923 -0.558329
1532259721511500 0.269205 -0.308737 -0.560696
1532259721534438 0.274423 -0.300495 -0.56551
1532259721564358 0.276613 -0.298229 -0.567827
1532259721624198 0.269542 -0.300036 -0.577929
1532259721692016 0.272676 -0.299683 -0.579367
1532259721713958 0.275776 -0.298114 -0.579932
1532259721886496 0.285339 -0.2723 -0.572195
1532259721924395 0.286246 -0.263375 -0.572647
1532259721992214 0.284374 -0.269661 -0.585231
1532259722029115 0.264104 -0.288402 -0.600553
1532259722088955 0.231299 -0.304185 -0.607995
1532259722118875 0.222474 -0.308233 -0.60841
1532259722171744 0.237421 -0.295641 -0.596089
1532259722269473 0.235781 -0.283663 -0.575902
1532259722291413 0.231795 -0.283357 -0.570645
1532259722352250 0.218177 -0.302553 -0.579962
1532259722419072 0.21547 -0.311751 -0.593405
1532259722448992 0.211903 -0.313628 -0.596627
1532259722493872 0.209606 -0.317441 -0.601174
1532259722546731 0.212375 -0.320069 -0.59837
1532259722674390 0.222006 -0.324759 -0.560565
1532259722719269 0.219042 -0.329249 -0.553602
1532259722779110 0.21299 -0.337024 -0.548326
1532259722921728 0.198595 -0.359515 -0.533619
1532259722959626 0.194226 -0.370499 -0.525312
1532259722996528 0.192995 -0.37526 -0.516238
1532259723034426 0.192056 -0.377168 -0.511187

1532259723198987 0.1717 -0.373589 -0.5332
1532259723273817 0.190704 -0.287084 -0.565216
1532259723364574 0.251964 -0.106103 -0.600231
1532259723416436 0.258268 0.100476 -0.642336
1532259723507193 0.174074 0.44314 -0.882495
1532259723581994 0.0782889 0.558425 -1.05524
1532259723626873 0.0322405 0.613783 -1.14667
1532259723663774 -0.016212 0.653009 -1.23373
1532259723716633 -0.0312456 0.655201 -1.29399
1532259723754532 -0.0287565 0.650224 -1.30321
1532259723791433 -0.0272759 0.634263 -1.32806
1532259723829339 -0.0206014 0.625939 -1.33891
1532259723859259 -0.00856901 0.614893 -1.34911
1532259723904139 -0.00434773 0.611725 -1.35184
1532259723956997 0.00241289 0.601482 -1.37364
1532259723993899 0.000867595 0.599191 -1.37287
1532259724031797 0.00218741 0.598431 -1.37276
1532259724054736 0.000208925 0.59972 -1.36991
1532259724114576 -0.00675654 0.602863 -1.37023
1532259724122567 -0.00589997 0.603193 -1.3694
1532259724159456 -0.00127954 0.601058 -1.36758
1532259724189376 -0.000184558 0.602054 -1.36734
1532259724249216 -0.00183951 0.611482 -1.37207
1532259724287115 -0.00246306 0.609654 -1.36949
1532259724324016 -0.00203721 0.607554 -1.36832
1532259724383856 0.0146446 0.604875 -1.3539
1532259724459653 0.0141134 0.599137 -1.33747
1532259724639173 0.0471598 0.320124 -1.00646
1532259724758854 0.0142553 -0.0288131 -0.82009
1532259724834651 -0.050031 -0.371971 -0.658206
1532259724856592 -0.0247816 -0.40432 -0.636438
1532259724879530 -0.00604934 -0.416311 -0.635646
1532259724894491 0.0212196 -0.426139 -0.642084
1532259724909450 0.0524423 -0.438375 -0.651833
1532259724939370 0.0811871 -0.455216 -0.665287
1532259724969290 0.101283 -0.475188 -0.678728
1532259724992245 0.0991576 -0.492779 -0.68419
1532259725007190 0.0742824 -0.500796 -0.680837
1532259725044090 0.0189419 -0.482835 -0.660685
1532259725067028 0.0287072 -0.468621 -0.649018
1532259725089969 0.0667107 -0.459294 -0.641884
1532259725111909 0.126331 -0.452751 -0.624377
1532259725141829 0.128431 -0.450935 -0.613108
1532259725163770 0.116235 -0.446579 -0.603371
1532259725186709 0.103341 -0.438849 -0.595386
1532259725239568 0.103904 -0.425552 -0.587798
1532259725254528 0.116379 -0.422444 -0.585772
1532259725299408 0.137998 -0.418809 -0.582883
1532259725314368 0.139015 -0.416979 -0.580817
1532259725359248 0.133456 -0.411408 -0.569723
1532259725397146 0.13768 -0.410754 -0.567475
1532259725419088 0.139932 -0.410284 -0.566647
1532259725501866 0.157734 -0.4024 -0.563136
1532259725569684 0.189185 -0.367323 -0.547225
1532259725591626 0.198275 -0.34268 -0.534546
1532259725704325 0.193172 -0.164748 -0.444676
1532259725727263 0.183057 -0.0447478 -0.386922
1532259725772144 0.178788 -0.00471033 -0.367473
1532259725802064 0.18158 0.102685 -0.300327
1532259725861904 0.182863 0.18567 -0.240325
1532259725981583 0.183249 0.209629 -0.221112
1532259726079322 0.197006 0.267532 -0.164412
1532259726409439 0.391111 0.381377 -0.293086
1532259726454333 0.419496 0.393187 -0.425558
1532259726484239 0.417269 0.399245 -0.560253
1532259726507178 0.406057 0.397691 -0.597702
1532259726537098 0.396781 0.414676 -0.595523
1532259726709636 0.416326 0.437869 -0.519956
1532259726746538 0.390209 0.439703 -0.486732
1532259726836298 0.472084 0.431017 -0.163209
1532259726889157 0.525542 0.443521 -0.154077
1532259726942015 0.518638 0.447893 -0.219048
1532259726986895 0.455559 0.43972 -0.397723
1532259727031775 0.403521 0.412543 -0.555707
1532259727046735 0.374645 0.406021 -0.577596
1532259727136495 0.444626 0.398684 -0.486767
1532259727174394 0.449652 0.389887 -0.465467
1532259727211295 0.416265 0.376506 -0.39815
1532259727287093 0.486243 0.399487 -0.229904
1532259727368874 0.55473 0.443673 -0.176801
1532259727398794 0.549814 0.455621 -0.238286
1532259727451653 0.488972 0.439579 -0.449993
1532259727571343 0.456435 0.414311 -0.54775
1532259727602249 0.407146 0.397497 -0.551661
1532259727728911 0.365866 0.33713 -0.564806
1532259727789748 0.317797 0.268679 -0.566121
1532259727819668 0.224186 0.07162 -0.551747
1532259727871530 0.217831 0.00530006 -0.539531
1532259727946330 0.185115 -0.185764 -0.501694
1532259728246527 0.252586 -0.348118 -0.522199
1532259728321327 0.254843 -0.346369 -0.522495
1532259728374186 0.256594 -0.347737 -0.519764
1532259728501844 0.255629 -0.349366 -0.507372
1532259728584623 0.240111 -0.364431 -0.497944
1532259728704303 0.243573 -0.35649 -0.504662
1532259728831961 0.253656 -0.350785 -0.518128
1532259728876841 0.256127 -0.348667 -0.522395
1532259728906761 0.255175 -0.347479 -0.523784
1532259729034420 0.250448 -0.352019 -0.520759
1532259729056361 0.247332 -0.354897 -0.513658
1532259729109220 0.246015 -0.355957 -0.510867
1532259729184020 0.24501 -0.354209 -0.502913
1532259729191999 0.24354 -0.350368 -0.508373
1532259729281759 0.245282 -0.346104 -0.517637
1532259729341598 0.248521 -0.340329 -0.521433
1532259729364537 0.250945 -0.337317 -0.522444
1532259729394457 0.25496 -0.330367 -0.523595
1532259729588937 0.257206 -0.323042 -0.52549
1532259729814334 0.251699 -0.311629 -0.523256
1532259729889134 0.246473 -0.295898 -0.514952
1532259730023775 0.240168 -0.309959 -0.544931
1532259730294052 0.227936 -0.305574 -0.519118
1532259730353892 0.217336 -0.304368 -0.511243
1532259730466590 0.214325 -0.321685 -0.540848
1532259730572308 0.203064 -0.326566 -0.550349
1532259730706947 0.202604 -0.332721 -0.553731
1532259730796707 0.211108 -0.330575 -0.542589
1532259730856548 0.215352 -0.336459 -0.498166
1532259730924366 0.212549 -0.341865 -0.496631
1532259730977242 0.210822 -0.344607 -0.496439
1532259731179683 0.210615 -0.35186 -0.503375

1532259731276425 0.21024 -0.354136 -0.507869
1532259731322319 0.206025 -0.355549 -0.509766
1532259731359203 0.202413 -0.35966 -0.512197
1532259731412061 0.201222 -0.363422 -0.513166
1532259731487859 0.202001 -0.361667 -0.510618
1532259731554681 0.203424 -0.358872 -0.505757
1532259731629481 0.205375 -0.358361 -0.502253
1532259731674360 0.2058 -0.358027 -0.501644
1532259731764120 0.20751 -0.354769 -0.499325
1532259731816979 0.210235 -0.35289 -0.500767
1532259731861859 0.210135 -0.352477 -0.501448
1532259731906739 0.210081 -0.353295 -0.503229
1532259731936658 0.208192 -0.353736 -0.503422
1532259731959597 0.20752 -0.353898 -0.503036
1532259732019438 0.209578 -0.354321 -0.503149
1532259732034408 0.211085 -0.354172 -0.503816
1532259732087260 0.211869 -0.353685 -0.504546
1532259732206936 0.207223 -0.35477 -0.500417
1532259732243837 0.21115 -0.354529 -0.499916
1532259732371496 0.209424 -0.356078 -0.504394
1532259732401416 0.205891 -0.357904 -0.500998
1532259732439315 0.206055 -0.358507 -0.50099
1532259732462257 0.201646 -0.359508 -0.501892
1532259732537054 0.219701 -0.353819 -0.497595
1532259732618835 0.234677 -0.340703 -0.484114
1532259732648757 0.2524 -0.317332 -0.463491
1532259732799352 0.248776 -0.285391 -0.427373
1532259733272088 0.267175 0.44251 -0.168983
1532259733294030 0.32143 0.459019 -0.218498
1532259733391768 0.342675 0.461463 -0.278908
1532259733399758 0.348621 0.459991 -0.315552
1532259733414707 0.359007 0.457609 -0.399694
1532259733481528 0.350912 0.425559 -0.623048
1532259733541368 0.332648 0.425961 -0.641109
1532259733556328 0.334696 0.419491 -0.586201
1532259733594226 0.320365 0.423661 -0.582952
1532259733683987 0.29315 0.419321 -0.465219
1532259733826605 0.430256 0.475454 -0.0739516
1532259733871485 0.471718 0.514741 -0.135891
1532259733901405 0.44068 0.515 -0.257067
1532259733954263 0.423616 0.508274 -0.327826
1532259734029064 0.384552 0.476601 -0.51922
1532259734058983 0.364622 0.469658 -0.592135
1532259734103863 0.405172 0.462969 -0.547234
1532259734179661 0.423977 0.468604 -0.462553
1532259734239501 0.407738 0.464579 -0.323752
1532259734329260 0.517568 0.515818 -0.135944
1532259734397080 0.493081 0.525435 -0.268171
1532259734456919 0.444193 0.50425 -0.392399
1532259734478861 0.395222 0.47445 -0.520856
1532259734524738 0.317967 0.431359 -0.642483
1532259734599538 0.382608 0.415689 -0.573246
1532259734623474 0.383853 0.38937 -0.595486
1532259734727197 0.274053 0.301102 -0.596232
1532259734749138 0.256878 0.239406 -0.587526
1532259734794018 0.228731 0.0726704 -0.558922
1532259734839896 0.223436 0.0205022 -0.55077
1532259734868818 0.222835 -0.0891719 -0.533837
1532259734989495 0.256783 -0.309395 -0.519617
1532259735004456 0.269062 -0.331519 -0.525615
1532259735064295 0.276446 -0.330628 -0.532227
1532259735117154 0.242091 -0.309999 -0.534632
1532259735162034 0.233406 -0.303471 -0.534024
1532259735183975 0.245812 -0.314295 -0.53748
1532259735283709 0.253249 -0.34348 -0.540574
1532259735386434 0.227727 -0.351378 -0.534156
1532259735424333 0.220039 -0.360441 -0.530921
1532259735439293 0.216092 -0.36408 -0.527954
1532259735537034 0.22672 -0.374286 -0.521839
1532259735566951 0.229025 -0.375359 -0.520991
1532259735641763 0.229355 -0.370513 -0.512294
1532259735664706 0.232159 -0.365604 -0.511451
1532259735694610 0.23866 -0.359944 -0.522944
1532259735904050 0.240813 -0.353778 -0.545291
1532259735926988 0.240231 -0.352181 -0.547864
1532259735941948 0.239512 -0.350524 -0.549878
1532259735978850 0.243412 -0.346304 -0.55242
1532259736016749 0.240931 -0.348029 -0.550399
1532259736144407 0.236688 -0.350906 -0.542008
1532259736166348 0.237486 -0.351869 -0.540143
1532259736219207 0.23672 -0.351368 -0.542735
1532259736272065 0.229165 -0.351814 -0.543533
1532259736316946 0.234932 -0.349884 -0.544295
1532259736391746 0.241677 -0.341626 -0.545849
1532259736398727 0.243788 -0.337958 -0.545793
1532259736496466 0.250614 -0.321728 -0.544286
1532259736549324 0.255316 -0.31931 -0.552254
1532259736676983 0.241996 -0.325252 -0.567017
1532259736706912 0.241163 -0.325049 -0.570939
1532259736774732 0.26227 -0.305087 -0.564
1532259736826583 0.260517 -0.295254 -0.558362
1532259736886422 0.257823 -0.29155 -0.555427
1532259736999122 0.253719 -0.296525 -0.563373
1532259737103841 0.222375 -0.328745 -0.586295
1532259737231500 0.229861 -0.32032 -0.57878
1532259737501777 0.211875 -0.323639 -0.586543
1532259737838876 0.209961 -0.339755 -0.532964
1532259737861815 0.209506 -0.342401 -0.533908
1532259737936618 0.202937 -0.3504 -0.535081
1532259737959553 0.2031 -0.355476 -0.534343
1532259738064273 0.205785 -0.356187 -0.527674

1532259738124113 0.203156 -0.354698 -0.528823
1532259738169990 0.196073 -0.358196 -0.531358
1532259738213873 0.1903 -0.362615 -0.532082
1532259738266732 0.189466 -0.364386 -0.532433
1532259738311612 0.188652 -0.368236 -0.534863
1532259738364470 0.183401 -0.376945 -0.536425
1532259738386412 0.181764 -0.380058 -0.534202
1532259738409350 0.180825 -0.380894 -0.532317
1532259738469190 0.182339 -0.382077 -0.528826
1532259738514144 0.185733 -0.381612 -0.528461
1532259738544142 0.18449 -0.380633 -0.528174
1532259738567081 0.183903 -0.381341 -0.527514
1532259738603982 0.182776 -0.382049 -0.526728
1532259738633902 0.179091 -0.382703 -0.523704
1532259738686761 0.180564 -0.383412 -0.519498
1532259738716680 0.181894 -0.3829 -0.520344
1532259738776521 0.182364 -0.381606 -0.523601
1532259738792479 0.181981 -0.381935 -0.525001
1532259738821401 0.181741 -0.383494 -0.526587
1532259738844340 0.18116 -0.382766 -0.52545
1532259738912159 0.183044 -0.380768 -0.521328
1532259739002915 0.193713 -0.370921 -0.524756
1532259739031838 0.193623 -0.370977 -0.526669
1532259739069742 0.192946 -0.370421 -0.526076
1532259739099657 0.192596 -0.369669 -0.524206
1532259739121598 0.194046 -0.369006 -0.522229
1532259739144537 0.197187 -0.368145 -0.521228
1532259739181438 0.20198 -0.364114 -0.523174
1532259739234298 0.202557 -0.362064 -0.525052
1532259739264216 0.202764 -0.361016 -0.526873
1532259739294137 0.203583 -0.361717 -0.529201
1532259739324059 0.203295 -0.362298 -0.529488
1532259739368937 0.200503 -0.361288 -0.524891
1532259739421796 0.207692 -0.358223 -0.524125
1532259739459694 0.207339 -0.355817 -0.529477
1532259739511556 0.206892 -0.358066 -0.531021
1532259739526515 0.205164 -0.35877 -0.530359
1532259739549454 0.20303 -0.358774 -0.52878
1532259739601315 0.205871 -0.35921 -0.523894
1532259739624254 0.20701 -0.358495 -0.524802
1532259739662153 0.206059 -0.357241 -0.528133
1532259739684094 0.205679 -0.35792 -0.529714
1532259739721993 0.205762 -0.359502 -0.530988
1532259739751913 0.202546 -0.362242 -0.531501
1532259739796793 0.199068 -0.363012 -0.528568
1532259739834691 0.204235 -0.363328 -0.527656
1532259739886584 0.203414 -0.361834 -0.532518
1532259739961384 0.202041 -0.364785 -0.535391
1532259740006304 0.196584 -0.365709 -0.531402
1532259740029242 0.198356 -0.366225 -0.53058
1532259740052181 0.200752 -0.366399 -0.530736
1532259740082101 0.201479 -0.366081 -0.532748
1532259740112021 0.201379 -0.36729 -0.535501
1532259740133962 0.201202 -0.368331 -0.536259
1532259740201781 0.195303 -0.368953 -0.536134
1532259740216742 0.19227 -0.370313 -0.53452
1532259740239680 0.192037 -0.372649 -0.533277
1532259740284560 0.215631 -0.360272 -0.528553
1532259740336421 0.237217 -0.335709 -0.511331
1532259740419200 0.246503 -0.27322 -0.470023
1532259740568800 0.245519 -0.21694 -0.437391
1532259740644597 0.242618 -0.186417 -0.42012
1532259740704452 0.240942 -0.0877507 -0.374361
1532259740832096 0.238197 0.342667 -0.224715
1532259740883957 0.249275 0.392911 -0.202497
1532259740974714 0.301447 0.426416 -0.215498
1532259741034554 0.327015 0.4357 -0.249922
1532259741177173 0.377928 0.437312 -0.488274
1532259741243994 0.333883 0.398275 -0.642465
1532259741311813 0.300881 0.381962 -0.634735
1532259741326773 0.278741 0.386612 -0.632282
1532259741476372 0.280144 0.39525 -0.360178
1532259741529231 0.297526 0.407199 -0.262967
1532259741597050 0.407128 0.446823 -0.134957
1532259741671850 0.370023 0.441719 -0.360827
1532259741724709 0.351756 0.432315 -0.421754
1532259741739669 0.336608 0.423172 -0.478885
1532259741799509 0.314092 0.402655 -0.564892
1532259741866330 0.300722 0.372102 -0.598679
1532259741906223 0.292007 0.366747 -0.497373
1532259741957087 0.319398 0.373427 -0.374237
1532259742008948 0.346835 0.379612 -0.329601
1532259742068788 0.370966 0.384223 -0.291588
1532259742092725 0.423629 0.398378 -0.249904
1532259742174506 0.400023 0.39065 -0.42019
1532259742226366 0.392565 0.381927 -0.46826
1532259742324105 0.380296 0.342894 -0.588487
1532259742428826 0.330079 0.254054 -0.641004
1532259742466724 0.300444 0.233054 -0.64189
1532259742504624 0.274665 0.190436 -0.643351
1532259742519583 0.254528 0.163045 -0.641045
1532259742579423 0.196109 -0.00670582 -0.611666
1532259742631284 0.190888 -0.0641513 -0.594318
1532259742707082 0.196237 -0.362222 -0.49694
1532259742841722 0.243701 -0.387917 -0.488564
1532259742939461 0.217398 -0.385692 -0.520229
1532259743007279 0.201086 -0.386324 -0.528283
1532259743082079 0.207754 -0.381544 -0.522704
1532259743126959 0.203783 -0.381883 -0.520614
1532259743194778 0.194053 -0.387087 -0.521687
1532259743231679 0.188964 -0.392617 -0.522406
1532259743261599 0.185595 -0.395785 -0.522893
1532259743336399 0.180647 -0.403691 -0.522418
1532259743389257 0.174981 -0.412919 -0.521651
1532259743457084 0.175619 -0.412332 -0.519013
1532259743493978 0.182929 -0.403137 -0.517815
1532259743568778 0.183119 -0.396392 -0.530026
1532259743621651 0.183054 -0.385947 -0.538165
1532259743764255 0.19635 -0.349375 -0.53514
1532259743951755 0.200022 -0.326284 -0.51609
1532259744041513 0.204295 -0.375007 -0.507578
1532259744124292 0.221365 -0.38434 -0.500439
1532259744177151 0.228921 -0.376198 -0.49476
1532259744326750 0.253276 -0.358417 -0.491
1532259744394584 0.257265 -0.349907 -0.493584
1532259744454410 0.259281 -0.345342 -0.494491
1532259744567107 0.271294 -0.334417 -0.498348
1532259744671828 0.268446 -0.334231 -0.506069
1532259744859326 0.295086 -0.292808 -0.496411
1532259744957074 0.28024 -0.310703 -0.516243
1532259745008926 0.274127 -0.316184 -0.517702
1532259745053806 0.273957 -0.325178 -0.519428
1532259745076745 0.27724 -0.322594 -0.516407
1532259745129604 0.280253 -0.314715 -0.509786
1532259745159524 0.278637 -0.30478 -0.500391
1532259745196425 0.275115 -0.300248 -0.495726
1532259745211385 0.265102 -0.29314 -0.492035
1532259745279204 0.263499 -0.294994 -0.49524
1532259745332062 0.26443 -0.304294 -0.506588
1532259745354005 0.264858 -0.310074 -0.513192
1532259745451742 0.227883 -0.347534 -0.531006
1532259745481662 0.223252 -0.351947 -0.531008
1532259745526542 0.221276 -0.359387 -0.524205
1532259745549481 0.221422 -0.361358 -0.514906
1532259745632260 0.227189 -0.365704 -0.492821
1532259745654201 0.228048 -0.368019 -0.488515
1532259745677140 0.226203 -0.370759 -0.484842
1532259745692099 0.217806 -0.377764 -0.480037
1532259745736994 0.206545 -0.386488 -0.477746
1532259745788841 0.198573 -0.39393 -0.478632
1532259745834728 0.195175 -0.397503 -0.47929
1532259745856660 0.191786 -0.399821 -0.479779
1532259745984318 0.195318 -0.4031 -0.483615

1532259746082057 0.198117 -0.401389 -0.484382
1532259746133918 0.201686 -0.398754 -0.48454
1532259746156857 0.19625 -0.399049 -0.48285
1532259746171817 0.194902 -0.399488 -0.482605
1532259746224691 0.1919 -0.403043 -0.482192
1532259746261577 0.187059 -0.408953 -0.481684
1532259746306456 0.184129 -0.410742 -0.479732
1532259746359324 0.182451 -0.409794 -0.477418
1532259746382254 0.181718 -0.409092 -0.476116
1532259746493955 0.183155 -0.409136 -0.473369
1532259746508915 0.182432 -0.409189 -0.472957
1532259746546814 0.179885 -0.407679 -0.47025
1532259746584712 0.180765 -0.406971 -0.46983
1532259746606654 0.182108 -0.406165 -0.469901
1532259746644552 0.183217 -0.405519 -0.470453
1532259746674472 0.183995 -0.403873 -0.471812
1532259746696413 0.184007 -0.403306 -0.472492
1532259746726334 0.184035 -0.403542 -0.472917
1532259746741294 0.183801 -0.403461 -0.473112
1532259746764232 0.183293 -0.402688 -0.472895
1532259746802131 0.18474 -0.400941 -0.472184
1532259746832051 0.187118 -0.400147 -0.472878
1532259746861971 0.189378 -0.398812 -0.474224
1532259746891891 0.190978 -0.397324 -0.475631
1532259746936771 0.191453 -0.396144 -0.47686
1532259746974670 0.192785 -0.397586 -0.478262
1532259747011571 0.191023 -0.3967 -0.475438
1532259747064430 0.194115 -0.39516 -0.473842
1532259747094353 0.196615 -0.3938 -0.474591
1532259747147209 0.198665 -0.390321 -0.478126
1532259747228989 0.19645 -0.390845 -0.477319
1532259747252926 0.196185 -0.390321 -0.476163
1532259747304787 0.202851 -0.386928 -0.477902
1532259747349667 0.202734 -0.385843 -0.479249
1532259747386568 0.202128 -0.385302 -0.480069
1532259747499267 0.200242 -0.386293 -0.479029
1532259747626926 0.212422 -0.384646 -0.482216
1532259747648867 0.216182 -0.380625 -0.47909
1532259747671806 0.219576 -0.372705 -0.471815
1532259747986963 0.240243 -0.341674 -0.451303
1532259748061777 0.257319 -0.295247 -0.425332
1532259748114621 0.221501 0.282741 -0.206837
1532259748151523 0.20085 0.376315 -0.161399
1532259748190428 0.220437 0.402109 -0.148443
1532259748226323 0.237376 0.409312 -0.144991
1532259748272200 0.273111 0.423203 -0.15075
1532259748353982 0.319623 0.438523 -0.202399
1532259748413821 0.332325 0.442818 -0.229745
1532259748481640 0.360424 0.448116 -0.387504
1532259748564418 0.321912 0.413807 -0.632104
1532259748616280 0.285804 0.40377 -0.618371
1532259748639219 0.286815 0.40328 -0.594037
1532259748692077 0.302386 0.393676 -0.470036
1532259748743938 0.323492 0.389442 -0.366273
1532259748758898 0.343105 0.388694 -0.314136
1532259748879576 0.463189 0.409339 -0.148965
1532259748924456 0.485701 0.417805 -0.141158
1532259748946397 0.485459 0.432864 -0.22776
1532259748954376 0.468769 0.431677 -0.283789
1532259749014217 0.397734 0.409775 -0.522148
1532259749082035 0.366776 0.391224 -0.599005
1532259749156834 0.337886 0.363911 -0.599032
1532259749299453 0.366521 0.383986 -0.331015
1532259749367272 0.466625 0.415468 -0.153792
1532259749434093 0.495128 0.446946 -0.184289
1532259749471992 0.456395 0.442579 -0.285866
1532259749576712 0.368334 0.395619 -0.522012
1532259749629570 0.348979 0.379804 -0.56747
1532259749651512 0.314659 0.350598 -0.633745
1532259749711352 0.294196 0.337837 -0.641104
1532259749787149 0.23317 0.250022 -0.614562
1532259749817069 0.184704 0.163566 -0.601301
1532259749921789 0.141797 0.0367537 -0.569948
1532259749937766 0.129701 -0.0122699 -0.558351
1532259750041469 0.170037 -0.322407 -0.551486
1532259750079368 0.177332 -0.336375 -0.567745
1532259750116269 0.172147 -0.334317 -0.570838
1532259750154168 0.159861 -0.325176 -0.56627
1532259750207026 0.168262 -0.323332 -0.563217
1532259750273847 0.194767 -0.332402 -0.560919
1532259750349644 0.189705 -0.345549 -0.559498
1532259750431426 0.197007 -0.348992 -0.547181
1532259750552104 0.210914 -0.355472 -0.524253
1532259750611943 0.215705 -0.357562 -0.514774
1532259750679777 0.220937 -0.35219 -0.518244
1532259750761544 0.216008 -0.345753 -0.532656
1532259750784482 0.216919 -0.34322 -0.540821
1532259750836343 0.218772 -0.342094 -0.544607
1532259750904174 0.219833 -0.339214 -0.550937
1532259750986948 0.220714 -0.335862 -0.555234
1532259751106620 0.221361 -0.337737 -0.5492
1532259751129558 0.221424 -0.337847 -0.54744
1532259751181420 0.225584 -0.336928 -0.540654
1532259751241260 0.226994 -0.335088 -0.541419
1532259751302098 0.229074 -0.33231 -0.541771
1532259751444716 0.235544 -0.325796 -0.543924
1532259751541458 0.240012 -0.311924 -0.564014
1532259751594316 0.228628 -0.316429 -0.574048
1532259751654157 0.223124 -0.318553 -0.57887
1532259751834674 0.241719 -0.28343 -0.559663
1532259751886535 0.234716 -0.281397 -0.55696
1532259751909474 0.231245 -0.283472 -0.55926
1532259752074033 0.189246 -0.332969 -0.602426
1532259752096972 0.190299 -0.332747 -0.602838
1532259752141852 0.199337 -0.326354 -0.598741
1532259752216652 0.219059 -0.310767 -0.581904
1532259752269511 0.234194 -0.304002 -0.565879
1532259752291452 0.232569 -0.305721 -0.562629
1532259752314391 0.224414 -0.312865 -0.563142
1532259752351292 0.219952 -0.323582 -0.571043
1532259752412129 0.204932 -0.333256 -0.580449
1532259752442050 0.18732 -0.341435 -0.588781
1532259752486929 0.178161 -0.348288 -0.594771
1532259752501900 0.176561 -0.350923 -0.596108
1532259752538791 0.177508 -0.355549 -0.594774
1532259752561729 0.183427 -0.356923 -0.588675
1532259752599628 0.191354 -0.35775 -0.576983
1532259752644508 0.195943 -0.356793 -0.570052
1532259752704349 0.200852 -0.356065 -0.562438
1532259752796107 0.217896 -0.353276 -0.533715
1532259752846967 0.214613 -0.357149 -0.508834
1532259752891847 0.212412 -0.360496 -0.507355
1532259752974625 0.209513 -0.365264 -0.508626
1532259753004550 0.205029 -0.369478 -0.511025
1532259753080343 0.202705 -0.373779 -0.513736
1532259753109265 0.202515 -0.376131 -0.514572

1532259753199025 0.198057 -0.379899 -0.515185
1532259753304758 0.18403 -0.388923 -0.522326
1532259753334663 0.182967 -0.389701 -0.522326
1532259753379543 0.183625 -0.389692 -0.521832
1532259753394502 0.186786 -0.388834 -0.520346
1532259753424422 0.187581 -0.388278 -0.519405
1532259753454344 0.187038 -0.386163 -0.517307
1532259753476284 0.186521 -0.385314 -0.516049
1532259753537121 0.186755 -0.384165 -0.513866
1532259753574022 0.187466 -0.383908 -0.51336
1532259753626881 0.188432 -0.381649 -0.511819
1532259753648822 0.1896 -0.380829 -0.512346
1532259753679740 0.190451 -0.379685 -0.513008
1532259753724620 0.190678 -0.378692 -0.513551
1532259753814410 0.192509 -0.377363 -0.515412
1532259753874250 0.196164 -0.373196 -0.516372
1532259753942068 0.198688 -0.371075 -0.517752
1532259753964010 0.19883 -0.370744 -0.518238
1532259754031829 0.198366 -0.368687 -0.517577
1532259754061760 0.199665 -0.367753 -0.517079
1532259754091669 0.20165 -0.366597 -0.517056
1532259754114606 0.204178 -0.364129 -0.517739
1532259754151509 0.20441 -0.363027 -0.517879
1532259754211349 0.207066 -0.363054 -0.517018
1532259754249248 0.206383 -0.362204 -0.51675
1532259754279167 0.205137 -0.36291 -0.516596
1532259754309087 0.201073 -0.363066 -0.517819
1532259754339007 0.211922 -0.355468 -0.515465
1532259754383887 0.225934 -0.338365 -0.505018
1532259754413807 0.232262 -0.324731 -0.494268
1532259754444725 0.239836 -0.307837 -0.480387
1532259754496596 0.254094 -0.265635 -0.451269
1532259754781823 0.268096 -0.144464 -0.388118
1532259754796782 0.265058 -0.0747942 -0.357412
1532259754916463 0.266783 0.311302 -0.216506
1532259754999242 0.316359 0.349064 -0.206142
1532259755044121 0.369538 0.369386 -0.249738
1532259755118922 0.380518 0.374905 -0.278813
1532259755148842 0.37625 0.391073 -0.495809
1532259755246581 0.356749 0.375366 -0.66256
1532259755299439 0.34577 0.365948 -0.68743
1532259755351300 0.331235 0.363031 -0.619225
1532259755404159 0.332705 0.354521 -0.424897
1532259755449039 0.366969 0.353647 -0.331637
1532259755471977 0.379742 0.35488 -0.288434
1532259755538800 0.422912 0.368151 -0.220093
1532259755681417 0.477324 0.401659 -0.228131
1532259755749236 0.386939 0.369477 -0.546093
1532259756102291 0.377073 0.365419 -0.495154
1532259756133209 0.434341 0.414832 -0.456303
1532259756154153 0.425747 0.408849 -0.491342
1532259756356612 0.351378 0.302517 -0.660147
1532259756386531 0.362351 0.29165 -0.666207
1532259756469311 0.204256 -0.0430481 -0.572436
1532259756514190 0.18801 -0.094582 -0.562177
1532259756776489 0.167686 -0.142344 -0.553911
1532259756829348 0.160446 -0.256267 -0.538657
1532259756993907 0.22842 -0.355476 -0.558688
1532259757144505 0.2363 -0.351013 -0.530742
1532259757182405 0.220902 -0.359382 -0.519362
1532259757212324 0.224525 -0.361088 -0.517178
1532259757346964 0.241761 -0.356309 -0.524925
1532259757414782 0.245874 -0.351831 -0.531081
1532259757436723 0.244015 -0.34317 -0.541845
1532259757520499 0.252409 -0.383349 -0.565056
1532259757549422 0.256716 -0.387659 -0.567749
1532259757564381 0.256502 -0.385528 -0.566909
1532259757639182 0.254872 -0.385733 -0.562947
1532259757721977 0.252415 -0.403274 -0.554704
1532259757788782 0.251424 -0.396352 -0.54855
1532259757841656 0.25202 -0.395278 -0.548626
1532259757976281 0.256297 -0.378297 -0.553765
1532259757999219 0.257956 -0.374843 -0.553767
1532259758052078 0.263893 -0.364412 -0.554722
1532259758111918 0.266762 -0.358695 -0.55638
1532259758141838 0.268017 -0.357106 -0.557261
1532259758171758 0.265506 -0.358621 -0.561399
1532259758367235 0.24548 -0.367668 -0.566399
1532259758397155 0.251717 -0.36288 -0.560312
1532259758599614 0.266662 -0.324401 -0.542
1532259758651476 0.267201 -0.325604 -0.556377
1532259758674414 0.264189 -0.329926 -0.562341
1532259758727273 0.247823 -0.342483 -0.572451
1532259758772152 0.221133 -0.365751 -0.584568
1532259758809054 0.2189 -0.36732 -0.582153
1532259758951672 0.233712 -0.342509 -0.561653
1532259758974611 0.22063 -0.335691 -0.547978
1532259759049411 0.204996 -0.349884 -0.559118
1532259759199011 0.182864 -0.37946 -0.585262
1532259759386509 0.192735 -0.376364 -0.53629
1532259759424408 0.186531 -0.361276 -0.528806
1532259759477267 0.185398 -0.360822 -0.522083
1532259759529140 0.185792 -0.369801 -0.521627
1532259759567027 0.17969 -0.35959 -0.520336
1532259759588969 0.179224 -0.37828 -0.522978
1532259759633848 0.172939 -0.362364 -0.523066
