1532259653404427 -1.875 0.1875 1.4375
1532259653419385 -0.8125 1.9375 0.25
1532259653474239 1.5 13.3125 1.8125
1532259653487204 15.6875 20.75 3.75
1532259653547044 30.1875 24.25 4.6875
1532259653576965 37.875 31.4375 8.3125
1532259653628826 37.1875 31.625 10.375
1532259653674704 23.75 22 25.4375
1532259653711605 17.1875 22 21.75
1532259653779423 6.75 28.125 19.625
1532259653801365 4 32.375 14.75
1532259653899103 14.5 70.9375 11.5
1532259654034746 -29.0625 96.125 18.9375
1532259654127493 -63.875 101.188 65.625
1532259654154421 -53.9375 88.625 70.5625
1532259654252160 -45 68.375 63.1875
1532259654276096 -41.25 60.625 63.625
1532259654326959 -45.375 53.8125 63.5625
1532259654424697 -9.9375 34.6875 56.9375
1532259654461599 -7.25 28 52.25
1532259654521439 0.6875 22.4375 44.5
1532259654582276 21.125 -1.625 -0.75
1532259654874495 26.5625 -0.375 -56.3125
1532259654934334 36.5 -1.8125 -74.4375
1532259655083935 34.625 -4.9375 -1.4375
1532259655151754 58.5 6.5 19.375
1532259655241514 29.3125 -28 -75.5625
1532259655301353 130.313 -7.875 -32.875
1532259655384132 8.25 2.9375 6
1532259655451951 25.6875 1.625 -5.0625
1532259655511791 -25.4375 7.9375 3.5625
1532259655571631 -17.625 22.375 35.1875
1532259655624490 37.5625 29.5625 50.5625
1532259655797028 -7.25 -32 -51.75
1532259655848889 -7.75 -60.0625 -97.9375
1532259656006468 -46.25 -34.3125 -18.25
1532259656074287 10.9375 -7.8125 1.6875
1532259656180004 -7.4375 -23.8125 2.4375
1532259656269764 -32.125 -152.375 34.5
1532259656336585 -0.1875 -162.563 20.5
1532259656420365 -2.5625 -142.938 42.25
1532259656471250 3.5 -106.188 20.5
1532259656539068 -40.375 -15.75 -3
1532259656562007 31.25 38.125 -24.375
1532259656621847 61.5 17 -11.375
1532259656749506 -2.8125 4.5625 2
1532259656816327 4.5 -3 5.9375
1532259656839265 6.8125 -5.5 7
1532259656877165 -2.375 -1.375 3.125
1532259657101565 0.8125 -0.25 3.3125
1532259657124503 -8.0625 -4.75 2.8125
1532259657184342 -2.125 -6.5 4.875
1532259657259171 1.75 -4.0625 6.75
1532259657304051 4 2.4375 4.0625
1532259657333970 21.6875 7 2.0625
1532259657371881 10.5 2.5625 -6.8125
1532259657611229 4.6875 5.0625 0.75
1532259657708968 9.9375 5.1875 3.3125
1532259657798728 5 1.5625 -2.9375
1532259657986226 -5.5625 -2.3125 -5.5
1532259658136840 -0.3125 2.6875 6.8125
1532259658226586 7.5625 3.9375 -2.125
1532259658339282 6.5625 3.5625 -6.9375
1532259658563682 25.25 6.8125 -16
1532259658639480 -12.375 -1.75 -10.5
1532259658691341 -12.5625 20.625 5.75
1532259658736221 1.875 18.3125 -14.25
1532259658774119 26.5625 22.125 0.8125
1532259658818999 -4.25 17.625 9.75
1532259658871858 -4.875 2.875 6.8125
1532259658924732 -6.3125 -9.5625 -4.25
1532259659051378 -0.75 -11.625 -11
1532259659329634 -8.0625 13.875 12.4375
1532259659351586 -7.3125 -0.125 3.875
1532259659449314 -15.125 -12.125 5.1875
1532259659487213 -9.25 -7.125 11.1875
1532259659539074 -9.5 -6.625 12.4375
1532259659591944 -16.8125 -7.625 15.125
1532259659658760 -9.8125 -16.875 11.625
1532259659681698 -9.5 -16.0625 9.1875
1532259659756499 -8.625 -13.6875 7.75
1532259659801378 -7.6875 -11.1875 8.5
1532259659831298 -8.0625 -9.9375 7.5625
1532259659929037 -4.375 -7 7.4375

1532259660018811 -0.6875 -2.375 7.375
1532259660139488 -1.4375 -1.1875 -0.4375
1532259660169408 -4.1875 -3.4375 -3.1875
1532259660244208 -5.4375 -3.9375 -2.8125
1532259660267147 -6.25 -3.75 -2.25
1532259660333969 -3.6875 -2 0.25
1532259660371867 -3.125 -1.375 2
1532259660408768 -1.5625 -1.4375 2.9375
1532259660439688 0.8125 -1.625 3.625
1532259660491547 1.75 -0.875 3.5625
1532259660506507 1 -0.6875 2
1532259660536427 -2.625 -2 -0.0625
1532259660589286 -3.625 -2.75 -1.5625
1532259660634166 -3.625 -2.875 -2.6875
1532259660701984 -0.375 -1.0625 -2.0625
1532259660716944 0.3125 0.3125 0.3125
1532259660738886 1.125 1.25 1.625
1532259660851588 0.8125 4.4375 1.9375
1532259661039089 3.9375 1.6875 -1.1875
1532259661091986 6.5 4.5625 -1.6875
1532259661249565 -0.875 -0.5 -0.875
1532259661279484 0.125 0.125 0.4375
1532259661301426 1.125 0.4375 1
1532259661324364 2.875 0.5 1.8125
1532259661369244 15.0625 3.5 -2.8125
1532259661399164 15.125 6.75 -1.5
1532259661422103 10.25 5.75 -0.1875
1532259661473964 22.1875 14.1875 -3.3125
1532259661548764 30.5625 33.0625 0.4375
1532259661752234 10.625 118.375 31.6875
1532259661819042 -84.5 132.75 29.5
1532259661848963 -70 127.813 29.25
1532259661954679 -57.125 102 35.9375
1532259662021500 -51.875 93.5625 36.9375
1532259662179079 1.25 14.25 39.1875
1532259662306751 3.375 -5.875 29.6875
1532259662389515 47.9375 -12.5 0
1532259662449356 85.75 -43.6875 -94.9375
1532259662517187 55.25 -50.8125 -93.25
1532259662643840 41.1875 43.0625 85.0625
1532259662922092 -7.375 -39.4375 -67.8125
1532259663018833 4.4375 -53.125 -73.9375
1532259663071692 80.8125 9.8125 77.8125
1532259663199350 32.3125 2.9375 69.625
1532259663229270 28.125 28.4375 54.0625
1532259663348950 -4.25 -28.1875 -58.4375
1532259663401809 -16.6875 -54.625 -98.8125
1532259663491569 -39.5625 -21.25 12.25
1532259663551409 -52.0625 -44.8125 4.8125
1532259663596289 -68.625 -56.9375 8.75
1532259663768827 -12.0625 -157.938 29.3125
1532259663791766 -3.3125 -167.5 40.4375
1532259663829665 -8.9375 -160.625 47.25
1532259663904465 45.5 -91.125 15.25
1532259663926406 31 -79.4375 10.25
1532259663949344 15.5625 -57.3125 1
1532259663971286 29.9375 -30 -7.375
1532259663994226 22.3125 18.125 3
1532259664024144 39.0625 5.75 17.625
1532259664054065 13.125 -5.8125 8.375
1532259664069025 -12.3125 -3.5 5.25
1532259664091963 -27.125 -7.875 0.0625
1532259664121887 -32.4375 -8.5625 -7.4375
1532259664151803 -22.1875 -3.0625 -9.875
1532259664241564 -7.4375 -5.375 -2.25
1532259664301403 -6.875 3.6875 6.6875
1532259664324342 3.5625 4.5 7.3125
1532259664346283 5.6875 6 9.5625
1532259664377201 0 4.3125 14.5
1532259664466961 -0.3125 0.375 11.4375
1532259664496881 -2.3125 -4.3125 7.1875
1532259664533782 -4.25 -4.875 5.8125
1532259664579659 -3 -5.375 1.625
1532259664601602 -2.875 -3.3125 -9
1532259664833979 7.5 7.875 5
1532259664856918 4.6875 3.375 1.8125
1532259664931717 5 1.5 -1.1875
1532259664976598 -2.25 -2.5 -5.5625
1532259665074337 -10.25 -5.0625 -5.6875
1532259665104257 -7.75 -3.875 -3.875
1532259665179057 5.6875 3.8125 3.6875
1532259665238897 4.0625 3.75 3.125
1532259665306715 5.125 4 -1.6875
1532259665419414 4.25 5 -4.625
1532259665532112 4 0.75 -7.875
1532259665583973 -1.625 -2.125 -6.9375
1532259665628854 -3 -0.625 -5.25
1532259665914107 -4.9375 -9.0625 -4.5
1532259665944010 -0.625 -11.875 -8.9375
1532259665973931 -4.9375 -11.625 -7.4375
1532259666011830 -0.875 6.6875 -0.6875
1532259666033771 6.25 7.6875 -1.375
1532259666116550 7.5625 13.0625 4.0625
1532259666140494 5.625 11 7.375
1532259666244208 -13.0625 -3.75 -4.25
1532259666297067 -4.625 -11.6875 -9.9375
1532259666348928 -8.5 -7.25 -3.1875
1532259666416747 -3.8125 -2.125 2.75
1532259666439685 1.625 -0.5 4.875
1532259666529446 1.625 1.375 6.3125
1532259666604246 -1.5625 1.9375 9.9375
1532259666627183 0 1.9375 9.5625
1532259666716944 -5.875 -10 1.0625
1532259666768805 -5.5 -10.75 1.75
1532259666851583 -3 -8.75 5.3125
1532259666896464 -0.5625 -6.9375 7.3125
1532259666941350 0.8125 -5.5 7.25
1532259666994209 2.9375 -4.25 7.375
1532259667032107 3.1875 -1 7.1875
1532259667121867 -3.5625 -2.5625 1.4375

1532259667151787 -4.625 -3.0625 0.625
1532259667173729 -3.3125 -2.875 -1
1532259667226587 -3.625 -2.625 -1.125
1532259667271480 -5.875 -3.0625 -0.375
1532259667309366 -6.375 -3.8125 -0.6875
1532259667429046 -2.5625 -1.6875 0.4375
1532259667458965 -3.125 -2.25 1.75
1532259667496864 -3 -2.625 1.625
1532259667511824 -1.875 -2.625 1.375
1532259667556704 -1.0625 -2.25 0.75
1532259667721309 -2.3125 -2.4375 0
1532259667774167 0.5625 -0.375 0
1532259667863927 -1.25 -0.6875 0.5625
1532259667901825 -0.1875 -0.375 0.25
1532259667976625 0.4375 -0.1875 -0.3125
1532259668029484 -0.5625 0.1875 -0.6875
1532259668081345 0.3125 0.9375 0.25
1532259668134204 1.875 2.25 0.5
1532259668164124 2.3125 2.5625 0.5625
1532259668216983 2.25 2.5 -0.0625
1532259668276823 2.375 2 -0.5625
1532259668329681 1.8125 2.0625 -0.1875
1532259668359602 0.875 1.375 -0.375
1532259668434401 4.1875 -0.625 -3.75
1532259668547100 27.125 20.5625 -11.8125
1532259668606940 43.3125 54.125 -10.25
1532259668636860 8.375 73.5 -3.8125
1532259668764519 -0.25 88 4.1875
1532259669109595 -21 103.125 37.125
1532259669304076 81.5 -50.5625 -67.875
1532259669378883 72.8125 -70.875 -87.3125
1532259669462652 46.0625 -8.5 -65
1532259669649153 27.0625 5.625 11.8125
1532259669753873 -72.5 -22.5625 -96.1875
1532259669859590 -56.25 11.3125 65.875
1532259669934390 52.1875 21.5625 56
1532259670001212 -11.5 -14.4375 -34.375
1532259670024150 -19.8125 -27.4375 -55.1875
1532259670173750 47.875 -33.9375 -83.125
1532259670286449 -38.5625 -27 3
1532259670437046 -47.5625 -82.3125 42.5625
1532259670707336 -14.1875 -80.8125 15.125
1532259670828997 -1.1875 -30.625 -6.1875
1532259670931723 1.0625 -8 3.3125
1532259671014502 -1.5625 -11.25 2.9375
1532259671059382 7.625 0.3125 3
1532259671119221 1.8125 -3.9375 -8
1532259671187041 -2.4375 1.25 -11.1875
1532259671231920 -2.1875 -5.125 -8.875
1532259671321681 1.375 2.625 3.75
1532259671411440 3 2.3125 5.4375
1532259671471280 0.75 1.75 4.0625
1532259671524140 1.0625 -0.3125 -1.25
1532259671598951 -0.1875 -2.25 -4.125
1532259671711638 -2.3125 -6.25 -4.625
1532259671741557 -2.4375 -1.9375 4.4375
1532259671937035 1.5 -0.5 -1.875
1532259672071682 1 3.625 -3.1875
1532259672454669 1.0625 3.125 3.0625
1532259672499531 2.875 1.1875 1.6875
1532259672634171 -5.125 -3.875 -0.875
1532259672701990 -2.875 -5.6875 -0.5
1532259672753851 -1.4375 1.8125 1.8125
1532259673024128 -5.0625 -2.125 0.4375
1532259673098928 1 2.5625 4.375
1532259673204648 1.5 -2.625 7.8125
1532259673354245 -5.1875 -3.5625 3.125
1532259673407104 -4.0625 -3.0625 3.5
1532259673429045 -0.875 -2.1875 2.9375
1532259673481904 1.6875 -2.0625 3.375
1532259673556704 1.4375 -2.0625 -0.8125
1532259673579642 0.5 -1.8125 -1.3125
1532259673609563 -1 -1.6875 -1.875
1532259673684362 -2.6875 -2.25 -2.4375
1532259673706304 -2.75 -2.625 -2.9375
1532259673812021 -3.1875 -1.9375 1.5
1532259673833962 -2 0.875 5
1532259673886821 3.6875 1.9375 5.875
1532259673908762 4.0625 1.125 5.6875
1532259673961622 1.0625 0.6875 4.125

1532259674021462 -3.0625 -3.4375 -0.625
1532259674096261 -5.6875 -3.6875 -2.6875
1532259674119200 -9.125 -4.375 -2.875
1532259674164080 -20.6875 0.3125 -3.25
1532259674193999 -8.75 9.5625 2
1532259674261878 43.375 15.3125 -1
1532259674336677 2.5 12.1875 4.875
1532259674374576 6.1875 7.8125 7.625
1532259674562075 14.125 -5.5 4.9375
1532259674592011 11.1875 -17.75 3.25
1532259674636875 -6.375 -6.5625 5.625
1532259674688736 16.6875 1.5 5.6875
1532259674764533 7.375 1.5625 8.0625
1532259674794453 6.375 2.8125 7.75
1532259674816394 7.625 1.75 3.875
1532259674824373 6.4375 0.1875 2.875
1532259674846314 -1.9375 -1.1875 0.9375
1532259674869253 -4.0625 -1.8125 0
1532259674914025 -1.8125 -1.5625 -0.5625
1532259674943945 -0.125 -1.4375 -0.25
1532259674996804 -0.375 -0.625 0.5
1532259675018745 -1.0625 0 0.625
1532259675131444 2 1 0.0625
1532259675282041 0.75 -0.125 -0.6875
1532259675318942 -0.375 0.1875 -0.5625
1532259675356841 -0.3125 0.4375 -0.1875
1532259675559300 0.5625 -1 -0.6875
1532259675649059 -0.9375 -1.0625 0.25
1532259675723860 -3.25 -3.6875 -0.625
1532259675934297 29.0625 35.5 0.5
1532259676226515 -24 111.688 20.25
1532259676302314 6.625 89.125 24.25
1532259676339214 13 24.5 -27
1532259676466873 53.25 -20.25 -82.4375
1532259676503774 69.3125 -29 -95.3125
1532259676609491 32.8125 -44.1875 -112.813
1532259676708227 137.5 57.0625 139.25
1532259676737150 -97.5625 15.5 80.9375
1532259676871790 -6.1875 -22.3125 -47.3125
1532259676946589 -22.5 -67.125 -120.313
1532259677021390 -30.375 -73.5 -132.25
1532259677097186 -53.4375 43.875 173.688
1532259677164008 -7.25 18.8125 56.25
1532259677223849 -18.0625 -8.0625 -25.375
1532259677238808 -15.6875 -21.5625 -45.25
1532259677284686 -21.1875 -66.875 -106.625
1532259677344538 -60.9375 8.875 73.625
1532259677568926 -148.75 -56.3125 21.3125
1532259677628765 -8.0625 -129 63.4375
1532259677704564 27.0625 -124.938 76
1532259677741464 67.0625 -98 72.9375
1532259677794323 45.1875 -45.25 33.625
1532259677907022 3.1875 28.875 5
1532259677988803 13.625 -1.125 -5.5
1532259678132423 6.875 1.25 -0.625
1532259678184280 4.5 1.9375 4.4375
1532259678244120 -7.4375 -3.9375 -1.375
1532259678274040 1.375 -4.4375 1.5
1532259678326899 -3.125 -2.625 2.3125
1532259678372776 -6.3125 1.875 6.8125
1532259678401699 -0.75 5.125 9.1875
1532259678476499 15.8125 1.3125 3.625
1532259678536338 10.25 -0.5 2.75
1532259678604170 0.25 -3.5 -2.125
1532259678627096 -14.8125 -3.375 -6.375
1532259678671976 5.5 -6.25 -7.4375
1532259678761735 3.875 6.875 5.125
1532259678949234 -0.3125 0.375 0.8125
1532259679038995 -6.8125 -2.75 -3.3125
1532259679106813 -0.8125 -1.5 -1.1875
1532259679234471 1.6875 1 2.5
1532259679309272 1.125 -1.5625 2.75
1532259679369112 0.5 -1.125 1.3125
1532259679511730 -0.4375 2.5 -1.5
1532259679534669 1.75 3.5625 -2.3125
1532259679556611 2.1875 5.1875 -3.125
1532259679646370 -3.5625 -2.5625 -6.9375
1532259679871768 4.9375 4.125 5.4375
1532259679999426 0.5 0 3.4375
1532259680276684 0.3125 2.1875 2.75
1532259680404344 -0.8125 -2.75 -3.1875
1532259680479143 -11.625 -6.125 -1.25
1532259680621762 -5.875 -4.75 1.125
1532259680681602 -5.75 -4.4375 2.3125
1532259680719501 2.625 0.1875 8.875
1532259680906999 -2.1875 -2.6875 4

1532259681259059 -3.875 -2.3125 -1.0625
1532259681326877 -3.3125 -2.3125 -1.9375
1532259681454548 -3.125 -2.25 0.1875
1532259681529335 -0.1875 -0.8125 1.0625
1532259681686913 -13.625 -11.625 -0.3125
1532259681814572 -10 -6.1875 2.9375
1532259681836514 -6.0625 -4.5 5.5625
1532259682083852 4.875 4.5 -4.125
1532259682332188 9.25 10.6875 -1
1532259682362108 10 10.0625 -0.75
1532259682511708 -9.75 -3.5625 -5.5625
1532259682571548 -5.5 -3.6875 -2.875
1532259682744087 0.8125 0.375 -0.25
1532259682924604 -1.3125 -1.3125 1
1532259683051265 -12.625 0 -10.5625
1532259683127063 2.75 2.375 -12.5
1532259683149004 16.625 10 -6.6875
1532259683322060 16.5 102.125 25.75
1532259683396860 10.25 106.438 28.875
1532259683449718 -4.5 112.188 42.25
1532259683479638 9.375 60.1875 1.375
1532259683546460 44.375 35.625 -45.8125
1532259683599318 51.4375 28.875 -60.875
1532259683674120 37.625 20.4375 -82
1532259683794801 73.4375 -43 -99.75
1532259683824716 54.75 -41.375 -90.6875
1532259683876577 33.3125 -30.5625 -75
1532259683936416 14.375 -11.625 -55.875
1532259683959355 66.0625 18.8125 1.125
1532259684123915 11.75 21 13.5625
1532259684153843 -14.3125 -17.125 -58.125
1532259684304432 122.563 28.5 74.4375
1532259684439073 34.9375 15.5 22.375
1532259684566731 -7.375 -10.1875 -28.0625
1532259684762208 -80.375 -32.5 25.8125
1532259684918790 -57.5625 -96.0625 28.625
1532259684941728 -33.375 -101.875 25.3125
1532259684994595 14 -112.938 56.9375
1532259685116262 15.8125 -100.25 76.0625
1532259685197045 32.5 34.8125 -10.0625
1532259685316726 -15.4375 -5.25 -4.875
1532259685414464 8.4375 3.75 6.375
1532259685436405 9 1.8125 1.3125
1532259685789462 6.625 -4.5 -0.125
1532259685842320 3.5 0.3125 -3
1532259685902160 2.8125 1.3125 -2.375
1532259685947040 1.25 4.75 -1.1875
1532259686066720 -1.0625 0.125 -1.375
1532259686104622 -1.75 -0.5625 -1.8125
1532259686307078 -0.75 -1.6875 1.9375
1532259686381876 1 -1.0625 3.875
1532259686479616 1.0625 -1.625 5.9375
1532259686546437 0.5625 0.375 1.4375
1532259686622234 0.875 3.3125 -3.3125
1532259686682074 -1.375 3.5 -2.4375
1532259686824706 -1.375 -2.875 -2.25
1532259686929413 -4.0625 -2.1875 -2.375
1532259687483954 6.5625 4.5625 4.3125
1532259687769191 3.4375 0.5 2.125
1532259687858951 -3.5625 -6.875 5.4375
1532259687918791 -4.875 -7.8125 6.875
1532259687964668 -2 -8.0625 7.5625
1532259687986609 -2.4375 -5.25 7.375
1532259688061409 -1.8125 -1.5 6.9375
1532259688084349 0.875 0.0625 5.875
1532259688121249 3.125 2.0625 4.1875
1532259688159148 0.8125 2.75 0.875
1532259688189068 -0.8125 2.75 -0.5

1532259688271847 -0.4375 -0.5625 -2.25
1532259688549111 2.625 4.8125 -1.75
1532259688638871 2.25 3 0.125
1532259688691786 1.0625 1.5 -0.8125
1532259688744645 0.5 0.75 -1.3125
1532259688799498 0.5625 -0.0625 -2.125
1532259688871329 -0.625 -0.125 -1.1875
1532259688954106 1.125 0.625 -0.625
1532259689006966 -0.25 1 1.125
1532259689043866 1.6875 0.4375 0.9375
1532259689096725 -1.4375 -0.25 0.1875
1532259689284224 -1.3125 -0.5625 -0.6875
1532259689433824 -0.875 -1.5 0.0625
1532259689546523 -2.9375 -0.125 -2.75
1532259689704102 -3.6875 -2.375 -2.3125
1532259689831760 -20.9375 59.5625 5.6875
1532259690259625 68.0625 -10.1875 -63.0625
1532259690304496 84.25 -19.4375 -68.25
1532259690409216 -19 41.75 -70.375
1532259690558815 -114.563 41.875 30.5625
1532259690671516 18.4375 21.9375 20.25
1532259690686474 -17.8125 -33.875 -58
1532259690761275 97.0625 9 35.375
1532259690822112 -88 14.25 33.4375
1532259690888934 -82.5625 9.9375 8.5
1532259690948774 36.25 19.0625 27.375
1532259691091392 -46.25 -59.625 -92.1875
1532259691121312 32.3125 20.875 89.875
1532259691271909 -31.3125 -11.1875 8.4375
1532259691354687 16.625 -1 4.5625
1532259691436468 -2.625 -25.0625 -12.875
1532259691534207 -65.0625 -65.1875 3.9375
1532259691594048 -65.5 -135 25.4375
1532259691721706 18.125 -141.188 34.75
1532259691804485 26.875 -47.0625 27.25
1532259691849365 28.3125 -16.875 11.9375
1532259691924165 18.3125 28.875 1.6875
1532259691991983 9.5 -4.6875 -4.5
1532259692149562 -1.4375 2.1875 1.1875
1532259692224362 16.5 -0.25 2.8125
1532259692276223 4.1875 1.4375 1.625
1532259692337067 4.6875 0.6875 0.5625
1532259692373962 0.1875 -5 3.6875
1532259692411861 2.0625 -1.5625 -0.1875
1532259692599359 -0.375 -0.4375 2.5625
1532259692763919 0.875 0.125 -4.875
1532259693183803 -9.0625 -2.5625 -7.75
1532259693387252 1.9375 -4.625 10.125
1532259693432133 13.625 0.75 12.75
1532259693462052 11.25 1.625 12.25
1532259693521892 11.5625 10.125 -2.1875
1532259693558793 4.6875 7.875 -7.375
1532259693739311 -8.75 -1.6875 -15.125
1532259694024548 7.75 9.5 4.375
1532259694346687 8.5 8.9375 5.0625
1532259694496287 -18 -13.5 -3.9375
1532259694646885 6.0625 2.5625 15.25
1532259694691764 14.4375 2.75 14.625
1532259694751604 15.25 0.125 14.875
1532259694781524 5.6875 -8.25 12.1875
1532259694909183 -11.4375 -10.75 7
1532259694969022 -12.3125 -8.8125 6.125

1532259695051801 -5.375 -1.875 4.625
1532259695149540 -3.3125 -6.125 -2.5625
1532259695186441 -11.1875 -9 -3.375
1532259695209380 -13.125 -9.625 -3.125
1532259695277199 -10.5 -6.1875 -2.125
1532259695299140 -7.5 -5 -0.1875
1532259695388900 3.0625 0.8125 2.5
1532259695411838 4.8125 1.9375 2.4375
1532259695464697 5.625 2.375 1.75
1532259695486638 5.5 1.875 1.5
1532259695524537 1.875 1.375 1.75
1532259695599337 1.875 0.6875 2.125
1532259695667156 0.1875 0.3125 2.1875
1532259695726996 1.8125 0.1875 0.6875
1532259695778857 -0.5 0.75 0.3125
1532259695808786 0.25 1 0.125
1532259695839703 1.375 1.125 -0.6875
1532259695914503 -0.5 0.6875 0.3125
1532259695981324 1.3125 1.9375 0.5
1532259696034183 1.6875 3.25 0.0625
1532259696057122 2.8125 3.375 -0.5
1532259696094023 1.9375 2.6875 -0.625
1532259696168823 2.4375 2.3125 -0.625
1532259696266561 1.6875 2.0625 -0.5
1532259696296481 1.3125 1.1875 -0.4375
1532259696371282 2.9375 0.0625 -2.25
1532259696447079 -8 -0.3125 -4.875
1532259696491959 1.5 5.8125 -5
1532259696761239 12.5 72.875 25.5625
1532259696837050 24.8125 88.4375 28.875
1532259697016556 1.3125 60.4375 31.375
1532259697197089 96.5 -20.125 -90.25
1532259697226993 100 -26.5625 -87.5625
1532259697271873 87 -33.125 -98.6875
1532259697331713 40.25 -56.3125 -112
1532259697406512 -69.0625 69.375 47.625
1532259697444412 90.25 24.9375 14.9375
1532259697474332 57.4375 13.125 -10.8125
1532259697496273 -79.875 33.25 70
1532259697534172 -25.125 34.125 79.875
1532259697579052 29.25 31.625 28.25
1532259697646870 -6.375 8.5 -12.125
1532259697668812 -22.3125 -11.875 -41.6875
1532259697887234 40 0.125 -9.375
1532259697983976 27.625 34.125 37.6875
1532259698051795 5.375 13.8125 -13.4375
1532259698081714 11.125 -31.6875 -69.4375
1532259698134573 -23.3125 -70.5 -117.813
1532259698179453 -84.875 34 87.5625
1532259698201394 109.688 20.9375 70.6875
1532259698224333 12.0625 -52.25 -57.0625
1532259698254266 -6.875 -34.4375 18.375
1532259698314093 -71.375 -37.0625 14.25
1532259698358972 -41.6875 -39.8125 19.9375
1532259698426791 -55.6875 -90 39.375
1532259698456712 -71.75 -134.813 35.125
1532259698516551 -68.875 -157.313 38
1532259698591351 -64.0625 -161.125 41.0625
1532259698667148 -21.125 -149.938 20.0625
1532259698719010 59.1875 -123.625 26.3125
1532259698854647 14.625 10.4375 -1.625
1532259698906509 -22.0625 -5.125 -2.75
1532259698929447 -16 -0.375 -6.5625
1532259698966349 15.5625 0.5625 1.8125
1532259698989287 15.3125 0.375 4.5
1532259699072066 8.0625 4.75 4
1532259699161825 2.4375 1.6875 1.9375
1532259699214684 -4.1875 -2.875 0.625
1532259699289484 -3 -5.1875 2
1532259699334364 -1.25 -3.9375 1.4375
1532259699417143 10.625 1.4375 2
1532259699440082 -0.5625 -0.8125 -5.8125
1532259699491943 -5 -1 -7.3125
1532259699829042 0.4375 3.1875 2.875
1532259699888881 0.125 1 5.5625
1532259699903842 -1.875 -2.25 0.3125
1532259699964679 2.3125 0.875 0.75
1532259700001580 1.125 2.0625 -2.8125
1532259700054440 -2.5625 2.8125 -7.3125
1532259700129239 -5.0625 5.1875 -8.9375
1532259700167138 -0.9375 8.4375 -11
1532259700197058 6.3125 10.625 -8.875
1532259700248919 10.25 10.0625 -7.9375
1532259700316737 9.875 5.6875 -5.8125
1532259700376577 1.25 -1.1875 -5.8125
1532259700451377 0.0625 1.9375 -4.625
1532259700481297 -4 11.8125 -2.375
1532259700527191 0.4375 13.6875 -0.125
1532259700608956 10.625 14.6875 7.375
1532259700683756 -1.75 2.125 4.875
1532259700736615 -4.9375 -18.6875 -15.5625
1532259700879234 -13.375 -3.9375 -0.625
1532259700954039 8.5 5 9.4375
1532259700976972 12.0625 5.5 9.9375
1532259701216332 -21.4375 -11.125 -2.4375
1532259701284150 -7.125 -4.9375 3.1875
1532259701366929 15.0625 4.9375 13.25
1532259701456689 15.125 -5.4375 17.1875
1532259701539467 -0.75 -7.4375 11.3125

1532259701786807 9.4375 5.625 6.625
1532259701831686 9.5 3.3125 6.25
1532259701861606 -2.3125 -3.0625 2
1532259701921446 -6.375 -5.75 -2.5
1532259701959345 -8.8125 -6.1875 -3.1875
1532259701997243 -12.6875 -6.75 -3.125
1532259702034145 -10.1875 -4.625 -2.6875
1532259702087004 1.3125 0 0.5
1532259702108945 2.75 0.6875 0.9375
1532259702146843 4.25 0.8125 0.375
1532259702184742 3.5625 0.4375 -0.125
1532259702221659 -2 0.5625 -0.75
1532259702266524 0.3125 0.8125 -0.3125
1532259702311404 0.75 1.125 -0.1875
1532259702364262 0.3125 1.9375 0.625
1532259702394181 1.8125 1.5 0
1532259702462001 0.6875 1.6875 -0.5625
1532259702499900 -0.5625 1.625 -0.625
1532259702543782 0.75 1.75 -0.875
1532259702604629 0 2.125 -0.875
1532259702679419 1.375 0.875 -0.375
1532259702739623 2.3125 1.125 -0.125
1532259702776543 2.25 2.625 0.125
1532259702829402 2.125 2.5625 -0.3125
1532259702904211 2.625 1.875 -0.75
1532259702957061 -0.5625 0.875 -1.3125
1532259703016902 -0.5625 0.9375 -1.1875
1532259703046821 0.5 0.625 -1.0625
1532259703144560 -0.6875 0.5625 -0.1875
1532259703226341 -0.1875 0.125 0
1532259703256261 -1.0625 0 -0.0625
1532259703271221 -0.3125 0.3125 0.125
1532259703324086 0.6875 -0.3125 0.25
1532259703347018 1.75 -1.9375 -0.5
1532259703398880 -5.6875 0.75 -3.3125
1532259703451738 29.125 19.125 -1.3125
1532259703504597 27.75 35.5625 5.9375
1532259703526538 17.8125 54.75 4.875
1532259703631258 0.0625 71.75 1.1875
1532259703736976 0.5625 78.25 4.5625
1532259704014234 -24.3125 74.8125 18.75
1532259704067092 -22.9375 62.5 31.5625
1532259704216693 17.1875 28.4375 2.75
1532259704389231 57.5625 -37.75 -73.6875
1532259704486970 22.4375 -48.875 -88.5
1532259704561770 40.0625 -31.5625 -70.0625
1532259704839030 10.375 28.875 28
1532259705094362 -65.8125 6.3125 49
1532259705199066 22.375 -0.4375 -28.5
1532259705319743 -0.125 -65.25 -83.4375
1532259705446405 -34.75 -64.75 -89.0625
1532259705567082 52.6875 -45.75 9.0625
1532259705597002 -135.125 -38.5625 3.875
1532259705618943 -70.0625 -85.5625 31.9375
1532259705746602 11.6875 -157.875 33.8125
1532259705806442 55.375 -123.938 32.1875
1532259705904180 22.25 22.125 -2.5
1532259705978980 18.9375 4.875 -3.5
1532259706023860 5.5625 -3.5625 -2.1875
1532259706144538 -17.125 -5.5 -1.3125
1532259706226319 2.1875 -1.75 -4.0625
1532259706353977 5.875 -1.8125 9.375
1532259706376917 6.375 -2.3125 8.875
1532259706489615 2.5 -1.75 7.0625
1532259706701049 -6.625 -1.4375 -12.5625
1532259706714015 -12.1875 -2 -9.4375
1532259706773855 -3.9375 -0.625 -2.5625
1532259706931433 8.125 3.5 10.125
1532259706984291 -1.625 -1.875 -2.0625
1532259707118932 -0.0625 3 -6.25
1532259707133892 2.875 4.25 -5.875
1532259707186751 5.375 7.25 -3.5
1532259707412148 -4.3125 -3.6875 -4.875
1532259707787145 -20.625 -15.3125 -9.1875
1532259707817065 -20.375 -13.375 -8.5625
1532259707839006 -17.4375 -9.375 -4.3125
1532259708041465 10.8125 2 5.875
1532259708154164 3.3125 -3.3125 -2.5
1532259708319721 -5.75 -1.375 0.625
1532259708431422 13.9375 1.125 15.5625
1532259708507220 1.625 -6.4375 15.125
1532259708582020 -5.625 -8.5 10.6875
1532259708724638 -4.9375 -3.875 3.625
1532259708784478 -1.6875 -2.4375 -1.5625

1532259709001906 -5.1875 -2.625 0.0625
1532259709061737 -0.9375 -3 2.8125
1532259709084675 0.5 -2.1875 2.3125
1532259709151497 0.75 2.0625 1.25
1532259709196377 0.875 2.875 1.1875
1532259709257214 3.375 3.5 1.9375
1532259709302094 2.875 2.8125 3
1532259709332013 2.8125 0.875 2
1532259709353955 2.6875 0.5625 1.0625
1532259709376893 0.5 0.8125 0.4375
1532259709406813 -1 0.3125 0.5625
1532259709436734 -1.125 0.5 0.25
1532259709481620 -0.75 0.6875 -0.3125
1532259709504559 0.25 0.6875 -0.75
1532259709511540 0.6875 0.8125 -0.625
1532259709541460 0.375 0.875 -0.375
1532259709579358 1 1.125 -0.4375
1532259709609296 2.75 1.4375 -0.4375
1532259709639199 2.125 2.5625 -0.625
1532259709684079 1.9375 3.25 -0.25
1532259709707018 3.3125 3.625 -0.375
1532259709766858 3.125 3.0625 -1.125
1532259709811737 2.375 2.875 -1.125
1532259709834676 1.6875 2.875 -0.9375
1532259709931417 1.8125 1.625 -0.8125
1532259709984277 1 1.3125 -0.6875
1532259710044127 1.3125 -0.375 -1.1875
1532259710141854 3.625 11 -2.4375
1532259710538794 11.375 98.875 28.25
1532259710659471 6 108.25 13.375
1532259710876889 30.875 1.25 -40.3125
1532259710974628 43.625 -36 -79.25
1532259710996569 39.5 -46.875 -88.1875
1532259711049427 0.8125 -33.3125 -72.9375
1532259711147166 68.0625 24.5625 29.25
1532259711281807 1.3125 28.75 36.8125
1532259711356607 -4.3125 8.6875 -3.0625
1532259711424424 -17.3125 -39.5 -81.3125
1532259711507204 -38.5625 53.375 22.375
1532259711559064 25.375 -7.375 -4.875
1532259711618905 11.8125 26.0625 53.4375
1532259711709662 0.6875 27 30.875
1532259711724622 6.6875 19.8125 14.0625
1532259711761524 9.5625 7.1875 -8.0625
1532259711799422 -1.8125 -39.4375 -72.1875
1532259711851284 -15.4375 -61.125 -113.188
1532259711897160 -41.8125 63.3125 -55.1875
1532259711927081 8.8125 -62.75 -71.375
1532259712008862 -102.938 -38 -19.8125
1532259712085656 -74.9375 -40.0625 1.6875
1532259712279140 -23.125 -133.313 61.8125
1532259712391845 9.6875 -80.0625 14.25
1532259712459657 -11.0625 30.75 -11.8125
1532259712526477 38.1875 2.25 -7.4375
1532259712541437 15.6875 -14.3125 -5.25
1532259712601277 -30.625 -13 2
1532259712662115 7.625 -1.125 -0.6875
1532259712684057 -5.625 -3.875 7.5
1532259712728936 -3.9375 -1.6875 8.125
1532259712811721 1.8125 -3.6875 9.3125
1532259712864574 -2.625 -5.5 11.0625
1532259712931395 1.5625 -4.375 9.1875
1532259713022152 3.6875 0.5 -2.5
1532259713096953 -0.3125 -2.4375 -10.3125
1532259713163774 -13.75 -5.125 -13.625
1532259713216633 -9.0625 -2.625 -1.5625
1532259713291433 8.625 2.5 9.75
1532259713463971 -7.5 -3.5625 -7
1532259713546749 -3.375 0.0625 -9.375
1532259713591629 -4.375 1.75 -8.9375
1532259713651469 -2.75 6.375 -7
1532259713719288 9 11.4375 -4.125
1532259713794092 11.8125 12.4375 -3.3125
1532259713868888 -1.0625 -2.5 -6.8125
1532259713921747 -5.875 -6.125 -8.4375
1532259713974605 -9.1875 0.1875 -4.375
1532259714071346 11.875 12.5 6
1532259714192024 -3.625 -3.8125 -1.75
1532259714258846 -11.75 -19.5 -15.0625
1532259714424402 12.3125 10.4375 12.5
1532259714431384 21.0625 12.75 16.8125
1532259714499203 20.1875 5.375 16.125
1532259714552062 10.25 0.8125 10.25
1532259714574003 -10.125 -10.0625 -7.125
1532259714746541 -35.0625 -9.0625 -8.6875
1532259714912099 30.1875 6.9375 23.375
1532259714956979 -0.5 -9.4375 11.3125
1532259715023799 -2 -11.5625 6
1532259715159437 -16.5 -13.0625 2.875
1532259715204336 3.8125 -1.5 3.875
1532259715234246 2.375 -1.625 3.875

1532259715436696 -10.8125 -7.625 -3
1532259715504538 -8.125 -9.75 -1.1875
1532259715579338 -3.9375 -6.5 7.25
1532259715639186 0.4375 -4.3125 8.3125
1532259715721964 1.0625 -2.9375 7.4375
1532259716007211 -1.125 -15.1875 -0.1875
1532259716118903 7.3125 -5.8125 -3.4375
1532259716149829 -3.0625 -5.25 -4.1875
1532259716171776 -6.5 -5.6875 -5.4375
1532259716201682 -4.0625 -7.25 -5.875
1532259716216642 0.6875 -7.75 -5.25
1532259716269500 2.8125 -5.5 -4.1875
1532259716291441 0.3125 -1.1875 -5.9375
1532259716344300 0.125 -0.875 -5.8125
1532259716457015 9.625 6.125 -4.8125
1532259716471975 7.625 5.1875 -4.3125
1532259716568717 8.125 -15.1875 3.5625
1532259716614594 8.1875 -16.1875 1.25
1532259716629554 10.1875 -15.25 -3.1875
1532259716689394 -0.8125 -8.875 -4.9375
1532259716741255 -8.8125 -4.5 -4.8125
1532259716757213 -6.0625 -1.75 -7.3125
1532259716817052 -0.125 5.0625 -6.9375
1532259716832012 0 3.75 -6.5
1532259716868914 -9.375 15.0625 -2.375
1532259716891852 -3.8125 15.4375 -1.25
1532259716921773 5.625 11.1875 2
1532259716974631 8 5 6.8125
1532259717019511 1 1.1875 4.8125
1532259717041452 -14.375 6.6875 -17.875
1532259717056412 -11.1875 6.875 -17.375
1532259717079351 -7.625 7 -16.875
1532259717094325 -13.1875 10.375 -18.375
1532259717116252 -18 12.0625 -20.125
1532259717147170 -14.5 8.8125 -21
1532259717177089 -7.375 1.5 -18.625
1532259717221969 -9.5625 1.5 -16.25
1532259717243921 -10.125 2.375 -10.1875
1532259717258871 -3.75 0.625 -3.1875
1532259717273830 7.4375 -1 4.4375
1532259717296770 24.375 7.75 13.9375
1532259717319709 20.6875 12.375 19.4375
1532259717356610 8.5 20.375 35.5625
1532259717379548 15.5625 23.1875 38.3125
1532259717446370 34.9375 25.375 28.5
1532259717476290 32.6875 22.125 17.3125
1532259717537127 -7 1.75 -7.4375
1532259717574028 -21.125 1.8125 -11.75
1532259717633868 12 7.875 -2.5
1532259717663788 16.8125 7.5 -3.5625
1532259717709666 0.375 4.125 -8.375
1532259717754546 8.4375 5.1875 -3.0625
1532259717776487 19.625 11.125 -0.0625
1532259717859265 51.8125 50.8125 3.9375
1532259718031805 26.875 84.8125 41.8125
1532259718106604 -8.75 113.875 46.1875
1532259718279143 -9.5 101.938 16.625
1532259718444700 42.8125 5.375 -41.0625
1532259718511521 82.6875 -6.3125 -59.1875
1532259718564380 84.5 -8.9375 -64.9375
1532259718684066 31 -19.25 -62.125
1532259718736918 56.625 52.25 80.9375
1532259718796758 -51.375 33.5625 88.4375
1532259718849616 -18 39.5 107.563
1532259718976294 -5.0625 49.4375 88.875
1532259719096956 25.9375 -6.5 -28.8125
1532259719171756 0.5625 -40.875 -43.4375
1532259719194694 63.4375 12.9375 80.5
1532259719254535 -4.0625 41.0625 75.25
1532259719300411 -42.125 55.8125 96
1532259719336316 -15.3125 67.875 91.8125
1532259719389174 2.4375 60.5 27.375
1532259719449014 14.5625 0.625 -66.125
1532259719493894 2.9375 -46.125 -100.563
1532259719523814 18.625 -82 -111.313
1532259719538775 9.0625 -106.063 -98.0625
1532259719614571 -78.875 13.625 97.5625
1532259719667430 84.5625 -9.875 69.6875
1532259719689372 2.625 -22.125 41.4375
1532259719794104 -55.6875 -37.875 19.875
1532259719846950 -75.75 -127.625 64.375
1532259719861910 -73.0625 -154.25 77.8125
1532259719883851 -45.1875 -183.438 85.4375
1532259719913771 -34 -181.5 76.625
1532259719951670 13.8125 -164.063 70.1875
1532259720026470 34.4375 -131.938 49.125
1532259720101270 92.75 -91.6875 14.25
1532259720124209 17.8125 -48.75 3.8125
1532259720177068 -28.6875 -3.5 -27.0625
1532259720228929 -40.3125 -4.8125 -1.9375
1532259720303742 -36.1875 -9.8125 5.625
1532259720379526 -18.3125 -10.5 5.125
1532259720424406 -17.3125 -3.6875 -1.4375
1532259720588966 -11.25 -6.5 6.625
1532259720716625 14.6875 4.1875 -0.875
1532259721008843 -3.5 3.4375 0.625
1532259721084640 2.4375 4.1875 5.25
1532259721106581 2.875 3.875 6.6875
1532259721183377 3.125 1.125 -0.375
1532259721189361 0 -0.625 -2.1875
1532259721212303 0.0625 -0.375 -3.1875
1532259721257179 2.875 1.0625 -5.25
1532259721272139 3.6875 1.8125 -5.8125
1532259721391819 7.5625 7.9375 -10.8125
1532259721436699 7.25 11.125 -10.375
1532259721511500 6.8125 12 -10.125
1532259721534438 4.25 6.6875 -8.375
1532259721564358 3.8125 2.75 -7.3125
1532259721624198 -5.5625 -1.875 -1.9375
1532259721692016 1.75 4.25 -2.0625
1532259721713958 4.9375 7.3125 -2.5625
1532259721886496 8.4375 11.1875 0.5625
1532259721924395 0.4375 0.125 -4.9375
1532259721992214 -6.25 -18.25 -9.875
1532259722029115 -34.25 -18.75 -7.1875
1532259722088955 -43.625 -8.625 1.1875
1532259722118875 3.3125 5.1875 2.1875
1532259722171744 11.5625 13.5625 13.1875
1532259722269473 1.5625 7.0625 15.4375
1532259722291413 -0.6875 1.5625 12.4375
1532259722352250 -1.25 -14.0625 -13.625
1532259722419072 -16.625 -8.875 -7.25
1532259722448992 -17.9375 -7.1875 -5.8125
1532259722493872 -9.125 -5.375 -1.9375
1532259722546731 4.625 0.375 7.375
1532259722674390 3.5625 -2.625 13.875
1532259722719269 1.1875 -4.8125 8.1875
1532259722779110 -6.9375 -9.3125 7.1875
1532259722921728 0.875 -9.4375 8.375
1532259722959626 -4.5 -5.375 10
1532259722996528 5.5 -3.0625 8.625
1532259723034426 0.125 -2.9375 6.375

1532259723198987 -10.25 38.875 -19.5
1532259723273817 21.9375 112.938 -59.8125
1532259723364574 53.125 174.625 -77.1875
1532259723416436 -25.625 173.625 -98.125
1532259723507193 4.125 106.063 -169.563
1532259723581994 -10.5 88.1875 -143.813
1532259723626873 7.8125 67.875 -104.875
1532259723663774 -2.5625 40.1875 -65.9375
1532259723716633 25.875 -1.75 -34.625
1532259723754532 21 -5.875 -23.125
1532259723791433 29.6875 -16.625 -28.1875
1532259723829339 36.375 -17.9375 -26.375
1532259723859259 18.875 -10.375 -9.5
1532259723904139 16 -9.875 -7.125
1532259723956997 18.625 -4.25 -16.1875
1532259723993899 -0.75 -4.0625 1
1532259724031797 3.6875 -2.1875 0.4375
1532259724054736 -13 3.375 0.0625
1532259724114576 -8.1875 3 -1.3125
1532259724122567 -0.1875 -2.25 1.125
1532259724159456 4.625 -2.0625 1
1532259724189376 1.3125 4.5 0.125
1532259724249216 3.0625 7.125 -3
1532259724287115 -10 -1.3125 1.625
1532259724324016 -1.6875 -1.875 1.8125
1532259724383856 6.5625 1.0625 16.1875
1532259724459653 -16.375 -1.125 24.3125
1532259724639173 -55 -136.25 129.125
1532259724758854 41.375 -235.813 47.0625
1532259724834651 25.125 -73.9375 34.625
1532259724856592 41.625 -47.1875 23.1875
1532259724879530 46.75 -36.25 4.875
1532259724894491 59.0625 -35.0625 -11.6875
1532259724909450 62.375 -42.25 -16.625
1532259724939370 48.75 -52.25 -23.125
1532259724969290 25.1875 -55.375 -22.1875
1532259724992245 -27.5625 -40.4375 -2.125
1532259725007190 -74.875 -4.5625 13.3125
1532259725044090 -20.8125 43 14.9375
1532259725067028 69.9375 40.75 15
1532259725089969 122.438 27.75 15
1532259725111909 73.5625 10.6875 26.4375
1532259725141829 15.25 8.375 30.5
1532259725163770 -26 13.6875 25.0625
1532259725186709 -25.4375 17.75 17.9375
1532259725239568 24.3125 4.875 3.9375
1532259725254528 39.625 -0.75 4.6875
1532259725299408 20.5625 -1.5625 6
1532259725314368 2.75 0.8125 6.5625
1532259725359248 8.5 2.9375 8.25
1532259725397146 14.4375 2.5 5.625
1532259725419088 7.6875 0.3125 2.0625
1532259725501866 63.375 28.1875 -0.0625
1532259725569684 53.125 68.5 12.375
1532259725591626 36.5625 83.25 18.9375
1532259725704325 2.375 119.25 33.625
1532259725727263 -7.3125 122.75 32.3125
1532259725772144 -11 121.063 34.5625
1532259725802064 -0.0625 103.375 46.0625
1532259725861904 -13.75 85.125 38.125
1532259725981583 -11 79.125 40.125
1532259726079322 -1.3125 55 32.3125
1532259726409439 59.5 -24.5625 -97.75
1532259726454333 84.375 -39.375 -118.188
1532259726484239 38 -31.4375 -103.563
1532259726507178 35.5625 -21.875 -86.375
1532259726537098 -40.9375 75.8125 57.375
1532259726709636 -40.5 48.25 91.3125
1532259726746538 -115.625 43.5 75.0625
1532259726836298 3.1875 20.1875 48.4375
1532259726889157 19.1875 -7.8125 -41.1875
1532259726942015 14.375 -47.9375 -97.625
1532259726986895 15 -84 -140.25
1532259727031775 23.4375 -65.75 -92.625
1532259727046735 3.6875 14.1875 -39.375
1532259727136495 28.125 3.3125 15.9375
1532259727174394 7.3125 28.9375 56.25
1532259727211295 -87.4375 33.3125 75.25
1532259727287093 1.5625 59.75 75.9375
1532259727368874 20.0625 9.75 -46.0625
1532259727398794 11.1875 -41.0625 -95.1875
1532259727451653 34.6875 -87.4375 -115.75
1532259727571343 4.5625 -79.5625 -90.6875
1532259727602249 -78.25 37.25 91.375
1532259727728911 -31.9375 -10 15.6875
1532259727789748 -75.9375 -72 22.5
1532259727819668 -46.625 -174.063 56.25
1532259727871530 -22.625 -184.063 77
1532259727946330 -14.6875 -167.625 59.625
1532259728246527 -16.625 -0.0625 -6.4375
1532259728321327 5.3125 -2.5625 4.625
1532259728374186 6.5 -4.5625 9.0625
1532259728501844 -2.3125 0.5 7.375
1532259728584623 1.375 -1.5 0.3125
1532259728704303 -2.125 0.375 -6.875
1532259728831961 4.375 1.125 -7.375
1532259728876841 -3.3125 2.1875 -5.0625
1532259728906761 -5.875 2.1875 -3.6875
1532259729034420 -0.4375 -0.6875 4.3125
1532259729056361 -0.625 -1.5 7.6875
1532259729109220 0.3125 -1.875 7.8125
1532259729184020 2.125 -1 -1.375
1532259729191999 -5.75 -0.875 -5.125
1532259729281759 0 4.375 -5.625
1532259729341598 2.9375 8.875 -5.375
1532259729364537 5.5625 9.1875 -5.125
1532259729394457 5.375 8.0625 -3.6875
1532259729588937 2.4375 -0.6875 -2.875
1532259729814334 6.125 18.1875 4.625
1532259729889134 -0.9375 6.5625 0.9375
1532259730023775 -20.9375 -20.9375 -15.625
1532259730294052 10.375 11.875 14.3125
1532259730353892 -2.25 -2.625 -3.125
1532259730466590 -18.5625 -11.1875 -8.375
1532259730572308 -14.75 -7.125 -4.0625
1532259730706947 0.1875 -0.375 2.0625
1532259730796707 11.625 5.5 11.0625
1532259730856548 1.5625 -7.8125 5.125
1532259730924366 -4.4375 -8.5625 2.9375
1532259730977242 -4.875 -8.375 2.25
1532259731179683 -4.25 -2.125 -1.625

1532259731276425 -2.3125 -1.25 -2.25
1532259731322319 -3.5625 -2.625 -2.0625
1532259731359203 -6.1875 -3.75 -1
1532259731412061 -1.5 -0.875 0.75
1532259731487859 0.625 2.0625 2.875
1532259731554681 5.0625 1.875 3.875
1532259731629481 2.5625 1.5 1.9375
1532259731674360 2.125 1.125 1
1532259731764120 2.875 0.8125 0.5625
1532259731816979 0.3125 -0.1875 -2
1532259731861859 -0.3125 -0.8125 -1.875
1532259731906739 -0.875 0.375 -1.1875
1532259731936658 -3.75 1.375 0.25
1532259731959597 -2 0.25 1.0625
1532259732019438 2.1875 -2.0625 0.0625
1532259732034408 1.9375 -2.375 -1
1532259732087260 0.875 -2.375 -1.3125
1532259732206936 2.1875 1.8125 3.9375
1532259732243837 4.5 -0.8125 -0.1875
1532259732371496 -1.75 -1.5625 -0.25
1532259732401416 -0.3125 2.625 3.6875
1532259732439315 -4.5625 -5.4375 -2.5625
1532259732462257 -8.1875 -4.5625 -3.5625
1532259732537054 31.25 11.5625 3.375
1532259732618835 31.4375 34.9375 9.1875
1532259732648757 36.8125 45.875 23.5625
1532259732799352 2.25 67.6875 35.875
1532259733272088 37.5 5.75 -34.25
1532259733294030 66.1875 -6.4375 -60.8125
1532259733391768 54.875 -28.125 -84.4375
1532259733399758 60.0625 -31.1875 -90.75
1532259733414707 71.5625 -37.5 -105.5
1532259733481528 29.0625 -15.4375 -54.6875
1532259733541368 31.75 27.3125 -29.1875
1532259733556328 28.5 31.625 71.9375
1532259733594226 -5.5625 21.8125 20.1875
1532259733683987 -90.125 45.5625 101.563
1532259733826605 1.5625 37.3125 36.5625
1532259733871485 34.9375 -35.5 -105.813
1532259733901405 41.0625 -76.375 -145.438
1532259733954263 49.4375 -90.375 -153.813
1532259734029064 35.5625 -81.875 -124.063
1532259734058983 9.8125 64.25 18.9375
1532259734103863 67.8125 30.0625 117.125
1532259734179661 2.625 48.9375 121.313
1532259734239501 -49.5625 50.375 114.938
1532259734329260 7 24.1875 -15.625
1532259734397080 16.1875 -75.4375 -111.875
1532259734456919 18.5 -99.0625 -126.75
1532259734478861 13.6875 -103.688 -132.563
1532259734524738 -11.9375 39.375 -32.75
1532259734599538 141.25 -2.6875 56.8125
1532259734623474 -4.125 -46.1875 6.125
1532259734727197 -46.8125 -57.9375 22.9375
1532259734749138 -32.4375 -77.1875 33.6875
1532259734794018 -24 -130 54.375
1532259734839896 -18.875 -144.125 56.9375
1532259734868818 0.375 -151.625 58.3125
1532259734989495 46 -90.625 6.375
1532259735004456 26.125 -71.4375 3.375
1532259735064295 -12.6875 20.8125 -18.375
1532259735117154 -35 20.3125 -16.125
1532259735162034 -11.0625 10.9375 -5.1875
1532259735183975 18.25 -24.3125 -1.875
1532259735283709 -7.5 1.8125 1.375
1532259735386434 -10.1875 -10.5625 5.4375
1532259735424333 -9.9375 -6.0625 7.25
1532259735439293 -7.4375 -4.9375 9
1532259735537034 11.1875 -5.5625 4.75
1532259735566951 7.125 -1.6875 3.0625
1532259735641763 5.9375 4 4.375
1532259735664706 8.75 1.5 -3.1875
1532259735694610 -1.625 -0.875 -11.6875
1532259735904050 -4.5625 4.4375 -10.25
1532259735926988 -7.5625 5.1875 -7.3125
1532259735941948 -6.3125 5.0625 -5.9375
1532259735978850 -2.4375 -0.3125 3.6875
1532259736016749 -4.5 0.6875 5.1875
1532259736144407 3.9375 -1.75 7.6875
1532259736166348 4.375 -3.3125 6.125
1532259736219207 -4.9375 -4.5625 -2.875
1532259736272065 -0.5625 3.5625 -0.3125
1532259736316946 6.875 5.1875 -2.4375
1532259736391746 5.0625 9.1875 -3.0625
1532259736398727 7.3125 10.375 -2.9375
1532259736496466 8 5.375 -3.625
1532259736549324 -3.625 -6.3125 -8.5625
1532259736676983 -15.5 -5.3125 -6.9375
1532259736706912 1.375 6.1875 -2.8125
1532259736774732 6.625 14.6875 1.9375
1532259736826583 0.8125 12.375 3.75
1532259736886422 0.375 10 3.875
1532259736999122 -0.25 -19.125 -11.6875
1532259737103841 -25.1875 -4.125 3.5
1532259737231500 14.4375 13.4375 7.6875
1532259737501777 -23.6875 -9.5625 -6.625
1532259737838876 -1.4375 -10.5625 0.875
1532259737861815 -3.375 -8.6875 -0.4375
1532259737936618 -6.5 -7.8125 2.125
1532259737959553 1.4375 -4.75 2.3125
1532259738064273 4.125 0.75 1.125

1532259738124113 -4.1875 -1.6875 -2.1875
1532259738169990 -5.25 -2.625 -2.875
1532259738213873 -4.8125 -4 0.5625
1532259738266732 -3.625 -5.375 0.25
1532259738311612 -5.5625 -6.875 -1.4375
1532259738364470 -2.0625 -5.25 1.875
1532259738386412 -2.6875 -1.8125 4.5
1532259738409350 -0.9375 -1.25 5.5
1532259738469190 4.875 -1.125 4.25
1532259738514144 2.6875 -0.4375 0.4375
1532259738544142 -1.375 -0.75 0.6875
1532259738567081 -0.25 -0.5 1.375
1532259738603982 -1.375 1.0625 1.4375
1532259738633902 -1.8125 2.3125 3.8125
1532259738686761 5 -1.375 1.375
1532259738716680 2.4375 -1.8125 -2
1532259738776521 -2.625 -2.8125 -3.5
1532259738792479 -3.125 -2.9375 -3.1875
1532259738821401 -1.625 3.3125 0.125
1532259738844340 -1.4375 4.6875 2.1875
1532259738912159 7.625 4.5625 4.625
1532259739002915 -0.875 0.375 -3.6875
1532259739031838 -0.3125 2.0625 -2.9375
1532259739069742 -0.6875 5.4375 0.875
1532259739099657 1.6875 5.3125 3.5625
1532259739121598 6.6875 4.1875 4.625
1532259739144537 9 3.1875 2.25
1532259739181438 2.5625 0.9375 -3.875
1532259739234298 -0.4375 -0.6875 -4.8125
1532259739264216 -0.875 -1.8125 -4.6875
1532259739294137 -0.4375 -0.125 -2.625
1532259739324059 -1.5625 2.5 -1.125
1532259739368937 3.875 4 5.5625
1532259739421796 2.1875 0 -2.5625
1532259739459694 -1.75 -3.3125 -3.6875
1532259739511556 -2.3125 0.125 -0.75
1532259739526515 -4.375 2.5 1
1532259739549454 -3.6875 3.5 3.5
1532259739601315 5.25 -0.5 1.9375
1532259739624254 1 -1.6875 -1.375
1532259739662153 -3.5 -4.625 -4.3125
1532259739684094 -1.875 -5.125 -3.5
1532259739721993 -1.1875 -4.125 -2.6875
1532259739751913 -6.9375 0.875 0.375
1532259739796793 0.8125 1.375 4.0625
1532259739834691 6.6875 -1.0625 0.375
1532259739886584 -5.9375 -3.875 -4.0625
1532259739961384 -2.3125 0.5 -1.1875
1532259740006304 0.6875 0.9375 4.5
1532259740029242 5.4375 -0.5 2.875
1532259740052181 4.6875 -1.9375 0.5625
1532259740082101 -2.125 -3.375 -2.75
1532259740112021 -0.125 -3.375 -2.9375
1532259740133962 -1.8125 -1.3125 -1.9375
1532259740201781 -9.3125 0.375 1.0625
1532259740216742 -3.75 -1.75 3.1875
1532259740239680 6.5625 -2.8125 1.75
1532259740284560 41.9375 25.4375 2.5625
1532259740336421 36.6875 52 14.75
1532259740419200 15.375 79.1875 21.4375
1532259740568800 6.3125 91.375 25.4375
1532259740644597 0.375 95.875 26.25
1532259740704452 15 99.6875 12.875
1532259740832096 -12.0625 63.25 5.25
1532259740883957 4 41.6875 4.125
1532259740974714 29.125 5.75 -31.75
1532259741034554 49.75 -4.25 -56.875
1532259741177173 51.5 -46.1875 -99.9375
1532259741243994 21.25 -31.625 -62
1532259741311813 14.8125 33 58.25
1532259741326773 -32.125 14.75 16.5
1532259741476372 -37.25 46.375 120.625
1532259741529231 -30.4375 50.25 110.313
1532259741597050 16.4375 28.1875 14.25
1532259741671850 17.625 -80.6875 -138.875
1532259741724709 20.0625 -79.75 -139.375
1532259741739669 24.9375 -72.6875 -132.063
1532259741799509 27.1875 -48.25 -81.125
1532259741866330 52.375 19.6875 31.6875
1532259741906223 -67.4375 37.875 83.3125
1532259741957087 -0.8125 40.4375 109.688
1532259742008948 -0.5 43.5 97.625
1532259742068788 -5.375 35.875 79.875
1532259742092725 15.9375 1.9375 -13.3125
1532259742174506 18.6875 -67.125 -111.063
1532259742226366 28.9375 -71.3125 -109.188
1532259742324105 35.125 -60.125 -72.75
1532259742428826 -75 -13.0625 0.375
1532259742466724 -20.75 -24.25 12.125
1532259742504624 -48 -54.3125 11.6875
1532259742519583 -63.8125 -73.6875 25.4375
1532259742579423 -34.5625 -143.25 57.125
1532259742631284 -16.6875 -158.375 81.9375
1532259742707082 36.0625 -81.8125 47.8125
1532259742841722 56.8125 -2.625 5.4375
1532259742939461 -27.5 -25 0.375
1532259743007279 -11.5 7.3125 -3.1875
1532259743082079 7.375 -3.0625 8.625
1532259743126959 -12.25 -3.875 -1.8125
1532259743194778 -7.5 -9.9375 2.125
1532259743231679 -11.5 -8.25 0.625
1532259743261599 -13.25 -10.5 1.9375
1532259743336399 -6.4375 -9.6875 2.3125
1532259743389257 -9.1875 -6.0625 4.4375
1532259743457084 7.75 0.625 3.75
1532259743493978 7 3.625 -2.75
1532259743568778 -10.9375 -4.6875 -11.0625
1532259743621651 -6.3125 18.875 -6.6875
1532259743764255 7.6875 18.625 9.375
1532259743951755 -2.125 0.5 5.9375
1532259744041513 -6.9375 -3.0625 6.625
1532259744124292 -9.8125 0.75 6.4375
1532259744177151 23.5 4.1875 2.875
1532259744326750 7.4375 8.875 -5.9375
1532259744394584 4.0625 10.0625 -5.625
1532259744454410 5.0625 9.875 -5.3125
1532259744567107 11.5 4.5 -5.75
1532259744671828 -0.125 0 2.6875
1532259744859326 5.75 3.3125 -3.1875
1532259744957074 -21.125 -14.8125 -3.375
1532259745008926 -19.5 -12.1875 -0.5625
1532259745053806 0.125 -0.375 2.1875
1532259745076745 1.125 8.375 4.6875
1532259745129604 4.625 12.625 7.4375
1532259745159524 0.6875 14 9.375
1532259745196425 -1.375 12.125 8.0625
1532259745211385 -1.6875 -1.0625 -4.8125
1532259745279204 -1.3125 -8.375 -8.5
1532259745332062 0.1875 -19.0625 -13.5625
1532259745354005 -4.375 -20.25 -13.1875
1532259745451742 -30.125 -14.25 4.0625
1532259745481662 -18.25 -10.8125 4.1875
1532259745526542 1.0625 -2.25 11.375
1532259745549481 4.5625 -0.6875 14.0625
1532259745632260 14.5 -2.5625 12.875
1532259745654201 9.5 -5.4375 12.1875
1532259745677140 2.375 -7.0625 10.125
1532259745692099 -8.0625 -10 6.375
1532259745736994 -12.5625 -9.875 2.375
1532259745788841 -10.5 -11.25 1.3125
1532259745834728 -12.5 -10.0625 1.1875
1532259745856660 -11.5625 -7.6875 0.875
1532259745984318 -0.0625 0.4375 -1.25

1532259746082057 4.875 2.5 -1.3125
1532259746133918 0.0625 2.3125 -0.25
1532259746156857 -3.1875 -1.0625 0.875
1532259746171817 -2.75 -2.375 0.875
1532259746224691 -5.0625 -4.4375 1.125
1532259746261577 -4.5625 -3.5 2.0625
1532259746306456 -3.1875 -0.25 2.8125
1532259746359324 -2.25 0.1875 3.5625
1532259746382254 -0.875 0.25 3.625
1532259746493955 0.3125 0.375 1
1532259746508915 -1.375 0.625 0.75
1532259746546814 1.875 1.9375 1.1875
1532259746584712 3.375 1.4375 0.6875
1532259746606654 3.0625 1 -0.3125
1532259746644552 1.9375 0.4375 -1
1532259746674472 -0.4375 0.375 -1.9375
1532259746696413 -0.625 0.0625 -2.0625
1532259746726334 -0.1875 0.5 -0.9375
1532259746741294 -0.875 2.625 -0.875
1532259746764232 -1.3125 4.25 -0.25
1532259746802131 3.5625 2.1875 0.0625
1532259746832051 4.6875 0.8125 -1.3125
1532259746861971 3.3125 0 -2.8125
1532259746891891 1.25 -0.1875 -3.3125
1532259746936771 -0.375 -0.25 -2.9375
1532259746974670 2.3125 0.75 -0.5
1532259747011571 -0.125 4.375 2.625
1532259747064430 6.1875 1.125 0.8125
1532259747094353 4.75 0.375 -1.5
1532259747147209 -1.375 -1.25 -2.6875
1532259747228989 -2.125 4.0625 1.5625
1532259747252926 1.375 3.8125 2
1532259747304787 -0.875 -0.5 -3.1875
1532259747349667 -1.9375 -1.0625 -3.375
1532259747386568 -1.5 -1 -2.625
1532259747499267 -2.5625 3.3125 2
1532259747626926 20.0625 9.125 -3.0625
1532259747648867 17.9375 20.625 2.625
1532259747671806 22.9375 36 9.4375
1532259747986963 52.125 64.3125 13.875
1532259748061777 28.3125 81.8125 18.375
1532259748114621 -13.4375 105.125 17.625
1532259748151523 -18.4375 63.25 17.75
1532259748190428 29.75 37.25 5.25
1532259748226323 35.5 25.9375 -0.6875
1532259748272200 30.25 7.875 -26.0625
1532259748353982 56.375 -6.8125 -65.3125
1532259748413821 56.875 -12.4375 -77
1532259748481640 66.0625 -39.0625 -107.625
1532259748564418 4.25 -18.5625 -51.875
1532259748616280 15.9375 37.375 62.625
1532259748639219 9.125 35.75 71.5
1532259748692077 -45.625 27.8125 119.938
1532259748743938 -19.875 39.5625 133.938
1532259748758898 -8.0625 40.9375 128.563
1532259748879576 31.5625 39.3125 42.125
1532259748924456 26.9375 18.8125 -0.625
1532259748946397 17.5625 -53.125 -108.125
1532259748954376 16.0625 -71.25 -128.75
1532259749014217 14.0625 -69.9375 -125.438
1532259749082035 19.5625 -36.5625 -68.1875
1532259749156834 6.8125 30.375 82.75
1532259749299453 -6.4375 65.5625 129.938
1532259749367272 -4.125 50.375 54.875
1532259749434093 8.75 -34.8125 -83.9375
1532259749471992 1.25 -76.8125 -124.125
1532259749576712 6.125 -86.8125 -120.125
1532259749629570 5.875 -72.875 -96.0625
1532259749651512 2.9375 -52.9375 -59.8125
1532259749711352 6.5 11.125 -2.5625
1532259749787149 -124.875 -52.375 15.5625
1532259749817069 -41.9375 -87.375 38.375
1532259749921789 -50.125 -127.75 58.4375
1532259749937766 -36.125 -139.875 52.4375
1532259750041469 22.25 -49.0625 -0.0625
1532259750079368 1.3125 -9.25 -10.625
1532259750116269 -13.75 0.9375 -10
1532259750154168 7.25 10 5.25
1532259750207026 32.875 3.5 5.625
1532259750273847 23.875 -14.375 8.625
1532259750349644 -21.0625 -2 1.8125
1532259750431426 3.6875 -2.125 11.4375
1532259750552104 5.625 -4.1875 10.1875
1532259750611943 6.4375 1.25 2.9375
1532259750679777 2.8125 -0.0625 -7.375
1532259750761544 -11.375 0.4375 -9.625
1532259750784482 -3.5 0.5625 -10.3125
1532259750836343 -2.4375 0.75 -9.3125
1532259750904174 -6.5625 1.625 -6.8125
1532259750986948 1.875 0.8125 -0.5625
1532259751106620 -0.25 0 5.4375
1532259751129558 1.5 -0.125 5.25
1532259751181420 2.1875 -0.875 0.8125
1532259751241260 -0.6875 1.0625 -1.125
1532259751302098 3.0625 4.125 -1.1875
1532259751444716 5.375 7.8125 -4.4375
1532259751541458 -12.25 -6.6875 -7.8125
1532259751594316 -14.1875 -6.8125 -6.625
1532259751654157 -7.6875 1.6875 -1.75
1532259751834674 1.3125 8.6875 6.5625
1532259751886535 -3.0625 -4.8125 -0.0625
1532259751909474 -4.6875 -11.9375 -5.8125
1532259752074033 -15.0625 -2.1875 -2.5625
1532259752096972 -4.9375 1.625 1.125
1532259752141852 13.875 11.0625 7.75
1532259752216652 25.8125 14.625 13.5625
1532259752269511 17.8125 2 10.3125
1532259752291452 5.0625 -2.9375 7.5625
1532259752314391 -3.4375 -11.5 -4.0625
1532259752351292 -11.375 -16.4375 -8.9375
1532259752412129 -31.9375 -15.5 -8.6875
1532259752442050 -31.4375 -15.0625 -6.625
1532259752486929 -18.375 -11.9375 -2.9375
1532259752501900 -12.875 -9.4375 0.1875
1532259752538791 -0.5625 -4.6875 6.625
1532259752561729 10.1875 1.5625 11
1532259752599628 17.5625 5.375 16.5
1532259752644508 21.25 7.8125 17.25
1532259752704349 22.9375 7.375 18.875
1532259752796107 18 4.1875 16.1875
1532259752846967 -1.5625 -5.125 6.25
1532259752891847 -2.875 -7.875 2.8125
1532259752974625 -6.75 -8.3125 -0.25
1532259753004550 -8.8125 -5.125 -2
1532259753080343 -2.3125 -2.625 -1
1532259753109265 -1.125 -2.0625 -0.625

1532259753199025 -5.25 -4.625 -0.125
1532259753304758 -7.375 -1.6875 -1.8125
1532259753334663 -1.375 -0.125 1.25
1532259753379543 2.0625 0.625 1.625
1532259753394502 3.9375 1.6875 2.375
1532259753424422 2.375 1.9375 2.5
1532259753454344 -0.0625 2.8125 2.3125
1532259753476284 0.375 2.5 2.5625
1532259753537121 3.5 1.75 1.625
1532259753574022 3.4375 1.3125 1
1532259753626881 2.875 1 -0.8125
1532259753648822 2.8125 1.125 -1.5
1532259753679740 1.25 1.4375 -1.8125
1532259753724620 -0.5625 1.6875 -1.75
1532259753814410 1.875 2.25 -2.125
1532259753874250 3.9375 1.0625 -1.75
1532259753942068 1.625 0.5625 -1.75
1532259753964010 -0.4375 1.5 -0.875
1532259754031829 1.1875 3.8125 0.6875
1532259754061760 4.375 3.0625 0.625
1532259754091669 4.9375 2.25 -0.4375
1532259754114606 1.4375 1.125 -0.8125
1532259754151509 1.1875 0.875 -1.0625
1532259754211349 0.5625 2.75 0.4375
1532259754249248 -0.75 -0.375 0.0625
1532259754279167 -1.3125 -3.0625 0.3125
1532259754309087 -1.125 4.4375 -4.75
1532259754339007 28.6875 17.875 -0.6875
1532259754383887 28.5 40.9375 6.6875
1532259754413807 31 52.0625 17
1532259754444725 37.125 59.875 23.125
1532259754496596 25.8125 73.4375 23.25
1532259754781823 13.875 99.75 24.5625
1532259754796782 -2.625 108.063 13.5625
1532259754916463 -0.0625 51.5625 10.4375
1532259754999242 39.1875 17.0625 -20.6875
1532259755044121 59.125 -1.375 -66
1532259755118922 47.5625 -13.375 -83.875
1532259755148842 39 -43.5625 -119.438
1532259755246581 21.9375 -31.875 -79.4375
1532259755299439 22.9375 -12.9375 -54.4375
1532259755351300 19 16.375 33
1532259755404159 -24.375 40.5625 124
1532259755449039 -5.75 40.5625 112.25
1532259755471977 -14.125 43.3125 104.438
1532259755538800 6.0625 40.8125 56.625
1532259755681417 7.125 -22.3125 -67.25
1532259755749236 11 -80.75 -133.5
1532259756102291 -34.125 45.5 62.1875
1532259756133209 2.375 -41 -66.9375
1532259756154153 4.4375 -58.25 -79.625
1532259756356612 21.8125 -35.8125 -14.1875
1532259756386531 37.625 -41.25 -2.4375
1532259756469311 -30.3125 -141.25 71.9375
1532259756514190 -47.6875 -142.563 58.4375
1532259756776489 -58.25 -134.688 48.3125
1532259756829348 36 -94.4375 23.75
1532259756993907 -19.0625 -5.75 -3.75
1532259757144505 -4.4375 -1.375 10.5
1532259757182405 -2.1875 -2.9375 6.0625
1532259757212324 14.6875 -2.625 1
1532259757346964 6.625 -3.5 -11.4375
1532259757414782 4.0625 -4.375 -15.5625
1532259757436723 -14.0625 -4.0625 -12.1875
1532259757520499 -5.6875 2.875 -7.3125
1532259757549422 1.5 1.1875 0
1532259757564381 -0.8125 1.875 2.1875
1532259757639182 -2.375 -5.25 6.375
1532259757721977 1.3125 -1.0625 6.3125
1532259757788782 1.4375 -2.625 1.5
1532259757841656 1.5625 -2.3125 0.375
1532259757976281 4.8125 6.5 -1.6875
1532259757999219 5.25 6.6875 -2.125
1532259758052078 6.125 5.875 -3.375
1532259758111918 4.3125 2.6875 -3.9375
1532259758141838 2.875 -0.3125 -2.625
1532259758171758 -8 -8.6875 -2.3125
1532259758367235 -5.9375 -2.1875 4.3125
1532259758397155 5.375 7.3125 5.75
1532259758599614 5.5625 1.5625 -6.8125
1532259758651476 -5.5 -14.75 -13
1532259758674414 -17.8125 -19.125 -10.625
1532259758727273 -32.125 -21.875 -7
1532259758772152 -20.875 -10.1875 0.8125
1532259758809054 -0.5 5.375 6.1875
1532259758951672 8.125 14.375 12.125
1532259758974611 -4.5 -0.1875 5.375
1532259759049411 -0.75 -18.8125 -14
1532259759199011 -12.8125 -9.6875 -3.5625
1532259759386509 7.5 2.375 16.125
1532259759424408 6.0625 4.625 13.3125
1532259759477267 -0.5625 0.9375 7.375
1532259759529140 -0.3125 -3.5625 -0.3125
1532259759567027 -7 -3.875 0.4375
1532259759588969 -7.75 -4.6875 0.625
1532259759633848 -5.875 -0.9375 -0.0625
