1532259928219504 4.8125 6.0625 1.4375
1532259928264383 5.0625 6.4375 1.0625
1532259928362122 -2.3125 -0.8125 -3.5
1532259928541642 -3.25 -1.375 -4.9375
1532259928571571 -5.125 -1.5625 -5.0625
1532259928722158 0.3125 2.875 2.75
1532259929254751 0 1.3125 0.5
1532259929329534 -7.3125 -3.375 -2.4375
1532259929336516 -7.0625 -3.75 -1.3125
1532259929472154 -0.625 -1.25 1.375
1532259929554936 1 -1.25 1.5
1532259929606793 0.3125 -2.375 2.4375
1532259929629732 0.0625 -3.0625 2.6875
1532259929644692 -1.25 -2.1875 2.8125
1532259929659652 0.5 -2.6875 2
1532259929741434 1.75 -2.1875 1.9375
1532259929779332 1.3125 -1.5625 1.5
1532259929824212 0.8125 -1 1.0625
1532259930079529 -3.625 -0.375 -2.5
1532259930139369 -2.0625 -0.6875 -1.875
1532259930192228 0 1.5625 -1.25
1532259930229129 -6.0625 -1.1875 0.125
1532259930274016 -4.625 -1.5625 0.5625
1532259930349806 -3 -2.375 0.0625
1532259930446548 -3.125 -3.1875 -0.1875
1532259930574234 0.875 0.6875 0.5625
1532259930806611 -5.5625 -2.75 -1
1532259930874430 2.5 1.8125 0.4375
1532259931061929 0.375 1.1875 0.4375
1532259931136728 -2 -1.3125 0.5625
1532259931279347 2.125 -4.4375 4.75
1532259931309267 2.75 -4.375 5.375
1532259931362126 11.25 -1.0625 4.875
1532259931392045 13.3125 0.25 2.875
1532259931541646 3.3125 3.5 -2.625
1532259931594504 -6.25 1 -8.5
1532259931692243 0.1875 25.4375 -12.25
1532259931729144 -8.625 56.6875 -9.875
1532259931774024 -59.1875 124.5 -20.125
1532259931803945 -59 137 -24.25
1532259931833864 -87.4375 141.875 -9.25
1532259931991443 -97.25 84.1875 -4.625
1532259932029342 -100 44.8125 -4.375
1532259932112120 -131.75 23.25 -29.4375
1532259932171960 -133.688 23.75 -47.8125
1532259932231801 -113.75 27.8125 -56.9375
1532259932246760 -103.063 26.75 -43.3125
1532259932261720 -86.6875 7.8125 -29.5
1532259932321566 -47.8125 -50 8.9375
1532259932382398 -53.5625 -101.875 47.5
1532259932404347 -53.8125 -111.313 43.6875
1532259932427278 -14.6875 -105.5 38.625
1532259932457198 16.875 -88.375 25.125
1532259932472157 26.1875 -72.8125 14.8125
1532259932494098 24.875 -48.1875 4.4375
1532259932524019 7.8125 16.5 -2.1875
1532259932561918 0.1875 28 -21.5625
1532259932591837 -27.25 40.875 -35.75
1532259932622754 -50.4375 51 -44.125
1532259932704542 -64.375 57.0625 -47
1532259932734456 -89.375 51.5 -46.6875
1532259932764376 -16.4375 11.1875 -35.375
1532259932862115 -3.6875 -102.25 66.125
1532259932921955 36.8125 -98 82.8125
1532259932989773 56.4375 -46.375 31.625
1532259933011715 29.1875 -14.75 2.625
1532259933147355 10.375 23.5 -12.1875
1532259933214173 -18.4375 73.25 -52.3125
1532259933281992 -41.3125 -31.5625 -26.75
1532259933303952 -19.75 -145.25 52
1532259933349811 53.4375 -157.438 82.4375
1532259933424611 57.125 -157.438 70.4375
1532259933439571 108.625 -148.875 65.375
1532259933529331 38.5 24.0625 -20.125
1532259933597149 -88.1875 105.125 -61.75
1532259933761709 -21.125 -51.125 22
1532259933836509 -15.125 -105.875 91
1532259933874408 37.125 -138.875 122.375
1532259934114764 39.0625 -116 46.3125
1532259934159645 26.0625 -40.5 25.25
1532259934249405 32.5625 76.0625 -60.6875
1532259934466824 40.625 67.1875 -103.313
1532259934519682 44.8125 34.5625 -121.5
1532259934556584 45.9375 -1.875 -111.188
1532259934609441 63.25 -3.1875 -73.5
1532259934631383 51.1875 -9.125 -79.375
1532259934647341 54.625 -11.6875 -68.125
1532259934677261 79.8125 -15.625 -54.8125
1532259934699202 79 -18 -53.875
1532259934729122 76.3125 -19.375 -47.375
1532259934752061 53.3125 -19.9375 -38.125
1532259934767021 49.3125 -22.5625 -31.625
1532259934788963 59.25 -32.625 -26.5625
1532259934811901 73.125 -30.25 -27.0625
1532259934834839 79.5625 -29.4375 -29.0625
1532259934856781 61.3125 -27.25 -21.125
1532259934879719 45.375 -24.5 -12.0625

1532259934946541 55.9375 -15.5625 -13.125
1532259934969479 45.75 -15 -11.375
1532259935014360 36.5625 -8.5 -4.9375
1532259935074200 26.5625 -10.25 -7.75
1532259935097146 23.3125 -11.75 -9.1875
1532259935142018 13.6875 -10.125 3.0625
1532259935201858 9.5 0.4375 13.875
1532259935246738 21.0625 1.3125 15.875
1532259935261699 22 -0.0625 15.625
1532259935291618 5.5625 -2.4375 12.5625
1532259935381382 -10.125 0.25 6.6875
1532259935434237 -2.8125 -3.4375 2.8125
1532259935531992 -1.125 4.25 -4.625
1532259935561896 1 8.75 -6.3125
1532259935606776 -0.75 7.3125 -9.8125
1532259935636695 -3.8125 20.0625 -11
1532259935651655 -4.6875 24.25 -12.4375
1532259935711495 -6.375 18.1875 -18.4375
1532259935824194 10.8125 4.875 -6.0625
1532259935847132 12 -1.9375 5.0625
1532259935869074 8.6875 -1.6875 10.375
1532259935892012 11.375 -1.4375 9.3125
1532259935981772 6 -6.1875 5.375
1532259935996733 0.8125 -7.3125 5.0625
1532259936011692 -1.75 -7.6875 4.9375
1532259936064551 0.75 -3.75 4.0625
1532259936109431 4.9375 -1.25 2.75
1532259936147346 4.8125 3.5 -0.3125
1532259936207170 -1.4375 7.125 -0.4375
1532259936259031 -0.125 6.9375 -2.125
1532259936289949 6.3125 19.5625 -9.4375
1532259936334829 -1.4375 12.4375 -6.5
1532259936349788 -4.625 12.5625 -7.5625
1532259936394668 -3.75 11.8125 -7.6875
1532259936424588 8.5625 8 -9.3125
1532259936446530 7.25 3.5625 -8.3125
1532259936476449 2.375 2.9375 -7.1875
1532259936514348 2.4375 -0.375 -1.1875
1532259936537287 5.5625 -1.3125 0
1532259936559228 8.9375 -1.4375 0.75
1532259936612087 9.5 -1.75 2.6875
1532259936642007 6.6875 -2.625 3.125
1532259936656967 3.8125 -4.9375 3.5625
1532259936761687 3.0625 -9.5625 2.5625
1532259936889346 -3.625 -11.0625 -0.25
1532259937384022 3.5625 0.9375 -1.3125
1532259937586481 -1.625 -1.625 -4
1532259937647319 -4.5 2.5625 -0.3125
1532259937692199 1.375 -1.9375 2.6875
1532259937722119 2 -1.875 1.4375
1532259937737079 0.375 -1.3125 0.25
1532259937788940 -4.5625 -1.4375 0.3125
1532259937864737 -2.0625 -3.1875 0.75
1532259937991399 -1.9375 -1.6875 0.3125
1532259938037281 -2.625 1.3125 1.9375
1532259938141996 -0.0625 -0.5 2.4375
1532259938366396 -4.0625 -1.6875 -0.875
1532259938479094 1 0.8125 0.3125
1532259938546913 -2.9375 0.1875 2.0625
1532259938719452 1.3125 0.6875 0.3125
1532259938772311 0 -0.125 0.875
1532259938906950 -1.9375 -3.8125 1.25
1532259939071511 -42.75 56.125 -11.875
1532259939116390 -103.125 115.625 -11.9375
1532259939169249 -150.688 114.438 -2.1875
1532259939184209 -150.688 104.125 9.75
1532259939252027 -138.875 79.9375 21.25
1532259939319846 -136 69.625 17.625
1532259939401628 -126.313 12.25 -15.1875
1532259939461467 -55.875 -54.6875 -5.25
1532259939529286 -39.6875 -52.5625 -30.125
1532259939597105 -93.75 91.4375 -82.4375
1532259939619046 -82.8125 102.25 -80.9375
1532259939678885 -48.0625 72.5625 -64.875
1532259939746711 -44.8125 42.6875 -47
1532259939791591 -24.5 -29.0625 -5
1532259939814530 20.125 -113.063 100.688
1532259939874369 25 -141.625 104.813
1532259939904290 80.625 -74.375 107.875
1532259939927237 88.125 -32.9375 63.625
1532259939957148 40.4375 52.9375 -30.9375
1532259940016988 -21.5625 101.125 -75.5625
1532259940084806 -63.125 145.625 -94.75
1532259940114727 -81.75 170.875 -122.375
1532259940144647 -100.563 167.813 -138.5
1532259940159607 -98.1875 132.438 -111.188
1532259940235405 -14.5 -91.1875 28.25
1532259940256349 -29.6875 -127.75 71.125
1532259940302226 53.3125 -226.5 113.5
1532259940354107 -17.1875 -207.813 138.938
1532259940362065 -25.6875 -199.313 116.75
1532259940391986 74.875 -127.813 78.75
1532259940421906 81.8125 -27.4375 36.125
1532259940504684 -47.5625 128.375 -70.375
1532259940632343 15.5 78.1875 -46.375
1532259940714124 53.5625 -0.5625 0
1532259940722102 73.375 -56.25 27.625
1532259940773964 -16.8125 -145.063 88.5625
1532259940826834 3 -191.188 89.125
1532259940916583 36.9375 -3 20.375
1532259940969442 1.8125 56.4375 -17.6875
1532259940976423 -18.5625 79.125 -45.375
1532259941014321 -19.0625 97.875 -54.4375
1532259941141980 3.3125 74.5 -54.5
1532259941201823 13.3125 60.875 -46.25
1532259941254685 37.5625 -74.6875 29.625
1532259941276620 -42.8125 -185.875 174.938
1532259941299559 34.6875 -242.625 143.875
1532259941449159 96.5 -69.0625 45.5
1532259941591778 47.8125 36.625 -33.3125
1532259941621699 12.4375 -28.75 54.75
1532259942034593 -22.875 80.8125 -155.75
1532259942079474 -29.8125 80.5625 -146.813
1532259942162252 11.0625 57.125 -151.125
1532259942192184 47.4375 31.0625 -111.938
1532259942214113 82.4375 14.8125 -79.0625
1532259942252012 73.125 0.3125 -91.625
1532259942273953 58.375 -11 -73.75
1532259942311852 72.75 -12.125 -61.6875
1532259942349750 82.375 -15.3125 -62.5

1532259942439510 57.25 -38.875 -24.875
1532259942461452 74.75 -42.8125 -21.4375
1532259942529270 47.25 -36.625 -12.875
1532259942633990 9.1875 -10.5 -11
1532259942701810 20.8125 5.25 -18.3125
1532259942761721 15.1875 2 -6.875
1532259942776642 14.9375 1.1875 -8.375
1532259942829748 14.8125 3.25 -4.4375
1532259942866649 25.125 4.0625 0.8125
1532259942919508 10.6875 11.1875 -16.625
1532259942934468 7.75 7.5 -14.0625
1532259942972367 -4.1875 -0.125 -12.125
1532259943002286 -4.1875 -3.375 -9.6875
1532259943039188 -1.5625 -3.625 -1.25
1532259943077086 2.125 -1.75 3.4375
1532259943099029 13.625 -0.375 10.6875
1532259943151890 12.0625 0.0625 16.3125
1532259943196772 8.3125 -0.375 15.3125
1532259943234671 5.9375 0.75 9.6875
1532259943264624 6.375 1.5625 6.6875
1532259943286566 1.125 2.375 3.6875
1532259943309504 -1.625 1.875 4.125
1532259943361366 -2.75 2.0625 4.25
1532259943414224 -0.25 2.125 4
1532259943437164 3.875 1.625 3.125
1532259943549861 -0.1875 -1.0625 0
1532259943586763 -1.5 0.6875 0.1875
1532259943616683 -0.1875 1.25 0.5
1532259943691483 0.1875 -0.1875 -2.9375
1532259943744342 -5.875 -2.375 -2.625
1532259943774262 -10.8125 -3.9375 -1.5
1532259943827121 -6.25 -2.4375 -1.3125
1532259943916880 1.6875 0.125 2.1875
1532259943969739 6.3125 0.5 2.1875
1532259943991680 3.0625 0.5625 2.5
1532259944044539 1.5625 -0.125 0.6875
1532259944179179 2.125 -0.5625 -0.8125
1532259944269937 0.0625 -1.625 -1.625
1532259944329776 -1.5 -1.625 -2.75
1532259944471398 4.9375 0.5625 2.3125
1532259944494336 1.75 -0.1875 2.9375
1532259944584096 2.375 -1.25 1
1532259944651915 -2.3125 -2.0625 -2.5625
1532259944756635 -1.5 -2.6875 -2.9375
1532259944877312 3.4375 -0.625 0.8125
1532259944937152 5.3125 0.5 0.5
1532259944989014 6.375 1.9375 -0.4375
1532259945034890 0.8125 1.8125 -2.5625
1532259945079771 -6.0625 -2.4375 -2.8125
1532259945139611 0.5 0.0625 -0.375
1532259945161552 -0.625 0.8125 0.0625
1532259945229370 -3.25 1.6875 0.4375
1532259945282229 -1.8125 0.1875 1.375
1532259945378971 -5.3125 -4.6875 -0.3125
1532259945454769 -10.125 -5.125 0
1532259945581429 -0.875 1.375 4.3125
1532259945657227 0.125 0.0625 4.125
1532259945769924 -0.125 -2.6875 2.0625
1532259945986346 2.6875 1 0.375
1532259946047184 1.375 -1.9375 -0.4375
1532259946114005 1.375 -5.0625 -0.875
1532259946196784 -0.375 -5.3125 -1.5
1532259946271584 1.875 -2.8125 2.75
1532259946324443 10.625 2.4375 2.1875
1532259946476037 -7.125 -1.0625 -7.375
1532259946519937 -7.625 -0.5 -7.875
1532259946601712 -24.625 1.75 -6.875
1532259946676501 -28.5625 113 -16.75
1532259946714400 -122.938 157 -22.25
1532259946752298 -107.813 174.625 -16.5625
1532259946812138 -98.125 113.625 15.3125
1532259946878960 -121.438 88.9375 21.625
1532259946946778 -144 0.875 -95.6875
1532259946991658 -172.25 14.5625 -107.438
1532259947021583 -197.938 33.6875 -109.5
1532259947051498 -196.125 43.3125 -95
1532259947104359 -73.5 -68.9375 30.3125
1532259947142255 6.0625 -132 142.938
1532259947157215 -25 -165.125 138.438
1532259947187136 28 -169.875 118.063
1532259947224037 66.0625 -165.625 81.625
1532259947238997 -0.9375 -129.688 41.3125
1532259947276895 8.5625 -16.3125 -36.8125
1532259947299834 -41.5625 45.25 -77.875
1532259947344714 -113.063 126.563 -112.125
1532259947419513 -116.375 148.375 -109.375
1532259947456415 -98.6875 153.063 -112.563
1532259947569114 -5.6875 21.0625 -61.4375
1532259947613993 -44.75 -180.188 137.438
1532259947674831 53.5625 -223.563 138.75
1532259947764591 98.0625 5.75 15
1532259947801492 -112.188 102.313 -81.875
1532259947846373 -128 115.688 -93.75
1532259947862332 -95.75 118.938 -84.875
1532259947877290 -58.875 97.1875 -100.313
1532259947907210 3.75 54.25 -102.625
1532259947922169 11.5625 33.25 -85.5
1532259948003952 12.125 -73.75 53.5
1532259948071770 -8.125 -104.563 134.25
1532259948109669 -6.5625 -166.75 151
1532259948116650 60.5625 -165 132.75
1532259948139588 75.75 -149.063 85.875
1532259948214388 81.25 -49.0625 45.6875
1532259948289189 18.25 -12.5 6.9375
1532259948312126 -22.9375 11.375 -12.5
1532259948327086 -17.25 26.625 -12.75
1532259948363988 39.1875 110.063 -39.125
1532259948401887 30.6875 89.8125 -15.9375
1532259948416847 22.3125 53.1875 11.25
1532259948469706 -4.6875 5.6875 45.0625
1532259948514585 -11.8125 -70.6875 135.188
1532259948566447 36.0625 -169.938 168.438
1532259948889583 11.1875 3.4375 -25.3125
1532259948972365 18.875 19.25 -27.625
1532259949039183 1.8125 77.6875 -102.188
1532259949211721 2.0625 44.0625 -126.438
1532259949264580 18.25 37.75 -115.5
1532259949301481 6.9375 34.125 -112.75
1532259949316441 15.1875 16.3125 -94.6875
1532259949339380 47.125 32.3125 -102.75
1532259949346361 36.375 17 -101.125
1532259949392239 39.875 -3.4375 -69.9375
1532259949414180 35.75 6.6875 -83.1875
1532259949526879 63.625 -16.4375 -49.75

1532259949564777 51 -22.4375 -26.75
1532259949594697 41.25 -19.375 -28.625
1532259949624617 40 -16.375 -22.875
1532259949661528 29.0625 -14.1875 -17.625
1532259949706398 20.0625 -6.3125 -19.375
1532259949774217 36.625 2.4375 -8.3125
1532259949849017 51.875 5.3125 -0.9375
1532259949901876 37.5625 -7.8125 -25.4375
1532259949954735 22.625 -14.625 -20.9375
1532259950059455 2.5625 7 15.125
1532259950074414 32.75 19.1875 25.875
1532259950104335 76.3125 13.8125 20.9375
1532259950149214 -2 -0.875 -3.0625
1532259950209054 -47.0625 8.5625 -14.6875
1532259950224014 -40.75 13.1875 -22
1532259950246953 -27.0625 15.5 -31.25
1532259950276873 -20.125 12.375 -41.9375
1532259950314771 -5.3125 3.8125 -35.1875
1532259950351673 -2 1.625 -27.9375
1532259950374612 4.375 -6.375 -21.375
1532259950411515 8.9375 -7.375 5.25
1532259950464371 13.125 -5.6875 14.6875
1532259950487349 15.9375 -4.875 19.5625
1532259950517263 5.1875 -2.0625 14.9375
1532259950554182 -2.375 -2.4375 11.25
1532259950577103 -8.25 -2.1875 8.8125
1532259950614004 -10.5 -1.875 2.5625
1532259950636943 -7.25 -2.8125 1.375
1532259950651903 -4.9375 -3.8125 1.125
1532259950681823 -5.625 -4.375 1.1875
1532259950696783 -5.8125 -4.375 1.375
1532259950726702 -6.0625 -3.375 1.4375
1532259950756623 -4.25 -2.375 0.5625
1532259950779562 -3.875 -2.1875 0
1532259950801503 -3.9375 -2.375 0
1532259950831423 -3.5 -2.0625 0.75
1532259950854375 -3.8125 -0.9375 1.125
1532259950899241 -0.625 -0.375 0.9375
1532259950922181 1.625 1.0625 1.5
1532259950967060 -1.3125 1.3125 -1.3125
1532259951003962 -4.3125 0.6875 -2.625
1532259951041860 -3.5 -1.75 -2.5625
1532259951101700 -3.875 -6.5625 -3.5625
1532259951124639 -5.5 -7.375 -2.75
1532259951154559 -7.8125 -6.25 -1
1532259951191460 -4.125 -4.875 0.5625
1532259951214399 -2.875 -3.625 1.0625
1532259951244319 -1.4375 -2.3125 2.1875
1532259951327097 5.5 0.375 3.125
1532259951371977 4.5 0.875 3.375
1532259951491657 2.4375 1.3125 2
1532259951732015 -6 -5.6875 -2.8125
1532259951753956 -7.8125 -4.25 -1.625
1532259951814792 -3.875 -2.6875 -1.0625
1532259951851695 -3.125 -3.125 -0.9375
1532259951905551 -1.4375 -7.0625 1.0625
1532259951956415 -2.5 -4.625 1.3125
1532259952009273 -1.9375 -3.25 0.5625
1532259952039193 0.125 -1.75 -1.1875
1532259952136933 -6.5625 -0.0625 -3.5
1532259952159870 -7.5 -1 -3.4375
1532259952241651 -3.25 -0.9375 -2.0625
1532259952369310 -1.25 2.125 2.125
1532259952511929 0.25 -0.4375 -0.6875
1532259952587727 -7 0 -3.4375
1532259952654549 -5.625 0.125 -2.9375
1532259952707408 -1.75 -0.375 -0.75
1532259952744307 -1.125 -0.0625 0.25
1532259952857006 2.3125 -0.6875 4.875
1532259952909865 -0.125 -2.8125 3.3125
1532259952984665 -2 -0.25 0
1532259952999625 0.75 1.5 0.125
1532259953036526 2.1875 2.375 -0.3125
1532259953074425 0.625 1.375 0.125
1532259953134265 -1.5 -0.3125 -0.5
1532259953149225 -0.25 -0.6875 -0.3125
1532259953187124 1.0625 -0.9375 0
1532259953232003 1.9375 -1.75 0.25
1532259953284862 -1 -2.375 0.5
1532259953366643 -0.4375 -5.75 0.625
1532259953404543 0.25 -6.0625 1.4375
1532259953517241 10.3125 2 3.8125
1532259953569102 11.3125 6.25 -1.5
1532259953613982 -4.75 1.375 -5.4375
1532259953651881 -38.125 -8.8125 -26.5
1532259953689779 -17.5 45.125 -28.8125
1532259953756600 -151.875 129.375 -5.8125
1532259953816441 -106.875 133.063 8.5625
1532259953877294 -132.875 97.25 7.625
1532259953944098 -66.3125 45.5625 47.75
1532259954004937 -75 -43.1875 -29.3125
1532259954018899 -125.813 -48.6875 -63.0625
1532259954034857 -179.563 -31.625 -99.4375
1532259954056798 -172.25 5.3125 -111.5
1532259954086718 -180.5 34.875 -122.125
1532259954109656 -187.688 59.9375 -129.438
1532259954161518 -164.5 70.6875 -108.75
1532259954184457 -119.25 54.5 -80
1532259954222355 -83.25 12.875 -50.875
1532259954244297 -11.875 -88.625 58.25
1532259954282194 -59.1875 -156.563 151.688
1532259954297155 -12.875 -183.188 158.813
1532259954327075 114.625 -152.313 111.688
1532259954363976 147.563 -122.688 101
1532259954386915 130.563 -68.125 91.5
1532259954409854 36.25 -18.3125 32.875
1532259954446755 -21.5625 21.875 -25.5
1532259954461715 -65.0625 52.5625 -59.125
1532259954514574 -97.3125 83.375 -85.5
1532259954559453 -59.6875 96.9375 -112.875
1532259954582399 -37.5 72.1875 -113.813
1532259954612329 -49.1875 53.1875 -92.25
1532259954634254 -35.1875 25.4375 -71.375
1532259954709054 5.8125 -62.375 21.125
1532259954746952 -48.375 -96.6875 129.813
1532259954784851 22.8125 -119.938 143.688
1532259954806792 50.75 -130.938 140.625
1532259954859651 92.1875 -118.438 121.125
1532259954881592 97.25 -82.875 75.0625
1532259954919491 103.813 -47.75 2.5625
1532259954934451 53.9375 15.25 -31.875
1532259955017229 -108.938 102.625 -114.625
1532259955062110 -68.375 112.25 -112.438
1532259955099011 -1.875 62.625 -80.25
1532259955174808 31.3125 -47.4375 37.125
1532259955301470 -27.875 -118.938 165.25
1532259955354329 23.25 -145.375 172.813
1532259955541827 -25.0625 88.4375 -96.75
1532259955624606 30.3125 59.5 -18.8125
1532259955684445 41.5 -52.375 141.875
1532259956036504 59.3125 -167.313 109.688
1532259956074403 25 -16.4375 15.875
1532259956172142 -11.3125 51.5625 -59.75
1532259956351661 -23.1875 97.8125 -148.75
1532259956404521 -18.4375 75.5625 -169.313
1532259956577058 13.4375 -9.125 -106.563
1532259956651859 58.4375 -9.1875 -39.25
1532259956734637 77.25 -15.1875 -32.25
1532259956809437 66.4375 -12 -26.4375
1532259956825395 57.5 -9.75 -22.9375

1532259956877255 53 -12.3125 -21.0625
1532259956959037 49.375 -0.875 -18.8125
1532259957026856 38.25 12.4375 -18.375
1532259957086696 29.5625 8.375 -12.1875
1532259957169475 17.375 6.625 -6.875
1532259957222333 6.25 -3.875 10.1875
1532259957252252 4.5625 -3.5 13.4375
1532259957282173 6 -2.8125 15.125
1532259957304124 10.625 -2.1875 15.0625
1532259957348994 7.75 -3.5625 13.5625
1532259957424791 5.4375 0.4375 9.25
1532259957461693 4.8125 0.1875 5.1875
1532259957514551 -0.25 -1.8125 2.0625
1532259957536493 -2.9375 -2.1875 1.125
1532259957574392 -3.1875 -2.1875 2.25
1532259957642210 2.0625 -0.125 -2.4375
1532259957694071 0.4375 0.625 -4.0625
1532259957738951 -0.25 1.0625 -2.8125
1532259957829709 2.25 1.375 -1.75
1532259957904510 1.875 1.9375 3.4375
1532259957941410 6.25 1.8125 3.1875
1532259957987288 -0.375 0.9375 -1.625
1532259958054109 1 1.3125 -2.5
1532259958069068 3 1.1875 -3.125
1532259958098989 3 1.3125 -3.0625
1532259958159839 -4.125 3.9375 1.25
1532259958211687 -1.25 0.6875 -2.1875
1532259958226647 -2.625 -0.875 -2.9375
1532259958256567 -2.8125 -3.6875 -2.9375
1532259958324386 -3.6875 -2.4375 -1.5625
1532259958384226 -2.6875 2 2.5625
1532259958459026 2 0.0625 0.4375
1532259958489943 -1.5 -0.0625 -1.1875
1532259958526844 -1.5 -1 -0.5625
1532259958601648 2 -1.125 2.3125
1532259958684423 2.3125 0.25 2.375
1532259958804103 1.1875 -0.8125 0.3125
1532259958886882 4.875 2.4375 3.6875
1532259958946722 4.8125 0.5625 1.375
1532259959112279 0.4375 -1.8125 -1.1875
1532259959194066 -1.3125 -3.25 0.6875
1532259959238940 -0.0625 -3.25 -1.4375
1532259959306758 -0.8125 -3.125 -0.25
1532259959329698 1.3125 -1.75 1
1532259959517196 -4.875 1.25 -2.375
1532259959577036 -5.5625 -3.5625 -5.875
1532259959621917 -7.0625 0.75 -0.875
1532259959711676 -3.5625 0.625 -0.3125
1532259960011875 0.875 1.0625 1.625
1532259960071714 1.375 0.9375 1.4375
1532259960146513 -2.125 -1.875 -1.8125
1532259960199372 -3.0625 -1.625 -1.0625
1532259960274171 0.9375 1.75 1.25
1532259960341991 3.375 1.625 -0.625
1532259960416791 -0.25 -0.6875 -2.25
1532259960431751 -1.25 -1.125 -0.875
1532259960476631 1.75 -2.625 1.625
1532259960506551 0.0625 -7.625 0.625
1532259960566390 -2.8125 -8.25 -0.0625
1532259960619249 -1.9375 -7.8125 -0.3125
1532259960679089 2.3125 -5.8125 4.8125
1532259960731948 6.25 -3.25 5.625
1532259960778823 9.1875 4.6875 -0.875
1532259960881548 -11.375 -0.125 -8.625
1532259960919446 -23.0625 -17 -25.0625
1532259960941388 26.8125 46.625 -56.6875
1532259960973303 -64.8125 102.438 -71.9375
1532259961009206 -146.75 131.313 -76.4375
1532259961039127 -155.25 162.375 -51
1532259961062065 -133.188 166.688 -35.1875
1532259961098966 -117.75 161.875 -22.8125
1532259961174764 -129.938 117.125 6.375
1532259961226624 -150.75 61.625 27.8125
1532259961241585 -149.125 26.25 47.75
1532259961294444 -73.3125 -90.5625 8.375
1532259961324364 -151.063 -31.1875 -54.1875
1532259961377222 -250.25 60.125 -139.25
1532259961474967 -90.875 40.75 -121.75
1532259961504887 -64.125 1.5 -90.25
1532259961519848 -47.1875 -34.3125 -55.375
1532259961586668 -9.0625 -146.438 123.438
1532259961609607 35.9375 -141.375 135
1532259961639527 75.0625 -131.438 135.375
1532259961661469 116.375 -86.75 142.563
1532259961729287 117.625 -69.4375 52.5625
1532259961744247 149.75 -45.8125 22
1532259961774167 -76.5 88.3125 -101.625
1532259961812066 -189.625 133.125 -134.75
1532259961901826 -166.5 144.063 -136.688
1532259961939724 -112.313 143.938 -139.375
1532259962059405 -14.875 -50.3125 36.8125
1532259962082344 11.25 -101.75 103.625
1532259962097304 36.125 -115.813 116.563
1532259962112264 44.5625 -112.688 141.875
1532259962134205 34.8125 -119 159.125
1532259962164126 62.9375 -150.375 122.938
1532259962216984 170.188 -82.75 83.5
1532259962269842 -42.875 32.3125 -8.625
1532259962299762 -66.3125 66.75 -58.375
1532259962336663 -65.9375 65.4375 -73.625
1532259962381543 -40.25 55.6875 -90.9375
1532259962419442 -16.625 45.125 -103.438
1532259962532141 -42.875 34.125 -100.375
1532259962547100 -24.25 31.5625 -83.0625
1532259962562061 -8.625 24.1875 -70.5
1532259962584002 9.1875 -6 -28.25
1532259962629880 -27.5 -99.6875 101.188
1532259962651820 4.6875 -135.75 131.375
1532259962696700 40.3125 -164.625 134.438
1532259962719639 108.813 -167.875 137.375
1532259962764519 52.75 -119 99.0625
1532259962847298 85.1875 -109.438 74.875
1532259962869239 43.6875 -72.4375 33.75
1532259962907138 -0.1875 -59.125 7
1532259962966978 -71.0625 37.625 -128.75
1532259963034797 -14.875 21.1875 -55.75
1532259963244236 111.875 -65.9375 163.875
1532259963341975 103.625 -75.875 130.313
1532259963363916 57.3125 -100.438 83.375
1532259963394834 74.5625 -104.313 54.0625
1532259963424757 8.5 -49.1875 19.4375
1532259963619233 6.625 59.875 -91.1875
1532259963679074 -9.5625 76.75 -98.1875
1532259963731932 9.1875 78.375 -97.25
1532259963761852 43.125 63.3125 -112
1532259963791772 41.1875 56.0625 -95.5
1532259963814711 39.6875 55.5 -94.5625
1532259963911452 31.3125 10.125 -98.8125
1532259963949351 39.1875 -2.25 -100.875
1532259964062049 61.1875 -18.1875 -66.5625
1532259964151810 48.75 -21.5625 -23.5

1532259964241569 58.375 -20.5625 -15.5625
1532259964631527 2.5625 1.0625 -4.25
1532259964714305 -24.1875 -3.75 -5.25
1532259964782124 -3.625 -5.8125 0.25
1532259964812044 3.125 -4.4375 8.375
1532259964841977 7.3125 -4.75 10.0625
1532259964886857 7.1875 -4.375 9.125
1532259964916777 2.25 -3.4375 6.875
1532259964961657 -2.625 -1.75 1.4375
1532259965021498 -1.4375 -0.375 0.9375
1532259965089338 2.1875 0.5 0.625
1532259965134217 0.4375 0.625 2.125
1532259965157156 -0.875 0.5625 2.5
1532259965194058 0.4375 0.8125 2.3125
1532259965223978 1.1875 0.9375 3.0625
1532259965269855 1.1875 0.875 2.6875
1532259965336676 1.6875 0.625 2.75
1532259965411476 4.125 0.8125 2.875
1532259965502233 0.75 0.6875 0.8125
1532259965554095 -1.625 -2.1875 -1.875
1532259965614932 -2.3125 -2.8125 -3.3125
1532259965689733 3 -2.1875 -10.75
1532259965749572 -28.125 7.75 -20.75
1532259965771514 -31.5 5.3125 -21.5625
1532259965786473 -12.4375 6.625 -25
1532259965839331 -5.1875 -3.5625 -21.3125
1532259965899172 -0.625 -3.8125 -18.75
1532259965944052 -0.9375 -4.125 -6.5
1532259966101631 6.875 -3.1875 7
1532259966146511 -2.5 -3.5625 5.1875
1532259966176430 -2.0625 -0.6875 -0.0625
1532259966229289 -0.6875 0.625 1.3125
1532259966304089 2.75 1.8125 -0.625
1532259966446707 0.8125 0 0.5625
1532259966799764 -2.9375 -2.625 1.25
1532259966844644 1.6875 -0.75 0.3125
1532259966874564 1.625 0.5 -0.375
1532259966934403 -2.625 -0.6875 -2.4375
1532259966972303 -3.4375 -0.4375 -1.625
1532259967062062 1.0625 0.5 0.0625
1532259967121904 -1 -0.1875 1.375
1532259967159801 -1.125 -1.4375 1.5
1532259967211663 -0.1875 -1.375 1.625
1532259967249561 -0.6875 -0.75 1.1875
1532259967324361 0.375 0.1875 0.125
1532259967354280 0.625 0.375 0.0625
1532259967564718 -3.1875 -0.0625 -2.4375
1532259967654496 -4.5 -1.1875 -2.9375
1532259967714318 -5.5 -1.625 -1.4375
1532259967767176 2.375 0.3125 0.6875
1532259967833998 0.625 0.875 1.875
1532259967894836 -0.3125 -0.5 0.4375
1532259968044435 -1.6875 -0.375 0.875
1532259968059396 0.375 0.1875 0.125
1532259968134196 1.3125 0.6875 -0.1875
1532259968208996 -3.5 -2.125 -0.5625
1532259968321702 -3.9375 -5.6875 1.125
1532259968487251 4.8125 -2 4.1875
1532259968539115 7.0625 2.5625 3.5625
1532259968613913 0.0625 2.3125 -4
1532259968674749 -3.5625 0.8125 -7
1532259968726611 1.4375 1.3125 -2.875
1532259968749550 9.625 10.375 5.9375
1532259968801411 11.75 10.75 6.0625
1532259968869229 14.8125 10.125 5.3125
1532259969071689 3.5625 8.625 -6.0625
1532259969094626 -40.1875 52.3125 -5.9375
1532259969192365 -80.6875 60 27.75
1532259969237251 -84.5 -36.25 22.375
1532259969274147 -96.3125 -8.4375 -37.3125
1532259969297086 -147.063 9.25 -78.625
1532259969333987 -204.875 31 -95.4375
1532259969356925 -237.5 54.0625 -104.188
1532259969371886 -217.125 69.125 -109.75
1532259969439704 -106.688 61.25 -103.188
1532259969506526 -27 -62.0625 39.3125
1532259969567363 -75.25 -134.938 110.625
1532259969582323 -20.3125 -152.563 105.313
1532259969634184 146.813 -126.313 68.1875
1532259969649144 202 -91.4375 79.6875
1532259969672082 179 -52.125 77.1875
1532259969716963 9.9375 46.5 -24.625
1532259969746882 -27.5 104.75 -80.9375
1532259969776803 -84.25 120.313 -91.1875
1532259969904461 -142.813 130.438 -96.1875
1532259969979261 -127.625 119.438 -82.8125
1532259970024141 -77.25 -100 72.5
1532259970047080 -67.75 -142.063 84.6875
1532259970062040 66.875 -174.75 62.125
1532259970098941 111.063 -98.1875 76.6875
1532259970129858 30.3125 -8.9375 38.5
1532259970144818 -17.0625 37.125 0.8125
1532259970166760 -11.3125 73.75 -27
1532259970196679 5.125 93.8125 -49.0625
1532259970234579 -13.4375 90.375 -77.6875
1532259970264498 -34.5625 75.8125 -80.5
1532259970332326 -43.375 39.9375 -79.4375
1532259970414098 -4.5625 46.1875 -73.5625
1532259970429059 -36.25 18 -38.6875
1532259970444019 -66.5625 -3.0625 9.6875
1532259970473938 -70.9375 -158.5 146.375
1532259970496877 -25.9375 -175.813 156.625
1532259970519816 -13.0625 -181.375 140.375
1532259970571677 51.6875 -189.313 104.75
1532259970594615 68.5 -174.625 88.1875
1532259970661437 87.75 -115.563 58.0625
1532259970684375 84.6875 -92.9375 44.3125
1532259970752194 29.8125 -2.375 -76.625
1532259970767154 36.375 8.0625 -65.3125
1532259970789095 26 6.1875 -33.4375
1532259970864909 22.5 4.1875 -7.6875
1532259970939693 12.75 -6.3125 63.75
1532259971089292 143.938 -108.563 91.5
1532259971112233 50.8125 -45.0625 49.9375
1532259971396471 10.8125 -32.5625 21
1532259971517148 -8.9375 39.25 -44.0625
1532259971636828 0.3125 51.9375 -83.6875
1532259971689688 -11.75 32.8125 -128.063
1532259971741548 -14.9375 21.3125 -123.188
1532259971764488 -14.9375 23.9375 -136.25
1532259971847266 14.875 7.6875 -101.313
1532259971907106 68.9375 15.3125 -83.3125
1532259971922066 80.0625 9.875 -78.875
1532259971989885 78.3125 8.0625 -55.9375
1532259972079644 71.25 -8.9375 -40.0625

1532259972139484 65.25 -9.125 -28.125
1532259972214284 49.8125 0.4375 -15.1875
1532259972259165 52.9375 3.9375 -12
1532259972289328 50.0625 5.4375 -14.875
1532259972327227 6.5 3.25 -12
1532259972357162 -20.0625 6.9375 -12.3125
1532259972409007 0.1875 10 -8.375
1532259972423968 10.125 7.9375 -10.9375
1532259972484805 9 0.5 -11.75
1532259972521707 11.3125 -9.4375 -9
1532259972574565 10.5625 -8.4375 2.5625
1532259972626426 16.8125 9.6875 15.5625
1532259972687264 12.375 -4.5625 8.75
1532259972717184 -7.9375 -4.4375 4
1532259972754088 -13 -3.125 1.125
1532259972777024 -11 -2.5625 -1.375
1532259972836864 -7.1875 -2.25 -3
1532259972859802 -3.75 -2 -2.6875
1532259972881744 -3 0.1875 -3
1532259972956544 1.125 1.0625 -1.4375
1532259972986464 3.4375 1.3125 -0.0625
1532259973024362 2.3125 2.5 1.1875
1532259973092181 1.0625 3.4375 1.3125
1532259973107141 0.75 2.625 0.1875
1532259973181941 1.0625 0.25 -1.4375
1532259973301621 -5.375 -2.6875 -3.375
1532259973361462 -8.8125 -3.8125 -2.6875
1532259973384399 -6 -3.3125 0.8125
1532259973444239 2.875 -0.3125 1.5625
1532259973534000 0.4375 2 2.1875
1532259973586857 1.9375 1.6875 1.625
1532259973654677 3.125 0.6875 0.3125
1532259973706538 2.4375 1.375 -0.75
1532259973797295 1.625 2.125 0.3125
1532259973819237 3.5 1.0625 0.4375
1532259973887056 3.4375 -0.875 -1.125
1532259973931935 -2.0625 -3.5 -1.75
1532259973978810 -2.875 -4 -3.8125
1532259974014713 0.9375 -0.875 1.0625
1532259974051615 8.75 3.4375 1.5625
1532259974074554 10 5.0625 2.5
1532259974105472 9 6.1875 2.4375
1532259974157333 1.875 5.4375 -1.1875
1532259974217173 -7.8125 -3.625 -2.3125
1532259974277013 -4.625 -4.4375 -3.75
1532259974314911 -3.0625 -2.75 -1.8125
1532259974359791 -1.125 0.6875 1.375
1532259974404685 -0.875 2.8125 4.625
1532259974472491 6.875 1.0625 5
1532259974501412 3.25 0.4375 1.75
1532259974562249 -3.875 -1.8125 -0.25
1532259974644031 -0.375 -0.875 -1.6875
1532259974719829 -2.9375 -1.25 -1.25
1532259974831530 -1.125 -1.875 -2.1875
1532259975056927 2.25 1.0625 2.5625
1532259975146687 1.25 -0.25 1.125
1532259975387044 -1.625 -0.9375 -0.3125
1532259975574543 0.6875 -2.9375 1.125
1532259975627405 3.5 -0.625 3.5
1532259975687258 8.1875 -2.25 5
1532259975739103 5.375 -4.4375 7.8125
1532259975762042 3.5625 -4.375 7.5625
1532259975941562 0.5 -0.3125 0.9375
1532259976272676 -1.75 8.4375 -4.375
1532259976324537 -101.375 65 -42.125
1532259976354467 -118.375 75.25 -44.5
1532259976369417 -126.5 92.25 -17.5625
1532259976429257 -110.188 67.625 9.4375
1532259976504057 -143.313 3.125 38.5625
1532259976549934 -75.375 -56.0625 29.75
1532259976579854 -64.5625 -70.5625 29.25
1532259976661636 -57 -75 3.6875
1532259976676596 -67 -48.75 -10.75
1532259976729455 -169.5 83.8125 -114.563
1532259976812232 -69.5625 60.6875 -111.375
1532259976849135 -51.375 41.25 -86
1532259976864095 -46.8125 -35.6875 -28.125
1532259976923934 -11.625 -82.5 108.875
1532259977014692 178.563 -54.25 119.438
1532259977051593 205.25 -21.75 91.875
1532259977089492 55.625 52 1
1532259977134371 -30.25 81.5 -18.375
1532259977247070 -84.6875 62.9375 -104.875
1532259977283972 -48.25 -45.125 -50.5625
1532259977329849 -38.625 -124.25 75.4375
1532259977351791 -62.0625 -145.813 106.313
1532259977419609 24 -172.75 147.25
1532259977494409 167.188 -74.75 140.5
1532259977569209 19.625 30.125 -25.625
1532259977629049 8.375 73.625 -85.9375
1532259977666948 -22.25 80.375 -110.875
1532259977696867 -54.625 78.5 -102
1532259977711828 -2.1875 37.8125 -79.0625
1532259977756707 7.125 21.3125 -65.25
1532259977809566 -30.8125 -26.4375 38.5625
1532259977914286 39.9375 -159.375 127.063
1532259978094803 1.75 12.5625 -8.1875
1532259978244403 18.3125 -8.8125 45.4375
1532259978349124 24.375 -155.625 190.75
1532259978514680 -41.5625 18.875 -52.9375
1532259978626382 -2.375 45.125 -120.75
1532259978791939 44.125 -13.8125 99.8125
1532259978814877 72.8125 -80.6875 163.75
1532259978866739 139.563 -148.063 108.313
1532259979069198 -81.125 53.0625 -161.625
1532259979107096 -77.0625 52 -170.188
1532259979137016 -66.5625 48.1875 -176.563
1532259979181896 -81.6875 55.6875 -165.938
1532259979204835 -81.125 54.5625 -149.063
1532259979241737 -58.25 54.375 -130.938
1532259979279635 -32.0625 50.5 -110.188
1532259979331496 -9.25 52.5 -97.75
1532259979414275 31.5625 23.5 -52.3125
1532259979429235 39.4375 20.625 -53.25
1532259979452174 41.6875 19.625 -50.875
1532259979474115 41 17 -44.3125
1532259979489075 41.625 11.0625 -38.3125
1532259979521007 46.4375 9.1875 -37.4375

1532259979556893 41.125 5.875 -33.5625
1532259979581828 44.5 -4.9375 -23.5
1532259979609752 29.625 -2.8125 -30.5
1532259979624712 28.375 -3.8125 -27.8125
1532259979661614 29.25 -0.6875 -19.9375
1532259979691534 34.375 -1.875 -21.9375
1532259979729433 45.4375 -4.8125 -12.6875
1532259979759352 40.625 2.125 -4.5625
1532259979789272 41.4375 17.25 11.5
1532259979827171 58.6875 28.8125 5.75
1532259979849112 54.8125 25.25 -1.875
1532259979864072 30.375 18.875 -3.5
1532259979887011 2.25 13.6875 -6.4375
1532259979908952 -12.1875 9.1875 -7.6875
1532259979954830 -12.25 5.1875 -6.5
1532259979991730 -4.5 2.75 -6.4375
1532259980036611 7.125 -0.75 -5.4375
1532259980066531 13.125 -4.375 -3.25
1532259980126371 11.8125 0.875 17.5
1532259980142328 19.25 7.875 16.5625
1532259980194189 22.4375 5.0625 10.5
1532259980247048 11.5 4.375 5.8125
1532259980269997 3.4375 8.9375 -3.3125
1532259980283949 8.625 14.25 -15.25
1532259980374707 -40.8125 -7.6875 -20.3125
1532259980426568 16.5625 3 5.4375
1532259980471447 22.5 3.875 7.125
1532259980509347 14.9375 2.0625 4.8125
1532259980547245 6.375 0.4375 3.1875
1532259980569187 0.3125 -0.8125 3.875
1532259980622045 3.4375 2.9375 2.0625
1532259980674904 7.6875 1.125 3.0625
1532259980734744 6.1875 1.375 3.5625
1532259980771646 2.0625 2.1875 2.5
1532259980899303 -4.875 -4.1875 -2.875
1532259980929223 -3.8125 -4.9375 -2.6875
1532259980989064 -4.4375 -5.375 -2.375
1532259981012002 -4.5 -4.0625 0.5625
1532259981026963 -5.8125 -2.1875 1.5
1532259981064861 1.5 0.0625 4
1532259981146642 5.3125 2.1875 4.1875
1532259981214461 4.25 3.25 3.8125
1532259981261336 3.6875 2.6875 2.75
1532259981289261 1.625 1.4375 -0.0625
1532259981357080 0.4375 1.125 -0.0625
1532259981393986 0.8125 0.75 -0.6875
1532259981439859 1.8125 -0.5 -1.625
1532259981559538 -2.1875 -2.9375 -3.125
1532259981596440 -4.3125 -4.3125 -5.9375
1532259981709139 -2.5625 -5.6875 -0.0625
1532259981768978 -4 -3.75 1.6875
1532259981806877 3 -0.375 2.9375
1532259981844776 5.8125 1.5 1
1532259981911597 4.5625 2 0.1875
1532259981971447 -3.25 0.0625 -2.8125
1532259982009335 -6.3125 -4.6875 -3.4375
1532259982047234 -6.0625 -4.5 -3.5
1532259982062194 -5.75 -3.3125 -2.375
1532259982136994 -2.5 0.75 2.5
1532259982249693 5.9375 3.75 4.5
1532259982286594 4.375 1.5625 2.875
1532259982339453 -3.375 -1.1875 -0.375
1532259982377352 -4.5 -1.9375 -1.25
1532259982467112 -5.9375 -3.25 -2.5
1532259982541911 -3.4375 -2.375 -0.625
1532259982616712 -0.875 -0.25 0.8125
1532259982691511 2.6875 2.5625 2
1532259982752349 3.625 1.5625 1.3125
1532259982827149 -4.3125 -0.75 0.6875
1532259982879010 -5 -1.9375 -0.375
1532259982954826 -0.8125 -0.5 -0.625
1532259982991709 0.1875 0.6875 1.75
1532259983021632 0.5625 1.1875 1.75
1532259983066508 -1.4375 -1.5 0.5625
1532259983104411 -1.375 -2.9375 0.0625
1532259983157266 -0.4375 -5.125 -1.875
1532259983322824 0.375 -3.875 5.6875
1532259983389645 11.8125 0.5 5.8125
1532259983629004 -116.438 138.375 -6.9375
1532259983786583 -116.375 97.5 1.5625
1532259983801543 -115.375 79.1875 8.6875
1532259983824482 -116.688 59.625 15.875
1532259983877340 -113.875 -40.3125 -118.563
1532259983944162 -223.625 22.5625 -127.688
1532259983989042 -176.5 24.4375 -123.875
1532259983997020 -106.625 15.0625 -111
1532259984049878 -54.375 -79.0625 -46.6875
1532259984064839 -49.1875 -79.5625 11.875
1532259984109719 -2.6875 -84.125 108.5
1532259984124679 25.625 -86.8125 144.5
1532259984146620 116.563 -108.625 127.813
1532259984169558 155.938 -83.0625 130.5
1532259984191500 178.938 -40.4375 138.563
1532259984214439 159.5 11.5 108.063
1532259984244359 40.3125 51.0625 -23.1875
1532259984274279 -42.4375 60.6875 -47.25
1532259984342098 -168.688 70.3125 -93.625
1532259984431858 -22.0625 -16 -84.75
1532259984476738 21 -94.75 -15.9375
1532259984499677 -41.3125 -113.125 71.6875
1532259984529596 -37.875 -139.625 114.688
1532259984551538 4.4375 -179.063 116.813
1532259984566497 80 -180.688 131.5
1532259984619356 120 -112.313 121.188
1532259984672215 113.625 -13.6875 69.0625
1532259984747015 20.375 59.8125 -13.0625
1532259984753996 -61.25 73.25 -62.0625
1532259984829794 -20.625 23.1875 -81.6875
1532259984859713 -10.8125 6 -56.6875
1532259984896614 -3.25 -82.6875 16.5625
1532259984941495 -48.25 -125.938 136.625
1532259984987411 -54 -155.5 164
1532259985174870 -24.3125 11.625 -26.125
1532259985241692 -59.125 29.375 -37.5
1532259985362369 66.0625 -75.25 144.875
1532259985526930 25.0625 -70.625 44.6875
1532259985744348 -22.0625 -34.0625 -48.75
1532259985797213 121.688 -107.563 93.8125
1532259985812167 168.938 -49.3125 46.8125
1532259985878987 -66.3125 74 -62.6875
1532259986112364 -18.875 104.938 -157.563
1532259986149266 -16.25 84.625 -141.438
1532259986194145 1.625 71.0625 -139.625
1532259986217084 0.8125 65.375 -122.813
1532259986261964 10.9375 44.4375 -109.5
1532259986299862 62.4375 29.5625 -72.75
1532259986329782 65.5 23.125 -81.9375
1532259986351724 49.6875 18.75 -79.1875
1532259986419543 69.4375 5.125 -47.375
1532259986441483 84.6875 -3 -52.3125

1532259986472401 87.9375 -12.3125 -40.375
1532259986494342 60.6875 -15.0625 -30.0625
1532259986554182 69.6875 -25.125 -21.6875
1532259986577121 53.75 -21.375 -19.375
1532259986614029 54.25 -17.875 -23.5625
1532259986628988 57.125 -13.5 -20.625
1532259986667884 56.1875 1.5625 -16.75
1532259986689826 55.25 6 -19.8125
1532259986764625 55.625 5.125 -20.1875
1532259986801528 52.3125 2.5625 -19.375
1532259986847415 16.625 13.125 -4.25
1532259986938174 -9 -2.1875 -4.875
1532259986974089 -18.25 -5.625 -3.4375
1532259987011999 -16.125 0.0625 -18.5625
1532259987057866 -18.375 -2.125 -13.0625
1532259987124687 -10.125 -6.25 -7.1875
1532259987154623 -6.375 -4.4375 -4.375
1532259987191508 7.375 0 2.375
1532259987221429 15.25 1.375 5.9375
1532259987251373 24.25 0.6875 14.8125
1532259987282291 21.875 6 12.75
1532259987312211 20.125 7.375 9.8125
1532259987342131 15.625 2.75 6.375
1532259987393992 10.875 -2.125 5.875
1532259987431891 6.5 -6.9375 6.5625
1532259987462122 2.8125 -7.9375 8
1532259987484071 -2.25 -3.6875 4.125
1532259987536930 -4.0625 -2.3125 -0.25
1532259987611730 -5.4375 0.625 0.75
1532259987641650 -1.875 0.6875 1.125
1532259987671573 4.5 0.5 1.5
1532259987717450 3.375 0.625 0.625
1532259987777287 -0.8125 1.75 0.625
1532259987807208 4.3125 2.4375 2.5625
1532259987822167 4.1875 2.375 2.25
1532259987874029 -1.75 1.375 1.25
1532259987888989 -4.75 0.375 1.3125
1532259987941847 -4.3125 -1.8125 -1.375
1532259987956807 -3.625 -3.5 -1.8125
1532259988024625 -6.625 -5.25 -3.6875
1532259988046566 -7.9375 -5.1875 -3.3125
1532259988091447 -2.25 -3.5625 -1.8125
1532259988122365 -0.8125 -2.5625 -0.5625
1532259988152284 0.8125 -0.9375 2.75
1532259988227084 5 0.25 5.375
1532259988294903 3.4375 2.1875 4.6875
1532259988339783 3.75 2.125 2.875
1532259988361724 3.8125 2 1.4375
1532259988414595 0.8125 0.8125 -1.5625
1532259988429543 -1.875 0 -3.1875
1532259988519303 -3.25 -1.1875 -3.8125
1532259988557214 0.1875 -1.625 -3.125
1532259988564183 2.5625 -0.875 -2.25
1532259988638983 4.6875 -2 1.5
1532259988706802 6.375 -1.6875 0.6875
1532259988729740 0.625 -2.625 0.375
1532259988751682 -2.3125 -3.25 0.75
1532259988781602 -1.625 -2.5625 -0.9375
1532259988804540 -2.9375 -2.3125 0.25
1532259988857398 -0.25 -2.3125 2.5625
1532259988909260 5.5 -0.5 2.6875
1532259988971106 4.5625 3.0625 1.375
1532259988999020 -0.75 2.5 -1.8125
1532259989044912 -2.8125 1.375 -2.8125
1532259989134660 -1.25 -0.9375 -2.875
1532259989232396 -1.1875 0.8125 2.0625
1532259989284258 -6.125 -2.0625 -0.6875
1532259989329137 -9 -3.25 -1.5625
1532259989494694 -8.8125 -4.8125 -3.1875
1532259989629335 5.3125 0.75 5.625
1532259989689175 4.25 0.125 5.3125
1532259989736050 0.875 -0.75 4.5
1532259989756993 -3.625 -2.6875 1.5
1532259989795890 -4.1875 -4 -1.1875
1532259989869692 -4.875 -2.75 -2.5
1532259989966433 -0.875 1 -1
1532259990057190 2.25 2.0625 0.875
1532259990117031 -0.5 -0.5 0.6875
1532259990184849 -1.0625 -4 -0.5
1532259990402268 15.4375 1.6875 4.25
1532259990477068 -2.75 2.375 -6.375
1532259990506988 12.8125 22.3125 -21.1875
1532259990589766 -1.625 88.0625 -31.25
1532259990611707 -44.375 107.25 -35.25
1532259990656588 -109.688 130.25 -0.875
1532259990686508 -108.125 115.438 5.0625
1532259990724407 -114.375 94.8125 10
1532259990792225 -110.5 75.375 11.9375
1532259990799206 -109.438 53.625 30.875
1532259990867025 -36.3125 -97.625 5
1532259990911905 -150.188 -12.875 -48.0625
1532259990971746 -194.625 34.25 -78.9375
1532259990994684 -178.625 50.25 -80.875
1532259991084444 -108.625 26.25 -66.6875
1532259991114364 -81.1875 -11.3125 -48
1532259991144283 -45.5625 -62.875 -23.25
1532259991159243 -6.25 -168.188 139.563
1532259991189164 62.8125 -197.938 148.375
1532259991204123 139 -191.438 137.875
1532259991242022 176.438 -74.25 119.25
1532259991263964 118.813 -22.4375 67.8125
1532259991286902 51.125 22.6875 12.875
1532259991324801 6.5 55.0625 -28.5
1532259991346742 -47.875 79.1875 -65.4375
1532259991391622 -92.5 100.188 -82.5
1532259991429521 -144.563 102.438 -99.0625
1532259991436502 -98.4375 77.4375 -89.875
1532259991497340 -27.25 -39.6875 -56.0625
1532259991519280 21.5625 -101.188 -0.5625
1532259991542219 32.875 -134.438 51.9375
1532259991617019 -0.4375 -161.938 150.875
1532259991646939 27.8125 -173.25 181.063
1532259991699799 44.4375 -188.313 215.813
1532259991774597 170.438 -178.313 166.25
1532259991826459 201.063 -74.625 86.125
1532259991841419 69.1875 -25.25 15.5625
1532259991872337 -173.313 50.3125 -101.5
1532259991909246 -110.813 60.8125 -108.438
1532259991969079 -46.5625 71.375 -143.688
1532259992036897 -18.125 77.375 -132.75
1532259992134635 52.6875 24.375 -39.8125
1532259992179515 55 -13.625 22.125
1532259992254316 203.188 -149.938 220.438
1532259992337093 159.625 -174.875 153
1532259992388955 142.813 -175.313 136.563
1532259992426854 101.375 -113.188 109.25
1532259992449792 31.75 -49.125 40
1532259992591413 64.5 23.4375 -43.375
1532259992763953 -90.8125 115 -195.438
1532259992816812 -80.625 91.3125 -205
1532259992876651 -50.375 49.0625 -183.375
1532259992929509 -30.5 32.6875 -168.5
1532259992944470 -15.0625 25.75 -155.188
1532259993019270 20.5 17.0625 -105.313
1532259993146928 83.5625 4.125 -48.875
1532259993214747 67.625 -5.25 -30.125
1532259993252646 62.6875 -8.4375 -26.75

1532259993304524 61.1875 -25.0625 -14.8125
1532259993326449 50.25 -29.0625 -19
1532259993379307 30.25 -28.25 -17.375
1532259993432165 0.0625 11.375 2.5625
1532259993484027 40.375 13.0625 -14
1532259993498987 7.0625 8.875 -19.375
1532259993566805 -25.9375 3.5625 -27.625
1532259993589743 -21.25 0.375 -30
1532259993641605 -6.625 -1.625 -31.4375
1532259993664544 9.75 -6.4375 -24.8125
1532259993701445 8.75 -4.75 -4
1532259993777243 10.75 -3.6875 22.8125
1532259993814144 8.625 -0.5 28
1532259993844063 23.0625 5.25 25.25
1532259993888951 12.0625 -0.8125 12.75
1532259993919861 -8.375 -2.4375 7.625
1532259993941803 -9.25 -2.1875 4.1875
1532259993979701 -3.25 -3.75 -1.125
1532259994061483 -6.1875 -3 -0.625
1532259994091403 -3.3125 -3.125 -2.0625
1532259994129301 -0.3125 -1 -2.3125
1532259994182166 -2.8125 -0.5 -1.1875
1532259994212086 -0.3125 0.25 -0.4375
1532259994248987 1.875 0.75 -0.0625
1532259994271932 -0.125 0.8125 0.5
1532259994294871 -0.9375 0.8125 0.875
1532259994331772 -0.5 0.875 1.25
1532259994346732 0.75 0.125 2.0625
1532259994361692 2.1875 -0.8125 3
1532259994384640 4.5 -0.5625 2.625
1532259994414550 4.375 -0.75 1.3125
1532259994489351 -0.25 -0.75 0.4375
1532259994534237 -1.6875 0.125 -0.375
1532259994564150 0.1875 0.375 -1.75
1532259994587089 -0.375 0.375 -1.5625
1532259994609030 -1.125 0 -0.9375
1532259994661889 0.5 -0.25 -0.3125
1532259994684827 -0.375 -0.125 -0.3125
1532259994736689 -0.4375 0.8125 -1.1875
1532259994751649 -0.5 1.125 -0.9375
1532259994789548 -1.25 0.5 0.4375
1532259994804508 -0.1875 -0.1875 0.875
1532259994834428 2.5625 -0.125 0.625
1532259994872338 2.125 0.1875 0.125
1532259994894268 0 0 -0.25
1532259994909227 -3.375 0 -0.5
1532259994947127 -5.5 0.125 -2.1875
1532259994962087 -4.375 0.1875 -3.5
1532259994984028 -4.1875 0.0625 -3.9375
1532259995021927 -5.8125 -0.625 -4
1532259995081767 -7.375 -1.3125 -3.9375
1532259995179505 -1.0625 -1.3125 -1.5
1532259995232363 -2.6875 -0.625 1.25
1532259995277244 0 -0.125 0.9375
1532259995307164 1.6875 0.1875 1.9375
1532259995329105 1 1.375 1.75
1532259995373985 4.9375 0.8125 -0.0625
1532259995434822 1.375 1.5625 -1.6875
1532259995449782 -1 1.375 -2.625
1532259995494663 -3.5625 0.8125 -2.625
1532259995524582 1.0625 1.25 -3.1875
1532259995569462 1.9375 1.1875 -2.875
1532259995584422 -0.125 1.25 -1.8125
1532259995622320 0.3125 1.1875 -1.6875
1532259995644262 2.625 1.0625 -2.0625
1532259995697121 1.4375 0.5625 -4.4375
1532259995719062 0.4375 -0.1875 -4.8125
1532259995756960 -1.875 -1.25 -3.625
1532259995779905 -1.5 -0.875 -2.875
1532259995824780 -0.75 -0.25 -3.0625
1532259995861681 0.8125 -0.375 -2.5
1532259995914539 1.625 -0.0625 -1.5
1532259995982364 0.9375 -1 -1.6875
1532259996072118 0.9375 -0.4375 -0.9375
1532259996146918 -1.125 -0.0625 0.4375
1532259996184817 -0.5 -0.25 1.25
1532259996206758 2.25 0.125 1.875
1532259996245654 2.3125 1.0625 1.625
1532259996281558 3.0625 2.1875 -0.3125
1532259996319457 -4.1875 1.5 -1.4375
1532259996342396 -6.4375 0.125 -1.5
1532259996357356 -4.75 -1.375 -2.4375
1532259996394257 -1.875 -2.125 -2.8125
1532259996491995 -0.4375 0.6875 0.5
1532259996544854 -0.625 0.8125 0.8125
1532259996574774 0.75 -0.5625 1.9375
1532259996626635 -1.75 -2.5 1.125
1532259996664534 -2.8125 -2.5625 1.25
1532259996739335 0.375 -3.125 0.0625
1532259996799173 -4.3125 -2.5 -0.1875
1532259996844060 -1.375 -1.5 0.25
1532259996971713 -1 -2.625 2.5
1532259996994651 -2.5 -1.8125 2.25
1532259997046513 0 -0.5 4.0625
1532259997174171 -0.5625 -1 0.75
1532259997256950 -5.4375 -3.4375 -0.3125
1532259997384609 -5.1875 -2.375 -0.5625
1532259997661867 -1.125 -5.6875 -0.75
1532259997691788 -0.5625 -7 -1.25
1532259997736667 -4.0625 -8.5 -1.3125
1532259997811467 -3.0625 -8.625 2.25
1532259997857345 -0.5625 -7.125 3.375
1532259997939126 -10.3125 -1.625 -7.25
1532259997962064 -9.625 -8.75 -18.875
1532259998104699 76.375 56.875 -14.375
1532259998247302 -114.438 88.25 19.6875
1532259998292182 -115.063 57.1875 30.25
1532259998344043 -57.3125 -55.125 13.875
1532259998359003 -81.0625 -58.25 -12.0625
1532259998404892 -121.938 -50.8125 -33
1532259998471701 -249.813 19.1875 -65.1875
1532259998494640 -225.125 24.625 -74.4375
1532259998516582 -121.813 8.125 -77.75
1532259998561462 -100.313 -11.1875 -76.4375
1532259998644240 -85.5 -68.3125 -35.0625
1532259998704080 -27.6875 -131.25 63.5625
1532259998727019 34.0625 -145.625 118.375
1532259998748960 78.25 -130.813 109.563
1532259998795835 217.313 -54.75 94.0625
1532259998846699 238.438 10.3125 19
1532259998884597 219.5 30.5625 -15.75
1532259998906539 2 87.4375 -39.875
1532259998989318 -131.563 94.75 -83.625
1532259999057137 -90.25 42 -78.875
1532259999169835 -93.5625 -180.25 49.6875
1532259999206735 -2.5 -220.25 115.5
1532259999274555 191.063 -111.938 127.5
1532259999319435 283.813 -1.4375 76.875
1532259999342373 282.688 10.75 26.125
1532259999417172 -129.563 20.0625 -66
1532259999529871 -102.188 58.75 -102.188
1532259999619632 -15.5 16.4375 -35.0625
1532259999679472 26.75 -111.25 156.063
1532260000069429 -59.125 -64.375 -7.25
1532260000174149 -104.313 -43.0625 -82.5
1532260000475343 -92.5 69.4375 -121.875
1532260000527205 -88.3125 78.25 -140.063
1532260000564107 -77.75 83.0625 -136.875
1532260000617963 -50.8125 84.125 -129.438
1532260000699743 7.5625 60 -97.5625
1532260000729664 23.9375 48.875 -99
1532260000751605 15.6875 41.25 -91.6875
1532260000781525 28.3125 39.0625 -77.25
1532260000796485 40.125 43.4375 -71.25
1532260000826405 44.75 38.875 -76.6875
1532260000849344 49.5625 26 -73.375
1532260000864304 53.9375 26.75 -63.4375
1532260000902202 55.1875 31.8125 -59.625
1532260000932122 61.4375 29.0625 -57.5625
1532260000954067 58.9375 19.8125 -49.625
1532260000991962 47.125 6.625 -43.9375
1532260001014913 48.5 0.25 -36.5625
1532260001044821 50.375 -7.125 -33.5

1532260001081722 38.1875 -14.875 -29
1532260001126602 33.8125 -11.25 -20.875
1532260001141562 36.125 -9.9375 -20.5625
1532260001202399 27.8125 -4.0625 -19.5
1532260001224341 33.25 1.625 -19.125
1532260001269220 33.5 6.6875 -20.375
1532260001314101 28.8125 8.625 -19
1532260001358981 10.25 5.5625 -18.0625
1532260001411839 17.625 -6.3125 -16.375
1532260001426801 6.875 -13.8125 -13.75
1532260001456719 0.8125 -19.8125 -7
1532260001479658 -2.3125 -21.5625 4.125
1532260001509578 -4.3125 -16.75 15.4375
1532260001546479 3.1875 -8 23.6875
1532260001584378 22.375 3 21.125
1532260001622277 6 -6.3125 8.0625
1532260001652197 -18.625 -7.875 1.125
1532260001689097 -21.6875 -8.3125 -0.75
1532260001712036 -20.25 -8.375 -1.5625
1532260001733977 -11.875 -7.0625 -3.5
1532260001756917 -7.5625 -6.5625 -4.3125
1532260001801797 -8.0625 -5.9375 -5.3125
1532260001831717 -9.125 -5.375 -5.0625
1532260001884575 -10.1875 -4.6875 -4.375
1532260001936436 -8.375 -2.75 -2.8125
1532260001974336 -5.4375 -1.5625 -2.3125
1532260002019216 2.9375 0.9375 1.125
1532260002087033 5.4375 1.25 1.375
1532260002116953 1 0.6875 1.0625
1532260002154852 -3 -0.125 1.6875
1532260002176794 -0.25 -0.3125 0.875
1532260002221674 3.25 0 0.1875
1532260002244612 1.6875 0.3125 0.8125
1532260002266553 -0.5 0.6875 0.3125
1532260002304453 -2.3125 0.5625 -0.3125
1532260002342351 -2.4375 -0.5 -1.5625
1532260002372271 -3.4375 -1.1875 -1.8125
1532260002394212 -3.625 -1.1875 -1.8125
1532260002424132 -3.1875 -1.375 -2.0625
1532260002566751 -2.0625 0.0625 -1.4375
1532260002619610 2.25 0.3125 -0.5625
1532260002656517 -0.4375 0.4375 -0.9375
1532260002724330 -1 0.25 -0.8125
1532260002807112 1.875 2 0.25
1532260002858970 2.0625 1.4375 0.1875
1532260002866949 2.625 1.375 0.0625
1532260002881908 1.875 0.8125 0.5625
1532260002904855 -0.875 -0.9375 0.1875
1532260002949727 -0.625 -2.25 -0.75
1532260002986628 -0.75 -2.3125 -1.0625
1532260003024528 -3 -2.8125 -1
1532260003062446 -2.4375 -2.3125 -1.3125
1532260003152186 0.1875 -2.0625 -1.0625
1532260003241958 -0.125 -1 -0.75
1532260003286825 -7.0625 -0.625 -1.5625
1532260003346666 -6.5 -1.375 -1.875
1532260003423460 1.125 -1.0625 -2.4375
1532260003504243 2.6875 0.5625 -0.375
1532260003527183 3.25 0.625 0.6875
1532260003557103 1.75 0.5 2.1875
1532260003579045 1.75 0.8125 2.25
1532260003624937 3.3125 2.0625 2.5
1532260003639882 3.75 1.875 2.5
1532260003654842 4.0625 3 -0.4375
1532260003676783 2.5 3.0625 -2.5625
1532260003699721 -0.4375 1.625 -3.375
1532260003759562 -4.5625 -3.6875 -5.5625
1532260003774521 -3.8125 -3.4375 -5.8125
1532260003826383 -2.4375 -0.9375 -2.9375
1532260003857300 -0.4375 0.8125 -1.75
1532260003917140 1.9375 2.125 0.5
1532260003991939 4.625 -0.6875 1.8125
1532260004006900 0.25 -1.5 1
1532260004036820 -3.25 -1.375 0.0625
1532260004111620 -3.375 -2.4375 -1.4375
1532260004141540 -1.4375 -2.75 -1.5625
1532260004209368 -2.5625 -2.625 -0.6875
1532260004247257 0.0625 -2.375 0.625
1532260004337018 -0.6875 1.125 2.5
1532260004396857 2.125 2.4375 2.9375
1532260004516537 -5.4375 -2.4375 -2
1532260004592334 -3.75 -3.1875 -1.875
1532260004667134 -4.9375 -0.6875 -0.75
1532260004712014 -1.1875 2.3125 1.875
1532260004914473 -2.1875 -5.0625 -1.375
1532260004952382 -2.5625 -6.3125 -1.25
1532260005019193 -1.9375 -7.1875 -0.25
1532260005093998 -0.6875 -4.875 2.9375
1532260005154831 -1 -3.375 3.75
1532260005221652 7.5625 1.5 6.375
1532260005311412 8 4.3125 1.625
1532260005364269 -6.6875 13.5 -17.5
1532260005566729 -93.75 98.4375 -6.8125
1532260005904833 -71.4375 -107.75 23.125
1532260005911806 -75.3125 -114.875 55
1532260005971663 -40.5 -146.875 112.938
1532260006009545 225.813 -58.125 105.563
1532260006061406 184.188 78.4375 62.5
1532260006122243 181.938 88.625 -12.6875
1532260006189065 49.4375 90.5625 -42.6875
1532260006218984 -104.438 58.625 -114.563
1532260006294782 -151.375 -12.875 -78.5625
1532260006354627 -9.5625 -66.125 -56.625
1532260006399501 27.875 -109.25 -19.6875
1532260006467321 -3.375 -200.188 138.75
1532260006474301 11.5625 -226.5 199.063
1532260006557081 230.625 -63.5 140.375
1532260006639859 155.125 33.1875 52.3125
1532260006676760 65.5 51.0625 -20.625
1532260006744590 -65.8125 71.875 -61.1875
1532260006766520 -159.125 103.438 -87.25
1532260006842318 74.25 92.4375 -123
1532260006887198 -0.8125 51.875 -101.625
1532260007021852 7.75 -208.188 274.625
1532260007524493 85.9375 -59.0625 -2.5
1532260007726952 -72.4375 73.1875 -87.0625
1532260007839651 -76.3125 75.25 -165
1532260007869570 -56.625 57.9375 -163.875
1532260007921433 -30.1875 40.25 -154.438
1532260007989251 -32.4375 30.6875 -142.063
1532260008004224 -10.125 25.8125 -126.188
1532260008072029 24.25 13.1875 -90.9375
1532260008139848 26 4.6875 -62.75
1532260008206669 68.5 27.375 -34.875
1532260008259527 58.4375 16.8125 -28.5
1532260008281469 56.25 11.25 -25.4375

1532260008327347 43.125 -3.75 -23.5625
1532260008379233 36.4375 -5.375 -20.8125
1532260008409154 23.6875 -4.8125 -19.625
1532260008424113 10.4375 -2.625 -16.5
1532260008468993 26.375 6.6875 -13.8125
1532260008483953 25.375 11.6875 -13
1532260008529830 21.125 14.75 -13.125
1532260008589670 19.0625 17.625 -16.875
1532260008641532 22.0625 18.3125 -17.9375
1532260008686440 19.6875 17 -20.1875
1532260008717356 2.1875 -4.125 -25.6875
1532260008747276 0.3125 -14.6875 -25.5
1532260008762237 -8.0625 -38.375 -15.5
1532260008837036 -37.4375 -14.5625 22.1875
1532260008896877 39.625 10.4375 17.5625
1532260008919815 47.1875 -6.8125 10.6875
1532260008971678 -19.875 -0.3125 -4.9375
1532260009055453 0.3125 -2.75 -3.5
1532260009099335 2.125 -1.8125 -2.4375
1532260009122274 5.4375 -0.875 0.625
1532260009159175 8.8125 2.1875 4.0625
1532260009189096 3.9375 2.5625 4.5
1532260009219015 -0.4375 3.0625 4.375
1532260009241954 -1.4375 3.0625 3.75
1532260009256943 -1.375 2.5 1.6875
1532260009316782 3.875 1.5625 -0.875
1532260009339721 4.25 1.375 -1.8125
1532260009451422 -0.6875 0.3125 0.25
1532260009519240 -2.625 -1.25 -2.9375
1532260009534200 -7 -3.0625 -4.5625
1532260009564121 -9.625 -3.8125 -4.5
1532260009587068 -9.4375 -4.875 -3.875
1532260009609001 -8 -4.9375 -3.4375
1532260009669838 -5.875 -3.5625 -1.1875
1532260009796499 -4.625 -2.875 -0.0625
1532260009894238 1.9375 2.5625 3.8125
1532260009939118 2.5 3.4375 2.625
1532260009977016 0 0.25 -0.75
1532260010021897 -1 -1.125 -1.9375
1532260010089716 -0.1875 -1.125 -2.5
1532260010134595 -0.375 -1.0625 -2.5625
1532260010224356 2.75 0.8125 -1.0625
1532260010247293 2.5 1.125 -0.3125
1532260010338051 0.375 -0.1875 0.1875
1532260010367971 1.625 -1.25 -0.875
1532260010411854 2.25 -0.4375 -1.5625
1532260010486653 2.375 -0.4375 -2
1532260010561454 1.0625 -0.1875 -1.5
1532260010637251 -1.875 -1.3125 0.1875
1532260010697091 -0.3125 -2.25 1.625
1532260010712051 -0.8125 -1.875 2.1875
1532260010779870 4.5625 2.1875 3.1875
1532260010839710 5.375 3.8125 2.0625
1532260010861651 -0.3125 3.6875 -1.5
1532260010891571 1.1875 -9.125 -15.375
1532260010960392 -19.9375 -4.8125 -9.5625
1532260010982329 -24.0625 -4.1875 -5
1532260011004270 -19.25 -3.4375 -1.9375
1532260011042168 -1.875 0.875 3.4375
1532260011108990 4.375 2.875 6.1875
1532260011176809 3 2.375 6.375
1532260011274547 -3.8125 -0.75 0
1532260011334401 -2.625 -2.0625 -1.25
1532260011424147 -1.0625 -1.75 -0.25
1532260011529864 -0.75 0.625 1.125
1532260011574744 0.375 0.8125 1.4375
1532260011702402 -0.5625 -1.3125 -1.5625
1532260011732323 -0.6875 -1.6875 -1.625
1532260011829064 0.125 0.625 0.8125
1532260011881922 0.75 1 0.75
1532260011956723 2.625 2.25 -0.0625
1532260012107320 -0.875 -7.4375 0.25
1532260012316760 14.0625 0.5625 7.4375
1532260012391560 -3.4375 2.375 -2.375
1532260012444418 -6 -1.25 -6.5625
1532260012534178 28.25 34.75 -6.1875
1532260012557117 18.875 96.25 -24.5625
1532260012639896 -109.75 130.563 -12.3125
1532260012654867 -100.75 111.188 -0.875
1532260012721677 -103.375 -2.3125 60.0625
1532260012751597 -63.9375 -90.375 66.625
1532260012789496 -15.875 -99.125 37.375
1532260012804465 -1.75 -81.9375 4.6875
1532260012819415 -33.5 -47.625 -18.125
1532260012857314 -185.313 -10.8125 -70.6875
1532260012879256 -258.125 6 -89.0625
1532260012909204 -248.563 41.875 -103.813
1532260012939124 -186.125 39.75 -102.563
1532260012977022 -120.688 -14.125 -84.9375
1532260012991983 -118.313 -62.375 -60
1532260013029882 -103.688 -129.813 -25.875
1532260013059801 -100.938 -129.938 -6.4375
1532260013081743 -65.8125 -87.8125 104.938
1532260013111663 10.1875 -112.063 105.563
1532260013164521 101.063 -111.313 141.063
1532260013329081 286.063 -52.75 93.4375
1532260013381940 -211.813 128.438 -107.813
1532260013471700 -169.25 123.813 -109.5
1532260013607337 -62.375 -166.25 98.0625
1532260013637256 33.5625 -175.813 126.125
1532260013704078 133.25 -210.563 125.375
1532260013748958 73.0625 -116.313 45.8125
1532260013801817 121.625 86.875 -57.375
1532260013824756 10.5 119 -81.75
1532260013869636 -92.9375 144.188 -81.375
1532260013899556 -87.25 141.563 -77.1875
1532260013921497 -23.8125 111.5 -85.4375
1532260013959396 -22.9375 95.8125 -92.75
1532260014057134 39.875 -84.0625 19.125
1532260014108996 -25.5 -170.75 170.5
1532260014176814 -8.875 -195.563 193
1532260014236654 75.5 -220.563 190.938
1532260014581731 189.188 -76.5 144.125
1532260014852009 219.625 -127.813 125
1532260015054467 -8.4375 -14.125 43.1875
1532260015084387 -54.3125 -6.5 22.3125
1532260015256926 -111.25 40.0625 -212.063
1532260015346686 -93.9375 40.4375 -163.188
1532260015406526 -32.625 27.6875 -122.75
1532260015436446 -0.5625 14.625 -81.625
1532260015459385 38.25 4.8125 -49.375
1532260015482323 38.875 7.125 -47.5625
1532260015497283 40.625 1.6875 -33.625
1532260015549145 50.875 9 -34.375
1532260015564104 60.1875 13.8125 -35.5625
1532260015631922 51.3125 4.9375 -18.125
1532260015661843 73.375 1.0625 -16.9375
1532260015684781 71.25 -1.75 -16

1532260015751603 58.0625 -9.5625 -18.8125
1532260015774542 40.8125 -23.3125 -8.4375
1532260015827401 46.1875 5 -0.5
1532260015857320 30.125 33.75 11.125
1532260015887240 58.875 26.25 8.9375
1532260015917160 77.25 25.875 5.125
1532260015947080 35.8125 29.5625 -9
1532260015962040 12.6875 26.1875 -24.375
1532260015991960 -24 7.9375 -38
1532260016013901 -38.375 -1.3125 -44.25
1532260016051801 -31.5 -19.3125 -48.625
1532260016081720 -24.9375 -26.125 -44.375
1532260016104673 -27.3125 -31.8125 -38.3125
1532260016126601 -33.5 -33.5 -30.5
1532260016141560 -38.875 -27.9375 -18.75
1532260016164499 -40.3125 -13.875 -5.125
1532260016186440 -27.5 1.25 4.0625
1532260016224338 18.5 14.625 14.25
1532260016254259 28.875 9.9375 16.0625
1532260016292158 28.1875 2.375 21.25
1532260016314099 19 0.4375 17.3125
1532260016351997 11 -0.0625 11.6875
1532260016381918 -1.5 -2.5 2.375
1532260016426803 -1.875 -4.3125 -4.8125
1532260016449736 -3.9375 -3.375 -5.75
1532260016471678 -3.875 -2.1875 -4.8125
1532260016494616 -2.3125 -0.75 -4.8125
1532260016524536 0.9375 0.1875 -5.5
1532260016554456 2.6875 0.625 -5.0625
1532260016607315 1.625 1.5 -2.9375
1532260016667155 4.0625 3.25 0.6875
1532260016733976 2.625 2.0625 1.25
1532260016794814 1.125 1.0625 1.75
1532260016809773 2.0625 0.875 1.5
1532260016876595 3.125 0.8125 -0.3125
1532260016899533 2.125 0.375 -2.5625
1532260017012232 -1.9375 -3.6875 -1.9375
1532260017087032 -1.75 -5 -2.375
1532260017123934 -7.5 -4.75 -1.0625
1532260017154857 -7.0625 -2.5625 0.1875
1532260017214690 -2.4375 0.625 0.125
1532260017236632 -2.5 0.6875 1.125
1532260017281513 -0.25 0.0625 1.875
1532260017296472 1.625 0.1875 1.5
1532260017387230 -1.75 0.8125 0.4375
1532260017462030 -2.1875 0.5625 -0.0625
1532260017581709 0.6875 -1.3125 0.1875
1532260017664488 -0.8125 -0.5625 -1.8125
1532260017717347 1.625 0.75 -1
1532260017792147 1.75 1.3125 0.375
1532260017866947 -0.1875 -0.1875 0.6875
1532260017904845 -1 0.1875 2.625
1532260017941747 2.75 1.1875 3.1875
1532260017986627 6.125 2.8125 2.3125
1532260018054459 1.5 3.875 -1.6875
1532260018129245 -3.875 -5.25 -5.9375
1532260018182104 -2.4375 -2.0625 -3.1875
1532260018264882 1.25 2.125 2.8125
1532260018279842 1.875 1.6875 3.4375
1532260018316744 0.875 0.375 4.125
1532260018346663 -1.125 -1.6875 4.375
1532260018399522 -0.6875 -2.25 1.625
1532260018437457 -0.625 -2 -0.3125
1532260018467341 -3.125 -2.3125 -0.8125
1532260018587021 0.5 0.25 -1.125
1532260018624920 2.875 1.875 -0.25
1532260018736621 1.75 -0.5 3.125
1532260018812432 -6.125 -5.3125 -0.875
1532260018887222 -8 -6.875 -2.4375
1532260018954050 -1.875 -0.0625 0.8125
1532260019029837 6.875 4.625 2
1532260019051778 -1.125 -0.1875 1.1875
1532260019104643 -4.4375 -5.125 -2.0625
1532260019141538 -6 -5.75 -2.3125
1532260019179437 -7.5625 -5.875 -1.6875
1532260019247256 -4.375 -4.4375 0.25
1532260019292135 -1.3125 -4 1.0625
1532260019381896 2.8125 0 3.0625
1532260019449735 8.5625 2.75 3.9375
1532260019584354 34.5625 8.9375 -5.375
1532260019637229 -2.625 88.8125 -15.4375
1532260019667132 -87.625 142.063 5.25
1532260019697053 -94.0625 150.313 7.8125
1532260019712026 -76.125 135.938 18.0625
1532260019779832 -73.375 78.625 33.125
1532260019794797 -75.4375 46.3125 37.6875
1532260019839671 -111.563 -82.1875 30.0625
1532260019861613 -107.063 -99.8125 8.9375
1532260019908488 -83.875 -82.5 -7.875
1532260019989273 -240.688 32.6875 -67.5625
1532260020012224 -191.375 34.3125 -70.375
1532260020034151 -132.813 28.5 -75.0625
1532260020064071 -95.0625 -15.5625 -63.375
1532260020101970 -97.375 -40.3125 -42.5625
1532260020139868 -41.0625 -107.313 -4.25
1532260020146849 -4.9375 -140 19.3125
1532260020296450 70.8125 -17.75 94.1875
1532260020357287 63.0625 66.3125 -9.125
1532260020417127 -51.8125 93.3125 -76.375
1532260020439068 -91.8125 92.5 -84.9375
1532260020491928 -85.3125 49.375 -61.375
1532260020566727 -9.125 -38.25 -41.6875
1532260020589666 21.875 -74.0625 -10.9375
1532260020619586 6.6875 -161.25 180.125
1532260020679426 -13.6875 -209.375 223.313
1532260020732284 175.688 -208.438 183.188
1532260020754226 198.125 -114.875 141.625
1532260020792124 139.563 -12.25 57.75
1532260020837005 44 -6 17.875
1532260020896844 -130.875 -1 -57.25
1532260021046444 -143.063 12.3125 -99.125
1532260021167122 -74.1875 -11.5 -149.625
1532260021233943 238.563 -166.75 204.813
1532260021271857 -43 -18.3125 20.75
1532260021324700 -48.1875 13.75 -11.625
1532260021399500 -20 29 -21.5
1532260021661799 44.125 48.5 -44.8125
1532260021796444 -55.25 64.4375 -163.875
1532260021872236 -34.5625 51.375 -133.688
1532260021917116 10.875 27.0625 -93.1875
1532260021939058 30.8125 12.875 -80.375
1532260022006876 32.1875 10.25 -61.5625
1532260022074695 39.8125 12.3125 -59.0625
1532260022096636 39.3125 4.1875 -46.75
1532260022149495 25.9375 9 -39.1875
1532260022164455 37.25 5.1875 -40.9375

1532260022232273 31.875 0.125 -28.125
1532260022284134 24.0625 -5.75 -21.625
1532260022299095 34.9375 -9.875 -24
1532260022343975 43.375 -17 -34.5
1532260022419771 26.0625 -6.5625 -37.375
1532260022441713 29.75 -4.3125 -37.1875
1532260022494572 26.6875 -11.375 -48.125
1532260022517081 19.5 -4.625 -36.3125
1532260022568943 16.5625 -17.3125 -20.0625
1532260022592878 3.6875 -18.0625 -13.125
1532260022621813 3.625 -5.125 9.1875
1532260022644753 13 1.75 13.6875
1532260022674674 21.8125 11 7.5625
1532260022704594 25.375 4.875 -7.625
1532260022749474 -13.3125 -9.375 -6.5625
1532260022764433 -25.5 -9.5 -5.3125
1532260022802332 -9.3125 -2.5 3
1532260022824273 7.125 -0.0625 5.25
1532260022847212 19.375 0.0625 8.8125
1532260022869153 14.9375 -2 16.8125
1532260022907052 11.8125 -1.125 18
1532260022928994 11.375 0.625 16.0625
1532260022951932 12.6875 1.5625 10.9375
1532260022989831 6.375 -2.4375 3.0625
1532260023004819 -0.5 -5.5625 0.3125
1532260023049698 -12 -5.0625 -1.375
1532260023071642 -14.4375 -3.5 -1.4375
1532260023109539 -0.1875 -2.75 -0.1875
1532260023131480 1.5 -2.375 -0.0625
1532260023146439 1.4375 -1.3125 0.1875
1532260023177357 -0.75 -0.625 1.0625
1532260023199299 -0.8125 -0.3125 1.25
1532260023229218 -0.5625 -0.0625 1.1875
1532260023252157 0.6875 0.0625 0.8125
1532260023289059 0.75 -0.125 0.5
1532260023311996 0.125 -0.5625 -0.0625
1532260023326958 -0.375 -0.9375 -0.4375
1532260023364856 -1.1875 -1.4375 -0.6875
1532260023386797 -1.6875 -1.4375 -0.5
1532260023416717 -0.5 -1.5 0.5
1532260023476557 2.25 -1.0625 0.0625
1532260023491517 1.6875 -0.75 0.3125
1532260023559336 -0.5625 -1.6875 0.9375
1532260023604215 1.4375 -1.4375 1.125
1532260023642114 0.6875 -1 0.8125
1532260023672035 -3.25 -0.0625 -0.375
1532260023739853 -15.5 -3.625 -5.375
1532260023761794 -14.1875 -5.5625 -6.125
1532260023814652 -13.25 -9.6875 -7.0625
1532260023866515 -11.5625 -8.9375 -5.8125
1532260023889453 -8.75 -7.875 -3.75
1532260023934333 -2.6875 -3.9375 -0.9375
1532260023949293 -0.625 -2.1875 1.4375
1532260023972232 4.1875 0.0625 4.6875
1532260023994173 9.4375 1.6875 4.4375
1532260024024093 8.9375 2.25 4.0625
1532260024047031 7.3125 2.5 4
1532260024091911 3.625 3.1875 3.0625
1532260024106871 4.0625 2.6875 2.1875
1532260024144781 4.625 1.875 0
1532260024211591 0.875 1.25 -1.0625
1532260024264450 -0.1875 0.8125 -1.8125
1532260024324291 0.3125 1.5625 -0.1875
1532260024414050 0.75 0.8125 -0.0625
1532260024443970 -0.125 0.6875 -0.25
1532260024541709 1 0.9375 0.0625
1532260024579607 2.75 0.25 1.5625
1532260024594568 2.875 -0.0625 1.625
1532260024616508 2.25 0 2.75
1532260024646429 2.75 0.8125 3.625
1532260024692306 4.1875 0.8125 2.5625
1532260024714247 3.625 1.8125 0.75
1532260024729207 0.6875 1.8125 -0.625
1532260024767106 -7.5 -0.75 -2.6875
1532260024782066 -7.3125 -2.4375 -3.25
1532260024826946 -2.875 -3.375 -5.3125
1532260024849884 -2.5625 -2.8125 -4.9375
1532260024871830 -3.375 -1.8125 -3.25
1532260024894764 -3.5 -0.9375 -1.625
1532260024916706 -3.3125 -0.3125 0
1532260024931666 -1.875 0.4375 1.375
1532260024954605 0.75 1.1875 1.8125
1532260024991506 2.6875 1.125 2.125
1532260025006466 3.1875 0.375 2.6875
1532260025037392 2.75 -0.4375 3.0625
1532260025104207 -1.3125 -1.1875 -0.0625
1532260025149084 -3.0625 -1.8125 -1.5
1532260025193981 -1.75 -2.25 -1.75
1532260025284735 -1.875 -1.375 0.9375
1532260025404402 4.6875 2 3
1532260025606862 -2.9375 -2.8125 -4.1875
1532260025704600 -0.9375 1.25 -0.75
1532260025749479 2.875 2 -0.3125
1532260025854199 -1.6875 -3.0625 -1.0625
1532260025892098 -5.125 -10.3125 -0.5625
1532260025959916 -2.0625 -10.625 -1.4375
1532260026041698 -0.1875 -1.1875 5.9375
1532260026116498 -2.1875 4 0.5625
1532260026349873 -141.938 112.563 8.25
1532260026386791 -109.875 19.75 64
1532260026409713 -96.1875 -12.0625 85.25
1532260026439633 -67.9375 -44.3125 87.5
1532260026469554 1.6875 -93.4375 29.125
1532260026522419 -83.3125 -27.9375 -11.0625
1532260026559313 -228.063 49.625 -62.75
1532260026589234 -251.938 65.6875 -76.25
1532260026642092 -232.438 91.875 -93.3125
1532260026672012 -116.438 30.875 -87.75
1532260026701932 -63.3125 -16.125 -84.75
1532260026708914 -53.375 -65.25 -72.875
1532260026746811 -115.313 -136 -40.6875
1532260026761772 -103.563 -159.688 -7.0625
1532260026814631 -53.9375 -151.625 51.6875
1532260026829591 -1.375 -132.75 82.75
1532260026844551 23.25 -142.063 137.75
1532260026889438 149.063 -99.75 152.25
1532260026919351 297.688 -11.125 129.25
1532260026949270 283.25 5.8125 77.8125
1532260026987169 217.188 18.625 20.1875
1532260027024070 57.375 76 -48.8125
1532260027061970 -136.5 77.4375 -96.75
1532260027076930 -211.938 74.6875 -102.875
1532260027114828 -263.75 79.6875 -83.0625
1532260027136769 -219.688 63.875 -73.75
1532260027166689 -118.25 30 -81.0625
1532260027211569 23.4375 -59.3125 -76.6875
1532260027264428 -22.5 -191.875 101.875
1532260027302326 -20.5 -223.125 124.063
1532260027347207 22.375 -223.313 130.875
1532260027369148 26.875 -218.688 157.5
1532260027436967 71.625 -199.438 134.188
1532260027504788 317.188 31.9375 44.375
1532260027579585 91.5625 108 -64.1875
1532260027647404 -27.9375 65.375 -183.063
1532260027699265 -14 -23.5625 -122.125
1532260027714225 -26.9375 -36.25 -98.1875
1532260027744145 -13.5 -96 34.5
1532260027767084 35.6875 -133.25 110.25
1532260027789025 37.3125 -165.313 195.188
1532260027818945 44.1875 -189.125 232.25
1532260027849862 163.438 -197.563 208.25
1532260027901724 176.313 -204 213.75
1532260027976524 109 -197.875 198.188
1532260028104182 97.8125 -181.313 96.875
1532260028157041 -47.4375 -116.75 -13.9375
1532260028178982 3.6875 -115.813 -6.4375
1532260028224860 131.5 -81.875 48.625
1532260028261760 142.75 -34.8125 45.6875
1532260028299660 159 -16.9375 32.875
1532260028321614 136.688 8.625 16.3125
1532260028351521 132.938 16.5625 5.0625
1532260028404380 67 36.0625 -16.5
1532260028449260 33.75 48.375 -35.75
1532260028629776 -73.4375 119.813 -131.188
1532260028666694 -85.125 124.938 -139.813
1532260028741478 -93.3125 112.75 -191.75
1532260028877115 -44.25 35.375 -132.625
1532260028899056 -21.6875 27.4375 -122.625
1532260028943937 2.5 23.4375 -97.6875
1532260028966876 12.5 16.9375 -80.3125
1532260029011755 25.1875 27.8125 -55.9375
1532260029056635 53 30.875 -47.75
1532260029109494 61.3125 13 -31.8125
1532260029131435 58.4375 7.625 -34.25
1532260029170331 66.3125 -1.25 -32.875

1532260029229174 58.4375 -12.1875 -16.375
1532260029252112 54.375 -14.9375 -11.0625
1532260029289014 71.5625 -13.625 -12.0625
1532260029311953 73.5625 -5.375 -11.0625
1532260029349851 45 2.5625 -17.6875
1532260029371793 52.125 5.125 -13.875
1532260029401712 50.625 24.6875 7.1875
1532260029424651 38.9375 32.5 9.5
1532260029454577 44.6875 28.6875 -6.375
1532260029491473 54.3125 22.9375 -8.75
1532260029537358 -12.875 5.0625 -14.6875
1532260029582230 -5.25 -1 -14.1875
1532260029604171 7.8125 -4.5 -9.75
1532260029649051 19.5 -7.625 3.8125
1532260029686950 19.3125 -5.6875 14.125
1532260029731829 39.875 -1.625 25.8125
1532260029754769 35.625 -0.6875 21.9375
1532260029784688 25.25 -0.5625 16.8125
1532260029814608 13.5625 -0.875 12.5625
1532260029836550 3 -1.9375 8.5625
1532260029912352 -7.0625 -4.3125 -1.125
1532260029919329 -8.1875 -3.625 -2.5
1532260029949264 -6.9375 -2.875 -3.25
1532260029979168 -4.4375 -1.375 -3.3125
1532260030068986 1.4375 0.625 -1.375
1532260030129823 2.125 1.625 -0.125
1532260030196645 1.5 1.0625 0.1875
1532260030219584 2.5 1.125 0.125
1532260030264464 4.25 1.0625 -0.25
1532260030347242 -0.5 0.25 -0.0625
1532260030399103 -0.25 0.25 -0.25
1532260030474900 1.6875 0.5 0.3125
1532260030519781 -1.875 0.75 -1.0625
1532260030654421 -7.0625 -3.375 -3.1875
1532260030684341 -5.625 -2.75 -1.5
1532260030707280 -2.8125 -2 -0.5625
1532260030818980 3.625 0.3125 2.25
1532260030886800 1.4375 0.8125 -0.4375
1532260030932682 -2.5 2.125 1.3125
1532260030976560 4.75 2.3125 -0.0625
1532260030991519 5.0625 2.6875 -0.125
1532260031142117 -1.625 2.6875 1.8125
1532260031231877 -0.3125 -1.5 -0.375
1532260031299696 -2.125 -1.5625 -1.25
1532260031314655 -2 -1.75 -1.125
1532260031351557 -0.625 -1.6875 -1.1875
1532260031381477 1.375 -1.375 -1.9375
1532260031457274 3.4375 1.25 1.875
1532260031509135 3.4375 1.4375 0
1532260031576954 -5.5625 0.75 -2.8125
1532260031599893 -8.25 -2.25 -2.875
1532260031666714 -2.0625 -2.1875 -4.0625
1532260031741514 0.25 2.125 1.3125
1532260031809333 3.625 0.375 2.9375
1532260031907071 2.625 -2.375 1.5625
1532260031996831 -1.75 -3.1875 -0.1875
1532260032214250 1.5 0.25 1.3125
1532260032274090 1.6875 2.125 2.3125
1532260032394766 -2.8125 -0.375 -0.8125
1532260032446628 -4 -3.25 -1.25
1532260032642106 1.5625 0.75 0.125
1532260032776746 -1.625 -3.375 0.0625
1532260032972223 4.5625 3.875 4.8125
1532260033054004 -10.1875 -10.9375 -15.875
1532260033106863 -5.625 16.0625 -23.6875
1532260033241503 -73.125 116.688 -22.9375
1532260033256463 -66.4375 129.75 -17.375
1532260033347220 -98.1875 91.5 -5.1875
1532260033369162 -97.8125 23.6875 12.6875
1532260033422020 -88.9375 7.1875 13
1532260033511780 -122.875 -25.1875 -42.5
1532260033601541 -195.813 -9.5625 -73.25
1532260033677338 -108 -19.375 -58.125
1532260033752137 -31.5 -160.625 51.9375
1532260033774079 -57.1875 -158.063 93.625
1532260033789039 -58.6875 -179.063 100.75
1532260033834916 174.75 -113.875 125.25
1532260033886777 186.313 -70.5625 122.063
1532260033939636 149.063 24.4375 42.5625
1532260033961577 74.75 65.3125 -26.5
1532260034037374 -62.0625 79.8125 -96.1875
1532260034089236 -140.438 33.25 -72.0625
1532260034134116 -127.125 1.5625 -81.875
1532260034149076 -76.375 -44.375 -89.0625
1532260034231854 -35.875 -168.813 84.4375
1532260034276735 -64.4375 -186.563 126.563
1532260034321615 -9 -191.438 172.688
1532260034568953 231.5 -155.188 147.375
1532260034719550 -10.125 51.5625 -36.75
1532260034893087 42.3125 -142.25 145
1532260034996809 153.25 -165.125 182.625
1532260035222207 147.188 -84.4375 83.0625
1532260035259107 19.6875 -97.5625 39.75
1532260035386766 96.6875 40.8125 15.9375
1532260035476526 22.625 88.5625 -50.4375
1532260035642083 -80.5625 108.688 -199.625
1532260035664024 -74.6875 101.688 -200.813
1532260035693945 -66.0625 61.6875 -196.625
1532260035761764 -55.1875 34.6875 -178.875
1532260035806644 -13.75 28.8125 -129.938
1532260035882452 9.0625 44.9375 -87.625
1532260035934302 19.5 43.25 -69.6875
1532260035949262 33.875 42.5625 -66
1532260035994142 65.125 15.0625 -41
1532260036047001 63.125 -5.1875 -30.1875
