1532259653404427 0.414063 0.194336 0.963867
1532259653419385 0.411621 0.162109 0.959961
1532259653474239 0.42334 0.160156 0.939941
1532259653487204 0.441895 0.160645 0.921387
1532259653547044 0.481934 0.203613 0.908691
1532259653576965 0.44043 0.22168 0.905273
1532259653628826 0.415527 0.260254 0.930664
1532259653674704 0.362793 0.252441 0.976074
1532259653711605 0.24707 0.214844 1.05273
1532259653779423 0.321289 0.290527 1.01123
1532259653801365 0.324219 0.310547 1.09326
1532259653899103 0.249023 0.245605 1.20068
1532259654034746 0.0820313 0.137207 1.23633
1532259654127493 -0.161133 0.112305 1.0332
1532259654154421 -0.166016 0.134766 0.975586
1532259654252160 -0.16748 0.163086 0.902344
1532259654276096 -0.189453 0.119629 0.87207
1532259654326959 -0.181641 0.0898438 0.882324
1532259654424697 -0.216309 0.059082 0.849121
1532259654461599 -0.233887 0.0849609 0.86084
1532259654521439 -0.299316 0.0961914 0.869629
1532259654582276 -0.592285 0.25293 0.942871
1532259654874495 -0.400879 0.263672 0.922852
1532259654934334 -0.430176 0.184082 0.952148
1532259655083935 -0.402344 -0.0756836 1.10156
1532259655151754 -0.57959 0.391602 0.901855
1532259655241514 -0.287598 0.208008 0.831055
1532259655301353 -0.738281 -0.214355 1.00977
1532259655384132 -0.39209 0.0205078 1.05518
1532259655451951 -0.407227 0.37793 0.906738
1532259655511791 -0.282227 0.117188 1.01953
1532259655571631 -0.289551 0.146973 0.996094
1532259655624490 -0.578125 0.374023 0.884277
1532259655797028 -0.429688 0.556152 0.789551
1532259655848889 -0.438965 0.526855 0.813965
1532259656006468 -0.333008 0.40332 0.824219
1532259656074287 -0.381348 0.24707 0.936523
1532259656180004 -0.213379 0.197266 0.887695
1532259656269764 0.019043 0.100586 0.948242
1532259656336585 -0.0566406 0.291504 1.03613
1532259656420365 0.143066 0.325684 1.18896
1532259656471250 0.27002 0.09375 1.14502
1532259656539068 0.48877 0.268066 1.45752
1532259656562007 0.29541 -0.109375 1.03711
1532259656621847 0.318359 0.12793 0.888184
1532259656749506 0.431641 0.217285 0.992676
1532259656816327 0.351563 0.133789 0.910156
1532259656839265 0.365723 0.190918 0.930176
1532259656877165 0.383301 0.221191 0.977051
1532259657101565 0.382324 0.13623 0.963867
1532259657124503 0.405273 0.121094 0.988281
1532259657184342 0.392578 0.172363 0.958008
1532259657259171 0.427246 0.157227 0.916016
1532259657304051 0.402344 0.158691 0.875488
1532259657333970 0.370117 0.106445 1.00293
1532259657371881 0.325684 0.103516 1.01709
1532259657611229 0.40625 0.19043 0.938965
1532259657708968 0.358398 0.139648 0.988281
1532259657798728 0.342773 0.172852 0.989258
1532259657986226 0.360352 0.169922 0.959473
1532259658136840 0.373535 0.154297 0.975586
1532259658226586 0.330078 0.186035 0.98291
1532259658339282 0.339355 0.178711 0.941895
1532259658563682 0.275879 0.294922 1.01953
1532259658639480 0.333496 0.310547 0.887207
1532259658691341 0.253418 0.390625 0.852051
1532259658736221 0.356934 0.293457 0.927246
1532259658774119 0.274414 0.418945 0.958984
1532259658818999 0.199219 0.262207 1.06152
1532259658871858 0.171387 0.241211 1.06787
1532259658924732 0.182129 0.211426 1.01953
1532259659051378 0.315918 0.364258 0.916016
1532259659329634 0.234375 0.295898 0.999512
1532259659351586 0.209473 0.211914 1.03369
1532259659449314 0.280273 0.353027 0.95166
1532259659487213 0.275391 0.293457 0.949707
1532259659539074 0.290039 0.274902 0.950195
1532259659591944 0.303711 0.213867 1.02441
1532259659658760 0.328613 0.152832 0.986816
1532259659681698 0.339844 0.165527 0.964844
1532259659756499 0.338379 0.161621 0.946289
1532259659801378 0.351563 0.17041 0.95166
1532259659831298 0.353027 0.18457 0.952148
1532259659929037 0.36084 0.181641 0.958008

1532259660018811 0.378418 0.128418 0.956055
1532259660139488 0.381348 0.120605 0.964844
1532259660169408 0.381348 0.139648 0.978516
1532259660244208 0.386719 0.138184 0.972168
1532259660267147 0.397949 0.139648 0.963379
1532259660333969 0.416504 0.137207 0.947266
1532259660371867 0.404785 0.128906 0.958496
1532259660408768 0.401367 0.129883 0.956543
1532259660439688 0.391113 0.120117 0.962402
1532259660491547 0.385742 0.119629 0.952148
1532259660506507 0.384277 0.127441 0.950684
1532259660536427 0.380859 0.114746 0.971191
1532259660589286 0.385742 0.108887 0.969727
1532259660634166 0.386719 0.105469 0.969727
1532259660701984 0.41748 0.135742 0.939941
1532259660716944 0.415527 0.131348 0.945313
1532259660738886 0.40918 0.124512 0.947266
1532259660851588 0.403809 0.0957031 0.955566
1532259661039089 0.399902 0.129883 0.946777
1532259661091986 0.388672 0.143066 0.970215
1532259661249565 0.400879 0.138184 0.961914
1532259661279484 0.40332 0.137695 0.95459
1532259661301426 0.402832 0.142578 0.941895
1532259661324364 0.41748 0.129395 0.962402
1532259661369244 0.412598 0.0942383 0.989258
1532259661399164 0.399414 0.112793 1.03174
1532259661422103 0.452148 0.0864258 1.0332
1532259661473964 0.474609 0.0351563 1.01221
1532259661548764 0.410156 0.135254 0.995605
1532259661752234 0.10791 0.163574 1.19775
1532259661819042 -0.197754 0.141602 1.03369
1532259661848963 -0.229492 0.171875 0.986328
1532259661954679 -0.328613 0.194336 0.847656
1532259662021500 -0.328613 0.149902 0.816406
1532259662179079 -0.347656 0.162109 0.792969
1532259662306751 -0.279297 0.104004 0.850098
1532259662389515 -0.442871 0.191406 0.906738
1532259662449356 -0.256836 0.36084 0.990234
1532259662517187 -0.220215 0.286133 1.03516
1532259662643840 0.303711 -0.254395 1.4707
1532259662922092 -0.4375 0.509277 0.734375
1532259663018833 -0.282227 0.197266 0.664063
1532259663071692 -0.0727539 0.0488281 1.17334
1532259663199350 -0.26123 0.699707 0.828125
1532259663229270 -0.525391 0.382324 0.924316
1532259663348950 -0.42334 0.520508 0.817871
1532259663401809 -0.370605 0.540039 0.475586
1532259663491569 -0.271484 0.187012 0.908203
1532259663551409 -0.0566406 0.22998 0.821777
1532259663596289 -0.0244141 0.128906 0.828613
1532259663768827 -0.19873 0.341309 0.983398
1532259663791766 -0.187988 0.316895 0.967285
1532259663829665 -0.0126953 0.200684 1.03027
1532259663904465 0.15918 0.333008 1.271
1532259663926406 -0.0283203 0.379883 1.07959
1532259663949344 0.52002 0.425293 1.22705
1532259663971286 -0.136719 0.137695 1.72266
1532259663994226 -0.10498 -0.191895 1.31152
1532259664024144 0.828125 0.122559 1.15576
1532259664054065 0.403809 0.300781 0.916992
1532259664069025 0.405273 0.326172 0.943848
1532259664091963 0.413086 0.325684 0.938477
1532259664121887 0.405762 0.274414 0.953613
1532259664151803 0.10498 0.161621 1.01172
1532259664241564 -0.239258 0.019043 0.480469
1532259664301403 0.387695 0.183105 0.967285
1532259664324342 0.330566 0.19873 0.957031
1532259664346283 0.328613 0.194824 0.960449
1532259664377201 0.354492 0.177246 1.01611
1532259664466961 0.356445 0.143555 1.02246
1532259664496881 0.352051 0.115234 0.978027
1532259664533782 0.352539 0.102539 0.971191
1532259664579659 0.344238 0.104004 0.95166
1532259664601602 0.317383 0.185547 0.973145
1532259664833979 0.337402 0.147949 0.98291
1532259664856918 0.328125 0.143066 1.01807
1532259664931717 0.322754 0.148926 1.00635
1532259664976598 0.325195 0.195313 0.994629
1532259665074337 0.344727 0.205566 0.966797
1532259665104257 0.366211 0.191895 0.961426
1532259665179057 0.34375 0.180664 0.967773
1532259665238897 0.324707 0.172852 0.985352
1532259665306715 0.306152 0.172363 0.973633
1532259665419414 0.330566 0.19043 0.979004
1532259665532112 0.316895 0.193848 0.99707
1532259665583973 0.311523 0.204102 0.987305
1532259665628854 0.307617 0.219238 0.954102
1532259665914107 0.271484 0.166992 1.01855
1532259665944010 0.216309 0.240234 0.891602
1532259665973931 0.637207 0.327637 0.929688
1532259666011830 -0.161621 0.0512695 0.902832
1532259666033771 0.945801 0.323242 1.38086
1532259666116550 -0.445801 0.138184 0.609863
1532259666140494 0.301758 0.106445 1.27295
1532259666244208 -0.0708008 0.0273438 1.19336
1532259666297067 0.308594 0.218262 0.985352
1532259666348928 0.294434 0.268066 0.952148
1532259666416747 0.308594 0.25293 0.953125
1532259666439685 0.300293 0.254395 0.947266
1532259666529446 0.300293 0.260742 0.958496
1532259666604246 0.302246 0.185059 0.993164
1532259666627183 0.308105 0.169922 1.01367
1532259666716944 0.322266 0.192383 0.989746
1532259666768805 0.317871 0.198242 0.976563
1532259666851583 0.342773 0.193848 0.956055
1532259666896464 0.359863 0.180176 0.959473
1532259666941350 0.350098 0.166504 0.943359
1532259666994209 0.350098 0.164551 0.948242
1532259667032107 0.353516 0.162598 0.962891
1532259667121867 0.376465 0.150391 0.975098

1532259667151787 0.373047 0.145996 0.969727
1532259667173729 0.369141 0.141602 0.959473
1532259667226587 0.374023 0.154297 0.960449
1532259667271480 0.377441 0.15918 0.972656
1532259667309366 0.370117 0.150391 0.980957
1532259667429046 0.387695 0.149902 0.95459
1532259667458965 0.377441 0.151367 0.967773
1532259667496864 0.380371 0.13623 0.975098
1532259667511824 0.374023 0.129395 0.970703
1532259667556704 0.367676 0.125 0.965332
1532259667721309 0.407715 0.135254 0.952148
1532259667774167 0.395508 0.126465 0.956055
1532259667863927 0.383789 0.123535 0.962891
1532259667901825 0.382324 0.123047 0.959473
1532259667976625 0.400391 0.12793 0.959961
1532259668029484 0.397461 0.119629 0.95166
1532259668081345 0.396484 0.132813 0.950195
1532259668134204 0.38623 0.134277 0.955566
1532259668164124 0.387695 0.136719 0.958008
1532259668216983 0.39209 0.136719 0.972656
1532259668276823 0.383301 0.137207 0.958496
1532259668329681 0.385742 0.137207 0.968262
1532259668359602 0.389648 0.137207 0.962891
1532259668434401 0.409668 0.0996094 1.01318
1532259668547100 0.411133 0.0751953 1.06445
1532259668606940 0.374023 0.239258 1.04004
1532259668636860 0.23877 0.26416 1.08691
1532259668764519 0.106934 0.203613 1.11377
1532259669109595 -0.180176 0.19873 1.02441
1532259669304076 -0.229492 0.486328 0.830566
1532259669378883 -0.121094 0.371582 0.90625
1532259669462652 -1.00635 -0.266602 0.857422
1532259669649153 -0.321289 0.82373 0.731934
1532259669753873 0.00976563 0.0878906 1.36816
1532259669859590 -0.129883 0.669434 0.862793
1532259669934390 -0.428223 0.510742 0.932617
1532259670001212 -0.36377 0.680664 0.78125
1532259670024150 -0.351074 0.661133 0.797852
1532259670173750 -0.400391 0.310547 1.05615
1532259670286449 -0.0385742 0.185059 0.877441
1532259670437046 -0.0473633 0.288086 0.926758
1532259670707336 -0.0874023 0.237793 1.18848
1532259670828997 0.400391 0.21582 1.03174
1532259670931723 0.958984 0.249512 1.43799
1532259671014502 -0.112305 0.0600586 0.813477
1532259671059382 0.307617 0.137695 0.98584
1532259671119221 0.195801 0.193848 0.928711
1532259671187041 -0.012207 0.220215 0.700684
1532259671231920 0.234375 0.206055 0.950195
1532259671321681 0.394043 0.188965 0.960938
1532259671411440 0.344727 0.142578 0.988281
1532259671471280 0.34082 0.143555 0.988281
1532259671524140 0.348633 0.183105 0.976563
1532259671598951 0.337402 0.200684 0.966309
1532259671711638 0.363281 0.158203 0.979492
1532259671741557 0.419922 0.186035 0.941406
1532259671937035 0.354492 0.181152 0.955078
1532259672071682 0.362305 0.186523 0.949707
1532259672454669 0.352539 0.202637 0.942871
1532259672499531 0.314941 0.202148 1.00635
1532259672634171 0.320313 0.211426 0.999512
1532259672701990 0.351563 0.208496 0.959473
1532259672753851 0.35791 0.205078 0.938477
1532259673024128 0.998535 0.269531 1.40723
1532259673098928 -0.019043 0.0102539 0.979492
1532259673204648 0.244629 0.182129 1.02734
1532259673354245 0.35791 0.177246 0.958984
1532259673407104 0.355469 0.180176 0.957031
1532259673429045 0.356934 0.177734 0.969238
1532259673481904 0.355957 0.174805 0.970703
1532259673556704 0.356445 0.163086 0.959961
1532259673579642 0.368164 0.171875 0.956055
1532259673609563 0.373047 0.166016 0.964355
1532259673684362 0.380371 0.161133 0.975098
1532259673706304 0.380371 0.165527 0.975098
1532259673812021 0.394043 0.174316 0.931152
1532259673833962 0.390625 0.174316 0.941895
1532259673886821 0.369629 0.165039 0.964355
1532259673908762 0.365723 0.160156 0.973633
1532259673961622 0.362793 0.140625 0.97998

1532259674021462 0.371094 0.126465 0.972656
1532259674096261 0.38623 0.154297 0.952637
1532259674119200 0.402832 0.151855 0.955566
1532259674164080 0.406738 0.163086 0.907227
1532259674193999 0.438477 0.0957031 1.01172
1532259674261878 0.358887 0.00830078 1.03271
1532259674336677 0.317871 0.0776367 0.948242
1532259674374576 0.342773 0.123535 0.92334
1532259674562075 0.381348 0.142578 0.918945
1532259674592011 0.383789 0.18457 0.910156
1532259674636875 0.443848 0.206055 0.980469
1532259674688736 0.34668 0.171387 0.961914
1532259674764533 0.369141 0.185059 0.976074
1532259674794453 0.371582 0.171387 0.972168
1532259674816394 0.368164 0.16748 0.975098
1532259674824373 0.373047 0.173828 0.967773
1532259674846314 0.388184 0.183105 0.970703
1532259674869253 0.386719 0.17334 0.970215
1532259674914025 0.385254 0.171875 0.949707
1532259674943945 0.388184 0.178711 0.945801
1532259674996804 0.383789 0.197754 0.945313
1532259675018745 0.380371 0.194336 0.942871
1532259675131444 0.380371 0.182129 0.953613
1532259675282041 0.379395 0.179688 0.956543
1532259675318942 0.376953 0.191895 0.947266
1532259675356841 0.374023 0.185059 0.95752
1532259675559300 0.370117 0.186035 0.966309
1532259675649059 0.384277 0.1875 0.950684
1532259675723860 0.380859 0.181152 0.985352
1532259675934297 0.388672 0.115723 1.02881
1532259676226515 -0.0795898 0.241699 0.998535
1532259676302314 -0.243652 0.29248 0.908691
1532259676339214 -0.28125 0.469238 0.84375
1532259676466873 -0.347656 0.56543 0.776367
1532259676503774 -0.335938 0.583496 0.839355
1532259676609491 -0.0209961 -0.0537109 1.1582
1532259676708227 -0.712402 -0.335449 1.33008
1532259676737150 -0.48584 0.366211 0.854492
1532259676871790 -0.433105 0.717773 0.717773
1532259676946589 -0.362793 0.554199 0.810059
1532259677021390 -0.291992 0.460449 0.850586
1532259677097186 0.815918 -0.430176 1.72656
1532259677164008 -0.486328 0.281738 0.933594
1532259677223849 -0.378418 0.559082 0.84375
1532259677238808 -0.319336 0.481934 0.852539
1532259677284686 -0.206055 0.458008 0.851074
1532259677344538 0.562012 -0.242188 1.29639
1532259677568926 -0.0644531 0.414551 0.884766
1532259677628765 -0.174805 0.364746 1.00342
1532259677704564 -0.0317383 0.368652 1.13672
1532259677741464 0.0410156 0.203613 1.13916
1532259677794323 0.289551 0.194824 1.09375
1532259677907022 0.265137 0.10791 1.51807
1532259677988803 0.379883 0.281738 0.939941
1532259678132423 0.308594 0.29248 0.980957
1532259678184280 0.304688 0.269531 0.992676
1532259678244120 0.344727 0.274902 0.98291
1532259678274040 0.078125 0.158691 1.11182
1532259678326899 0.243652 0.346191 1.76807
1532259678372776 0.485352 0.323242 1.76465
1532259678401699 0.470215 0.308105 1.74365
1532259678476499 0.283203 0.229492 0.891113
1532259678536338 0.313965 0.231934 0.961914
1532259678604170 0.300781 0.255859 0.982422
1532259678627096 0.321777 0.268066 1.00537
1532259678671976 -0.120117 0.146484 0.043457
1532259678761735 0.365234 0.251465 0.962402
1532259678949234 0.339844 0.244629 0.966309
1532259679038995 0.327148 0.299805 0.960449
1532259679106813 0.356445 0.271484 0.938965
1532259679234471 0.375 0.262207 0.949219
1532259679309272 0.322754 0.239746 0.949707
1532259679369112 0.327637 0.251953 0.946289
1532259679511730 0.344727 0.275879 0.937012
1532259679534669 0.347168 0.262695 0.93457
1532259679556611 0.345215 0.260254 0.948242
1532259679646370 0.327637 0.277832 0.981934
1532259679871768 0.325684 0.260742 0.955078
1532259679999426 0.275879 0.235352 1.00928
1532259680276684 0.324707 0.264648 0.958008
1532259680404344 -0.480469 0.178223 0.635742
1532259680479143 -0.170898 0.0478516 0.852051
1532259680621762 -0.341309 0.140137 0.519043
1532259680681602 0.315918 0.0976563 1.09668
1532259680719501 0.454102 0.114746 1.21143
1532259680906999 0.351563 0.220703 0.943848

1532259681259059 0.378418 0.210449 0.946777
1532259681326877 0.375977 0.21582 0.968262
1532259681454548 0.391602 0.225098 0.945313
1532259681529335 0.382813 0.214844 0.947266
1532259681686913 0.380371 0.180176 0.977051
1532259681814572 0.419922 0.174805 0.901367
1532259681836514 0.414063 0.160645 0.907227
1532259682083852 0.424805 0.179688 0.966309
1532259682332188 0.385742 0.212402 0.950684
1532259682362108 0.372559 0.209473 0.964844
1532259682511708 0.40332 0.216797 0.963379
1532259682571548 0.383789 0.226074 0.941895
1532259682744087 0.380859 0.200195 0.95752
1532259682924604 0.381348 0.206055 0.944336
1532259683051265 0.437988 0.0966797 0.995605
1532259683127063 0.421387 0.0947266 0.988281
1532259683149004 0.450684 0.0986328 0.999512
1532259683322060 0.153809 0.180664 1.17139
1532259683396860 0.0600586 0.21875 1.19092
1532259683449718 -0.115723 0.241699 1.05566
1532259683479638 -0.129883 0.410645 0.905762
1532259683546460 -0.166992 0.554199 0.842285
1532259683599318 -0.195801 0.569336 0.822266
1532259683674120 -0.197754 0.513184 0.87793
1532259683794801 -0.0541992 0.136719 1.08789
1532259683824716 -0.0239258 0.0498047 1.11768
1532259683876577 0.00244141 -0.00976563 1.1709
1532259683936416 0.0566406 -0.142578 1.00586
1532259683959355 -0.750488 0.103516 1.0625
1532259684123915 -0.338379 0.870605 0.715332
1532259684153843 -0.404785 0.70459 0.746094
1532259684304432 -0.255859 0.134766 1.17285
1532259684439073 -0.353027 0.671875 0.809082
1532259684566731 -0.358887 0.610352 0.771484
1532259684762208 0.127441 0.388672 0.847656
1532259684918790 -0.00878906 0.254883 1.06055
1532259684941728 -0.12793 0.219238 1.11768
1532259684994595 -0.294434 0.341797 1.09717
1532259685116262 -0.0429688 0.130859 1.10889
1532259685197045 0.154297 0.0820313 0.925293
1532259685316726 0.473633 0.211426 0.977051
1532259685414464 0.289551 0.240723 1.0127
1532259685436405 0.28418 0.231934 1.00781
1532259685789462 0.313965 0.233398 0.964844
1532259685842320 0.349609 0.250977 0.932617
1532259685902160 0.366211 0.253418 0.92627
1532259685947040 0.333984 0.249023 0.930176
1532259686066720 0.333496 0.204102 0.992188
1532259686104622 0.316895 0.216797 0.973633
1532259686307078 0.341797 0.228027 0.961426
1532259686381876 0.335938 0.229004 0.963379
1532259686479616 0.342285 0.21875 0.967773
1532259686546437 0.311035 0.226074 0.965332
1532259686622234 0.350586 0.219727 0.958496
1532259686682074 0.356445 0.225586 0.983398
1532259686824706 0.310059 0.231934 0.972168
1532259686929413 0.312012 0.238281 0.966309
1532259687483954 0.292969 0.206543 1.02051
1532259687769191 0.345703 0.23584 0.956055
1532259687858951 0.364258 0.21582 0.969727
1532259687918791 0.383789 0.196777 0.963379
1532259687964668 0.386719 0.195313 0.94043
1532259687986609 0.379395 0.194824 0.922852
1532259688061409 0.361816 0.192871 0.924805
1532259688084349 0.350098 0.20166 0.935059
1532259688121249 0.349609 0.209961 0.940918
1532259688159148 0.357422 0.207031 0.961914
1532259688189068 0.365723 0.187988 0.968262

1532259688271847 0.393555 0.166992 0.97998
1532259688549111 0.371582 0.205566 0.964355
1532259688638871 0.360352 0.19873 0.961914
1532259688691786 0.359375 0.208008 0.967285
1532259688744645 0.36084 0.208008 0.967285
1532259688799498 0.355469 0.209961 0.965332
1532259688871329 0.354492 0.222656 0.959961
1532259688954106 0.370605 0.213379 0.957031
1532259689006966 0.36084 0.220215 0.958008
1532259689043866 0.356445 0.208008 0.966309
1532259689096725 0.353516 0.208008 0.970215
1532259689284224 0.359863 0.228027 0.955078
1532259689433824 0.368652 0.210449 0.965332
1532259689546523 0.344727 0.211426 0.956543
1532259689704102 0.382324 0.195801 0.981934
1532259689831760 0.351563 0.133789 1.12402
1532259690259625 -0.253418 0.479004 0.866211
1532259690304496 -0.231445 0.434082 0.916504
1532259690409216 0.281738 -1.32764 1.76758
1532259690558815 -0.235352 0.398926 0.91748
1532259690671516 -0.553711 0.721191 0.699707
1532259690686474 -0.488281 0.663086 0.737793
1532259690761275 -1.23291 -0.112305 0.59082
1532259690822112 -0.0170898 0.59375 0.938477
1532259690888934 -0.190918 0.192871 1.00586
1532259690948774 -0.476563 0.548828 0.844238
1532259691091392 -0.358398 0.609375 0.79834
1532259691121312 -1.13477 -0.248047 0.754395
1532259691271909 -0.354492 0.297852 0.883789
1532259691354687 -0.31543 0.348633 0.904297
1532259691436468 -0.107422 0.228516 0.918945
1532259691534207 0.0356445 0.233887 0.919922
1532259691594048 -0.243652 0.165527 1.0166
1532259691721706 -0.150879 0.188477 1.21191
1532259691804485 0.22168 0.0415039 0.447266
1532259691849365 0.604492 0.273926 0.891602
1532259691924165 0.29248 0.121582 0.989258
1532259691991983 0.36377 0.174805 0.928711
1532259692149562 0.791504 0.345215 1.02148
1532259692224362 -0.34668 0.0449219 0.561523
1532259692276223 0.382813 0.381348 0.775879
1532259692337067 1.02393 0.337402 1.38672
1532259692373962 0.371582 0.207031 1.06445
1532259692411861 0.32666 0.224121 0.986328
1532259692599359 0.362793 0.211914 0.964844
1532259692763919 0.325684 0.208496 0.973633
1532259693183803 0.265137 0.194824 0.967773
1532259693387252 0.41748 0.153809 0.921387
1532259693432133 0.345215 0.185547 0.933594
1532259693462052 0.334961 0.189941 0.949219
1532259693521892 0.32373 0.172363 0.964355
1532259693558793 0.344727 0.160645 1.00195
1532259693739311 0.326172 0.222168 0.994141
1532259694024548 0.290039 0.20459 1.02344
1532259694346687 0.289063 0.263184 0.970215
1532259694496287 0.316895 0.242188 0.9375
1532259694646885 0.339844 0.213379 0.981934
1532259694691764 0.327148 0.183594 1.01367
1532259694751604 0.32373 0.188477 1.01758
1532259694781524 0.34668 0.17041 1.00781
1532259694909183 0.361328 0.20459 0.927246
1532259694969022 0.34668 0.208008 0.92627

1532259695051801 0.326172 0.233398 0.946289
1532259695149540 0.39502 0.121582 0.98291
1532259695186441 0.419922 0.144531 0.96582
1532259695209380 0.422852 0.157227 0.952148
1532259695277199 0.40625 0.188965 0.92334
1532259695299140 0.397461 0.193848 0.925293
1532259695388900 0.362305 0.175293 0.954102
1532259695411838 0.374512 0.166504 0.952148
1532259695464697 0.399902 0.15625 0.950684
1532259695486638 0.40332 0.159668 0.956055
1532259695524537 0.40625 0.153809 0.958008
1532259695599337 0.395996 0.147461 0.958496
1532259695667156 0.386719 0.165039 0.960449
1532259695726996 0.38623 0.163574 0.955566
1532259695778857 0.382813 0.17041 0.961426
1532259695808786 0.37793 0.170898 0.947754
1532259695839703 0.387207 0.174805 0.957031
1532259695914503 0.392578 0.16748 0.963379
1532259695981324 0.380859 0.17627 0.943848
1532259696034183 0.379395 0.169922 0.955566
1532259696057122 0.380371 0.166992 0.963379
1532259696094023 0.387695 0.176758 0.963867
1532259696168823 0.385742 0.164063 0.959473
1532259696266561 0.375977 0.179688 0.960938
1532259696296481 0.375 0.183594 0.96875
1532259696371282 0.37793 0.171875 0.97168
1532259696447079 0.411621 0.134766 1.02979
1532259696491959 0.433105 0.059082 1.02393
1532259696761239 0.260742 0.140625 1.12695
1532259696837050 0.189453 0.194824 1.15283
1532259697016556 -0.0722656 0.330566 0.971191
1532259697197089 -0.310059 0.677734 0.82373
1532259697226993 -0.192871 0.541504 0.905273
1532259697271873 -0.121094 0.428223 0.979004
1532259697331713 -0.0610352 0.105957 1.07617
1532259697406512 0.691895 -1.10303 1.375
1532259697444412 -0.92041 -0.370605 0.850098
1532259697474332 -0.679688 0.430664 1.12842
1532259697496273 -0.342285 0.581055 0.781738
1532259697534172 -0.496582 0.558594 0.712891
1532259697579052 -0.398926 0.844238 0.648926
1532259697646870 -0.507324 0.835938 0.655762
1532259697668812 -0.486816 0.739258 0.691406
1532259697887234 -0.952637 -0.0214844 1.05762
1532259697983976 -0.433594 0.782715 0.727051
1532259698051795 -0.437012 0.674805 0.712402
1532259698081714 -0.369629 0.628418 0.701172
1532259698134573 -0.314941 0.479492 0.841797
1532259698179453 0.671387 -0.567871 1.52344
1532259698201394 -0.629395 -0.11084 1.06006
1532259698224333 -1.01172 0.177734 0.760742
1532259698254266 -0.253906 0.426758 0.849609
1532259698314093 -0.142578 0.174805 0.9375
1532259698358972 -0.0161133 0.267578 0.873047
1532259698426791 -0.0961914 0.30957 0.844727
1532259698456712 -0.191895 0.462402 0.958984
1532259698516551 -0.249023 0.402832 0.945801
1532259698591351 -0.112305 0.224121 1.0293
1532259698667148 0.00146484 0.173828 1.18164
1532259698719010 -0.0297852 0.278809 1.1626
1532259698854647 0.318848 0.131348 0.912109
1532259698906509 0.513672 0.24707 0.924316
1532259698929447 0.435547 0.184082 0.964844
1532259698966349 0.319824 0.211914 0.949219
1532259698989287 0.329102 0.239746 0.956055
1532259699072066 0.333496 0.214844 0.966309
1532259699161825 0.347656 0.200195 0.990234
1532259699214684 0.348145 0.204102 0.980469
1532259699289484 0.382324 0.219238 0.941895
1532259699334364 0.370605 0.216309 0.931152
1532259699417143 0.321777 0.196289 0.952637
1532259699440082 0.305176 0.217773 1.0083
1532259699491943 0.337402 0.225098 0.963867
1532259699829042 0.353027 0.23584 0.97998
1532259699888881 0.348145 0.20752 0.974121
1532259699903842 0.358887 0.210449 0.976563
1532259699964679 0.325684 0.210449 0.955566
1532259700001580 0.294922 0.205078 0.977539
1532259700054440 0.331055 0.212402 0.945801
1532259700129239 0.359863 0.21875 0.930664
1532259700167138 0.352051 0.230469 0.93457
1532259700197058 0.320801 0.222168 0.980469
1532259700248919 0.29834 0.227539 1.00049
1532259700316737 0.286621 0.249023 1.02441
1532259700376577 0.297852 0.240723 1.02441
1532259700451377 0.337891 0.267578 0.89502
1532259700481297 0.32666 0.301758 0.908691
1532259700527191 0.314453 0.290527 0.942871
1532259700608956 0.239746 0.264648 1.0293
1532259700683756 0.215332 0.208496 1.08105
1532259700736615 0.331543 0.229492 0.98584
1532259700879234 0.350586 0.26123 0.929199
1532259700954039 0.251465 0.254883 0.970215
1532259700976972 0.255371 0.236328 1.00781
1532259701216332 0.353027 0.228027 0.945313
1532259701284150 0.347656 0.259766 0.928223
1532259701366929 0.336914 0.234863 0.972656
1532259701456689 0.349609 0.149414 0.980469
1532259701539467 0.357422 0.179199 0.96875

1532259701786807 0.370117 0.194336 0.9375
1532259701831686 0.37793 0.172852 1.00098
1532259701861606 0.371582 0.117676 1.00098
1532259701921446 0.383301 0.137695 0.967773
1532259701959345 0.390625 0.165527 0.961426
1532259701997243 0.405273 0.185059 0.953613
1532259702034145 0.382324 0.198242 0.932617
1532259702087004 0.362305 0.182617 0.948242
1532259702108945 0.356445 0.17334 0.959961
1532259702146843 0.377441 0.165039 0.95459
1532259702184742 0.390137 0.163086 0.953613
1532259702221659 0.401855 0.166016 0.945313
1532259702266524 0.387207 0.168945 0.956543
1532259702311404 0.378418 0.168457 0.955566
1532259702364262 0.370605 0.17041 0.956055
1532259702394181 0.381836 0.172363 0.957031
1532259702462001 0.381348 0.177734 0.94873
1532259702499900 0.381836 0.172363 0.950684
1532259702543782 0.378418 0.172363 0.959473
1532259702604629 0.374512 0.178223 0.966309
1532259702679419 0.381836 0.169922 0.96582
1532259702739623 0.377441 0.184082 0.956543
1532259702776543 0.370117 0.187988 0.95752
1532259702829402 0.359375 0.186523 0.963867
1532259702904211 0.364258 0.179199 0.974609
1532259702957061 0.368164 0.190918 0.962891
1532259703016902 0.361816 0.193848 0.966309
1532259703046821 0.361816 0.193848 0.958008
1532259703144560 0.36377 0.195801 0.964355
1532259703226341 0.352539 0.197266 0.964844
1532259703256261 0.358887 0.191406 0.959961
1532259703271221 0.361816 0.187012 0.956055
1532259703324086 0.373535 0.199707 0.978516
1532259703347018 0.372559 0.187988 0.98291
1532259703398880 0.437988 0.13623 1.0083
1532259703451738 0.402344 0.121582 1.04004
1532259703504597 0.462891 0.175781 0.996582
1532259703526538 0.325684 0.260254 1.01465
1532259703631258 0.227051 0.281738 1.06348
1532259703736976 0.0727539 0.224609 1.04932
1532259704014234 -0.223633 0.214844 1.03662
1532259704067092 -0.270508 0.237305 0.987305
1532259704216693 -0.292969 0.375488 0.899902
1532259704389231 -0.34082 0.404785 0.977539
1532259704486970 -0.220703 0.337402 1.06201
1532259704561770 -0.189453 -0.124512 1.0083
1532259704839030 -0.449707 0.708984 0.748047
1532259705094362 -0.236816 0.347656 0.985352
1532259705199066 -0.436523 0.612793 0.744141
1532259705319743 -0.362305 0.60791 0.744141
1532259705446405 -0.284668 0.379883 0.905762
1532259705567082 -0.296875 0.586426 0.932129
1532259705597002 -0.0297852 0.09375 0.954102
1532259705618943 -0.0336914 0.334961 0.83252
1532259705746602 0.0419922 0.117188 1.27734
1532259705806442 -0.155273 0.22168 1.16162
1532259705904180 0.20166 0.0297852 1.12842
1532259705978980 0.274902 0.184082 0.938965
1532259706023860 0.347168 0.214355 0.931641
1532259706144538 0.467285 0.25293 0.975098
1532259706226319 0.354492 0.20166 0.959473
1532259706353977 0.351563 0.202637 0.969727
1532259706376917 0.367188 0.19873 0.948242
1532259706489615 0.383789 0.173828 0.932129
1532259706701049 0.340332 0.261719 0.964844
1532259706714015 0.352051 0.226563 0.974121
1532259706773855 0.385742 0.238281 0.950195
1532259706931433 0.296875 0.162598 0.998535
1532259706984291 0.292969 0.163574 0.988281
1532259707118932 0.315918 0.236816 0.949219
1532259707133892 0.327637 0.235352 0.942383
1532259707186751 0.359863 0.223633 0.953125
1532259707412148 0.288086 0.256348 0.98877
1532259707787145 0.355957 0.233398 0.95459
1532259707817065 0.359863 0.231445 0.92041
1532259707839006 0.367676 0.258789 0.898926
1532259708041465 0.307617 0.194336 1.00439
1532259708154164 0.329102 0.169434 0.996582
1532259708319721 0.341309 0.242676 0.938965
1532259708431422 0.334961 0.229492 0.986816
1532259708507220 0.368652 0.168945 0.980957
1532259708582020 0.369141 0.162109 0.947266
1532259708724638 0.330078 0.207031 0.945313
1532259708784478 0.361328 0.207031 0.976563

1532259709001906 0.399414 0.178223 0.955078
1532259709061737 0.382324 0.182129 0.94873
1532259709084675 0.368164 0.174805 0.936035
1532259709151497 0.397461 0.171387 0.938965
1532259709196377 0.405273 0.16748 0.940918
1532259709257214 0.40332 0.168457 0.949219
1532259709302094 0.388184 0.165039 0.970215
1532259709332013 0.391113 0.156738 0.958496
1532259709353955 0.391113 0.151367 0.949707
1532259709376893 0.39209 0.163086 0.952637
1532259709406813 0.391602 0.169434 0.955566
1532259709436734 0.39209 0.164063 0.956543
1532259709481620 0.379395 0.168457 0.95166
1532259709504559 0.377441 0.176758 0.953613
1532259709511540 0.376953 0.179688 0.955566
1532259709541460 0.387695 0.181152 0.959473
1532259709579358 0.383301 0.179688 0.949219
1532259709609296 0.383789 0.172363 0.941895
1532259709639199 0.385742 0.184082 0.942383
1532259709684079 0.376953 0.174316 0.953125
1532259709707018 0.374023 0.176758 0.955566
1532259709766858 0.380859 0.174805 0.957031
1532259709811737 0.373535 0.177734 0.959961
1532259709834676 0.374023 0.177246 0.958496
1532259709931417 0.367676 0.192871 0.958008
1532259709984277 0.375977 0.189941 0.964355
1532259710044127 0.370605 0.18457 0.977051
1532259710141854 0.379395 0.0756836 0.999512
1532259710538794 0.109863 0.205078 1.14258
1532259710659471 -0.0112305 0.398926 0.989258
1532259710876889 -0.403809 0.477539 0.850098
1532259710974628 -0.305664 0.292969 0.935547
1532259710996569 -0.29248 0.299316 0.979004
1532259711049427 -0.18457 0.17334 1.0332
1532259711147166 -0.741211 -0.0151367 0.921387
1532259711281807 -0.523438 0.569336 0.787598
1532259711356607 -0.563477 0.536621 0.786621
1532259711424424 -0.371582 0.387207 0.851074
1532259711507204 0.359863 -0.720703 1.41992
1532259711559064 -0.412598 0.183594 1.06006
1532259711618905 -0.48291 0.46582 0.86377
1532259711709662 -0.553223 0.551758 0.780273
1532259711724622 -0.511719 0.535156 0.787598
1532259711761524 -0.489258 0.558594 0.78125
1532259711799422 -0.388184 0.447266 0.79834
1532259711851284 -0.283203 0.271484 0.887207
1532259711897160 0.408691 -0.835449 1.68115
1532259711927081 -0.634277 0.42334 0.89209
1532259712008862 0.0180664 0.179199 0.899902
1532259712085656 0.00195313 0.0512695 0.975098
1532259712279140 -0.282227 0.342773 0.87793
1532259712391845 0.329102 0.37207 1.15625
1532259712459657 0.367188 0.122559 1.32666
1532259712526477 0.248047 0.175293 0.837402
1532259712541437 0.347656 0.229004 0.82666
1532259712601277 0.497559 0.208496 1.04346
1532259712662115 0.30127 0.246094 0.94043
1532259712684057 0.328613 0.240723 0.97168
1532259712728936 0.336426 0.223633 0.994629
1532259712811721 0.306641 0.208008 1.00244
1532259712864574 0.347168 0.20752 1
1532259712931395 0.39502 0.175293 0.922852
1532259713022152 0.26709 0.145996 1.01416
1532259713096953 0.315918 0.212891 0.98584
1532259713163774 0.348145 0.23877 0.978027
1532259713216633 0.397461 0.215332 0.953613
1532259713291433 0.425293 0.205078 0.924805
1532259713463971 0.271484 0.216309 0.980957
1532259713546749 0.32373 0.251465 0.93457
1532259713591629 0.341797 0.245605 0.923828
1532259713651469 0.35791 0.219727 0.910645
1532259713719288 0.383789 0.218262 0.944336
1532259713794092 0.350098 0.217285 0.970703
1532259713868888 0.290527 0.242188 1.03564
1532259713921747 0.318848 0.226074 0.987305
1532259713974605 0.341309 0.241699 0.910645
1532259714071346 0.305176 0.25293 0.983398
1532259714192024 0.236328 0.187012 1.07422
1532259714258846 0.315918 0.219238 1.00098
1532259714424402 0.315918 0.266113 0.923828
1532259714431384 0.308105 0.255371 0.953125
1532259714499203 0.300293 0.155273 1.05957
1532259714552062 0.300781 0.0976563 1.05957
1532259714574003 0.303711 0.0654297 1.03906
1532259714746541 0.364258 0.236328 0.921875
1532259714912099 0.303223 0.1875 1.01416
1532259714956979 0.36377 0.0996094 1.01807
1532259715023799 0.373047 0.109863 0.981445
1532259715159437 0.374512 0.20166 0.934082
1532259715204336 0.309082 0.21875 0.938965
1532259715234246 0.36377 0.188965 0.970703

1532259715436696 0.401855 0.163574 0.988281
1532259715504538 0.410645 0.17627 0.950684
1532259715579338 0.379395 0.189941 0.946777
1532259715639186 0.377441 0.161621 0.964844
1532259715721964 0.415039 0.162598 0.942383
1532259716007211 0.384277 0.151367 0.908203
1532259716118903 0.406738 0.0981445 0.936035
1532259716149829 0.454102 0.113281 0.945801
1532259716171776 0.461914 0.097168 0.946777
1532259716201682 0.47168 0.090332 0.930664
1532259716216642 0.496582 0.102051 0.92041
1532259716269500 0.516113 0.132324 0.914063
1532259716291441 0.477539 0.154297 0.908203
1532259716344300 0.456055 0.150879 0.912109
1532259716457015 0.444824 0.174316 0.916992
1532259716471975 0.459473 0.187988 0.939453
1532259716568717 0.51416 0.121582 0.961426
1532259716614594 0.519043 0.127441 0.943848
1532259716629554 0.492188 0.130371 0.919922
1532259716689394 0.461426 0.204102 0.832031
1532259716741255 0.469727 0.189453 0.880371
1532259716757213 0.467773 0.205078 0.89209
1532259716817052 0.412598 0.166016 0.917969
1532259716832012 0.451172 0.17334 0.927734
1532259716868914 0.515625 0.105957 0.894531
1532259716891852 0.458496 0.0717773 0.870605
1532259716921773 0.420898 0.0893555 0.894043
1532259716974631 0.482422 0.181152 0.905762
1532259717019511 0.535156 0.254395 0.929688
1532259717041452 0.454102 0.237305 0.925293
1532259717056412 0.404785 0.216797 0.912598
1532259717079351 0.411621 0.226074 0.943359
1532259717094325 0.421875 0.224609 0.972656
1532259717116252 0.38916 0.202637 0.989746
1532259717147170 0.366699 0.157715 0.991699
1532259717177089 0.416504 0.112793 0.955566
1532259717221969 0.441406 0.104492 0.912598
1532259717243921 0.446777 0.0722656 0.882813
1532259717258871 0.471191 0.0722656 0.841797
1532259717273830 0.499023 0.0600586 0.815918
1532259717296770 0.446777 0.123047 0.828125
1532259717319709 0.422852 0.178223 0.858887
1532259717356610 0.431641 0.160156 0.964844
1532259717379548 0.4375 0.155273 1.00684
1532259717446370 0.419922 0.199707 1.01221
1532259717476290 0.388184 0.25293 0.989258
1532259717537127 0.372559 0.290039 0.954102
1532259717574028 0.384766 0.230957 0.959961
1532259717633868 0.339844 0.158203 0.949707
1532259717663788 0.342285 0.206055 0.943359
1532259717709666 0.361816 0.183105 0.977051
1532259717754546 0.437988 0.146973 1.04443
1532259717776487 0.505859 0.114258 1.01904
1532259717859265 0.422363 0.0961914 1.06641
1532259718031805 0.241211 0.332031 1.11328
1532259718106604 0.0693359 0.228516 1.13672
1532259718279143 -0.172363 0.29541 0.944824
1532259718444700 -0.422363 0.506836 0.859863
1532259718511521 -0.39209 0.597656 0.854492
1532259718564380 -0.321777 0.59375 0.854004
1532259718684066 -0.0693359 0.13916 1.18115
1532259718736918 -0.678223 -0.316895 1.17871
1532259718796758 -0.173828 0.557617 0.970215
1532259718849616 -0.50293 0.583496 0.841309
1532259718976294 -0.507324 0.864258 0.633301
1532259719096956 -0.536133 0.771973 0.612793
1532259719171756 -0.237793 -0.0908203 1.20557
1532259719194694 -0.212402 -0.486816 1.2417
1532259719254535 -0.13916 0.346191 1.18359
1532259719300411 -0.395508 0.467773 0.944336
1532259719336316 -0.498535 0.851074 0.722656
1532259719389174 -0.473633 0.946289 0.538574
1532259719449014 -0.491699 0.749512 0.541992
1532259719493894 -0.484863 0.560059 0.619629
1532259719523814 -0.447754 0.437988 0.737793
1532259719538775 -0.269531 0.280762 0.941406
1532259719614571 0.484375 -0.311035 1.56885
1532259719667430 -0.765137 -0.245605 1.09375
1532259719689372 0.0849609 0.535156 0.954102
1532259719794104 -0.0458984 0.0585938 0.833496
1532259719846950 -0.209961 0.283691 0.861328
1532259719861910 -0.323242 0.431152 0.854492
1532259719883851 -0.0898438 0.268066 1.02246
1532259719913771 0.046875 0.292969 1.18164
1532259719951670 0.196289 0.313477 1.16162
1532259720026470 0.29248 0.15625 1.22607
1532259720101270 0.059082 0.535645 1.13623
1532259720124209 0.308105 0.42041 1.19189
1532259720177068 0.324707 0.214844 1.00781
1532259720228929 0.29834 0.345215 0.935059
1532259720303742 0.320313 0.29541 0.900879
1532259720379526 0.375488 0.3125 0.929688
1532259720424406 0.367188 0.348145 0.958496
1532259720588966 0.340332 0.227051 0.977539
1532259720716625 0.32959 0.173828 0.954102
1532259721008843 0.347168 0.28418 0.96582
1532259721084640 0.361328 0.250977 0.959473
1532259721106581 0.369141 0.233887 0.956055
1532259721183377 0.323242 0.225586 0.954102
1532259721189361 0.29834 0.255859 0.963379
1532259721212303 0.292969 0.260742 0.972656
1532259721257179 0.297852 0.258789 0.965332
1532259721272139 0.320801 0.257813 0.942383
1532259721391819 0.34668 0.230957 0.935059
1532259721436699 0.328613 0.253906 0.947266
1532259721511500 0.311035 0.26416 0.970215
1532259721534438 0.30127 0.293945 1.0249
1532259721564358 0.301758 0.300781 1.03369
1532259721624198 0.323242 0.263672 0.928223
1532259721692016 0.341309 0.305664 0.895996
1532259721713958 0.339355 0.30957 0.892578
1532259721886496 0.255371 0.237305 1.01514
1532259721924395 0.23584 0.250488 1.05078
1532259721992214 0.245117 0.305176 1.03076
1532259722029115 0.332031 0.294922 0.939941
1532259722088955 0.387207 0.270996 0.872559
1532259722118875 0.320801 0.277832 0.899414
1532259722171744 0.247559 0.280273 0.991211
1532259722269473 0.248535 0.193848 1.06543
1532259722291413 0.276855 0.148926 1.06104
1532259722352250 0.335449 0.174316 0.970215
1532259722419072 0.316895 0.270996 0.928223
1532259722448992 0.312012 0.279297 0.942871
1532259722493872 0.334473 0.297852 0.943359
1532259722546731 0.332031 0.26709 0.967285
1532259722674390 0.328125 0.17041 0.994629
1532259722719269 0.337891 0.17041 0.97168
1532259722779110 0.337402 0.232422 0.983887
1532259722921728 0.36084 0.201172 0.920898
1532259722959626 0.390625 0.186523 0.920898
1532259722996528 0.368164 0.180176 0.944824
1532259723034426 0.358887 0.173828 0.978516

1532259723198987 0.634766 0.229004 1.08203
1532259723273817 0.494629 0.167969 1.19629
1532259723364574 0.0180664 0.314941 1.03613
1532259723416436 -0.272949 0.350098 0.925781
1532259723507193 -0.572754 0.230957 0.829102
1532259723581994 -0.441895 0.0297852 0.811035
1532259723626873 -0.482422 0.0771484 0.79541
1532259723663774 -0.398926 0.00976563 0.806152
1532259723716633 -0.543457 0.0205078 0.821777
1532259723754532 -0.534668 0.0180664 0.881836
1532259723791433 -0.512207 -0.0761719 0.880859
1532259723829339 -0.553711 -0.00292969 0.894531
1532259723859259 -0.602051 0.0107422 0.935059
1532259723904139 -0.664063 0.00732422 0.922363
1532259723956997 -0.62207 0.0146484 0.922363
1532259723993899 -0.591797 -0.0541992 0.882324
1532259724031797 -0.598633 -0.00195313 0.876953
1532259724054736 -0.58252 0.0410156 0.865723
1532259724114576 -0.580566 0.0117188 0.836914
1532259724122567 -0.624512 0.0209961 0.832031
1532259724159456 -0.604492 0.0336914 0.885742
1532259724189376 -0.583008 0.0214844 0.891602
1532259724249216 -0.608398 -0.0214844 0.86377
1532259724287115 -0.549805 0.0234375 0.902344
1532259724324016 -0.549805 0.0175781 0.884766
1532259724383856 -0.588379 0.0141602 0.850098
1532259724459653 -0.455078 -0.0361328 0.853027
1532259724639173 -0.341309 0.0454102 0.956055
1532259724758854 -0.0537109 0.097168 0.869629
1532259724834651 0.217773 0.0668945 1.08105
1532259724856592 0.418945 0.065918 1.05762
1532259724879530 0.432129 0.115234 1.03467
1532259724894491 0.327637 0.198242 0.951172
1532259724909450 0.289063 0.28418 0.824707
1532259724939370 0.369629 0.333008 0.814453
1532259724969290 0.530273 0.32959 0.870117
1532259724992245 0.712402 0.328613 0.998047
1532259725007190 0.872559 0.211914 1.06982
1532259725044090 0.62207 -0.367188 1.04248
1532259725067028 0.459961 -0.399414 0.941406
1532259725089969 0.419922 -0.212402 0.847656
1532259725111909 0.479492 0.177246 0.885254
1532259725141829 0.467773 0.204102 0.962402
1532259725163770 0.484863 0.175293 1.06299
1532259725186709 0.417969 0.0825195 1.104
1532259725239568 0.282227 0.0288086 1.02539
1532259725254528 0.276367 0.0913086 0.971191
1532259725299408 0.310059 0.204102 0.948242
1532259725314368 0.347168 0.175781 0.956543
1532259725359248 0.408691 0.100586 0.983398
1532259725397146 0.426758 0.136719 0.983887
1532259725419088 0.419922 0.135254 0.995605
1532259725501866 0.543945 0.000488281 1.03906
1532259725569684 0.476563 0.172852 1.02002
1532259725591626 0.501465 0.247559 1.05615
1532259725704325 0.103027 0.216797 1.05664
1532259725727263 -0.027832 0.209473 1.00732
1532259725772144 -0.0986328 0.206543 0.99707
1532259725802064 -0.110352 0.297852 0.951172
1532259725861904 -0.133789 0.223633 0.941406
1532259725981583 -0.183594 0.202637 0.972168
1532259726079322 -0.246094 0.234375 0.916504
1532259726409439 -0.353027 0.493164 0.907715
1532259726454333 -0.307129 0.418945 0.947266
1532259726484239 -0.0878906 0.146973 1.11719
1532259726507178 -0.165527 0.0693359 1.17383
1532259726537098 0.547852 -0.635254 1.75098
1532259726709636 -0.166016 0.40332 0.925781
1532259726746538 -0.159668 0.398438 0.95752
1532259726836298 -0.476563 0.867188 0.637695
1532259726889157 -0.452637 0.823242 0.65918
1532259726942015 -0.419434 0.664063 0.748535
1532259726986895 -0.319336 0.421387 0.838379
1532259727031775 -0.227051 0.120605 1.00879
1532259727046735 0.144043 -0.374512 1.61523
1532259727136495 -0.668945 0.126953 1.17725
1532259727174394 -0.0947266 0.300781 1.22217
1532259727211295 -0.299316 0.389648 1.00195
1532259727287093 -0.490234 0.938477 0.632324
1532259727368874 -0.429199 0.772949 0.626953
1532259727398794 -0.397461 0.655273 0.668945
1532259727451653 -0.352539 0.351074 0.846191
1532259727571343 -0.265137 0.333008 0.99707
1532259727602249 0.625 -0.462891 1.70068
1532259727728911 -0.138672 0.0961914 0.76416
1532259727789748 -0.0585938 0.410156 0.769043
1532259727819668 -0.402832 0.445313 0.890137
1532259727871530 -0.376953 0.38916 0.91748
1532259727946330 -0.0576172 0.245605 1.11377
1532259728246527 0.362793 0.290039 0.956543
1532259728321327 0.293457 0.253906 0.91748
1532259728374186 0.309082 0.262207 0.941406
1532259728501844 0.342285 0.240234 0.983398
1532259728584623 0.333984 0.199219 0.90625
1532259728704303 0.316895 0.238281 0.978027
1532259728831961 0.348145 0.282227 0.940918
1532259728876841 0.367676 0.285645 0.951172
1532259728906761 0.362793 0.27832 0.967773
1532259729034420 0.390625 0.236328 0.937988
1532259729056361 0.361328 0.237793 0.959961
1532259729109220 0.355957 0.222656 0.964844
1532259729184020 0.312012 0.231934 0.95166
1532259729191999 0.30957 0.245605 0.96875
1532259729281759 0.372559 0.250977 0.912109
1532259729341598 0.382324 0.242676 0.927246
1532259729364537 0.368164 0.246094 0.949707
1532259729394457 0.33252 0.246094 0.994141
1532259729588937 0.30127 0.241699 1.01807
1532259729814334 0.27832 0.232422 1.01318
1532259729889134 0.253906 0.169922 1.06787
1532259730023775 0.34375 0.289063 0.993652
1532259730294052 0.280762 0.148926 1.0625
1532259730353892 0.347168 0.0771484 1.02783
1532259730466590 0.28418 0.259277 0.975098
1532259730572308 0.29834 0.263184 0.953613
1532259730706947 0.370117 0.27002 0.927734
1532259730796707 0.324219 0.214355 0.969727
1532259730856548 0.339355 0.183105 0.981445
1532259730924366 0.334473 0.200684 0.966309
1532259730977242 0.337402 0.20459 0.95459
1532259731179683 0.367188 0.20459 0.95459

1532259731276425 0.359863 0.206055 0.978027
1532259731322319 0.348633 0.187988 0.973633
1532259731359203 0.390625 0.208984 0.959961
1532259731412061 0.387207 0.21875 0.928223
1532259731487859 0.343262 0.202148 0.958496
1532259731554681 0.35791 0.185547 0.96582
1532259731629481 0.370117 0.187988 0.955566
1532259731674360 0.365234 0.189453 0.95459
1532259731764120 0.359375 0.205078 0.970215
1532259731816979 0.346191 0.210449 0.969238
1532259731861859 0.337402 0.197266 0.963379
1532259731906739 0.391602 0.203125 0.943359
1532259731936658 0.38623 0.211426 0.962402
1532259731959597 0.377441 0.215332 0.976074
1532259732019438 0.354004 0.234375 0.989258
1532259732034408 0.32959 0.230469 0.976074
1532259732087260 0.318848 0.220215 0.967285
1532259732206936 0.375488 0.189941 0.979492
1532259732243837 0.351563 0.23291 0.993164
1532259732371496 0.393066 0.19043 0.925293
1532259732401416 0.393066 0.190918 0.956055
1532259732439315 0.345215 0.217773 1.02734
1532259732462257 0.368652 0.123535 1.02002
1532259732537054 0.390137 0.160645 0.970215
1532259732618835 0.461914 0.138184 0.943359
1532259732648757 0.397461 0.255859 1.00537
1532259732799352 0.405273 0.255859 1.12305
1532259733272088 -0.497559 0.40625 0.869141
1532259733294030 -0.482422 0.472656 0.841309
1532259733391768 -0.468262 0.489746 0.875
1532259733399758 -0.389648 0.384766 0.889648
1532259733414707 -0.356934 0.35791 0.959961
1532259733481528 -0.138672 -0.126465 1.13965
1532259733541368 0.0302734 -0.546875 1.40479
1532259733556328 -0.601074 -0.283691 1.11914
1532259733594226 -0.450684 -0.241699 1.20264
1532259733683987 -0.293457 0.183105 1.03076
1532259733826605 -0.592773 0.964844 0.530273
1532259733871485 -0.547852 0.691895 0.638184
1532259733901405 -0.46875 0.541016 0.759766
1532259733954263 -0.414551 0.455078 0.807617
1532259734029064 -0.283691 0.239258 1.01123
1532259734058983 0.329102 -1.14355 1.4585
1532259734103863 -0.218262 -0.239258 1.02295
1532259734179661 -0.214844 0.392578 1.13867
1532259734239501 -0.580566 0.562988 0.851563
1532259734329260 -0.53125 0.756836 0.560547
1532259734397080 -0.482422 0.532715 0.711914
1532259734456919 -0.369629 0.419434 0.798828
1532259734478861 -0.275879 0.273438 0.932617
1532259734524738 0.27832 -0.570313 1.70947
1532259734599538 -0.861816 -0.321777 1.08545
1532259734623474 -0.1875 0.557617 1.00586
1532259734727197 -0.15918 0.263184 0.8125
1532259734749138 -0.0668945 0.303711 0.825195
1532259734794018 -0.19043 0.36377 0.963379
1532259734839896 -0.255371 0.395996 1.03223
1532259734868818 -0.15332 0.270996 1.02686
1532259734989495 0.373047 0.285645 1.16211
1532259735004456 0.328125 0.379395 1.1709
1532259735064295 0.311523 0.311523 1.28711
1532259735117154 0.271973 0.0693359 1.00195
1532259735162034 0.181641 0.0195313 0.932617
1532259735183975 0.353027 0.225586 0.812012
1532259735283709 0.318848 0.289551 1.05762
1532259735386434 0.401855 0.22998 0.938477
1532259735424333 0.435059 0.200195 0.943848
1532259735439293 0.424316 0.194824 0.94043
1532259735537034 0.390137 0.232422 0.918945
1532259735566951 0.376465 0.219727 0.906738
1532259735641763 0.327148 0.158203 0.961914
1532259735664706 0.321289 0.178223 1
1532259735694610 0.335449 0.247559 0.948242
1532259735904050 0.394531 0.282715 0.938965
1532259735926988 0.394531 0.281738 0.946289
1532259735941948 0.386719 0.267578 0.954102
1532259735978850 0.395996 0.226563 0.944336
1532259736016749 0.416016 0.22168 0.947754
1532259736144407 0.364746 0.227051 0.970215
1532259736166348 0.34668 0.240723 0.985352
1532259736219207 0.306152 0.234863 0.93457
1532259736272065 0.385742 0.217773 0.943359
1532259736316946 0.382324 0.254883 0.927734
1532259736391746 0.34082 0.220703 0.936523
1532259736398727 0.337891 0.211914 0.937988
1532259736496466 0.310547 0.211914 1.02295
1532259736549324 0.302246 0.277832 1.00195
1532259736676983 0.336426 0.247559 0.923828
1532259736706912 0.356934 0.263672 0.901855
1532259736774732 0.289063 0.293945 0.976563
1532259736826583 0.276855 0.213867 1.00732
1532259736886422 0.282715 0.183105 1.0249
1532259736999122 0.302246 0.289551 1.02686
1532259737103841 0.373047 0.253418 0.845703
1532259737231500 0.300293 0.299316 0.941406
1532259737501777 0.314941 0.266602 0.89209
1532259737838876 0.332031 0.180176 0.968262
1532259737861815 0.338379 0.223633 0.947754
1532259737936618 0.353516 0.201172 0.946289
1532259737959553 0.375 0.208008 0.932129
1532259738064273 0.349609 0.235352 0.980469

1532259738124113 0.325195 0.171387 0.968262
1532259738169990 0.394043 0.156738 0.950684
1532259738213873 0.388184 0.185547 0.978027
1532259738266732 0.37793 0.205078 0.980469
1532259738311612 0.369141 0.220215 0.967285
1532259738364470 0.381836 0.178223 0.928223
1532259738386412 0.394043 0.18457 0.936035
1532259738409350 0.393066 0.177246 0.952148
1532259738469190 0.38623 0.186035 0.965332
1532259738514144 0.364746 0.20166 0.953125
1532259738544142 0.366211 0.16748 0.944824
1532259738567081 0.399902 0.162109 0.935059
1532259738603982 0.423828 0.152832 0.937012
1532259738633902 0.421875 0.144043 0.956543
1532259738686761 0.387207 0.181152 0.983887
1532259738716680 0.355957 0.188477 0.974609
1532259738776521 0.331543 0.181641 0.938477
1532259738792479 0.352051 0.17627 0.92041
1532259738821401 0.427246 0.184082 0.921875
1532259738844340 0.421387 0.182617 0.944336
1532259738912159 0.402832 0.183105 0.978516
1532259739002915 0.333008 0.172363 0.944336
1532259739031838 0.416992 0.169922 0.924805
1532259739069742 0.428223 0.179199 0.939453
1532259739099657 0.420898 0.177734 0.967285
1532259739121598 0.404785 0.183594 0.975098
1532259739144537 0.387207 0.211426 0.979492
1532259739181438 0.312012 0.222656 0.979004
1532259739234298 0.294434 0.20166 0.970703
1532259739264216 0.310059 0.19043 0.956543
1532259739294137 0.394531 0.190918 0.922852
1532259739324059 0.42334 0.195313 0.921875
1532259739368937 0.40625 0.184082 0.979492
1532259739421796 0.320313 0.233887 0.988281
1532259739459694 0.327148 0.184082 0.938965
1532259739511556 0.414063 0.204102 0.92627
1532259739526515 0.424316 0.194336 0.931641
1532259739549454 0.406738 0.182129 0.957031
1532259739601315 0.37207 0.224121 0.989258
1532259739624254 0.329102 0.231934 0.98877
1532259739662153 0.297363 0.188477 0.963379
1532259739684094 0.324707 0.182617 0.936035
1532259739721993 0.372559 0.192871 0.923828
1532259739751913 0.418457 0.198242 0.9375
1532259739796793 0.399902 0.179688 0.973145
1532259739834691 0.363281 0.228516 0.97998
1532259739886584 0.311035 0.1875 0.948242
1532259739961384 0.411133 0.195313 0.917969
1532259740006304 0.401367 0.178711 0.989258
1532259740029242 0.390625 0.205566 0.990723
1532259740052181 0.367188 0.229492 0.981934
1532259740082101 0.324219 0.197266 0.956055
1532259740112021 0.354492 0.176758 0.913086
1532259740133962 0.392578 0.194824 0.913086
1532259740201781 0.398438 0.178223 0.986328
1532259740216742 0.424316 0.146973 1.02002
1532259740239680 0.461426 0.113281 1.03955
1532259740284560 0.407715 0.132813 1.02881
1532259740336421 0.475586 0.200684 0.983887
1532259740419200 0.316895 0.244141 1.04346
1532259740568800 0.258301 0.274414 1.09912
1532259740644597 0.209961 0.29248 1.11035
1532259740704452 0.0654297 0.250488 1.03271
1532259740832096 -0.32373 0.288086 0.922852
1532259740883957 -0.424805 0.297852 0.874023
1532259740974714 -0.423828 0.38916 0.870605
1532259741034554 -0.436523 0.498047 0.843262
1532259741177173 -0.297363 0.294434 0.952637
1532259741243994 -0.144043 -0.0102539 1.10791
1532259741311813 -0.155273 -0.0512695 1.10986
1532259741326773 -0.475098 -0.213867 1.12842
1532259741476372 -0.464355 0.602051 0.865234
1532259741529231 -0.52832 0.704102 0.752441
1532259741597050 -0.512207 0.75293 0.650879
1532259741671850 -0.415527 0.458984 0.819336
1532259741724709 -0.338867 0.406738 0.867676
1532259741739669 -0.266602 0.296875 0.911133
1532259741799509 -0.239746 0.119629 1.0835
1532259741866330 0.0419922 -0.430664 1.32373
1532259741906223 -0.166992 0.135254 1.09961
1532259741957087 -0.529297 0.727539 0.749512
1532259742008948 -0.494629 0.778809 0.717285
1532259742068788 -0.483398 0.820313 0.679688
1532259742092725 -0.47998 0.703125 0.666016
1532259742174506 -0.341309 0.458496 0.833496
1532259742226366 -0.320313 0.472168 0.890137
1532259742324105 -0.26123 0.239746 1.0415
1532259742428826 -0.0771484 0.277832 0.894043
1532259742466724 -0.0307617 0.158203 0.884277
1532259742504624 -0.0166016 0.285156 0.826172
1532259742519583 -0.145508 0.30957 0.894043
1532259742579423 -0.297363 0.452637 0.858887
1532259742631284 -0.317383 0.359863 0.831543
1532259742707082 0.381348 0.368652 1.21484
1532259742841722 0.369629 0.377441 1.43555
1532259742939461 0.477051 0.370605 0.939453
1532259743007279 0.380859 0.238281 0.965332
1532259743082079 0.326172 0.25293 0.95752
1532259743126959 0.333496 0.207031 0.993652
1532259743194778 0.381348 0.197266 0.957031
1532259743231679 0.380859 0.222168 0.958008
1532259743261599 0.39502 0.232422 0.975586
1532259743336399 0.402832 0.176758 0.92627
1532259743389257 0.407715 0.181641 0.883301
1532259743457084 0.375488 0.171875 0.912598
1532259743493978 0.330078 0.162109 0.988281
1532259743568778 0.38623 0.194336 0.987305
1532259743621651 0.418457 0.221191 0.946777
1532259743764255 0.367676 0.162109 1.03271
1532259743951755 0.302246 0.199219 0.92041
1532259744041513 0.460449 0.196289 1.02979
1532259744124292 0.40332 0.23877 0.966797
1532259744177151 0.315918 0.225586 0.949707
1532259744326750 0.371582 0.22998 0.912109
1532259744394584 0.346191 0.252441 0.967285
1532259744454410 0.333496 0.256348 0.97998
1532259744567107 0.328613 0.281738 0.97998
1532259744671828 0.329102 0.238281 0.935059
1532259744859326 0.27002 0.259766 1.04736
1532259744957074 0.357422 0.287598 0.940918
1532259745008926 0.369629 0.263672 0.900391
1532259745053806 0.360352 0.339355 0.848145
1532259745076745 0.32373 0.335938 0.896973
1532259745129604 0.292969 0.307617 0.9375
1532259745159524 0.271484 0.255371 0.999512
1532259745196425 0.271973 0.21582 1.02197
1532259745211385 0.297852 0.180664 1.06201
1532259745279204 0.32373 0.197266 1.06982
1532259745332062 0.337402 0.239258 1.02295
1532259745354005 0.333984 0.269531 0.994141
1532259745451742 0.373535 0.289551 0.914063
1532259745481662 0.370605 0.282715 0.913086
1532259745526542 0.370117 0.267578 0.918457
1532259745549481 0.360352 0.231445 0.977051
1532259745632260 0.337891 0.177734 0.984375
1532259745654201 0.36084 0.185059 0.973145
1532259745677140 0.36377 0.161621 0.97168
1532259745692099 0.394531 0.165039 0.977539
1532259745736994 0.406738 0.140137 0.93457
1532259745788841 0.399902 0.197754 0.927734
1532259745834728 0.398926 0.208496 0.914551
1532259745856660 0.381348 0.202148 0.91748
1532259745984318 0.391113 0.210449 0.931641

1532259746082057 0.413086 0.184082 0.94043
1532259746133918 0.416992 0.194824 0.95166
1532259746156857 0.408203 0.166016 0.976074
1532259746171817 0.402832 0.177734 0.973145
1532259746224691 0.430176 0.182129 0.948242
1532259746261577 0.427246 0.192383 0.916016
1532259746306456 0.401855 0.191406 0.930664
1532259746359324 0.386719 0.187988 0.944336
1532259746382254 0.38916 0.179199 0.959473
1532259746493955 0.420898 0.175293 0.926758
1532259746508915 0.420898 0.166016 0.926758
1532259746546814 0.400391 0.159668 0.950684
1532259746584712 0.401367 0.168457 0.943848
1532259746606654 0.399414 0.184082 0.957031
1532259746644552 0.396973 0.187012 0.952637
1532259746674472 0.383301 0.17627 0.943848
1532259746696413 0.388184 0.172852 0.937988
1532259746726334 0.437012 0.17334 0.925293
1532259746741294 0.438477 0.17041 0.91748
1532259746764232 0.431641 0.17041 0.932129
1532259746802131 0.41748 0.189941 0.965332
1532259746832051 0.400879 0.205566 0.969727
1532259746861971 0.371094 0.212402 0.981934
1532259746891891 0.360352 0.211914 0.975098
1532259746936771 0.361816 0.192871 0.958008
1532259746974670 0.445313 0.170898 0.901855
1532259747011571 0.427246 0.171387 0.945801
1532259747064430 0.399414 0.20166 0.977051
1532259747094353 0.370605 0.217773 0.985352
1532259747147209 0.354004 0.188965 0.94043
1532259747228989 0.435059 0.175781 0.93457
1532259747252926 0.42334 0.170898 0.951172
1532259747304787 0.348633 0.212891 0.972168
1532259747349667 0.342773 0.195801 0.950684
1532259747386568 0.355957 0.177734 0.939941
1532259747499267 0.4375 0.181641 0.937988
1532259747626926 0.470703 0.158203 0.91748
1532259747648867 0.515625 0.157227 0.966797
1532259747671806 0.546875 0.128906 0.983398
1532259747986963 0.505859 0.208008 1.02539
1532259748061777 0.378418 0.26416 1.08984
1532259748114621 -0.334961 0.201172 0.823242
1532259748151523 -0.337891 0.150879 0.94043
1532259748190428 -0.320801 0.291016 0.892578
1532259748226323 -0.334961 0.355469 0.875
1532259748272200 -0.379883 0.390625 0.836914
1532259748353982 -0.464355 0.541016 0.801758
1532259748413821 -0.438477 0.494141 0.816406
1532259748481640 -0.356934 0.316895 0.946777
1532259748564418 -0.105469 -0.0678711 1.14502
1532259748616280 -0.189453 -0.279297 1.19727
1532259748639219 -0.212402 -0.202637 1.15918
1532259748692077 -0.313477 0.321289 0.999023
1532259748743938 -0.455566 0.535645 0.858887
1532259748758898 -0.481934 0.78418 0.774902
1532259748879576 -0.503418 0.869141 0.609863
1532259748924456 -0.526855 0.834473 0.630371
1532259748946397 -0.486328 0.647949 0.687012
1532259748954376 -0.46875 0.582031 0.696777
1532259749014217 -0.203125 0.362305 0.957031
1532259749082035 -0.205078 0.0527344 1.14209
1532259749156834 0.0649414 -0.129883 1.34326
1532259749299453 -0.460449 0.614746 0.81543
1532259749367272 -0.484375 0.867188 0.60498
1532259749434093 -0.48291 0.706543 0.62793
1532259749471992 -0.440918 0.578125 0.706543
1532259749576712 -0.229492 0.30957 0.931641
1532259749629570 -0.240723 0.179199 1.03467
1532259749651512 -0.199219 0.0229492 0.973633
1532259749711352 0.312988 -0.493652 1.37988
1532259749787149 0.109863 0.157715 0.861328
1532259749817069 -0.11377 0.415527 0.787109
1532259749921789 -0.239258 0.391602 0.894043
1532259749937766 -0.288086 0.172363 0.900391
1532259750041469 0.358398 0.378418 1.11523
1532259750079368 0.30957 0.237305 1.2041
1532259750116269 0.351074 0.140137 1.1499
1532259750154168 0.281738 -0.0185547 1.04443
1532259750207026 0.281738 0.0703125 0.969238
1532259750273847 0.349609 0.320801 0.879883
1532259750349644 0.400391 0.270508 0.976563
1532259750431426 0.32373 0.240723 0.993652
1532259750552104 0.356445 0.233398 0.947266
1532259750611943 0.329102 0.192871 0.95459
1532259750679777 0.305176 0.212402 0.966309
1532259750761544 0.341309 0.233887 0.96582
1532259750784482 0.34375 0.26123 0.966797
1532259750836343 0.345215 0.276367 0.954102
1532259750904174 0.333496 0.273438 0.958496
1532259750986948 0.341309 0.25293 0.973633
1532259751106620 0.352051 0.234863 0.977051
1532259751129558 0.338867 0.224609 0.972168
1532259751181420 0.311523 0.229004 0.955566
1532259751241260 0.321289 0.237793 0.95459
1532259751302098 0.330078 0.227539 0.935547
1532259751444716 0.343262 0.229492 0.94043
1532259751541458 0.291016 0.248535 0.975098
1532259751594316 0.316406 0.250488 0.958984
1532259751654157 0.339844 0.257324 0.904785
1532259751834674 0.262695 0.191895 1.07715
1532259751886535 0.243652 0.147949 1.09082
1532259751909474 0.253418 0.146484 1.07959
1532259752074033 0.335449 0.26123 0.874023
1532259752096972 0.334473 0.283203 0.884766
1532259752141852 0.290039 0.264648 0.940918
1532259752216652 0.283203 0.206543 1.02588
1532259752269511 0.323242 0.193359 1.07373
1532259752291452 0.336914 0.144043 1.05029
1532259752314391 0.351563 0.103516 1.00732
1532259752351292 0.365723 0.205566 0.963379
1532259752412129 0.336914 0.239258 0.962402
1532259752442050 0.318848 0.245605 0.961426
1532259752486929 0.318848 0.260742 0.943848
1532259752501900 0.327637 0.269531 0.938477
1532259752538791 0.35498 0.245605 0.911621
1532259752561729 0.369141 0.226563 0.933594
1532259752599628 0.392578 0.184082 0.931152
1532259752644508 0.384277 0.16748 0.949219
1532259752704349 0.387207 0.179688 0.96582
1532259752796107 0.351074 0.190918 0.984375
1532259752846967 0.327637 0.202148 0.984375
1532259752891847 0.324707 0.213867 0.962891
1532259752974625 0.361816 0.226563 0.942383
1532259753004550 0.381836 0.206543 0.938477
1532259753080343 0.401367 0.213379 0.941895
1532259753109265 0.400879 0.194824 0.956543

1532259753199025 0.37793 0.168457 0.966797
1532259753304758 0.39209 0.198242 0.945313
1532259753334663 0.405273 0.191406 0.938477
1532259753379543 0.394043 0.180664 0.936523
1532259753394502 0.39209 0.19873 0.938477
1532259753424422 0.390625 0.192871 0.941406
1532259753454344 0.381348 0.177246 0.949219
1532259753476284 0.390137 0.172852 0.959473
1532259753537121 0.391602 0.159668 0.958008
1532259753574022 0.39209 0.169434 0.95166
1532259753626881 0.375977 0.179688 0.95459
1532259753648822 0.369141 0.185059 0.950684
1532259753679740 0.362793 0.1875 0.944336
1532259753724620 0.37207 0.19043 0.949707
1532259753814410 0.405762 0.185547 0.9375
1532259753874250 0.356934 0.191895 0.960449
1532259753942068 0.349121 0.193359 0.939453
1532259753964010 0.395996 0.189453 0.938965
1532259754031829 0.398438 0.188965 0.955078
1532259754061760 0.383301 0.193848 0.970215
1532259754091669 0.371582 0.212891 0.978027
1532259754114606 0.34375 0.208008 0.972168
1532259754151509 0.338379 0.186035 0.960449
1532259754211349 0.404297 0.201172 0.945801
1532259754249248 0.359375 0.194824 1.01123
1532259754279167 0.375 0.178711 1.0166
1532259754309087 0.40625 0.147949 1.00049
1532259754339007 0.431641 0.114746 0.972656
1532259754383887 0.479492 0.172363 0.964844
1532259754413807 0.450195 0.187012 0.978516
1532259754444725 0.39502 0.203613 1.00977
1532259754496596 0.307617 0.327637 1.05127
1532259754781823 0.0966797 0.310547 1.07861
1532259754796782 -0.0195313 0.318359 1.04248
1532259754916463 -0.275879 0.325195 0.947754
1532259754999242 -0.302734 0.435059 0.904785
1532259755044121 -0.378906 0.531738 0.826172
1532259755118922 -0.357422 0.566406 0.841797
1532259755148842 -0.261719 0.379883 0.946777
1532259755246581 -0.0864258 0.13623 1.11768
1532259755299439 0.078125 -0.019043 1.20996
1532259755351300 -0.525879 -0.349609 1.03271
1532259755404159 -0.467285 0.385254 0.914551
1532259755449039 -0.428223 0.811035 0.774902
1532259755471977 -0.447266 0.822266 0.736328
1532259755538800 -0.470703 0.796387 0.660156
1532259755681417 -0.45166 0.688477 0.706055
1532259755749236 -0.212402 0.371582 0.921387
1532259756102291 -0.503906 0.531738 0.849121
1532259756133209 -0.399902 0.555664 0.686035
1532259756154153 -0.418945 0.510742 0.708984
1532259756356612 -0.754395 0.0126953 0.972656
1532259756386531 -0.439453 0.387207 1.06738
1532259756469311 -0.207031 0.435547 0.913574
1532259756514190 -0.108887 0.372559 1.01172
1532259756776489 -0.0727539 0.349609 1.08691
1532259756829348 0.172363 0.0844727 1.15771
1532259756993907 0.375488 0.300781 0.962402
1532259757144505 0.354492 0.257324 0.979492
1532259757182405 0.390137 0.15332 0.937988
1532259757212324 0.338867 0.159668 0.932617
1532259757346964 0.283203 0.240723 0.977539
1532259757414782 0.174805 0.268066 0.98291
1532259757436723 0.796387 0.45459 1.05518
1532259757520499 0.944824 0.501465 1.62646
1532259757549422 0.314941 0.302734 0.979004
1532259757564381 0.338379 0.275391 0.979004
1532259757639182 0.333984 0.288574 0.811035
1532259757721977 0.323242 0.226074 0.957031
1532259757788782 0.319336 0.245605 0.946289
1532259757841656 0.328613 0.248535 0.954102
1532259757976281 0.34668 0.240723 0.942383
1532259757999219 0.344727 0.245605 0.953125
1532259758052078 0.33252 0.242676 0.972168
1532259758111918 0.331543 0.253418 1.00391
1532259758141838 0.326172 0.271484 1.01416
1532259758171758 0.330078 0.266602 0.973633
1532259758367235 0.320313 0.263184 0.934082
1532259758397155 0.32959 0.289063 0.89209
1532259758599614 0.282715 0.17334 1.03809
1532259758651476 0.29834 0.290527 1.03174
1532259758674414 0.324219 0.331543 1.03223
1532259758727273 0.342773 0.262695 0.966797
1532259758772152 0.391602 0.271484 0.861328
1532259758809054 0.341309 0.294922 0.859863
1532259758951672 0.316895 0.214844 1.02783
1532259758974611 0.322754 0.102539 1.08496
1532259759049411 0.348145 0.169434 0.978516
1532259759199011 0.371582 0.257324 0.90918
1532259759386509 0.65625 0.074707 1.36621
1532259759424408 -0.259277 -0.0581055 0.994629
1532259759477267 -0.351074 -0.0175781 0.62207
1532259759529140 -0.112793 0.210449 0.523926
1532259759567027 -0.210938 0.00195313 0.797852
1532259759588969 0.798828 0.422363 1.01318
1532259759633848 0.0996094 0.0151367 1.00781
