1532257276459052 -2.125 1.3125 0.75
1532257276468028 3.75 5.6875 1.6875
1532257276524875 -1.375 6.375 -2.5
1532257276546816 -11.1875 7.9375 -7.3125
1532257276593691 9 12.1875 -5.375
1532257276651536 -0.25 15.4375 -1.25
1532257276697414 -1 18.75 2.375
1532257276764235 12.3125 23.5625 -0.1875
1532257276779195 15.9375 26.875 -1.1875
1532257276809115 20.5 29.5 -8.375
1532257276839035 12.875 34.5625 -14.125
1532257276869952 16 35.6875 -10.625
1532257276928835 2.625 42.3125 -5.125
1532257276959752 -1.625 46.75 -4.5625
1532257277019592 -0.625 48.25 -9.4375
1532257277094429 -1.8125 47.5625 -11.3125
1532257277139309 4.375 43.375 -10.875
1532257277177207 -3.3125 44.4375 -5.625
1532257277222088 -5.875 40.375 -2.0625
1532257277409586 2.625 19.375 0.6875
1532257277454466 -5.875 1.0625 1.5
1532257277791564 -8.6875 5.5 7.6875
1532257277859383 0.625 1.1875 3.8125
1532257277957122 0.8125 6.8125 0.25
1532257278129660 3.75 3.8125 0.3125
1532257278174552 2.3125 6.6875 -1.9375
1532257278196482 4.75 7.9375 -3.375
1532257278354061 -60.1875 27.625 55.625
1532257278490695 -61.9375 23.0625 68.1875
1532257278541559 -82.8125 5.625 74.4375
1532257278729057 -42.3125 -35.8125 -24.25
1532257278773938 -22.4375 -7.6875 -48.6875
1532257278826796 7.625 27.9375 -82
1532257278864695 21.6875 35.1875 -84.3125
1532257278894615 26.125 35.5625 -86.4375
1532257278946476 16.375 42.375 -86.6875
1532257278984375 21.9375 50.5 -90.0625
1532257279022273 19.3125 52.8125 -93
1532257279133975 23.0625 61.125 -95.25
1532257279261633 10.625 32.25 -86
1532257279336434 10.5625 1.4375 -43.3125
1532257279382311 2.8125 12.8125 -21.5625
1532257279412231 -4.875 11.6875 -5.3125
1532257279449132 14.6875 -26.4375 49.6875
1532257279523931 -10.875 -44.25 85.9375
1532257279629649 -5.25 -42.25 107.813
1532257279681511 3.375 -48.0625 95.25
1532257279734370 5.6875 -37.8125 81
1532257279787228 -0.125 5.0625 23.6875
1532257279839089 -5.25 19.1875 5.375
1532257279862028 -8.1875 17.875 2.625
1532257279891948 -13.9375 9.3125 5.25
1532257279928850 -7.0625 -2.1875 6.125
1532257279951787 4.6875 -4.375 12
1532257279989686 12.125 -5.6875 11.0625
1532257280064486 5.75 -74.125 -7.5625
1532257280109367 30 -78.125 -1.8125
1532257280162225 66.6875 -104.313 3.375
1532257280266945 26.5 -102.813 21.6875
1532257280319804 60.1875 -100.313 12.125
1532257280709761 13.6875 0.375 8.4375
1532257281016940 7.125 0.375 2.0625
1532257281069798 0 -7.1875 5.25
1532257281151580 25.375 1.25 18.6875
1532257281743995 -2.75 -0.1875 1.4375
1532257281811814 -1.25 -1.875 1.6875
1532257281924512 2.1875 -3.4375 -4.25
1532257281984352 -3.1875 0.3125 0.625
1532257282006294 2.75 1.5 2.5625
1532257282059153 7.375 -0.875 5.5625
1532257282118992 1.875 -0.375 2.9375
1532257282148913 3.1875 -1.375 0.1875
1532257282246651 5.5625 0.375 -1.625
1532257282351371 5.9375 0.0625 -2.375
1532257282464070 -2.25 1.5625 -1.6875
1532257282591728 4.5 1.0625 -0.4375
1532257282764274 1.75 -0.75 -3
1532257282809154 -9.1875 -4 1.5625
1532257282854033 -5.25 -2.375 -0.3125
1532257282876972 -3.1875 2.625 2
1532257282928834 4.5625 4.5625 7.4375
1532257282944791 28.25 0.625 9.3125
1532257282974711 16 0.75 12.4375
1532257283019591 -0.875 2.875 -8
1532257283147249 -15.875 0 -7.1875
1532257283192129 -10.6875 0.125 -6.3125
1532257283237010 -0.6875 -0.8125 -3.3125
1532257283251970 -2.9375 -1.25 0.1875
1532257283409548 8.625 2.1875 7.6875
1532257283633988 -0.6875 -1.625 -3.0625
1532257283814505 -9.25 0.1875 0.5
1532257283851407 -3.0625 -0.5 0.625
1532257283881326 -1.625 -1.4375 0.3125
1532257283964105 -5.75 -1.0625 5.125
1532257284031924 -2.875 -4.25 0.1875
1532257284076803 -5.0625 -3.8125 -0.625
1532257284129662 -3.625 -3.125 -0.5
1532257284181523 -6.1875 -2.6875 0.125
1532257284189501 -4.5 -0.75 2
1532257284309182 -0.375 -2.5 3.0625
1532257284406927 -0.6875 -0.8125 4.5

1532257284466767 -2.6875 -1.625 -0.8125
1532257284692077 6.0625 0 -6.0625
1532257284736957 -4.1875 0.5 -6
1532257284796797 -1.625 0.375 -4.625
1532257284849656 -3.375 1.8125 -1.1875
1532257285082034 -3 -0.875 -0.4375
1532257285141874 -4.1875 -1.4375 -2.8125
1532257285516910 -1.9375 -1 -0.4375
1532257285636623 -1.5 -0.25 -0.1875
1532257285696480 0 -0.25 -0.3125
1532257285809174 0.5 -0.5 0.6875
1532257285913881 -1.125 -0.0625 0.8125
1532257285966741 0.625 0 2.0625
1532257286041540 -2.0625 7.25 -1.0625
1532257286162218 -1.4375 40.8125 -2.0625
1532257286251978 2.5625 75.9375 -23.8125
1532257286281897 -18.125 82.875 -17.9375
1532257286334757 -13.9375 84.8125 -4.375
1532257286364676 1.5625 79.6875 -15.375
1532257286424517 -19.625 64.1875 -16.375
1532257286461418 -17.3125 47.875 -19.625
1532257286514276 -19.125 39.375 -22.3125
1532257286559156 -11.875 33.1875 -25.125
1532257286671854 -18.6875 14.75 -13.375
1532257286776575 -9.6875 -9.0625 2.125
1532257286806494 20.125 -9 1.3125
1532257286912213 9.625 0.5625 2.5625
1532257286942132 1.875 1.625 3.625
1532257287016933 6.5625 2.0625 0.5
1532257287069791 0.5 3.8125 1.625
1532257287234351 -3.125 0 -2.8125
1532257287354030 -2.375 7.0625 5.375
1532257287497646 -5.75 14.625 7.75
1532257287788868 -55.6875 5.5625 41.3125
1532257287811806 -13.6875 -15.25 56.125
1532257287864665 -13.9375 -38.375 37.5625
1532257287901580 -27.5625 -70.75 -3
1532257287976367 -18.8125 -7.9375 -64.0625
1532257287999305 -13.875 10.9375 -64
1532257288037203 -9.5625 27.1875 -69.8125
1532257288067124 9.5625 42.25 -82.5
1532257288112003 -7.875 42.25 -89.125
1532257288141923 7.375 38.4375 -85.125
1532257288178831 30.6875 40.25 -82.125
1532257288224703 29.4375 42.9375 -87.875
1532257288246643 24.9375 45.125 -87.625
1532257288366323 20.8125 56.0625 -84.5625
1532257288501961 26.1875 62.3125 -76.1875
1532257288591721 28.5 14.125 17.5625
1532257288614660 17.25 -1.6875 37.6875
1532257288758276 -36.625 -10.0625 87.375
1532257288824100 -55.375 -35.9375 86.75
1532257288898899 -27 -3.0625 26.375
1532257288921838 -19.875 1.9375 31.8125
1532257288966719 -1.5 -4.0625 30.5625
1532257289011598 7.75 -12.75 29.75
1532257289056479 28 -21.3125 23.5
1532257289086398 39.0625 -31.125 16.0625
1532257289147253 91.1875 -78.5 15.5625
1532257289162195 84.25 -91 19.5
1532257289184137 43.1875 -104.125 14.5625
1532257289207075 42.375 -110.875 11.9375
1532257289319774 62.625 -116.25 5.625
1532257289349693 50.6875 -112.313 2
1532257289424494 11.0625 -61.4375 -3.125
1532257289491315 -6.375 -12.625 3.625
1532257289626952 -0.125 3.375 0.125
1532257289648894 8.6875 1.8125 0.875
1532257290129609 -13.9375 0 -4.125
1532257290398889 -7.875 -4.125 -4
1532257290511587 -2.75 -4.375 2.4375
1532257290571427 3 -2.8125 4.3125
1532257290632264 1.3125 0.5 -3.8125
1532257290856665 11.625 6.25 -9.9375
1532257290961384 -5 -4.6875 -2.9375
1532257291022221 -3.5 -2.8125 -0.3125
1532257291037181 -1.0625 -0.6875 0.75
1532257291186781 5.125 6.3125 6.5
1532257291194760 9.4375 9.0625 9.6875
1532257291246622 16.125 3.8125 14.375
1532257291261582 -0.5625 1 -7.1875
1532257291516899 -26.4375 -1.9375 -15.1875
1532257291569774 -3.6875 8 -2.6875
1532257291734318 13.5625 12.3125 17.8125
1532257291847016 31.9375 5.5 24.625
1532257291966696 -12.0625 -10.6875 -5.0625
1532257292071415 9.0625 5 12.625
1532257292101347 1.875 4.875 0.5
1532257292236973 -8.75 -5.9375 -3.8125
1532257292311773 -9.1875 -5.125 -1.125
1532257292401534 -13.625 -3.75 2.125
1532257292514232 -4.75 -5.6875 2.75

1532257292694753 -0.375 -0.5 -1.4375
1532257292754589 -3.3125 3.4375 0.4375
1532257292852377 -2.5625 3.125 1.375
1532257292904238 -5.125 -0.25 -0.125
1532257292971648 -9.5625 -3.375 -2.0625
1532257293031487 -7.8125 -4.0625 -2.25
1532257293076367 -4.6875 -2.4375 -1.6875
1532257293091328 -0.375 -0.1875 -0.5
1532257293174106 -0.4375 1.0625 0.6875
1532257293248906 0.6875 0.125 0.625
1532257293309744 0.5 -0.3125 -0.1875
1532257293361611 -3.875 7.3125 3
1532257293406491 -4.5 7.5 4
1532257293429430 -0.5 4.5625 4.5625
1532257293466330 1.3125 1.5625 5.125
1532257293512208 -0.0625 -1.3125 2.8125
1532257293534176 -3.4375 1.375 2.5
1532257293594016 0.3125 -2.4375 -0.0625
1532257293638895 0.125 -4.5625 0.125
1532257293684792 0.4375 -3.3125 -0.375
1532257293706714 1.8125 0.9375 0.375
1532257293796474 2.5 -3.75 3.25
1532257293849333 -0.125 -1.5 -0.125
1532257294022903 0.5625 -6.9375 0.5625
1532257294074749 -0.625 -4.0625 -0.1875
1532257294179468 -1.5625 14 -15.8125
1532257294209388 11.75 9.5 12
1532257294254268 42.6875 53.75 17.75
1532257294277207 12.8125 62.25 17.625
1532257294358988 -25.375 81 11.75
1532257294396887 -16.75 86.6875 8.4375
1532257294449745 -15.8125 91.4375 1.0625
1532257294494625 -16.3125 91.4375 -6.1875
1532257294629265 -19.375 49.3125 -27.9375
1532257294682124 -15.875 38 -28.75
1532257294793825 -0.6875 24.125 -19.75
1532257294831724 0.0625 14.5625 -11.1875
1532257294854676 6.5 5.1875 -9.875
1532257294944423 -2.375 -1.1875 2.5625
1532257294959383 17.125 -3.4375 -7.8125
1532257295012241 16.625 -4.1875 -5.1875
1532257295079062 -5.5 1.4375 2.5
1532257295123943 -1 2.0625 3.875
1532257295184780 -1.25 -1.375 -2.9375
1532257295229659 -9.5625 -0.125 0.8125
1532257295289500 -0.125 2.3125 5.875
1532257295349340 -7.1875 -6 -3.125
1532257295402199 2.8125 -7.0625 -1.875
1532257295513899 -2.375 7.625 4.25
1532257295671478 0 2.875 2.625
1532257295799137 -26.3125 9.25 54.25
1532257295858977 -61.3125 14 56.25
1532257295911836 -34.5 -25.625 38.9375
1532257296001596 -2.125 -27.6875 -9.5625
1532257296031515 -10.9375 -22.5625 -38.625
1532257296076396 -27.1875 -15.1875 -65.25
1532257296114294 -0.75 -5.3125 -75
1532257296174134 35.4375 20.5625 -78.9375
1532257296233975 30.9375 37.6875 -87.5
1532257296248934 21.6875 50.0625 -90.0625
1532257296286832 26.625 49.8125 -88
1532257296354652 27.4375 50.25 -92.625
1532257296414491 27.75 49.4375 -82.1875
1532257296444412 28.5625 46.625 -81.75
1532257296579052 14.5625 12.6875 -53.4375
1532257296631911 15 3.125 -46.0625
1532257296691750 -4.3125 -26 17.0625
1532257296766550 6.875 -38.1875 107
1532257296796470 -38.6875 -25.9375 99.1875
1532257296849328 -25.75 -7.1875 57
1532257296902201 -26 -9.75 45.4375
1532257296932107 -22.625 -18.0625 40.5
1532257296998928 -20.375 -21.5625 33.6875
1532257297051788 27.125 -47.0625 21.625
1532257297111628 41.5625 -101.438 13
1532257297156507 33.3125 -105.75 13.8125
1532257297194406 23.25 -121.875 10.9375
1532257297247264 26.25 -114.25 9.25
1532257297269206 33.125 -104.313 4.875
1532257297329046 17 -61.5 3.25
1532257297351985 18.875 -52 7.3125
1532257297382902 21.1875 -38.75 5.8125
1532257297419804 12.4375 -24.5 11.375
1532257297531504 17.1875 -3.25 11.4375
1532257297607302 6.25 -4.375 10
1532257297719018 -16.6875 2.125 1.9375
1532257297771861 1.3125 2.25 3.1875
1532257297869600 -25 -1.4375 -45.75
1532257297891542 -25.0625 -2.3125 -0.25
1532257297936422 -8.875 1.625 -12.5625
1532257297966342 -4.5625 6.75 -1.375
1532257298049120 7.1875 -2.125 -0.1875
1532257298116938 -6.5 -0.75 -2.75
1532257298176779 -9.3125 -0.125 5.25
1532257298251580 0.25 -3.5625 8.8125
1532257298319397 8.75 -1.8125 9.125
1532257298349318 -2.125 -5.25 -13.375
1532257298402176 -5.75 -3.0625 0.875
1532257298506896 2.125 2.625 -3.375
1532257298566736 10.0625 7.4375 4.875
1532257298589674 20.75 2.875 -4.25
1532257298656496 22.875 0.6875 -1.375
1532257298686416 19.125 2.0625 -0.3125
1532257298709355 16.1875 2.4375 -3
1532257298769195 -21.5625 -2.3125 -2.75
1532257298799115 -18.75 -2.5 -1
1532257298843995 -19.3125 -2.8125 1.875
1532257298858955 -4.8125 -0.125 1.6875
1532257298994592 28.1875 1.375 7.5625
1532257299069391 15.375 5.125 -0.5
1532257299076373 9.5 3.75 -1.875
1532257299197051 -32.9375 -0.625 -17.875
1532257299233952 -7 0.3125 2
1532257299263872 -13.8125 0.6875 -7.25
1532257299451372 1.6875 5.25 1.375
1532257299616928 -12.125 2.75 -8.5
1532257299638870 -35.6875 -4.5625 -7
1532257299954027 4.625 -2.375 10.5625
1532257300119583 -4.125 -4.6875 -2.5
1532257300186405 -2.25 -1.875 2.75
1532257300224318 -1.3125 -0.25 3.5
1532257300284144 0.3125 -0.4375 4.1875
1532257300449700 -3.375 -0.8125 -2.5625
1532257300524501 0 0.875 -1.3125

1532257300584341 1.125 0.75 -1.25
1532257300689062 4.375 2 -3.25
1532257300741920 1.9375 3.3125 -3.4375
1532257300794194 -2.0625 0.5 -0.4375
1532257300839074 2.6875 -1.25 -2.125
1532257300906893 -3.625 2.875 0.9375
1532257300967730 -0.125 3.6875 0.5625
1532257301004632 1.1875 0.9375 0.9375
1532257301019592 1.75 0.0625 0.5625
1532257301071453 1.5 -1.5 1.125
1532257301094391 0.9375 -0.9375 0.0625
1532257301124312 -0.0625 0 -0.3125
1532257301139272 -0.6875 0.625 0.4375
1532257301192130 1.125 0.6875 0.625
1532257301229032 2.8125 0.375 0.125
1532257301258952 -0.875 0.6875 0.0625
1532257301281890 -1.4375 0.3125 0.3125
1532257301303832 1.8125 -0.5 -0.125
1532257301364668 1.9375 -0.5 0.5
1532257301409549 -1.4375 -0.5 1.375
1532257301507242 2.6875 -0.375 0.4375
1532257301597002 1.1875 -0.6875 0.875
1532257301671802 3.1875 -1.375 1.8125
1532257301791482 1.1875 -1.375 1.125
1532257301836362 -1.75 -2.0625 0.8125
1532257301897199 0.6875 0.6875 0.5
1532257301949060 0.125 0.6875 0.375
1532257301972020 1.1875 0.375 0.3125
1532257302008928 -1.75 0.5625 0.3125
1532257302053800 -4.875 0.8125 -0.9375
1532257302069760 -2.375 4.75 -0.5
1532257302114637 -9.875 23.0625 -3.6875
1532257302129598 -3.4375 28.1875 -6
1532257302174477 -23.25 42.5625 1.375
1532257302196419 -27.75 48.375 3.875
1532257302264238 -9.5625 61.75 -4.0625
1532257302332056 -9.25 68.25 -8.875
1532257302353998 -18.75 82.25 -19.125
1532257302391897 -34.5 87 -34.4375
1532257302444763 -30.5 83.8125 -28.1875
1532257302549475 -23.75 81.375 -28.25
1532257302617307 -1.625 77.75 -11.9375
1532257302684115 -8.6875 44.0625 -13.3125
1532257302758915 -6.5625 32.375 -7.8125
1532257302841694 -5.875 15.3125 -3.9375
1532257302871614 2.625 1.9375 3.6875
1532257302963368 -0.0625 -3.75 9.875
1532257303014233 -0.125 -5.8125 15.5
1532257303164830 -5.875 1.0625 17.375
1532257303201741 -4.25 6.25 30.25
1532257303239630 -21.5 8.75 39.125
1532257303284509 -31.5625 8.125 45.375
1532257303321411 -38.8125 5.625 47.5625
1532257303351335 -31 -1.9375 48.625
1532257303389229 -36.5625 -0.9375 40.4375
1532257303449069 -43.3125 4.75 37.375
1532257303458045 -39.5625 10.6875 32.875
1532257303486968 -38.4375 15.0625 29.0625
1532257303554787 -37.875 12.125 29.75
1532257303621608 -12.6875 4.75 19.375
1532257303681448 -16.25 -14.875 10.8125
1532257303719346 4.3125 -23.125 3.125
1532257303788163 -24.0625 -35.5 -51.25
1532257303809107 0.9375 -7.0625 -49.625
1532257303847005 27.375 26.1875 -66.625
1532257303868947 34.1875 24.6875 -73.5
1532257303996609 13.8125 30.4375 -90.1875
1532257304041485 16.4375 38.25 -92.6875
1532257304056445 11.1875 44.9375 -92.375
1532257304071406 -0.25 56.375 -95.5625
1532257304109304 2.8125 60.9375 -90.8125
1532257304319741 -4.25 69 -82.75
1532257304439420 -18.3125 -43 82.375
1532257304454381 -17.1875 -45.5625 94.4375
1532257304514221 -11 -69.875 75.0625
1532257304544141 -9.4375 -63.9375 66.625
1532257304574061 -12.1875 -60.0625 53.4375
1532257304611960 -7.4375 -60.4375 50.3125
1532257304648861 -3.875 -60.8125 42.9375
1532257304679778 6.4375 -62.125 33.75
1532257304776519 27.9375 -96.125 47.5
1532257304821400 36.6875 -116.063 33.1875
1532257304874258 52.0625 -121.625 21.6875
1532257304904178 37.5625 -109.875 35.25
1532257304942077 51.625 -72.5625 19.3125
1532257305039815 46.9375 -56.9375 9.0625
1532257305076717 33.625 -51.5625 11.3125
1532257305234296 28.75 -38.625 -1.1875
1532257305279175 -20.6875 -4.4375 11.3125
1532257305347992 -2.875 3.75 0.375
1532257305383895 12.8125 3.9375 9.375
1532257305444739 8.3125 -1.875 16.0625
1532257305451714 16.875 -2.5 14.375
1532257305511554 34.4375 1.5625 18.0625
1532257305647203 -13 0.1875 -5.9375
1532257305841687 1.5625 6.5 -2.0625
1532257305887549 -5.375 1.25 -3.4375
1532257305954383 -12.125 -1.875 -5.1875
1532257305999281 -13.375 -3.5 -4.875
1532257306111979 -2.6875 -5.75 6
1532257306201740 2.125 -6.25 5.3125
1532257306308455 4.25 1.625 -1.9375
1532257306367310 4.125 3.75 -2.375
1532257306538845 0 2.625 -4.375
1532257307034513 -4.875 -3.5625 -1.875
1532257307341692 -16.9375 -2.9375 -1.6875
1532257307679788 0 1.5 3.375
1532257307724668 -3.3125 -2.125 3.5625
1532257307791489 -1.5625 -3 1.4375
1532257307866289 -7.25 -0.6875 1.125
1532257307897206 -4.875 -0.125 1.75
1532257307942087 -2.375 0.75 1.625
1532257308008908 -3.9375 -1.75 4.625
1532257308106646 4.25 -3.4375 3.1875
1532257308121606 2.625 -3.8125 3.3125
1532257308272203 -0.0625 -0.875 -2.4375

1532257308339024 0.125 -0.125 -3.0625
1532257308413840 1.125 0.3125 -1.875
1532257308483666 -3.9375 3.125 -2.5625
1532257308519558 -1.5 -2.25 -2.5625
1532257308623871 -3.875 3.0625 1.0625
1532257308691689 -3.9375 4.6875 0.8125
1532257308789428 -6.625 -3.6875 0.4375
1532257308849268 -3.8125 -2.3125 0.4375
1532257308887171 -4.9375 0.25 -0.375
1532257308961966 -3.3125 2.125 -5.4375
1532257309013827 6.0625 -0.4375 4.25
1532257309111567 -0.3125 -4.3125 2.4375
1532257309141486 0.625 -4.6875 3
1532257309179385 4.8125 -2.3125 3.5625
1532257309292084 -0.0625 -1.9375 0.0625
1532257309343945 2.9375 0.9375 4.5625
1532257309419743 0.1875 -0.625 -1.6875
1532257309471604 -3.8125 -0.6875 -0.0625
1532257309501524 -1.875 -0.375 1.125
1532257309592281 -2.9375 -3.125 0.125
1532257309614222 -1.6875 -2.8125 0.5625
1532257309644142 -0.625 -0.6875 0.4375
1532257309718954 -0.0625 0.0625 0.875
1532257309741881 0.3125 -0.25 0.5
1532257309779779 -0.4375 -0.6875 -0.75
1532257309854580 -2.5625 0.1875 -1.0625
1532257309884500 -1.75 -0.4375 -0.5
1532257309921401 0.75 -0.4375 -0.0625
1532257309952319 1 -0.3125 -0.125
1532257310064020 0.875 -0.625 0.9375
1532257310123859 0.875 -1.625 -2.3125
1532257310146799 -2 -2.625 -4.875
1532257310191678 6.375 15 -6.4375
1532257310229577 -2.375 31.1875 0.875
1532257310244537 2.9375 40.4375 2.0625
1532257310274456 9.25 56.875 6.625
1532257310289417 -2 61 2.875
1532257310358232 -5.875 67.9375 -1
1532257310372195 -6.125 73.875 -4.125
1532257310424057 -27.75 96.0625 -18.5
1532257310439016 -22.875 99.5625 -21.375
1532257310483897 -3.875 100.875 -29.9375
1532257310498857 -1.5 96.875 -34.8125
1532257310604574 -5.8125 79.1875 -37.75
1532257310649454 5.0625 74.1875 -35.375
1532257310709294 -3.75 43.0625 -31.25
1532257310777113 9.5 28.25 -20.5
1532257310881833 -1 14.25 -6.75
1532257310941673 5.6875 1.5 -1.1875
1532257311031433 3.1875 -11.0625 0.0625
1532257311203972 -1.625 -3 19.5
1532257311316670 4.6875 0.4375 -4.125
1532257311369529 3.4375 0.3125 -3.75
1532257311421390 -4.625 2.125 -3.5625
1532257311482227 6 0.6875 -1.125
1532257311542067 4.5 -1.125 11.125
1532257311729565 1.75 5.0625 6.625
1532257311864206 -12.4375 7.5625 13.8125
1532257311932024 -44.625 -12.4375 37.5
1532257311976917 -20.9375 -47.5625 -5.625
1532257312028766 -28.625 -71.375 -25.375
1532257312051705 -36.875 -76 -30.875
1532257312096584 -0.0625 7.625 -71.5625
1532257312134482 0.5625 26.5625 -84.9375
1532257312179363 8.125 51.875 -100.625
1532257312209283 -8.4375 57.5625 -98.125
1532257312314003 16.8125 61.125 -93.5
1532257312336942 27.1875 58.5625 -90
1532257312388803 8.25 21.875 -44.0625
1532257312479560 57.1875 6.6875 -9.1875
1532257312531421 29.5625 -28.25 88.375
1532257312561342 42 -44.5 125.875
1532257312599240 30.5625 -38.6875 122.75
1532257312674040 -4.625 -13.3125 110.875
1532257312786739 -14 5.0625 73.75
1532257312831619 -14.6875 13.1875 44.125
1532257312921379 18.5625 -49.25 3.9375
1532257312929357 19.625 -63.625 3.4375
1532257312974238 1.9375 -90.4375 -9.75
1532257313027112 -29.8125 -107.063 0.5
1532257313071976 9.375 -98.25 1.375
1532257313123837 28.5 -86.3125 -1.375
1532257313214595 6.625 -56.25 6.4375
1532257313379154 -10.8125 -23.25 10.125
1532257313417053 17.875 6.0625 -0.4375
1532257313468915 26.75 3.875 2.375
1532257313521773 -3.9375 3.75 0.0625
1532257313626494 3.5 -2.0625 11.75
1532257313747171 33.0625 1.75 30.4375
1532257314061330 31.8125 -2 11.9375
1532257314309667 -10.625 -3.0625 -3.625
1532257314361527 -6.6875 1.125 -2.3125
1532257314601896 11.125 0.0625 7
1532257314744503 16.375 0.4375 -0.75
1532257314894104 18 3.125 -0.75
1532257314909064 9.5 1.8125 -2.1875
1532257314961922 2.75 1 -3.375
1532257315029741 -23.0625 -2.9375 -2.9375
1532257315066642 -19.5 -2.375 1.375
1532257315179341 24 0.9375 3.0625
1532257315194300 16.125 0.125 1.125
1532257315247159 -0.6875 -0.4375 -2.875
1532257315456599 -1.125 -5.1875 4.3125
1532257315569298 2.5625 2.8125 5.9375
1532257315637117 38.125 0.1875 25.125
1532257315696957 31.6875 1.5625 7.5
1532257315733858 18.75 0.125 4.5625
1532257315779735 -8.0625 2.0625 -7.5625
1532257315899414 2.5 -3.375 -3.3125
1532257315974216 -7.75 -4.75 -0.9375
1532257316049015 -4.9375 -0.6875 2.875
1532257316078935 -3.875 0.125 4.3125
1532257316123815 23.5625 -3.1875 17.625
1532257316169693 -7.5625 -1.875 1.8125
1532257316221554 -24.875 -7.4375 -23.875
1532257316468893 -1.1875 -1.4375 4.5
1532257316656391 -0.375 -1.5 -4.9375
1532257316718252 1.8125 0.8125 -2.4375

1532257316889766 -5.375 -1.0625 -0.8125
1532257316949606 -1.3125 1.3125 1.0625
1532257317062306 -6.375 2.4375 1.125
1532257317226865 1 1.1875 0.1875
1532257317286706 1.8125 1.8125 0.125
1532257317301666 1.8125 2.9375 0.8125
1532257317354524 1.875 2 0.5
1532257317429355 1.0625 1.3125 -0.9375
1532257317542053 -1.8125 1 0.4375
1532257317669713 1.6875 0.375 1.5
1532257317781414 0.4375 0.5 1
1532257317827291 0.0625 0.125 0.0625
1532257317894112 -2 -0.5 -0.875
1532257317917050 -2.125 -0.8125 -0.1875
1532257317938991 -1.5 -0.6875 0.1875
1532257317961931 0.6875 0 -0.125
1532257317991851 0.5625 -0.25 -0.5625
1532257318006811 -0.0625 -0.125 -0.625
1532257318021786 -1.6875 -0.3125 -0.25
1532257318059669 -1.875 -0.4375 -0.25
1532257318119509 0.125 -0.75 -0.0625
1532257318179349 0.5625 -0.9375 -0.1875
1532257318224229 -0.9375 -0.875 -0.375
1532257318269120 -1.8125 -0.8125 -0.5625
1532257318321968 8.6875 3.5625 -4.875
1532257318358869 1.75 23.25 2.625
1532257318419707 2.5 39.8125 8.3125
1532257318449626 -7.875 45.8125 8.8125
1532257318471569 -7.4375 59.1875 0.1875
1532257318501488 -1.9375 66.9375 0.875
1532257318546379 -19.125 81.5625 -4.625
1532257318584267 -22.125 90.125 -9.6875
1532257318637125 -25.0625 92.3125 -22.8125
1532257318696964 -29.0625 88.5625 -29.9375
1532257318771765 -7.1875 77.1875 -33.9375
1532257318816645 -5.1875 67.6875 -33.5625
1532257318884464 -14.625 58.75 -30.5625
1532257318937325 -9.4375 40.875 -18.875
1532257319042042 1 6.25 7.3125
1532257319116843 15.875 0.8125 1.375
1532257319161722 10.4375 2.1875 0.3125
1532257319206602 -1.125 3.0625 0.5625
1532257319259461 9.625 9.125 -4.125
1532257319334260 5.1875 7.625 -0.625
1532257319372160 8.5 7.1875 -0.75
1532257319409060 -5.4375 7.9375 13.125
1532257319461920 -7.3125 8 15.75
1532257319521759 -0.375 7.875 20.9375
1532257319604538 -1.8125 -1.25 41.3125
1532257319671359 -21.25 -0.125 39.375
1532257319702277 -18.75 5.125 25.0625
1532257319777077 -35.8125 2.875 27.3125
1532257319799018 -37.25 -1.4375 24.375
1532257319813978 -31 -6.25 23
1532257319875812 -31.875 -9.25 21.125
1532257319926677 -33.6875 -6.625 22.4375
1532257319949615 -38.5625 2.875 26.125
1532257320031397 -16.25 3.5625 27.1875
1532257320092249 8.375 -15.3125 15.375
1532257320145093 -5.3125 -27.9375 -18.4375
1532257320167034 -10 -20.3125 -43.625
1532257320188975 -29.1875 -5.5625 -75.4375
1532257320218896 -18.75 9.125 -76
1532257320241834 -1.875 21.25 -80
1532257320271754 8 33.1875 -85.375
1532257320340570 23.625 49.75 -92.4375
1532257320399413 19.5 45.1875 -90.0625
1532257320444293 25.125 45.8125 -86.375
1532257320497165 18.5 48.3125 -86.375
1532257320542031 25.5625 42.0625 -86.75
1532257320608853 1.9375 27.3125 -85.625
1532257320639770 9.4375 26.4375 -79.3125
1532257320654729 24.625 16.8125 -63.8125
1532257320669690 12.875 8.375 -53.9375
1532257320797363 29 -19.4375 11.5625
1532257320849210 -8.75 -41.4375 72.125
1532257320909051 -22.9375 -43.0625 96.6875
1532257320999807 -26.875 -50.9375 80.0625
1532257321089567 -14 -39.1875 62.6875
1532257321134447 -17.5 -28.0625 51.5625
1532257321149407 -2.6875 -8.5 19.5625
1532257321224207 5.0625 -2.6875 -2.25
1532257321277068 -17.1875 6.25 -4.8125
1532257321328926 -11.5625 -4.5625 -15.0625
1532257321426665 -11.6875 -46.5 -17.8125
1532257321592223 52.0625 -99.625 1.3125
1532257321688964 55.6875 -86.5 16.375
1532257321735839 37.625 -63.375 18.125
1532257321779722 33.75 -46.4375 15.8125
1532257321854522 16.25 8.375 16.5625
1532257321997140 9.375 7.0625 40.9375
1532257322042019 30.625 6.5625 19.3125
1532257322095876 37.9375 7.375 19.375
1532257322184652 -29.9375 26.5625 8.6875
1532257322259439 -34.875 7.375 3.6875
1532257322357178 2.75 6.6875 2.75
1532257322409039 5.4375 2 4.625
1532257322596537 -16.8125 -5.625 -3.6875
1532257322619476 -1.375 -5.25 -3.5
1532257322656378 -6.3125 5.1875 -9.3125
1532257322671337 -7.1875 3.5 -14.4375
1532257322717215 -1.125 5.5 -15.8125
1532257322739156 1.6875 8.8125 -16.125
1532257322798996 -14.9375 10.75 -14.0625
1532257322881775 -9.3125 -6.5625 -7.6875
1532257322964553 -17.4375 -11.3125 -4.6875
1532257323001455 -4.9375 -10.25 2.625
1532257323032381 -1.75 -7.25 6.5
1532257323069285 7.8125 -1.125 13.375
1532257323084233 14.875 1.625 15
1532257323152052 23.6875 1.875 17.125
1532257323167017 21.0625 2.125 14.4375
1532257323226851 7.3125 2.0625 2.25
1532257323241811 5.0625 2.4375 -1.1875
1532257323294671 2.8125 1 -5.25
1532257323331572 3.8125 1.6875 -7.5
1532257323391412 4.8125 6.25 -9.125
1532257323437289 5.3125 8.25 -7.375
1532257323467209 3.4375 7.5 -7
1532257323482169 5.625 7.5625 -8.3125
1532257323512089 3.5625 5.0625 -5.875
1532257323548991 -2.4375 0.125 -6.1875
1532257323571932 -4.5625 -2.75 -4.875
1532257323601849 -4.375 -5.625 -4.125
1532257323639748 -0.9375 -10.3125 -4.0625
1532257323661689 -4.0625 -8.9375 -3.375
1532257323714548 -8.8125 -4.8125 0.375
1532257323736501 -8.375 -2.625 2.5625
1532257323766409 -2.4375 3.375 6.6875
1532257323782381 -0.875 6.5 9.0625
1532257323797326 2.8125 6.625 10.875
1532257323819268 11.625 5.125 13.75
1532257323887086 20.0625 3.625 14.125
1532257323909028 23.875 3.125 13.125
1532257323953908 -10.1875 -6.375 -6.6875
1532257324021726 -14.3125 -4.9375 -11.25
1532257324074585 -16.3125 -4.0625 -9.5
1532257324187284 -14.625 1.0625 -1
1532257324239145 6.8125 4.625 4.375
1532257324456563 -19.0625 -7.4375 -4.375
1532257324539342 -5.875 -2.25 -1.5
1532257324577241 1.75 0.5625 6
1532257324599182 7.625 1.875 8.8125
1532257324629102 6.75 1.5625 9.125
1532257324703902 0.9375 -0.875 6.3125
1532257324779699 -12.4375 -3.375 -3.5
1532257324824579 -17.375 -7 -5.8125
1532257324869460 -21.8125 -9.5 -7.125
1532257324884420 -20.375 -10.25 -5.5625
1532257324921321 -10.5625 -11.25 -1.3125
1532257324944259 -5.9375 -9.875 1.0625
1532257324974179 -6.875 -8.5625 3.4375
1532257324997117 -5.6875 -7.25 4.0625
1532257325019060 -3.375 -6.375 4.375
1532257325041998 -0.6875 -5.4375 4.4375
1532257325056958 0.75 -4.3125 3.3125
1532257325103833 -1.6875 -3 0.5625
1532257325131757 -4.9375 -2.75 0

1532257325184617 -4.875 -0.0625 -2.5
1532257325251446 -3 0.375 -2.625
1532257325296318 -0.5 0.5 -4.25
1532257325319273 -2.125 0.6875 -3.3125
1532257325364136 -1.5 1.875 -1.8125
1532257325402038 -0.6875 2.125 -1.4375
1532257325438936 -1 1.9375 -0.6875
1532257325514734 1.3125 6.25 3.25
1532257325604494 1 8.125 -3.9375
1532257325619454 1 5.8125 -4.625
1532257325702237 3 2.9375 2.9375
1532257325739134 -10.625 5.4375 -4.125
1532257325821978 -11.1875 6.75 -11.625
1532257325934678 9.375 -3 11.1875
1532257325986538 -2.375 4.1875 6.4375
1532257326031418 -11.1875 13.3125 -11.125
1532257326046378 -4.75 8.6875 -12.8125
1532257326077294 0.3125 1.8125 -9.3125
1532257326167055 4.5 -5.625 9.1875
1532257326256821 17.9375 -6.6875 8.3125
1532257326286742 -17.875 11.625 -13.9375
1532257326324640 2.375 -2.4375 -4.4375
1532257326376502 8.4375 -5.3125 12.9375
1532257326406421 8.9375 -7 11.0625
1532257326482219 4.75 -2.875 8.625
1532257326572009 -5.9375 -2.625 -5.5625
1532257326623871 15 -5.4375 13
1532257326714628 4.125 -1.25 6.3125
1532257326774468 -11.8125 9.125 -11.1875
1532257326819349 -3.5625 0.75 -5.3125
1532257326887166 7.375 -4.75 5.3125
1532257326909108 -1.375 -5.375 1.5625
1532257326939028 -8.5 -3 -2.875
1532257326991886 8.375 2.875 1.1875
1532257327059705 15.0625 4.9375 4
1532257327089625 12.25 11.1875 8.25
1532257327104585 2.9375 19 4.0625
1532257327134504 8 34.8125 -5.0625
1532257327194345 -3.9375 55.5625 -5.3125
1532257327247204 -4.4375 64.125 -15.8125
1532257327307044 -30 73.75 -23.5
1532257327343945 -24.4375 76.875 -26.8125
1532257327381844 -0.75 79.4375 -33.1875
1532257327471604 -15.5625 80.125 -35.25
1532257327659102 -1.25 77.8125 -34.6875
1532257327697001 -1.75 74.3125 -33.75
1532257327718956 -7.9375 70.875 -35.1875
1532257327771801 -5 36.9375 -17.625
1532257327861561 -2.5 11.8125 -1.0625
1532257327989220 8.9375 -6.875 1.5625
1532257328131838 7.6875 -0.9375 8.1875
1532257328244537 -1.8125 0.9375 2.5
1532257328274457 2.625 4.5 7
1532257328453977 -7.75 7.125 11.4375
1532257328604574 -45.75 2.0625 48.9375
1532257328979571 18 23.1875 -83.375
1532257329039411 -11.4375 45.5 -89.125
1532257329084291 16.875 55.875 -96.8125
1532257329233891 30.625 50.1875 -94.5625
1532257329301710 33.125 44.125 -82.375
1532257329586947 -6.1875 -44.75 148.063
1532257329639814 -26.625 -37.25 135.375
1532257329953965 39.625 -131 -11.5625
1532257329991864 35.125 -111.125 -11
1532257330111544 2.375 -67.625 0.6875
1532257330224243 85.625 -60.875 18.4375
1532257330269122 0.3125 -5.1875 7.125
1532257330390798 -0.5 5.8125 5.75
1532257330449641 7.1875 7.4375 4.375
1532257330561341 14.375 0.3125 -0.625
1532257330622179 20.125 8.75 10.875
1532257330959277 17.8125 -0.3125 1.9375
1532257331057015 -17.0625 -1.25 -2.4375
1532257331123846 -15 -1.3125 0.375
1532257331169715 -16.5 -2 4.3125
1532257331191661 -2.4375 1.0625 1.9375
1532257331214595 2 -0.6875 1.75
1532257331266456 7.4375 -2.3125 1.625
1532257331364195 7.9375 -4 -1.75
1532257331476893 2.6875 -0.8125 2.875
1532257331566653 2.4375 2.25 -4
1532257331619512 1 2.5 -6
1532257331656413 2.9375 2.0625 -1.6875
1532257331694312 -2.125 -0.75 -1.375
1532257331971570 27 -4.8125 -0.5
1532257332039389 21.375 0.9375 4.5625
1532257332092247 0.75 1 -2.8125
1532257332152103 -8.625 0.4375 -9.9375
1532257332167047 -13.375 -0.4375 -11.4375
1532257332203949 -22.875 -2.6875 -10
1532257332309666 -19.875 -0.5 0.1875
1532257332369518 2 -0.6875 0.3125
1532257332474226 11.9375 -0.4375 6.75
1532257332593906 -24.25 -3.1875 -3.625
1532257332654743 -10.1875 -3.125 -0.1875
1532257332706605 1 -2.3125 -1.1875
1532257332789383 7.125 -0.1875 -2.0625
1532257332819304 12.375 0.25 -1.375
1532257332879144 6 -1.375 0.875
1532257332917042 -2.375 -1 0.5
1532257332983863 -5.5625 -0.3125 1.9375
1532257333014781 -3.0625 -1.5 3.8125
1532257333044701 -0.875 -1 3.8125
1532257333096562 -2.625 -2.3125 5.75
1532257333111522 -5.9375 -1.75 6.75
1532257333141442 -9.3125 -2.1875 5.1875
1532257333194301 -24 -4.3125 1.125
1532257333232207 -5.8125 -5.5625 1.9375
1532257333313980 -6.6875 -3.5 2.6875
1532257333381799 -6.125 -3.8125 1

1532257333449618 -7.625 -3.625 -1.0625
1532257333501478 -2.0625 -1.625 -2.625
1532257333614178 2.9375 2.625 -4
1532257333652077 -1.5625 1.1875 -2
1532257333688978 -2.625 0.5625 -2.25
1532257333748818 -3.0625 0.4375 -0.1875
1532257333786716 -2.75 0.3125 0.125
1532257333816636 -0.75 0 1.6875
1532257333861516 7.75 0.4375 0.5625
1532257333914375 2.1875 0.0625 0.0625
1532257333989175 -3.8125 2.3125 -2.0625
1532257334027074 -4.0625 1.5 -1.8125
1532257334049015 -6.6875 0.375 -1
1532257334101876 0.625 0.5 0.625
1532257334139772 1.25 0.0625 0.875
1532257334154732 1.375 -0.4375 0.0625
1532257334176673 2.4375 -0.4375 -0.5625
1532257334229589 1.6875 -0.0625 -2.0625
1532257334266490 0.0625 0.6875 -0.25
1532257334289429 -1.5 0.6875 -0.25
1532257334342287 -0.6875 1.8125 -1.5625
1532257334416751 -0.5 4.3125 -3.625
1532257334431711 -0.25 -0.625 -6.375
1532257334581311 -4.875 5.625 2.125
1532257334657108 -2.9375 5.6875 -4.8125
1532257334716949 -2.6875 -8.0625 -1.6875
1532257334753850 -3.875 7.125 0.9375
1532257334814687 0.5 2.75 -12.25
1532257334859567 7.8125 1.375 -8.625
1532257334934390 0.625 -9.5 -4.125
1532257335025575 -0.75 0.25 13.75
1532257335091399 2.125 1.6875 -7.875
1532257335152237 -13.3125 -4.5625 -8.25
1532257335197117 -4.9375 -0.8125 17
1532257335263938 9.375 4.875 12.8125
1532257335429495 1.5 0.1875 4.0625
1532257335653894 -3.0625 2.0625 17.9375
1532257335744652 -5.5 4.25 6.125
1532257335781554 14.4375 13.25 10.1875
1532257335932151 9.5 -2.5 2
1532257336006951 1.1875 -8.0625 -4.8125
1532257336149575 1.9375 0.5625 -0.75
1532257336247319 -6.375 -0.5625 7.0625
1532257336307154 -3.625 1.3125 1.25
1532257336359015 7 -0.5 0.5
1532257336411874 1.3125 0.1875 -2.1875
1532257336501646 -7.125 0.8125 0.25
1532257336576434 -2.3125 1.0625 6.125
1532257336637271 0.875 -0.875 4.5625
1532257336659213 0.125 -2 3.6875
1532257336712071 -4.25 1.125 0.5
1532257336756950 -8.5 -1.1875 -3.625
1532257336831751 4.125 -5.0625 -37.375
1532257336861671 14.9375 9.0625 -4.375
1532257336891591 -5.8125 5.9375 2
1532257336921511 4.5 6.25 1.125
1532257336951431 5.375 12.625 -5.125
1532257336989330 5.8125 28.5625 -7.3125
1532257337042188 -10.875 39.375 -10.5625
1532257337072108 -13.4375 44.75 -11.9375
1532257337116998 1.9375 54.875 -16.5625
1532257337229688 -35.25 81.1875 -14.25
1532257337244647 -24.5625 80.3125 -16.5625
1532257337296508 -20.6875 79.5 -19.5
1532257337394261 8.25 79.5625 1.1875
1532257337424167 0.75 74 3.5625
1532257337469065 -3.3125 53.3125 3.8125
1532257337581746 1.3125 38.3125 0.25
1532257337634604 2.4375 29.625 2
1532257337701426 2.6875 17.625 4.5625
1532257337837062 0.875 -7.6875 20.6875
1532257337859004 0.375 -3.125 18.875
1532257337949761 -6.3125 4.1875 24.5625
1532257338024561 -9.1875 7.9375 29.3125
1532257338129281 -12.625 10.6875 34.9375
1532257338189122 -31.375 21.375 47.25
1532257338263921 11.75 -16.0625 50.25
1532257338369654 -36.125 -62.125 -35.625
1532257338391580 -27.75 -57.1875 -44.9375
1532257338414519 -24.875 -30.3125 -66.25
1532257338474359 9.125 24.5625 -90.4375
1532257338504279 14.0625 32 -98.4375
1532257338527217 9 34.1875 -100.438
1532257338542177 8.8125 33.9375 -101.5
1532257338579079 13.8125 34.0625 -102.813
1532257338631938 15.6875 37.375 -105.625
1532257338646898 12.5625 42.625 -106.25
1532257338744637 -11.375 49.4375 -104.063
1532257338796497 -8.3125 50.875 -98.5
1532257338909196 10.5 25.875 -78.5
1532257338962055 -6.1875 4.625 -54
1532257339021895 11.3125 7.9375 -11.4375
1532257339043837 14 -10.5 18.5625
1532257339111654 -16.375 -27 66
1532257339126614 -21.1875 -24.4375 77.125
1532257339179473 -42.375 -50.25 87.5625
1532257339231340 -34.375 -47.25 91.8125
1532257339314113 -56.875 -56.375 99.875
1532257339418833 -32.75 -53.6875 97.875
1532257339524550 -0.3125 10.875 6.125
1532257339584410 8.6875 10.4375 -7.9375
1532257339614310 3.5 8.125 -7.4375
1532257339637249 10.25 6.8125 -8.25
1532257339667169 6.25 4.75 -6.8125
1532257339704070 2.25 0.375 -5.5625
1532257339786848 -0.3125 1.8125 -4.25
1532257339817767 2.4375 -0.1875 -0.75
1532257339854668 -5.375 -4 1.6875
1532257339921489 -4.5625 -6.0625 1.875
1532257339944428 -2.4375 -8.75 3
1532257339959396 -3.375 -12.6875 5.1875
1532257340004267 -17.375 -22.625 4.75
1532257340058124 23.375 -45 1.1875
1532257340131926 25.625 -76.5 18
1532257340206726 52 -106.563 16.0625
1532257340281526 37.6875 -120.875 18.4375
1532257340387244 58.8125 -119.75 16.5625
1532257340402215 48.4375 -101.688 21.875
1532257340483985 45 -40.8125 7.5
1532257340536843 38.125 -26.5625 3
1532257340568758 15.8125 -7.8125 3.375
1532257340641564 7.0625 0.0625 6.1875
1532257340679462 11.625 -1.6875 3.3125
1532257340777201 -9.6875 4.1875 -3.5625
1532257340890897 28.1875 3.875 19.125
1532257340919819 31.375 0.25 20.5
1532257340979659 23.8125 -7.125 10.3125
1532257341009579 -21.125 -7.0625 -18.25
1532257341107318 -11.875 2.5625 -14.5
1532257341226998 6.5625 3.1875 3.6875
1532257341346678 -15.5625 -0.6875 5.3125
1532257341384577 1.4375 -7.125 -5.375
1532257341491291 -0.875 -5.625 0.25
1532257341536172 -5.9375 -5.875 -3.125
1532257341572075 -10.5625 0.25 -6.5625
1532257341616970 -10 1.625 -6.5
1532257341669822 -9.375 2.1875 -4.375
1532257341684807 -9.625 1.9375 -0.625
1532257341706715 -8.8125 2 2.875
1532257341736635 5.4375 -1.1875 7.8125
1532257341834381 8.75 -0.1875 3.6875
1532257341887232 14.625 -2.5 8.625
1532257341902192 -2.5625 -1 -3.4375
1532257341939094 0.6875 -0.625 -3
1532257341983974 1.5 2.6875 -0.875
1532257342006912 15.8125 3.75 -0.0625
1532257342043814 17.375 6.75 -4.6875
1532257342111632 7.25 3.75 -8.0625
1532257342156512 3.4375 3.25 -6.625
1532257342171472 -0.25 3.3125 -3.8125
1532257342247270 -1.75 -0.0625 -1.6875
1532257342284170 -4.0625 -0.25 1.125
1532257342307110 -0.625 1.25 1.9375
1532257342329050 2.5625 2.875 2.4375
1532257342373931 15.25 3.6875 2.0625
1532257342396869 25.8125 4.5625 4
1532257342418818 26.3125 3.875 6
1532257342471669 12.625 -2.6875 13.0625
1532257342501590 -9.5 -7.5 14.75
1532257342584368 -11 -5.5625 -28.875
1532257342607307 25.6875 -2.1875 -20.1875
1532257342659182 -5.25 1.75 -10.25
1532257342748928 6.1875 14.3125 8.5
1532257342763888 12.6875 11.125 15
1532257342944406 -20.3125 -8 -5.9375
1532257342966347 -9.375 -7.9375 -4.25
1532257343004246 -4.625 -7 1.1875
1532257343049125 -4.3125 -2.5625 -2
1532257343131907 -13.25 0.375 1.4375
1532257343168806 12.3125 -4.0625 4.125
1532257343199722 19.125 -2.875 4.1875
1532257343214683 15.5 0.375 3.875
1532257343274523 -24.875 1.25 4.5625
1532257343311424 -29.75 -9.25 2.75
1532257343334363 -22.375 -8.5625 1.625
1532257343387221 -17.5 -12.125 0.5
1532257343417141 -15.4375 -14.375 -1.5
1532257343469003 -8.375 -18.1875 -5.6875
1532257343664480 -5 -5.75 1.5
1532257343716341 -2.625 -3.75 2

1532257343979636 1 8.25 0.8125
1532257344016538 6 10.0625 2.125
1532257344054437 4.875 9.1875 0.4375
1532257344076378 7.75 6.125 -3
1532257344107296 9.4375 6.5625 -5.0625
1532257344129237 -1.625 5.625 1.8125
1532257344174117 5.875 0.5625 -0.75
1532257344212016 0.375 0.5625 1.75
1532257344279844 2.125 2.1875 -0.125
1532257344331695 13.0625 5.1875 -1.5625
1532257344399553 -18.6875 11.0625 2.5625
1532257344414513 -8.5 11.875 4.375
1532257344489312 3.375 7.375 0.625
1532257344594032 -21.5625 15.3125 12.8125
1532257344624077 5.875 4 -2.3125
1532257344668957 -14.75 8.6875 7.9375
1532257344706855 0.875 -1.875 -21.125
1532257344721825 9.4375 6.5 -22
1532257344774674 -13.8125 -3.125 -21.5
1532257344811575 -31.875 1.6875 -20.8125
1532257344864434 -28.8125 7.125 -31.625
1532257344894354 -45.25 4.4375 -41.1875
1532257344924273 -5.25 19.875 -60
1532257344977139 17.3125 9.4375 -36.625
1532257345073880 21.9375 8.125 -10.3125
1532257345126739 14.5625 8.375 -7.5
1532257345164638 17.25 5.8125 -7.5625
1532257345179597 16.5625 -0.125 -7.25
1532257345239437 3.8125 -2.4375 -5.75
1532257345307255 13.4375 -1.3125 -9.4375
1532257345359117 17.875 1.75 -12
1532257345464844 18.25 0.8125 -18.625
1532257345516696 13.5 8.375 -12.4375
1532257345793955 -1 8.1875 24.75
1532257345846813 13.8125 16.375 20.4375
1532257345981453 22.4375 14.875 14.25
1532257346124072 3.625 72.5625 -4.8125
1532257346236771 -19.3125 114.375 -8.5625
1532257346289629 -38.25 84.3125 -25.25
1532257346311570 -31.9375 73.75 -27.1875
1532257346364429 -19 61.3125 -31.1875
1532257346409309 -0.125 41.9375 -21.25
1532257346462168 -2.625 30 -16.1875
1532257346522008 4.25 2.9375 -6.375
1532257346589826 3 -4.375 4.0625
1532257346619747 3.0625 -7.5 3.5625
1532257346641687 -0.125 -9.125 1.375
1532257346739426 -1.125 -2.1875 0.5625
1532257346867085 4.0625 11.25 6.5625
1532257347069544 -37.25 0.6875 70.3125
1532257347078520 -36.8125 -1.8125 73.6875
1532257347174263 -46.1875 6.875 70.8125
1532257347249063 -34.375 2.8125 68.625
1532257347376722 -15.3125 -39.3125 -34.8125
1532257347429581 -23.125 -24.9375 -71
1532257347527319 9.3125 42.375 -97.5625
1532257347565218 26.9375 45.8125 -102
1532257347924258 9.3125 30.25 -28.3125
1532257347947196 11.0625 19.875 -7.625
1532257347977117 40.25 -1.625 59.3125
1532257348028977 4.0625 -27.25 91.375
1532257348141677 -33.875 -21.375 81.9375
1532257348382034 17.6875 -55.5 40.5625
1532257348569532 10.5625 -90.8125 -16.125
1532257348801926 35.8125 -21.625 -0.1875
1532257349005367 9.6875 -16.875 15.5
1532257349296588 -0.6875 0.375 -8.875
1532257349341468 -4.1875 0.5625 -10.5
1532257349507025 -10.4375 2.125 -6.625
1532257349551917 -4.3125 1.75 -2.25
1532257349694524 -3.375 -5.125 4.5625
1532257349784284 -5.4375 -6.4375 -3.0625
1532257349986743 2.625 3.6875 3.1875
1532257350061543 0.1875 -0.25 -2.3125
1532257350167260 -4.8125 -3 -1.3125
1532257350384678 -2.75 -2.3125 -2.0625
1532257350504358 -6.6875 -7.875 -6
1532257350564198 -6.5 -5.75 -4.8125
1532257350886337 -6.3125 -6.1875 -1.4375
1532257350924236 -2.875 -6.5625 -1.0625
1532257350939196 -3.5625 -6.375 -1.5
1532257350999035 -6.125 -6.125 -1.5625
1532257351074843 -4.4375 -1.625 1.4375
1532257351254353 -18 -9.9375 -0.625
1532257351329152 -12.875 -10.125 -0.25
1532257351344113 -11.1875 -10.9375 1.3125
1532257351458806 -6.0625 -6.4375 4
1532257351494710 -4.375 -6 4.1875
1532257351509671 -4.1875 -6.5 3.3125
1532257351561532 -6.3125 -4.8125 -2.375
1532257351584470 -7.5 -4.875 -4.125
1532257351636332 -9.875 -4.6875 -10.5625

1532257351674229 -7.5625 -4.5625 -14.0625
1532257351689190 3.5625 -1.8125 -14.25
1532257351734070 -31.875 16.375 -8.4375
1532257351763990 -11.8125 43.9375 -5.6875
1532257351786929 1.9375 79.9375 -8.1875
1532257351816849 12.9375 106.688 -6.875
1532257351839787 5.5625 133.313 -1.5625
1532257351861729 -15.6875 160.125 8.3125
1532257351884667 -23.0625 184.063 14.0625
1532257351906609 3.3125 211.125 4.125
1532257351959467 10.75 216.5 -7.75
1532257352019309 -38.4375 214.063 -30.125
1532257352079147 -16.5625 162.313 -32.625
1532257352153947 -8.25 138.625 -39.25
1532257352191846 -1.375 126.688 -37.1875
1532257352244705 10.1875 68.25 -28.75
1532257352289585 9.5625 46.75 -25.6875
1532257352326486 4.5625 4.4375 -6.125
1532257352341446 2.9375 -6.8125 2.1875
1532257352387323 -5.875 -12.125 14.625
1532257352409264 -0.1875 -9.5625 20
1532257352454145 0.875 4 12.6875
1532257352521963 4.25 4.9375 -0.625
1532257352543904 2.0625 -3.5 -0.375
1532257352589782 -0.5625 -6.5625 -2.5
1532257352604741 -1.0625 -4.4375 -1.9375
1532257352626683 3.25 -0.75 -0.25
1532257352649622 2.875 1.375 0.4375
1532257352694502 1.5625 -2.6875 1.125
1532257352731403 -4.6875 -4.5625 4
1532257352769309 -3.5 -2.1875 5
1532257352814182 -9.125 2.6875 9.5625
1532257352888982 -4.25 4.125 5.9375
1532257352934109 -8.375 -3.625 7.1875
1532257352957047 -9 -6.4375 6.25
1532257353008909 -2.625 -30.875 16.5
1532257353054785 -11.5625 -53.5 28.25
1532257353076727 -24.625 -76.5625 44.25
1532257353114626 -53.9375 -129.125 66.125
1532257353204386 5.25 -305.625 11.0625
1532257353219346 65.8125 -302.5 8.9375
1532257353242285 42.25 -284.813 -14.9375
1532257353272205 -33.6875 -253.375 5.625
1532257353294146 -19.5625 -215.938 -4.8125
1532257353317085 0.6875 -176.375 -4.375
1532257353361964 12.25 -115.813 -6.25
1532257353376925 21.5 -94.9375 -11.9375
1532257353391884 39.125 -71.875 -7.5625
1532257353421805 39.25 -53.25 -9.625
1532257353451725 26.0625 -43.8125 -21.3125
1532257353541485 14.375 11.8125 9.25
1532257353579383 55.25 -4.3125 18.0625
1532257353602322 41.625 -10.0625 15.75
1532257353639223 -2.25 0.5 7.25
1532257353692082 12.0625 1.625 3.6875
1532257353728983 11.75 2.0625 4.4375
1532257353743943 6.5625 1.4375 5.75
1532257353781841 1.8125 0.8125 7.75
1532257353819741 8.1875 -0.8125 7.5625
1532257353856641 7.0625 -1.5625 6.4375
1532257353886562 1.1875 -2.375 4.625
1532257353909501 1.5625 0 0.5
1532257353962362 2.5625 -0.5 -2.75
1532257353984301 2.0625 -0.75 -3.8125
1532257353999261 0.125 -0.375 -4.75
1532257354044141 -2 0.75 -2.4375
1532257354082039 -0.125 0.1875 -0.9375
1532257354111959 0.75 -0.875 0.5625
1532257354171799 2.125 -0.25 3.875
1532257354216679 2.0625 0.4375 3.0625
1532257354239618 -0.875 0.375 1.3125
1532257354276519 -0.6875 -0.875 0.875
1532257354299457 0.4375 -1.375 0.5625
1532257354374257 -0.875 -2.8125 1.4375
1532257354404178 -1.0625 -2.5625 1.0625
1532257354449058 0.5625 -3.125 -2.375
1532257354508898 0.125 -2.25 -15.5
1532257354523858 -12.5 7.0625 -19.75
1532257354554775 -37.5625 36.6875 -20.4375
1532257354591676 -23.5625 77 -21.5
1532257354614615 -10.875 90.0625 -19.0625
1532257354674455 4 98.9375 -11.1875
1532257354704375 4.75 105.25 -5.9375
1532257354757234 -7.75 105.563 -14.1875
1532257354794135 -0.4375 92.4375 -6.1875
1532257354854973 -0.4375 90.75 -2.1875
1532257354936754 17.9375 69.9375 5.6875
1532257354966673 -0.75 33.1875 1.6875
1532257355011554 3.0625 33.6875 4.4375
1532257355064412 5.1875 30.125 1.6875
1532257355132230 6.625 24.5625 0
1532257355192075 -3.0625 22.3125 5.8125
1532257355243932 2.25 14.5 -1.625
1532257355349650 4.125 -4.375 3.75
1532257355446391 -1.125 3.4375 13.25
1532257355507228 -3.6875 4.6875 12.6875
1532257355906162 -42.25 12.6875 20.3125
1532257355957025 -10.5 -11.8125 21.25
1532257356008887 15.8125 -57.5 17.125
1532257356054765 3.75 -59.8125 -27.1875
1532257356099644 -11.125 -36.75 -69.875
1532257356151509 12.5625 -27.8125 -77.9375
1532257356234284 53.75 7.4375 -87.25
1532257356279164 32.875 32.25 -97.875
1532257356317062 18.1875 39.25 -102
1532257356339004 19.625 45.1875 -101.063
1532257356376903 18.0625 59.625 -93.25
1532257356406823 25.375 64.25 -91.125
1532257356481623 8.9375 48.875 -70.125
1532257356511543 18.4375 40 -56.3125
1532257356662140 32.0625 13.3125 1.9375
1532257356721980 11.6875 -1.375 63
1532257356736940 6.8125 -17.6875 116.438
1532257356781820 -13.375 -18.375 124.938
1532257356879559 -44.3125 -20.3125 105.125
1532257357022177 -41.0625 -15.4375 68.8125
1532257357269516 15.1875 -67.6875 -31
1532257357352295 -6.5625 -22.5625 -5.0625
1532257357367254 -21.125 7.0625 7.5625
1532257357404156 -14.625 9.0625 15.8125
1532257357427094 10.125 1.5 8.1875
1532257357495910 10.3125 -16.4375 9.0625
1532257357666456 -22.0625 -7.8125 -5
1532257357689393 -18.625 -4.625 -1.875
1532257357772172 9.6875 -2.6875 18.8125
1532257357809073 12.625 1.3125 17.125
1532257357832011 10.625 1.3125 16.1875
1532257357944710 0.4375 -4.0625 -12
1532257358004550 -10.375 -3.5 -16.1875
1532257358049429 -9.5625 -2.25 -14.5625
1532257358079350 -5.9375 -1.5 -14.4375
1532257358117248 -7.125 0.8125 -10.75
1532257358177088 -6.875 1.0625 -2.625
1532257358207009 -6.0625 0.375 0.375
1532257358386530 6.625 -1.75 20.625
1532257358484267 -5.5 -2.125 5.3125
1532257358522166 -0.6875 -4.625 -10.3125
1532257358567046 -4.5 -0.4375 -9.0625
1532257358611930 0 1.5625 -5.4375
1532257358701686 3.8125 2.6875 2.125
1532257358716646 6.6875 3.1875 3
1532257358746566 7.75 5.375 2.9375
1532257358761526 7.125 5.375 3.125
1532257358791446 6.5625 6.125 3.3125
1532257358821366 7.1875 6.625 2.375
1532257358852298 11 6.25 1.0625
1532257358874225 13.4375 5.75 -0.9375
1532257358927083 -1.875 -0.1875 -5.875
1532257358949024 -7.5625 -2.8125 -7
1532257358963984 -11 -5.3125 -7.875
1532257359016843 -11.625 -9.75 -9.1875
1532257359061723 -10.125 -11.5 -8.75
1532257359129542 -8.625 -9.4375 -7.375
1532257359181403 -10.3125 -1.25 -0.125
1532257359219309 1.8125 5.75 7.125
1532257359264182 17.875 8.125 15
1532257359294102 12.1875 5.5 16.25
1532257359346960 3.5625 4.6875 8.4375
1532257359361920 -6.6875 0.625 0.5625
1532257359398822 -12.875 -8.4375 -16.875
1532257359429739 -21.9375 -8.5625 -16.6875
1532257359444716 -22.3125 -9.125 -15.25
1532257359466640 -20.625 -9.3125 -13.75
1532257359489579 -17.5 -8.625 -11.0625
1532257359511520 -14.375 -7.9375 -9
1532257359541441 -11.3125 -5.375 -6
1532257359556401 -8 -2.5625 -2.125
1532257359571360 -4.875 -0.25 1.375
1532257359602292 -0.4375 2.25 5.375
1532257359624219 6.0625 4.4375 9.5625
1532257359647157 12.375 7.1875 12.9375
1532257359662117 16.5 9.1875 16.4375
1532257359684059 20.1875 10.375 21
1532257359713978 19.125 9.25 19
1532257359759868 22.8125 6.3125 13.6875
1532257359781811 14.9375 8.25 6.125
1532257359796758 12 3.125 0.75
1532257359849616 -9.6875 -8.8125 -15
1532257359894496 -10.4375 -10.6875 -17.875
1532257359931397 -18.8125 -9.9375 -15.4375
1532257359946357 -21.625 -9.625 -12.875
1532257359977275 -13.6875 -6.1875 -4.3125
1532257359992235 -11.125 -5.25 0.1875
1532257360014176 -7.5625 -2.5625 2.4375
1532257360059056 1.9375 -0.0625 8.125
1532257360088976 5.75 0.25 11.1875
1532257360118911 8.3125 1.875 15.3125
1532257360149813 9.625 1.5 16.8125
1532257360171754 8.6875 0.5625 16.4375
1532257360201675 7.0625 -1.1875 14.6875
1532257360224613 3.5 -0.9375 14.5
1532257360329333 -9 -4.3125 8.9375
1532257360404133 -5.875 -12.0625 6.0625
1532257360434053 -6.25 -10 8.875
1532257360456992 -3.9375 -7.25 9.375
1532257360478933 -0.1875 -5.625 9.625
1532257360509866 3.875 -4.875 7.3125
1532257360539771 3 -3.4375 5.625
1532257360569691 -4.3125 0.125 0.0625
1532257360606592 -5.25 -0.8125 -2.5
1532257360653466 -4.3125 -1.6875 -3.0625
1532257360666432 -4.625 -2.375 -3.4375

1532257360697348 -1.5625 -2.75 -4
1532257360734251 2 -0.75 -3.9375
1532257360788145 -1.1875 -0.625 -2.375
1532257360809089 -2.625 -3.9375 -1.3125
1532257360839009 -3.5 -2.5625 -1.875
1532257360936747 4.8125 0.3125 0.625
1532257360951708 2.9375 2.3125 2.1875
1532257361011547 3.3125 2.125 -0.125
1532257361064406 -5.6875 -1.4375 -1.3125
1532257361094326 -5 -2.25 -1.3125
1532257361154172 -3.125 -2.375 0.125
1532257361199052 -2.5 -2 1.25
1532257361228973 0.3125 0.125 1.625
1532257361243932 1.0625 1.0625 1.8125
1532257361311751 2.3125 1.6875 1
1532257361349650 1.375 0.1875 -0.125
1532257361386551 -0.0625 -0.125 -1.4375
1532257361424450 -0.0625 -0.625 -1.5
1532257361449383 0.125 0.1875 -1.9375
1532257361462348 0.5625 0.4375 -1.4375
1532257361499250 1.8125 1.4375 -0.5
1532257361537149 1.3125 1.375 -0.5
1532257361567068 1.5625 0.3125 -0.1875
1532257361589010 0.8125 0.3125 0.3125
1532257361603970 -0.6875 -0.125 0.9375
1532257361618939 -2.125 -0.6875 1.125
1532257361656828 -2 -1.5 0.6875
1532257361679767 -2.1875 -1.125 0.375
1532257361731628 -0.8125 -0.0625 -0.25
1532257361776508 1.125 0.3125 -1.0625
1532257361814407 1.25 0.3125 -0.75
1532257361852306 -0.9375 -0.5 -0.5
1532257361897186 0.375 -0.4375 0.0625
1532257361934087 -0.0625 -0.125 0.5
1532257361978967 0.1875 0.3125 0.1875
1532257362039804 -0.3125 -0.5 0.1875
1532257362076706 -0.6875 -0.1875 0.375
1532257362129564 -0.6875 -0.25 -0.6875
1532257362196385 -1.3125 0.0625 0.0625
1532257362324044 -0.4375 0.0625 0.3125
1532257362383884 -0.9375 -1.5625 2.1875
1532257362481623 -14.75 -0.6875 -8
1532257362519522 -26.0625 13.5 -18.0625
1532257362571383 40.25 43.4375 -15.8125
1532257362587341 17.375 53.8125 -7.875
1532257362632220 -12.8125 73.625 4.3125
1532257362654161 4.4375 84.4375 -4.5625
1532257362736940 2.125 91.625 -8.1875
1532257362766860 -10.3125 102.25 -6.1875
1532257362826700 3 88.6875 -17.8125
1532257362871580 8.875 77.1875 -13.5
1532257362931420 1.5 58.4375 -15.375
1532257362954359 -1.375 45.0625 -13.3125
1532257362984279 -1.4375 39.25 -12.6875
1532257363014199 1.25 28.25 -11.6875
1532257363044119 -0.1875 23.75 -10.5
1532257363118919 -1.6875 12.1875 -7.9375
1532257363149850 1.6875 9.5625 -5.625
1532257363224636 6.1875 1.875 0.8125
1532257363276497 7.625 -2.875 10.25
1532257363329356 1.25 -0.3125 8.9375
1532257363404156 1.1875 3.75 2.6875
1532257363457014 -2.1875 -0.5 3.9375
1532257363569714 -0.5625 1.0625 4.375
1532257363659473 -0.9375 4.25 5.375
1532257363681414 -5.25 2 9.3125
1532257363734273 -0.0625 9.1875 8.1875
1532257363787132 -4.875 11.6875 6.75
1532257363951692 -46.8125 11.125 60.875
1532257363981611 -48.4375 6.8125 61.8125
1532257364011532 -35 14.25 56.625
1532257364064390 -37.875 19 52.5625
1532257364109271 -16.75 2.625 37.4375
1532257364184070 -15.5 -53.125 11.8125
1532257364281809 -0.875 -27.4375 -65.25
1532257364334680 -9.3125 2.0625 -76.5
1532257364394507 1.1875 25.625 -87.5
1532257364431409 22.6875 44.875 -80.6875
1532257364507206 32 51.1875 -77.8125
1532257364529147 30 51.25 -77.1875
1532257364567046 35.125 53.25 -70.1875
1532257364626886 40 49.75 -66.3125
1532257364844304 23.0625 -19.0625 76
1532257364927083 -26.5625 -27.9375 71.1875
1532257365001884 -17.75 -45.9375 41.6875
1532257365106603 -22.0625 -61.4375 41.1875
1532257365204342 -21.3125 -157.25 11
1532257365272161 -2.3125 -135.625 -31.375
1532257365294102 19.8125 -125 -40.25
1532257365332009 -15.5625 -56.3125 -19.75
1532257365399819 -37.875 8.375 10.8125
1532257365451681 46.0625 -2.4375 14.125
1532257365489579 23.0625 -5.25 12.8125
1532257365526481 -2.5625 -1.375 11.3125
1532257365572358 -16.0625 0.1875 -6.0625
1532257365766838 3.875 2.125 5.875
1532257365864576 2.625 -3.625 8.25
1532257365954336 5 -4 5.75
1532257366029136 4.5 -0.875 -4
1532257366074016 1.625 3.6875 -5.9375
1532257366096955 4.75 3.25 -5.5
1532257366119894 5.4375 3.5625 -4.6875
1532257366164773 0.625 5.1875 -4.5625
1532257366179734 -0.625 5.3125 -3.875
1532257366216635 1.4375 5.8125 -2.8125
1532257366254534 1.75 4.6875 0.875
1532257366284454 1.8125 4.0625 0.375
1532257366329334 1.125 2.1875 0.3125
1532257366367232 -2.9375 -0.1875 0.6875
1532257366382192 -5.375 -1.1875 1.0625
1532257366427072 -3.0625 -3 2.4375
1532257366456992 -0.875 -3.75 4.125
1532257366486912 -0.25 -4 3.6875
1532257366508871 0.25 -2.8125 3.375
1532257366539771 0.25 -2.125 2.0625
1532257366584662 -3.5625 -1.0625 0.0625
1532257366621552 2.625 0.5625 -1.625
1532257366659451 2.8125 0.75 -1.5
1532257366681392 0.5 0.9375 -1.375
1532257366749211 2 0.375 -3.0625
1532257366764171 2.375 1 -1.5
1532257366787110 2.875 1.25 -0.625
1532257366802069 4.5625 1.5 0.125
1532257366824011 5.8125 2.25 0.75
1532257366853931 7.125 3.125 1.125
1532257366883851 7.0625 5.625 1.0625
1532257366899808 7.125 6.6875 0.5625
1532257366951674 6.5625 7.375 -0.8125
1532257366974608 5.9375 7 -1.9375
1532257367049408 3 4.0625 -5.125
1532257367162106 -5.75 -3.75 -6.5625
1532257367206986 -13.625 -8.5625 -7.625
1532257367228928 -14.875 -9.4375 -4.9375
1532257367281787 -5.0625 -2 4.875
1532257367296746 1.0625 0.875 8.3125
1532257367326667 7 3.875 10.5625
1532257367341626 11.875 5.5 12.6875
1532257367364565 14.1875 5.8125 14.25
1532257367416427 14.9375 5.5 11.875
1532257367454325 11.25 5 9
1532257367507184 -5.5625 -0.1875 0.25
1532257367544085 -11.6875 -7.8125 -8.6875
1532257367679722 -26.5625 -12.75 -12.75
1532257367701665 -25.25 -9.4375 -10.375
1532257367761504 15 4.5 9.5625
1532257367829322 17.9375 4.5 15.3125
1532257367867221 19.5625 3.0625 16.875
1532257367904123 12.3125 -2.75 8.625
1532257367942021 -4.1875 -4.75 -1.8125
1532257367956981 -10.5 -6.5 -6.6875
1532257367993882 -11.875 -6.0625 -13.625
1532257368016821 -14.6875 -4.75 -13.5625
1532257368046741 -18.5625 -4.375 -11.9375
1532257368069680 -21.5 -3.9375 -10.125
1532257368092627 -22.125 -3.4375 -6.875
1532257368114560 -12.0625 -1.625 -1.4375
1532257368144480 -2.8125 -0.9375 1.625
1532257368159440 4.75 0.4375 5.375
1532257368174400 9.6875 1.1875 8.9375
1532257368219294 12.875 0.25 13.5625
1532257368234240 13.75 0.5 14.375
1532257368294080 12.125 1.25 12.9375
1532257368317018 9.375 1.9375 10.625
1532257368346938 -5.1875 -1.75 5.8125
1532257368384841 -8.9375 -2.3125 2.5625
1532257368399797 -10.75 -4 0.25
1532257368421738 -10 -6.1875 -0.875
1532257368451659 -8.4375 -8.0625 -1
1532257368481578 -2.25 -6.625 1.0625
1532257368513493 -1.375 -5.375 1.3125
1532257368534451 -0.3125 -4 2.125
1532257368556378 1.5625 -4.375 3.25
1532257368617215 2.6875 -0.4375 2.5
1532257368662095 -0.3125 -1.1875 0.1875
1532257368721936 0.0625 2.3125 -2.4375

1532257368751856 2.9375 2.3125 -2.25
1532257368789754 3.75 3.6875 -1
1532257368811696 5.125 5.1875 -0.25
1532257368856575 7.4375 6.0625 0.625
1532257368872541 6.5 4.25 0.75
1532257368916415 -6.8125 -4.25 1.0625
1532257368933370 -9.9375 -6.625 1.0625
1532257368977253 -6.125 -8.125 0.1875
1532257369007173 -3.75 -6.5625 0.125
1532257369029114 -3.5625 -4.625 0.375
1532257369067013 -3.75 -0.6875 1.9375
1532257369081973 -3.4375 0.6875 2.5
1532257369118875 -1.4375 1.1875 3.4375
1532257369149792 0.375 1.5625 4
1532257369164751 1.5 1.9375 4.0625
1532257369194671 2.1875 1.6875 3.0625
1532257369261493 -1.625 -0.25 -0.3125
1532257369284431 -1.3125 -0.5625 -0.75
1532257369314351 -0.3125 -0.375 -1
1532257369374191 -0.5 -0.375 -1.375
1532257369429045 0 -1.0625 0.375
1532257369471930 -0.625 -0.5 -0.125
1532257369539749 -0.375 0.1875 -0.3125
1532257369569669 1.8125 1 -0.375
1532257369591610 1.8125 1 -0.4375
1532257369651450 0.75 1 -1
1532257369681370 0.125 0.625 -0.625
1532257369697327 -0.1875 0.3125 -0.1875
1532257369712287 0.375 0.375 -0.0625
1532257369779109 0.625 0 -0.5
1532257369817007 0.875 0.0625 -0.5625
1532257369838949 0 0.75 -0.3125
1532257369861887 0.3125 0.5625 -0.4375
1532257369899786 1.0625 1.125 0.1875
1532257369944666 0.6875 0.6875 -0.3125
1532257369989546 3.9375 -5.5625 0.4375
1532257370057367 -2.9375 -6.75 8.625
1532257370102245 5.6875 -3.9375 8.25
1532257370139146 4.1875 0.3125 -2.25
1532257370169067 -7.4375 0.75 -7.4375
1532257370192004 -10.25 0.875 -5
1532257370228906 -1.1875 2.1875 -1.625
1532257370304702 6.1875 -1.6875 -0.5625
1532257370326644 2.4375 -0.0625 -0.6875
1532257370379503 4.75 0.375 0.3125
1532257370416404 1.5625 0.3125 2.9375
1532257370447322 -0.3125 -0.9375 2.0625
1532257370477242 0.8125 -1.5 0.625
1532257370499183 -0.4375 -0.875 -1
1532257370529103 0.3125 0.375 -0.375
1532257370581962 4.3125 2.125 -0.3125
1532257370603903 3.125 2.125 -0.125
1532257370671722 -0.625 0.875 -0.875
1532257370724580 0.8125 0 -1.5
1532257370776442 4.25 1.3125 -8.9375
1532257370822319 21.8125 27.25 -4.25
1532257370844260 23.0625 38.8125 -2
1532257370904100 -5.5 52.125 12.125
1532257370963941 11.9375 67.8125 -6.125
1532257370986879 2.75 98.75 -13.75
1532257371009818 13.1875 104.875 -17.4375
1532257371039738 22.5625 110.375 -24
1532257371084617 9.75 114 -29.4375
1532257371099577 -1.1875 110.875 -29.875
1532257371197316 -15.9375 96.625 -26.9375
1532257371219258 -10.8125 87.3125 -27.3125
1532257371257156 2.875 64.4375 -26.5625
1532257371287076 -1.1875 47.0625 -20.375
1532257371323977 2.8125 34.9375 -17.125
1532257371376836 4.9375 22 -18.9375
1532257371444655 8.6875 17.75 -11.25
1532257371451635 9.75 15.3125 -9.875
1532257371489535 7.8125 11.0625 -9.3125
1532257371504495 7.125 9.5625 -7.6875
1532257371541396 9.625 -0.5625 -1.9375
1532257371609215 6.625 -9.375 6.875
1532257371706953 1.5625 -9.375 3.6875
1532257371751834 6.25 -2.3125 2.9375
1532257371879492 4.875 6.75 -0.875
1532257372059012 -13.5625 14.3125 45.6875
1532257372103892 -17.625 11.8125 58.9375
1532257372194649 -46.25 5.4375 59.1875
1532257372216590 -72.875 5.9375 50
1532257372322308 -42.125 -5.25 -8.3125
1532257372434009 0.6875 -27.8125 -41.25
1532257372463929 -6.625 -19.625 -50.4375
1532257372606548 15.625 23.6875 -79.6875
1532257372659406 7.5625 31.4375 -90.9375
1532257372704286 0.375 39.4375 -92.75
1532257372727225 5.0625 37.6875 -89.6875
1532257372929683 19.375 4.8125 -0.25
1532257372981545 32.875 5.25 42.6875
1532257373041385 28.375 -16.0625 88.5625
1532257373154083 -14.6875 -31.625 87.0625
1532257373213924 -7.5 -14.125 48.9375
1532257373274772 -27.9375 -3.875 30.25
1532257373424361 -4.8125 -60.3125 9.1875
1532257373433337 -19.4375 -79.75 -8.5
1532257373447300 -24.25 -104.5 -15.125
1532257373477219 14.4375 -145.938 -13.9375
1532257373499161 10.1875 -137.75 -5.4375
1532257373552024 0.8125 -102.063 2.375
1532257373596899 9.4375 -84.5625 -7.3125
1532257373671715 20 -63.625 -10.1875
1532257373746499 4.4375 -37.8125 9.625
1532257373776419 7.4375 17.125 8.375
1532257373791379 21.5 -9.25 3
1532257373822297 -28.3125 -10.25 2.875
1532257373837257 -25.25 -2.25 -2.0625
1532257373874158 -17.125 1.375 -6.4375
1532257373971897 -10.8125 -3.9375 3.8125
1532257374024756 1.875 2.3125 9.0625
1532257374039715 5.4375 1.25 11.125
1532257374061657 6.5625 1.4375 12.5625
1532257374091577 4.875 3.4375 12.9375
1532257374151417 5.4375 2.9375 8.6875
1532257374197294 7.0625 3.25 1
1532257374227214 5.8125 3.4375 -8.125
1532257374272104 6.25 2.1875 -10.8125
1532257374302014 4.1875 2.375 -11.375
1532257374391774 -2.75 4.875 -10.625
1532257374534393 6.1875 4.625 4.6875
1532257374647091 -6.75 -3.1875 6.875
1532257374728872 -2.875 -6.75 5.625
1532257374760787 -2.4375 -6.75 3.875
1532257374774750 -1.0625 -5.25 1.5
1532257374819630 4.1875 2.3125 -2.8125
1532257374834591 6.125 3.75 -3.4375
1532257374879470 7.125 4.875 -3.9375
1532257374909389 6.75 5.0625 -3.6875
1532257374962248 4 3.5 -1.625
1532257375058990 6.875 5.4375 -1.5
1532257375118830 2.25 0.75 -1.5
1532257375149747 -1.6875 -1.9375 -2.625
1532257375186648 -3.5 -3.25 -2.9375
1532257375201608 -5.75 -4.5 -3.1875
1532257375246488 -9.5 -4.25 -5.4375
1532257375261448 -11 -4.8125 -4.75
1532257375329267 -4.25 -3.5625 2.8125
1532257375382125 5.25 2.875 8.1875
1532257375404067 6.8125 3.75 7.6875
1532257375427005 3.5625 5.0625 6.125
1532257375463907 1.3125 2.6875 2.875
1532257375478867 -0.6875 0.3125 0
1532257375494833 -4.8125 -2.5625 -3.3125
1532257375524743 -8.875 -5.5 -4.9375
1532257375546686 -12.5625 -8.25 -5.6875
1532257375576605 -15.5625 -10.3125 -6.375
1532257375644424 -10.8125 -10.75 -6.3125
1532257375666366 -8.375 -9.5625 -3.875
1532257375689303 -6.6875 -8.3125 -0.9375
1532257375704264 -6.375 -4.4375 1.125
1532257375734184 6.625 2.6875 7
1532257375764104 10.5 6 8
1532257375808984 10.1875 8.5 9.75
1532257375831923 14.125 8.125 8.75
1532257375891763 4.3125 5.3125 4.5625
1532257375929661 0.875 2.8125 1.125
1532257375944621 0.0625 -0.625 -3.3125
1532257375981523 -8.3125 -8.1875 -8.625
1532257375996483 -10.6875 -8.625 -9.75
1532257376034381 -8.875 -6.9375 -7.125
1532257376079261 -9.1875 -5.5625 -4.5625
1532257376109181 -4.4375 -2.4375 -0.5
1532257376147080 2.75 -0.875 4.125
1532257376169021 6.25 1.5 6.125
1532257376221880 8.875 5.6875 10.5625
1532257376304659 12.25 7.25 14.125
1532257376424338 0.125 -2.9375 -5.25
1532257376484178 -3.8125 -2.8125 4.0625
1532257376514099 -2.25 -1.3125 5.5
1532257376573939 1.125 -0.875 4
1532257376604856 1 -0.5625 1.125
1532257376649736 -0.5 -0.5625 -1.875
1532257376672675 -2.125 -2.4375 -5

1532257376739495 0.8125 0.6875 -5.75
1532257376776404 -0.5 0.875 -4.125
1532257376799342 -0.25 1.0625 -1.6875
1532257376829262 -1.1875 0.1875 -0.5625
1532257376852213 -4.6875 -1.25 0.4375
1532257376927012 -7.625 -3.3125 0.6875
1532257376963914 -8.5625 -4.125 0.5625
1532257377001814 -7.25 -6.5625 1
1532257377046691 -0.75 -7.4375 0.375
1532257377076612 -5.5 -3.3125 1.3125
1532257377114570 -5.1875 -2.75 2.1875
1532257377136511 -3.5 -2.0625 2.0625
1532257377189370 -1 0.4375 3.125
1532257377227274 -0.0625 0.5625 3.4375
1532257377242236 0.3125 0.4375 2.875
1532257377353936 2.5 1 -1.875
1532257377391835 5 2.375 -3.4375
1532257377467091 3.0625 1.4375 -1.375
1532257377482258 1.125 0 -0.5
1532257377534119 -1.8125 -1.5 0.1875
1532257377572018 -6.125 -3.125 -1.1875
1532257377608919 -4.625 -2.625 -1.1875
1532257377646818 -1.875 -2.0625 -1.0625
1532257377706659 -1.5 -1.1875 0.5
1532257377721618 -1.8125 -0.3125 1.125
1532257377759517 0.5625 0.375 1.125
1532257377797416 1.8125 0.8125 1.5625
1532257377864236 0.9375 0.875 -0.5625
1532257377939037 -1.625 -0.625 -2.6875
1532257378029794 1.1875 -2.6875 2
1532257378051749 2.9375 -1.25 4.5
1532257378081656 5.5625 0.5625 4.5
1532257378096616 6 0.6875 4.5625
1532257378141495 -2.625 0.4375 -0.3125
1532257378164434 -1.875 -0.875 -3.0625
1532257378202337 0 -2.875 -8.3125
1532257378247213 3.1875 -0.75 -9.5
1532257378284114 4.625 4.4375 -9.4375
1532257378314034 14.5625 25.75 -1.9375
1532257378336972 23.25 36.75 -0.5
1532257378404791 24.6875 56.375 6.1875
1532257378479591 19.8125 91.5 -10.4375
1532257378524471 11.375 95.3125 -14.5
1532257378584311 7.4375 98.1875 -27.25
1532257378659112 2 93.5625 -30.625
1532257378816699 -11.625 52.25 -17.25
1532257379131847 2.375 -3.375 2.3125
1532257379244546 -0.6875 14.125 4
1532257379304386 -13.3125 23.125 12.75
1532257379311367 -22.75 27.3125 27.125
1532257379536764 -37.5 5.5 91.4375
1532257379611565 -17.0625 32.625 37.8125
1532257379649463 -14.0625 10.875 18.9375
1532257379709303 -8.8125 -37.375 5.5
1532257379807042 -19 -72.3125 -43.0625
1532257379836962 2.8125 -28.6875 -69.0625
1532257379919741 -17.0625 20.4375 -94
1532257380218941 34.125 34.625 -34.9375
1532257380459297 -39.625 -13.125 106.063
1532257380759494 16.125 -80.4375 31.6875
1532257380774455 19.6875 -93.0625 19.125
1532257380857233 -21.375 -87.25 -30.6875
1532257380902118 36.625 -49.8125 -45.25
1532257380917073 31.1875 -38.25 -47.25
1532257380939028 15.875 -28.375 -33.9375
1532257380953975 1.25 -30.5625 -24.5
1532257380976914 -11.125 -32.125 -18
1532257381029772 4.4375 -37.25 2.9375
1532257381051713 -8.1875 -20.5625 7.4375
1532257381111553 3.5 -7.5625 -10
1532257381157436 -17.125 -9.75 -6.125
1532257381186354 -26.5 -3.625 -5.1875
1532257381224252 -22.25 1.4375 -1
1532257381269135 -2.1875 -3.75 11.1875
1532257381292070 -6.0625 -1.8125 11.9375
1532257381314012 -8.25 -0.75 10.8125
1532257381351911 -5.0625 -0.5625 4.875
1532257381381830 -4.1875 -1 2.5
1532257381404769 -4 -1 1.25
1532257381479569 -1.4375 -5.25 -1.875
1532257381494530 2.9375 -4.8125 -1.625
1532257381509489 4.75 -1.0625 -1.125
1532257381539409 5.125 2.6875 -2.5
1532257381569330 2.6875 3.5 -4.25
1532257381622189 3.125 3.3125 -5.0625
1532257381696987 7.75 5.125 -5.125
1532257381756827 10.4375 5.25 -1.5
1532257381771788 8.0625 5.0625 -2.3125
1532257381816667 6.0625 5.3125 -4.5625
1532257381846588 4.4375 4.8125 -6.1875
1532257381914406 -15.125 -5.125 -5.5625
1532257381959287 -33.9375 -13.9375 -2.5
1532257382021121 -29.8125 -13.375 -0.3125
1532257382071985 -15.375 -9.75 2.1875
1532257382123846 -9.75 -10.0625 1.6875
1532257382176705 0.9375 -8.3125 -2.25
1532257382296385 2.25 -3.8125 5.25
1532257382319323 2.875 -3.5625 3.75
1532257382349244 -6.375 -2.875 4.375
1532257382387142 -0.125 1.0625 2.5625
1532257382409084 4.625 1.375 1.6875
1532257382461942 -1.4375 -0.5625 1.125
1532257382491862 -4.25 -2.3125 0.4375
1532257382514812 -5.875 -3 -0.75
1532257382574640 -7.125 -4.8125 -5.25
1532257382589600 -8.4375 -3.375 -5.1875
1532257382626502 -3.25 -1.6875 -0.75
1532257382649440 -0.5625 -0.75 0.125
1532257382694321 3.8125 1.75 0.9375
1532257382717259 3.8125 4.375 1.875
1532257382739201 2.375 5.625 3.375
1532257382762139 3.5625 7.125 3.5625
1532257382777099 6.25 7.75 3.4375
1532257382792059 9.4375 7.125 4.0625
1532257382828961 8.6875 6.6875 5.1875
1532257382858881 7 6.4375 4.75
1532257382881820 6.375 5.5625 3.6875
1532257382904758 6.5 4.875 1.125
1532257382934678 6.0625 1.6875 -4.125
1532257382986539 4.9375 0.1875 -6.5
1532257383016459 3.5625 -0.0625 -6.5
1532257383054358 -6.75 1.6875 -2.0625
1532257383092257 -3.1875 2.875 -0.375
1532257383129158 6.3125 4.9375 0.6875
1532257383159078 9.5 6.9375 0.6875
1532257383188998 11.1875 8.0625 2.25
1532257383211937 11.375 8.25 3
1532257383271777 8.125 9.375 1.875
1532257383309675 7.125 6.25 -1.8125
1532257383339596 3.1875 1.75 -6
1532257383354555 0.375 -0.1875 -7
1532257383399435 -4.4375 -4.1875 -4.5625
1532257383414395 -7.9375 -5.3125 -3.5
1532257383437333 -9.9375 -6.1875 -1.8125
1532257383467254 -9.75 -7.75 0.375
1532257383497174 -10.3125 -7.9375 0.5625
1532257383534075 -11.0625 -8.375 0.4375
1532257383586934 -10.0625 -7 1.4375
1532257383623835 -10.125 -6 2.3125
1532257383639793 -7.0625 -4.8125 3.3125
1532257383676693 -2.9375 -2.9375 6.5
1532257383699633 -2.4375 -1.1875 8.8125
1532257383721576 -4.0625 -1.625 9.5625
1532257383759472 -4.8125 -2.3125 10.625
1532257383774432 -3.3125 -3.125 11.3125
1532257383796374 -2.75 -4.4375 10.5625
1532257383842251 -0.0625 -7.5625 2.5625
1532257383857212 -1.4375 -8.6875 0.9375
1532257383902091 -6.9375 -6.0625 1
1532257383924033 -6.6875 -5.25 1
1532257383953952 -4.8125 -4.625 0.9375
1532257383976891 -3.8125 -3.875 1
1532257383998833 -1.75 -2.6875 1.3125
1532257384014790 -1.1875 -1.3125 1.75
1532257384036731 -0.6875 -1.25 1.8125
1532257384051692 -0.8125 -1.5625 1.4375
1532257384089589 -0.6875 -1.5 0.6875
1532257384141451 -0.75 -0.5 -0.4375
1532257384187328 -4.8125 -1.875 -1.9375

1532257384217248 -6.3125 -2.875 -2.125
1532257384247168 -5.5 -3.1875 -2.0625
1532257384269117 -2.125 -2.1875 -1.4375
1532257384284069 -0.6875 -1.1875 -0.5625
1532257384299029 -0.8125 -2.1875 1.4375
1532257384343910 -4.375 -3 0.4375
1532257384381808 -5.125 -3.375 -0.25
1532257384412726 -5.0625 -5.0625 -0.5
1532257384471568 -4.625 -5.6875 -2.375
1532257384486528 -3.4375 -5.625 -2.8125
1532257384524427 -3.375 -4.5625 -3.125
1532257384539387 -4.4375 -2.5 -0.8125
1532257384584278 -3.125 -0.5625 1.0625
1532257384599306 -0.8125 -0.8125 1.9375
1532257384644187 1.0625 -0.125 2.25
1532257384689067 0.9375 0.4375 2.125
1532257384718987 1.1875 -0.5625 2.1875
1532257384741926 0.625 -0.5625 1.375
1532257384771845 0.75 -1.1875 1.0625
1532257384794784 0.75 -0.3125 0.5
1532257384831686 1.3125 -0.1875 -0.0625
1532257384861605 0.75 -0.3125 -1.1875
1532257384876566 -0.9375 -0.5625 -1.6875
1532257384914464 -1.625 -1.25 -1.625
1532257384966326 -0.3125 -0.8125 -1.375
1532257385012203 1.75 0.375 -1.25
1532257385027163 0.9375 0.8125 -1.0625
1532257385087003 0.8125 0.25 0.375
1532257385123904 0.75 -0.25 0.3125
1532257385146843 0.75 -0.6875 0.5
1532257385191723 -1.3125 -1.25 -0.5625
1532257385214661 -2.9375 -2.5 -1.6875
1532257385244581 -3.5 -3.4375 -1.625
1532257385296442 -3.625 -3.1875 -1.125
1532257385357280 -1.0625 -1.8125 -0.1875
1532257385379221 -1.625 -2 -1.4375
1532257385417120 -3.6875 -2.3125 -1.875
1532257385514859 -0.6875 -1.4375 -1.0625
1532257385626561 -1.5625 -2.3125 -0.8125
1532257385656480 -3.0625 -2.625 0.4375
1532257385664459 -1.0625 -2.25 0.9375
1532257385717317 1.9375 -1.75 -0.375
1532257385732277 1.9375 -1.4375 -0.3125
1532257385792117 3.25 -2.5625 -7.5625
1532257385896837 20.375 30.75 -8.75
1532257385934736 11.875 42.5625 2.75
1532257385956676 6.5625 54.0625 1.75
1532257386024495 9.4375 94.5 -17.8125
1532257386054415 7.6875 116.25 -27.125
1532257386122234 13.625 123.625 -31.25
1532257386189056 16.875 124.188 -40.375
1532257386263856 -16.375 95.5 -38.6875
1532257386301755 4.75 65.9375 -41.875
1532257386346634 1.6875 49.1875 -33.125
1532257386489252 -0.125 18.8125 -12.375
1532257386542112 -1.4375 14.625 -12.375
1532257386804410 -5.25 -1.6875 5.5
1532257386849290 -8.3125 -1.5625 0.4375
1532257386961988 -0.9375 -2.1875 -8.875
1532257387044772 -4.6875 -3.375 -9.5
1532257387104607 2.6875 2.1875 5.0625
1532257387141509 -3.3125 8.5625 1.875
1532257387322027 -46.0625 -5.125 43
1532257387584325 4.1875 -64.5 -6.0625
1532257387659125 -27.8125 -53.5625 -50.5
1532257387704004 -27.125 -21.1875 -78.5
1532257387748884 -23.625 16.75 -83.25
1532257387809722 -0.4375 21.25 -91.0625
1532257387914442 0.375 44.625 -93.625
1532257387967300 5.4375 55.625 -77.625
1532257388004202 11.9375 69.1875 -64.875
1532257388027140 19.1875 57.5625 -46.0625
1532257388086980 49.875 24.3125 -15.125
1532257388131860 54.625 14.3125 -6.375
1532257388214639 15.9375 -11.6875 3.875
1532257388229599 25.875 -18.75 16.625
1532257388319359 -10.5625 -27.375 70.1875
1532257388394159 -42.375 -20 68.875
1532257388483919 -12.75 -39.4375 42.125
1532257388536778 -8.9375 -46.6875 28.8125
1532257388581658 20.75 -55.5 14.5
1532257388611577 40.3125 -71.875 6.8125
1532257388686378 38.3125 -134.938 -23.25
1532257388717295 12 -118.625 -40.25
1532257388807055 -3.6875 -101 -30
1532257388934724 18.875 20.3125 18.9375
1532257388986575 54 -10 27.875
1532257389016495 33.1875 -19.6875 30.875
1532257389031455 5.5 -17 27.9375
1532257389069354 -1.25 6.125 6.5625
1532257389099273 -1.75 5.375 0.875
1532257389152132 -9.4375 -2.3125 -0.6875
1532257389174074 -10.9375 -4.125 2.1875
1532257389203994 -9.8125 0.3125 3.5625
1532257389241892 -8.75 3.25 3.3125
1532257389263833 -7.5 3.5 5.3125
1532257389294751 -2.4375 2.5625 5.9375
1532257389316692 -1.75 2.625 6.5625
1532257389354591 -1.8125 3.5625 6.375
1532257389376532 3.625 7.3125 3.8125
1532257389406452 9.3125 6.75 1.6875
1532257389429390 10.6875 4.25 -7.5625
1532257389482249 4.8125 0.375 -14.5
1532257389512169 0.6875 0 -14.9375
1532257389542089 -7.4375 2.4375 -11.9375
1532257389616889 -8.625 2.875 -11.875
1532257389842287 -2.6875 -1.0625 9.0625
1532257389902129 1.3125 -1.625 5.4375
1532257389917087 0.9375 -2 2.4375
1532257389932046 2 -1.375 -1.5
1532257389976926 3.75 -1.5 -6.25
1532257389991887 1.375 -1.625 -7.0625
1532257390045742 -3.9375 -2.375 -7.0625
1532257390068690 -3.375 -2.25 -6.5625
1532257390096607 -1.875 -0.8125 -5.25
1532257390119545 1.1875 0.6875 -3.625
1532257390149465 5.75 2.625 -1.9375
1532257390247204 12.8125 7.5 0.25
1532257390284105 14.8125 10.1875 1.9375
1532257390299065 10.1875 6.4375 0.6875
1532257390336964 0.875 -1.375 -3.3125
1532257390373865 -8.6875 -7.375 -6.8125
1532257390426724 -11.4375 -8.75 -6.6875
1532257390456644 -10.4375 -7.5625 -5.0625
1532257390479583 -7.625 -1.1875 -0.5625
1532257390509503 -2.4375 1.5 2.5
1532257390539422 5.4375 3.75 4.875
1532257390614222 12.125 7.4375 7.5
1532257390703982 -5.5 -5.5625 -6.5625
1532257390801721 -19.1875 -15.3125 -15.5625
1532257390846601 -23.375 -12.8125 -12.4375
1532257390899460 -15.625 -6.375 -2.4375
1532257390952318 -6.25 -3.625 0.6875
1532257390974260 6.5625 2.6875 7.9375
1532257391004180 7.375 5.125 11
1532257391093940 0.5625 3 8.9375
1532257391147796 -9 -3.3125 0.6875
1532257391206639 -8.875 -10.5625 -10.125
1532257391304377 -10.0625 -6.4375 -8.375
1532257391409097 5.5 0.3125 14
1532257391432036 8 -0.5 16.25
1532257391476915 8.875 0.375 17.125
1532257391536755 -3.25 -3.25 19.375
1532257391559694 -3.3125 -4.625 14.5625
1532257391589613 -5.875 -6.9375 6.125
1532257391626516 -7.25 -10.75 -5.375
1532257391671395 -4.3125 -8.625 -1.6875
1532257391702313 0.0625 -6.875 3.4375
1532257391732233 -0.5 -5.875 5.25
1532257391792073 1.875 -2.9375 5.5
1532257391814023 1.625 -1.3125 1.875
1532257391858894 -3.6875 -1.8125 -1.8125

1532257391896793 -3.5 -0.6875 -2.25
1532257391911753 -3.1875 -1.125 -1.875
1532257391949651 -3.6875 -0.375 -1.6875
1532257391964611 -5.4375 -1 -0.1875
1532257391986553 -5.8125 -4.75 1.25
1532257392016473 -9 -6.6875 -2
1532257392062373 -9.0625 -7.5 -3.875
1532257392099258 -9.5 -8.8125 -3.375
1532257392122196 -8.5625 -7.5 -3.875
1532257392137169 -5.1875 -8 0.0625
1532257392174070 -4.0625 -7.1875 1.1875
1532257392203990 -0.3125 -5.625 2.6875
1532257392241889 -3.0625 -3.875 3.6875
1532257392256849 -4.75 -3.0625 3.875
1532257392286768 -3.6875 -2.5 3.4375
1532257392301741 -1.4375 -1.75 3.5625
1532257392316689 -0.75 -0.875 3.6875
1532257392369547 -0.75 0.8125 4
1532257392399468 1.125 0.75 3.875
1532257392421426 1.9375 0.5 2.5
1532257392474267 0.1875 0.125 0.875
1532257392542086 2.75 0.1875 -2.125
1532257392572006 3.5625 0.3125 -2.0625
1532257392593948 4.875 0.5625 -1.75
1532257392616885 5.3125 1.4375 -2.0625
1532257392631846 4.875 1.4375 -1.6875
1532257392654785 4.5 1.375 -1.125
1532257392676726 3.6875 1.1875 -0.6875
1532257392691686 3.25 0.8125 -0.0625
1532257392729585 3.375 0.5 0.3125
1532257392759504 2.3125 0.8125 1
1532257392796406 -0.25 -0.125 0.6875
1532257392834304 -0.25 -0.9375 0.4375
1532257392857243 -0.5625 -1 0.3125
1532257392894145 -1.125 -0.5 0.0625
1532257392932043 0.0625 -0.5 -0.0625
1532257392976923 0.625 -0.0625 -0.875
1532257392983905 0.6875 0 -0.875
1532257393014822 0.5625 -0.125 -0.9375
1532257393036763 1.0625 -0.125 -1.0625
1532257393066682 1.5625 0.1875 -1.5625
1532257393096603 0.375 -0.1875 -1.6875
1532257393126523 -2.6875 -1.5 -1.1875
1532257393149462 -2.75 -1.4375 -0.625
1532257393187361 0.375 0 0.8125
1532257393209302 2.25 1.125 0.9375
1532257393262184 3.1875 1.5625 0.5
1532257393299084 2.5625 1.1875 -0.125
1532257393307051 1.4375 1.25 -1.5
1532257393404292 1.5625 1.875 -1.4375
1532257393457150 2.6875 2.125 -0.875
1532257393464131 2 3.3125 -0.875
1532257393502038 1.5 2.0625 -0.3125
1532257393561870 -0.9375 -0.375 -0.125
1532257393576830 -1.3125 -0.9375 0.75
1532257393591790 -1.3125 -1.25 0.75
1532257393636670 1.0625 -1.875 -2.1875
1532257393704489 -9.0625 4.375 -9.0625
1532257393741391 -7.125 13.4375 -13.625
1532257393794248 49 34.6875 -3.4375
1532257393854089 17.0625 72.125 11.375
1532257393906948 3.125 93.25 -4.75
1532257393928888 -6.5 98.625 -6.375
1532257393966788 -4.875 111.375 -12.375
1532257393996710 -1.625 112.5 -17.125
1532257394041590 1.8125 110.125 -17.1875
1532257394147304 7.375 66.5625 -17.9375
1532257394184206 4.4375 57.625 -16.75
1532257394303886 6.875 18.625 -8.5
1532257394394643 9.4375 8.5 -5.5
1532257394671902 2.8125 -3.5 -0.6875
1532257394701837 1.0625 -2.125 0.5625
1532257394761662 7.9375 2.875 -0.6875
1532257394927219 0.6875 2 9.3125
1532257395249358 -28.5625 18.625 43.8125
1532257395347096 -27.75 12.625 55.125
1532257395391976 -22.9375 2.625 53.0625
1532257395429875 -40.1875 -11.375 51.6875
1532257395459795 -35.75 -37.25 36.1875
1532257395513657 -3 -71 14.5625
1532257395556537 -51.5625 -65.0625 -31.4375
1532257395571496 -42.3125 -60.9375 -49.25
1532257395586457 -10.375 -47.5625 -50.4375
1532257395632345 -27.1875 -23.0625 -64.25
1532257395669257 -30.8125 -4.75 -71.125
1532257395737060 -14.75 24.3125 -77.3125
1532257395759001 -11.6875 35.875 -81.3125
1532257395781940 -1.8125 41.875 -80.75
1532257395811860 2.875 47.4375 -77.75
1532257395856740 18.3125 58.8125 -72.25
1532257395871700 25.0625 59.3125 -70.125
1532257395916580 30 56.9375 -64.1875
1532257395954479 26.5625 56.8125 -62
1532257395976419 30.75 41.375 -47.5625
1532257396007337 27.9375 24.4375 -25.375
1532257396067178 39 18.3125 -9.1875
1532257396254675 4.75 -12.75 91.5625
1532257396306538 -6.875 -9.1875 79.4375
1532257396412254 -24.4375 1.375 50.625
1532257396427216 -20.25 3.25 35.0625
1532257396614729 -15.8125 -10.3125 5.875
1532257396689529 -12.8125 -173.063 -1.5
1532257396726430 -8.125 -158.313 -1.0625
1532257396869049 -13.6875 -111.625 -6.0625
1532257396891987 2.75 -87.25 -18.6875
1532257396981747 -3.25 -7.1875 13.3125
1532257397011667 -2.375 -6.375 7
1532257397034607 7.5625 -11.6875 3.375
1532257397064526 -10.125 -11.1875 0.625
1532257397124365 -11.5625 -7.9375 0
1532257397139326 -13.5625 -4 1.4375
1532257397184205 -4.6875 -0.5 8.9375
1532257397259006 -2.0625 0.25 15
1532257397281945 -2.9375 0.0625 15.6875
1532257397303886 -4.125 -0.5625 14.8125
1532257397326825 -4.75 -2.25 14.5
1532257397364723 -11.8125 -4.5 6
1532257397401624 -7.9375 -5.5 0.75
1532257397424563 -7.1875 -5.1875 -1.5
1532257397461464 -3.5 -4.9375 -3.0625
1532257397499363 0.8125 -1.4375 -4.6875
1532257397537262 0.25 -0.875 -5.4375
1532257397574163 3.3125 -0.625 -6.875
1532257397604083 4.5 0.5 -7.125
1532257397627021 9.125 4 -4.5625
1532257397663923 10.0625 4.5 -3.875
1532257397709800 7.125 5.0625 -1.5625
1532257397740718 3.625 4.125 0.9375
1532257397755678 2.9375 2.6875 1.5
1532257397806542 1.4375 1.5 1.1875
1532257397853416 -0.5 0.75 0.8125
1532257397867379 -2.25 -0.75 0.1875
1532257397942179 -5.4375 -3.875 1.5
1532257397964120 -4.6875 -2.8125 1.9375
1532257397979080 -3.125 -2 2.625
1532257398002020 -1.375 -1.375 2.625
1532257398031938 -1.125 -0.5 2.8125
1532257398069843 0.625 0.125 2.5625
1532257398084826 1.6875 0.75 1.8125
1532257398106739 2.6875 1 1.5
1532257398129678 4.5 2.125 1.1875
1532257398166579 8.625 4.375 -0.8125
1532257398196516 11.3125 6.25 -1.625
1532257398226419 14.0625 7.9375 -2
1532257398249358 19.1875 8.875 -1.875
1532257398391976 20.625 8.625 -2.0625
1532257398444834 20 8.25 -3.5
1532257398496697 -17.25 -8.5625 -9.375
1532257398549555 -2.1875 1.75 -0.875
1532257398571497 3.375 6.125 1.125
1532257398631336 18.875 17.125 12.25
1532257398699155 8.8125 15.1875 20.3125
1532257398729075 -1.125 3.3125 9.1875
1532257398752013 -9.375 -5 0.125
1532257398796893 -18.0625 -18.8125 -18.8125
1532257398826814 -18.75 -22.1875 -22.625
1532257398849752 -19.625 -21.5625 -24
1532257398886654 -22 -13.0625 -17.5
1532257398916573 -24.125 -5 -6.875
1532257398940521 -19.5 -1.3125 -2.8125
1532257398969448 7.125 6.25 6.375
1532257399007331 17.875 9.375 12.625
1532257399089112 9.875 13 25.375
1532257399186851 -0.875 -4.8125 -12.5
1532257399224749 -2.75 -6.5 -17.875
1532257399276611 -6.0625 -4.5 -10.375
1532257399306531 -7.25 -3.875 -7.3125
1532257399351411 -5.5625 -3.625 -3.5625
1532257399419230 1.375 -0.5625 3.25
1532257399449149 -0.6875 -0.1875 5.4375
1532257399472088 -4.125 0.125 7.8125
1532257399523949 -10.9375 -0.9375 13.4375
1532257399554878 -15.875 -3.75 13.875
1532257399644627 -12.4375 -11.3125 7.625
1532257399666568 -11.5625 -14.125 1.9375
1532257399689507 -13.25 -15.125 1.875
1532257399726408 -5.875 -12.75 3.3125
1532257399817165 6.3125 -9.5 7
1532257399847085 2.4375 -6 8.25
1532257399862045 -7.4375 -4.8125 3.5625
1532257399906925 -7.0625 -4.1875 0.5625
1532257399936845 -5.75 -4.125 -1.5
1532257399952803 -5.4375 -4.625 -3.25
