1532256958307593 2.625 -0.0625 -0.0625
1532256958322552 1.8125 -0.0625 0.4375
1532256958370424 0.875 -0.1875 -0.0625
1532256958381394 -0.25 -0.25 -0.1875
1532256958456194 1.875 1.0625 -1.0625
1532256958524013 -1.375 2.5625 -0.625
1532256958546952 -1.0625 2.125 -0.3125
1532256958606792 1 0.4375 0.5625
1532256958643693 2.5 -0.125 1
1532256958689570 1.9375 -0.5 1.375
1532256958704530 2.3125 -0.4375 1.3125
1532256958727469 2.75 1.1875 0.125
1532256958779331 1.8125 1.75 -0.3125
1532256958809250 1.125 1.4375 -0.3125
1532256958831192 1.375 1.4375 -1.625
1532256958884051 -1.25 0.8125 -2.375
1532256958899010 -2 -0.5 -2.0625
1532256958921949 -1.5 -1.6875 -1.3125
1532256958951869 -1.6875 -1.625 -0.875
1532256959026669 -0.5625 0.9375 -0.25
1532256959064567 -0.375 1.6875 1.25
1532256959116429 -1.3125 0.75 1.8125
1532256959161308 -2.5625 -1.9375 2.9375
1532256959191229 -2.625 -2.1875 2.75
1532256959244087 -1.375 -2.375 0.5625
1532256959311906 -5.8125 -3.9375 0
1532256959378735 1.125 -1.4375 -0.3125
1532256959408654 0.9375 -0.4375 0.6875
1532256959476473 3.3125 -0.25 0.5
1532256959491433 1.625 -0.1875 0.75
1532256959536313 0.75 -0.125 0.375
1532256959583188 4.9375 1.8125 0
1532256959651006 2.9375 4.5 0.9375
1532256959672948 3.625 5.0625 -0.625
1532256959716830 2 3.8125 -2.625
1532256959753732 0.25 2.9375 -2.6875
1532256959784662 -3 0.75 -3.125
1532256959806590 -2.5 1 -4.125
1532256959844489 -2.3125 0.9375 -1.1875
1532256959904328 1.4375 -0.125 5.375
1532256959950207 1 -0.25 6.25
1532256960002067 3.625 -1.125 5.5625
1532256960038969 2.9375 -3.875 3.125
1532256960113803 -4.75 -3.125 -0.9375
1532256960128763 -4.5625 -2.875 -1.4375
1532256960173643 -0.625 0 -1.5625
1532256960219520 -1 1.1875 -0.6875
1532256960234480 -1.625 1.4375 -0.375
1532256960309280 0.375 -0.5625 -0.5
1532256960339201 -0.75 -0.5625 -2
1532256960392068 -2 -1.0625 -2.625
1532256960458892 -3.3125 -2 -1.25
1532256960518733 -2.625 -1.25 -0.0625
1532256960639410 -1.3125 -0.25 1.3125
1532256960721191 -22.625 18.8125 -14.1875
1532256960744130 -37.0625 31.25 -14.375
1532256960767069 -55.75 59.6875 -16.125
1532256960789010 -55.25 68.375 -28.875
1532256960811948 -63.375 76.9375 -32.3125
1532256960833890 -70.9375 88.625 -27
1532256960856829 -78 97.125 -20.9375
1532256960893730 -92.3125 112.563 -15.3125
1532256960954567 -84.25 116.313 -17.875
1532256960999446 -58.9375 105.188 -19.9375
1532256961081229 -121.688 88.875 -14.625
1532256961246786 -68 51.5 -13.0625
1532256961501134 -27.5625 2.1875 0.0625
1532256961583901 -9.5 -0.5625 -5.5625
1532256961771399 0.5 8.375 5.6875
1532256962003778 -8.75 -13.875 -11.25
1532256962109495 7.75 2.5625 -4.9375
1532256962191292 6.125 4.4375 2
1532256962529372 1.625 2.8125 1.75
1532256962693932 5.75 -4.6875 -1.1875
1532256962896391 -0.5625 -5.25 2.3125
1532256962957228 -1.3125 22.5 32.5625
1532256963009090 5.5625 75.8125 18.9375
1532256963061948 22.0625 83.8125 4.0625
1532256963077906 6.6875 83 0.1875
1532256963128769 11.375 64.75 -15.9375
1532256963151725 7.6875 59.1875 -16.5625
1532256963226517 14.875 44.625 -18.6875
1532256963279375 13.4375 36.25 1.6875
1532256963309295 29.625 31 -12.5625
1532256963339215 30.625 14.375 -12.9375
1532256963377114 19.1875 6.5 -15.5
1532256963399055 3.5 -3 -12
1532256963429009 9.375 -9.125 -16.25
1532256963488849 -0.375 -13.5 0.4375
1532256963503809 2.5 -9.5625 9.625
1532256963557666 -7.8125 7.5625 10
1532256963586588 -2.5625 9.1875 1.0625
1532256963631468 -2.8125 6.6875 -3.4375
1532256963661388 -3.125 5.8125 -8.375
1532256963729207 24 -15.625 -21.25
1532256963782065 39.0625 -29.125 -29.4375
1532256963841904 71.75 -52.75 -50
1532256963969575 167.375 -137.875 -14.3125
1532256964081264 146.188 -133.563 12.4375
1532256964164044 115.438 -121.563 32.25
1532256964246822 -22 31.9375 25.1875
1532256964268780 -28.375 32.625 19.3125
1532256964336582 -28.375 22.25 13.4375
1532256964396421 -33.8125 17 38.625
1532256964434321 -7.75 9 80.5
1532256964449280 -5.6875 7.375 84.75
1532256964486183 -15.375 -11.25 79.625
1532256964532060 -11.75 -30.0625 71.1875
1532256964651740 3.25 -92 1.5
1532256964673681 -0.4375 -92.0625 -12.375
1532256964696620 5.9375 -92.5625 -27.5
1532256964711579 9.125 -87.5 -12.75
1532256964786380 4.6875 -73.5 -13.6875
1532256964884118 -12.125 -51.6875 -11.5
1532256964936977 -25.3125 -38.75 -1.875
1532256965026737 13.75 6.4375 3.5

1532256965048678 11.4375 -10.25 5.875
1532256965071617 -23 0.25 0.0625
1532256965116496 -11.375 1.8125 -4.75
1532256965139436 -6.25 -0.1875 -5.25
1532256965169355 -5.9375 -3.125 -3
1532256965191296 -3.8125 -0.9375 -4.25
1532256965229201 8.6875 0.4375 -4.8125
1532256965304002 1.0625 -2.375 3.3125
1532256965379799 7.8125 0.0625 4.875
1532256965417698 14.75 0.75 10.6875
1532256965469559 15.1875 1.5625 13.125
1532256965521420 22.625 2.1875 17
1532256965604198 28.8125 1.125 17.8125
1532256965626140 24.5625 1.375 15.5
1532256965664522 1.3125 1.25 1.8125
1532256965746303 -12.875 -2.1875 -5.3125
1532256965791183 -12.875 -1.9375 -5.3125
1532256965852021 -2.1875 -1.5 -1.4375
1532256965911860 1.6875 0.6875 1
1532256965948762 4.9375 1.5 1.25
1532256966016580 6.125 1.875 2.3125
1532256966099359 6.25 0.3125 2.1875
1532256966212071 0.5 0.9375 0.0625
1532256966316777 1.0625 2.5 -1.1875
1532256966353679 1.0625 5 -1.8125
1532256966421497 1.0625 3.875 -0.3125
1532256966474364 3.875 1.75 1.75
1532256966504276 2.375 0.8125 3.375
1532256966638916 6.875 -1.5625 4.75
1532256966728676 6.8125 2.5 2.625
1532256966774554 0.5 1.3125 -0.1875
1532256966796494 0.3125 0.5 -1.1875
1532256966819433 -0.1875 -0.125 -2.1875
1532256966834400 -0.9375 -0.4375 -2.5625
1532256966856334 -0.6875 -0.5625 -2.4375
1532256966894234 0.0625 -0.1875 -2.3125
1532256966932132 0.5625 1 -0.8125
1532256966954073 -1 2.625 2.4375
1532256966977012 -0.25 3 3.9375
1532256967006932 0.875 4.0625 4.4375
1532256967029870 2.3125 4.3125 4.3125
1532256967051812 4.9375 2.9375 4.875
1532256967081732 5.5625 1.375 4.0625
1532256967111652 4.375 0.9375 3.625
1532256967141572 1.75 -0.6875 0.6875
1532256967164515 2.1875 -0.1875 -0.875
1532256967186452 1.75 -0.1875 -1.4375
1532256967209391 1.1875 0.125 -2
1532256967269231 2.9375 2 -1.875
1532256967299151 3 2.1875 -1.125
1532256967314111 1.875 1.75 -0.5
1532256967373951 3.4375 0.8125 1.3125
1532256967403870 2.625 1.0625 1
1532256967448751 3.3125 1.5 1
1532256967463710 3 1.625 0.3125
1532256967516569 1.75 1.25 0.125
1532256967539508 0.4375 0 0.25
1532256967554468 -0.1875 -0.3125 0.0625
1532256967584388 -1.625 0.25 -0.9375
1532256967599347 -1.0625 0 -0.5625
1532256967621289 0.4375 0.125 -0.3125
1532256967644228 1.25 -0.125 -0.6875
1532256967666169 1.125 0.125 -0.875
1532256967719027 -1.5625 0.5 -0.875
1532256967763908 -2.0625 -0.1875 0.625
1532256967793828 -1.875 -0.5625 1.25
1532256967808788 -1.625 -0.6875 1
1532256967831727 -2.125 -0.375 0.9375
1532256967884585 -4.0625 -1.25 2.6875
1532256967906527 -4.75 -1.6875 2.1875
1532256967921487 -4.0625 -1.5625 1.625
1532256967966367 -4.25 -1.8125 0.3125
1532256968004265 -2.375 -2.6875 0.75
1532256968034185 -2.0625 -3 0.9375
1532256968049145 -2.625 -2.875 0.8125
1532256968072089 1.125 -3 1.4375
1532256968102003 2.125 -1.625 1.6875
1532256968123945 1.75 -1.4375 1.25
1532256968146884 0.125 -0.5 0
1532256968183784 -2.625 -0.8125 0.125
1532256968206724 -2.9375 -0.5 -0.4375
1532256968236644 -2.8125 -0.5625 -2.5625
1532256968274542 -3.625 -0.625 -2.6875
1532256968304462 -5.6875 -0.6875 -2.0625
1532256968364302 -3.75 -1.75 -1.6875
1532256968424142 -0.8125 -0.625 -0.125
1532256968439102 0.8125 -0.4375 0.3125
1532256968477000 0.375 -0.3125 0.9375
1532256968498942 -1.25 -0.4375 0.875
1532256968521881 -1.125 -0.8125 0.0625
1532256968551801 -0.3125 -0.5625 -0.5
1532256968573742 -0.625 -0.1875 -0.8125
1532256968649540 -0.4375 0.375 -0.625
1532256968701411 0.375 1.25 -0.0625
1532256968716361 -0.25 0.9375 0.3125
1532256968799140 0.3125 0.375 -0.0625
1532256968822078 0.6875 0.5625 -0.6875
1532256968851998 -2.3125 0.3125 -2
1532256968881918 -10.5625 -2.6875 -3.6875
1532256968911838 -19.0625 -5.3125 -2.5625
1532256968933780 -16.4375 -5.0625 -7.3125
1532256968948740 -13.375 -4.5 -16.125
1532256969001598 -4.4375 0.125 -17.5625
1532256969046478 -15 0.5625 -13.25
1532256969076413 -33.3125 1.9375 -1.875
1532256969114304 -32.3125 2.5625 2.1875
1532256969166165 -18 13.5 -0.875
1532256969219033 -103.625 35.5625 -4.4375
1532256969263903 -111.938 46.4375 -5.1875
1532256969278863 -105.688 51.6875 9.25
1532256969301811 -79.6875 73.8125 5.625
1532256969331722 -61.0625 76.9375 11.5625
1532256969369621 -63.9375 79 19.5
1532256969384580 -81.625 81.6875 28
1532256969406522 -93.6875 80.75 32.4375
1532256969436442 -76.125 87.6875 30.9375
1532256969466362 -74.3125 90.5625 31.0625
1532256969496282 -77.625 80.4375 24.125
1532256969557121 -69.25 72.75 18.9375
1532256969631919 -73.8125 73.3125 24.875
1532256969721679 -68.875 62.3125 13.8125
1532256969873274 22.625 8.4375 -27.5625
1532256969895215 25.25 9.6875 -26
1532256969924138 11.9375 16.3125 -21.75
1532256969963034 10.1875 15.8125 -15.125
1532256970073738 14 15.25 -10
1532256970209391 12.125 14.5625 -6.4375
1532256970314110 4.4375 -4.9375 -18.5625
1532256970329070 1.6875 -2.6875 -16.5625
1532256970381928 6.125 3.4375 -3.5625
1532256970493641 -1.4375 5.25 5.625
1532256970719041 1.125 6.6875 10.8125
1532256970823748 8.25 0.125 -3.9375
1532256970876606 3.25 0.125 0.375
1532256970906526 5.6875 0.75 1.75
1532256971021220 2.5 0.4375 4
1532256971072099 0.375 1.625 5.5625
1532256971221683 -1.4375 0.375 4.5625
1532256971289502 -2.6875 1.5625 4.5
1532256971462041 0.25 -1.6875 -4
1532256971574740 -1.3125 -8 -2.3125
1532256971686441 45.5625 89.125 74.25
1532256971701401 52.5625 94.4375 66.8125
1532256971791161 47.9375 65.25 4.75
1532256971830056 27.6875 38.5625 -28.875
1532256971903867 20.5625 16.5 -51.5625
1532256971956725 26.9375 16.75 -76.0625
1532256972046485 24 -16 -50.875
1532256972106325 3.75 -15.0625 -39
1532256972114304 -1.5 -7.1875 -32.5
1532256972159184 -17.1875 4.6875 3.6875
1532256972168167 -11.875 5.25 7.875
1532256972174143 -11.375 5.875 11.625
1532256972212042 -10.25 3.5 10.8125
1532256972233986 -5.25 1.625 8.8125
1532256972271882 -7.4375 -3.5625 9.4375
1532256972316762 11.4375 -22.875 -14.0625
1532256972421482 75.375 -81.3125 11
1532256972429461 90.5 -110.625 -1.4375
1532256972594021 80.6875 -104.688 0.6875
1532256972766560 -33.375 4.25 -10.4375
1532256972939098 -30.9375 11.125 84.3125
1532256972998938 -27.9375 7.875 97.4375
1532256973066757 50.4375 -80.875 29.125
1532256973134575 20.125 -102.875 3.3125
1532256973276197 21 -66.8125 -7.9375
1532256973291157 31 -54.9375 -11.125
1532256973381914 -1.6875 -37.6875 -2.9375
1532256973426794 -34.9375 -12.25 7.8125
1532256973478655 -5.1875 -14.8125 7.6875

1532256973546474 -30.1875 -8.3125 5.4375
1532256973569413 -20.6875 -2 1
1532256973606314 -2.1875 1.4375 -1.3125
1532256973689092 8.25 -2.25 2.4375
1532256973726991 10.8125 -2.625 2.1875
1532256973771872 12.8125 -2.375 5.5
1532256973861631 7.8125 1.6875 7.5
1532256973959370 7.8125 1.4375 7.0625
1532256974011244 4.9375 1.25 3.875
1532256974049142 2.5625 0.5625 1.4375
1532256974094023 2.125 1 1.6875
1532256974131921 2.5625 0.8125 2.0625
1532256974146881 3.625 1.0625 1.75
1532256974183782 2.5625 1.3125 2.0625
1532256974206721 2 1.375 2.0625
1532256974236641 1.9375 0.5 1.5625
1532256974266561 1.625 -0.125 0.5
1532256974304459 1.3125 0.25 0.0625
1532256974341361 0.625 0.75 0
1532256974364299 1.5625 1.3125 0.25
1532256974379260 1.375 1.8125 0.3125
1532256974416161 0.1875 1 0.5
1532256974432118 0.3125 0.625 0.1875
1532256974476998 1.4375 0.3125 0.0625
1532256974513900 2.375 0.375 -0.4375
1532256974543819 1.5 0.0625 -0.25
1532256974566758 0.3125 0 -0.0625
1532256974588699 1.125 0.1875 -0.4375
1532256974603660 1.625 -0.125 -0.4375
1532256974626598 1.25 -0.125 -0.25
1532256974649537 0.5 -0.1875 -0.125
1532256974686438 0.25 -0.375 0.0625
1532256974731318 0.8125 -0.4375 0.0625
1532256974754256 1.5625 -0.375 0
1532256974761238 1.75 -0.5625 -0.1875
1532256974791158 1.1875 -0.4375 -0.375
1532256974844017 -0.1875 -0.4375 0.375
1532256974881915 0 0.125 0.25
1532256974933776 0.625 0.125 1.3125
1532256974986636 3.0625 0.625 1.6875
1532256975016555 3.75 0.8125 1.375
1532256975091356 1.5625 1.9375 1.375
1532256975144214 3 1 1.125
1532256975174134 2.1875 0.75 0.875
1532256975219014 4.0625 1.375 -0.75
1532256975256913 3.9375 2.0625 -0.9375
1532256975293814 1.5 2.375 -0.625
1532256975316753 2.0625 2 -0.0625
1532256975346672 2.5625 1.375 0.1875
1532256975368624 2.9375 0.75 0.3125
1532256975399531 2.125 0.6875 0.0625
1532256975414491 0.875 0.6875 0.5
1532256975459371 1.8125 0.625 1.375
1532256975489291 2.6875 0.8125 1.875
1532256975579052 2.25 0.625 1.1875
1532256975601989 1.75 -0.6875 1.75
1532256975631910 2.5 -0.8125 0.1875
1532256975691750 0.4375 1.875 -2.4375
1532256975713691 -2 1.1875 -3.0625
1532256975759570 -4.0625 0.375 -3.4375
1532256975796470 -4.25 -1.3125 -4.125
1532256975811430 -4.5 -1.875 -3.5625
1532256975826389 -4.0625 -1.375 -3.0625
1532256975849329 -4.125 -0.5625 -2.375
1532256975871270 -3.6875 0.0625 -1.4375
1532256975901189 -2.8125 0.875 -0.5625
1532256975939089 0.375 2.25 2.375
1532256975977985 1.3125 2.375 3.375
1532256976037836 -0.8125 2.6875 4.375
1532256976096667 -0.375 -0.5 2.3125
1532256976186427 -2.6875 -1.5 -2.4375
1532256976209366 -0.875 -1.375 -2.3125
1532256976292144 -1.6875 -0.1875 0.125
1532256976366944 -0.5625 0.0625 0.875
1532256976396865 0.3125 0.6875 1.8125
1532256976426785 4.0625 2 3.125
1532256976478646 3.9375 1.0625 2.1875
1532256976584363 1.3125 1.3125 -0.6875
1532256976600321 1.3125 1.375 -1.0625
1532256976636225 1.875 1 -1
1532256976674123 1.625 1.125 -1.375
1532256976697062 1.25 1.3125 -2.375
1532256976733963 -0.1875 1.1875 -2.3125
1532256976748922 -1.9375 1.375 -1.8125
1532256976771862 -2.625 0.875 -0.6875
1532256976786822 -1.125 0.3125 -0.6875
1532256976808763 0.875 0.1875 -0.4375
1532256976831701 1.3125 0 0.0625
1532256976884560 -1.3125 0.5625 1.125
1532256976914480 -1 0.75 1.6875
1532256976936421 0.375 0.6875 2.5
1532256976966342 0.375 0.375 2.125
1532256976981301 -0.8125 0.125 1.5625
1532256976996270 -1.75 0.25 1.75
1532256977026181 -0.9375 -1.5625 0.6875
1532256977049120 -1 -1.875 -1.5
1532256977087019 -2.3125 -1.75 -1.625
1532256977124920 -2.5625 -1.25 -2.3125
1532256977176779 -3.5625 -2 -1.5625
1532256977213680 -3.0625 -2.4375 -1.125
1532256977319397 -1.5625 0.75 -0.1875
1532256977394198 -3.75 -1.1875 -2.0625
1532256977462016 -1.1875 -0.625 -1.6875
1532256977521856 -0.5 -0.0625 0.75
1532256977536816 0.5625 0.1875 1.3125
1532256977558758 -0.9375 0.25 1.375
1532256977581696 -4.125 -0.75 0.8125
1532256977634555 -3.125 -2.125 0.125
1532256977679435 -4.875 -2.5 -2.125
1532256977716336 -17.4375 -5.6875 -5.6875
1532256977739274 -15.0625 -4.9375 -6
1532256977761216 -4.9375 -3.75 -15.5625
1532256977791136 -20.625 1.9375 -22.375
1532256977814075 -10.0625 12.75 -25.75
1532256977858977 -41.3125 26.25 -22.9375
1532256977888875 -60.875 32.75 -17.0625
1532256977933755 -81 58.5 -18.0625
1532256977948715 -85.5625 72.25 -16.5625
1532256977971653 -97.1875 82.375 -16.5
1532256978016533 -97.875 94.625 -4.3125
1532256978046453 -98.125 98.875 -3.8125
1532256978069401 -99.125 98.0625 3.625
1532256978099312 -95.0625 76.125 0.4375
1532256978121253 -82.1875 71.875 -0.5
1532256978151187 -88.75 65.875 5.4375
1532256978174112 -98.125 52.9375 12.1875
1532256978241930 -50.875 40.125 2.9375
1532256978271850 -48.1875 41 -0.75
1532256978316730 -52.3125 40.0625 7.875
1532256978436410 -20.5625 34.375 -14.25
1532256978481291 -4.625 15.3125 -25.3125
1532256978564068 -3.8125 -6.6875 -33.125
1532256978587008 3.5625 -6.9375 -26.5625
1532256978653829 8.125 3.5625 7.375
1532256978713669 10.375 3.5 10.6875
1532256978819387 8.0625 5.125 13.75
1532256978879226 4.4375 8.1875 19.3125
1532256979179424 2.6875 -0.5 -3.1875
1532256979224304 2.5625 1.4375 -0.5625
1532256979381882 -2.125 -2.1875 7.5
1532256979426762 -6.4375 -1.4375 -2.375
1532256979486602 -0.0625 -1 -8.8125
1532256979509541 2.4375 1.125 -2.5625
1532256979599301 4.3125 3.6875 2.25
1532256979704020 5.4375 3.75 2.5
1532256979876559 1.4375 2.8125 6.3125
1532256979951360 4.75 -0.1875 5.75
1532256980042116 7.5 -9.1875 5.25
1532256980064058 22.1875 10.875 22.875
1532256980086996 48.6875 26.125 23.3125
1532256980116916 13.6875 72.8125 30.875
1532256980176756 -10.75 84.9375 26.6875
1532256980221637 -49.125 67.5625 24.8125
1532256980244587 -60.625 47.1875 22.5
1532256980266516 -56.125 40 18
1532256980341316 -44.4375 32.5625 10.4375
1532256980364255 -41.9375 28.1875 12.625
1532256980424095 -11.5 25.6875 18.375
1532256980439055 -17.8125 26.5 13.0625
1532256980476954 -14.125 22.3125 2.5625
1532256980506874 -7.3125 21.6875 -0.8125
1532256980543775 -5.8125 19 -1.0625
1532256980596633 11.25 0.5 -5.6875
1532256980634532 20.375 -10.125 -3.5625
1532256980649493 25.25 -18.375 -10.625
1532256980731274 36.75 -30.625 -19.25
1532256980822031 67.9375 -66.4375 -45.4375
1532256980843972 108.938 -103.563 -48.1875
1532256980933732 116.563 -216.25 -87.25
1532256980971631 90.4375 -153.875 -59.0625
1532256980994581 74.75 -79.125 -9.6875
1532256981031471 58.3125 -50.0625 8.875
1532256981091311 19.5 -12.25 20.25
1532256981121231 -0.375 2.3125 21.1875
1532256981136191 -15.125 13.3125 24.25
1532256981376548 -5.3125 5.875 2.9375
1532256981421428 14.3125 -5.6875 2.9375
1532256981474287 17.5625 -5.125 4.375
1532256981504207 11.375 -7.5625 6.375
1532256981572025 61.875 -41.625 14.375
1532256981593967 73.4375 -41.1875 6.125
1532256981608927 66 -41.75 4.5
1532256981676745 60.375 -46.9375 24.375
1532256981729604 55.3125 -57.1875 21.8125
1532256981826345 40.25 -64.125 17.1875
1532256981954004 -6.5625 2.6875 13.125
1532256981998884 20.25 -4.5 -2.0625
1532256982051743 -0.375 -7.6875 -3.375
1532256982073684 -10.5625 -7.75 -3.8125

1532256982119562 -16.875 -8 -6.5
1532256982164441 -8.3125 -4 -4.8125
1532256982336980 26.0625 2.9375 -10.8125
1532256982396820 48.8125 17.9375 -4.75
1532256982524486 2.25 -16.375 -19.625
1532256982561388 -24.9375 -16 -13.875
1532256982599286 -8.3125 5.875 5.9375
1532256982614246 2.4375 5.125 8.3125
1532256982682065 9 5 10.9375
1532256982711984 10.6875 4.75 10.0625
1532256982786802 1.0625 0.25 1.8125
1532256982816704 -1.4375 -1.9375 0
1532256982861585 -5.875 -2.8125 -1.25
1532256982884524 -6.5625 -2.5 -2.125
1532256982951345 3.375 2.4375 0.125
1532256982989253 4.5625 2.5625 0.8125
1532256983004203 3.9375 2.4375 1.5625
1532256983034154 1.625 0.9375 2.1875
1532256983064073 0.1875 -0.625 2.6875
1532256983101976 0.4375 -0.625 2.375
1532256983146853 1.125 -0.6875 2.5625
1532256983161813 1.75 -0.9375 2.5
1532256983206693 0.3125 -0.4375 0.5
1532256983236613 1.625 1.4375 -1.3125
1532256983259550 2.25 2.375 -1
1532256983281493 3.3125 3.1875 -1.5
1532256983296453 5.875 4.375 -2.1875
1532256983319391 6.5625 5.5 -3.5
1532256983341333 6.125 5.1875 -4.8125
1532256983356293 5.625 5.0625 -6.125
1532256983386213 5.0625 4.9375 -7.3125
1532256983409151 3.625 4.125 -7.875
1532256983424110 2.4375 3.625 -8.375
1532256983447050 0.6875 2.9375 -8.5
1532256983462010 0.875 1.625 -8.5
1532256983483951 0.4375 0.8125 -7.8125
1532256983498910 -1.1875 -0.125 -6.3125
1532256983521849 -2.125 -0.3125 -4.5
1532256983558751 -3.4375 -0.5 -2.1875
1532256983588670 -3 -0.5 0.3125
1532256983611610 -1.3125 -0.75 2.75
1532256983634550 -0.875 -1.0625 6.75
1532256983679428 -1.375 0.5 8.6875
1532256983731290 0.375 1.0625 8.9375
1532256983761210 1.3125 1.5625 9
1532256983837007 0.9375 2.125 3.875
1532256983896847 1.125 2.125 0.125
1532256983948708 -0.0625 1.1875 -1.375
1532256984001567 0.1875 -0.1875 -1.3125
1532256984031487 0.25 -0.375 -1.75
1532256984061407 0.875 -0.5625 -1.5
1532256984106287 -0.625 1.375 -0.375
1532256984136207 0.4375 2.375 1.4375
1532256984167124 -0.125 3.4375 2
1532256984189066 -0.125 3.4375 1.75
1532256984241924 -0.5625 2.4375 0.25
1532256984354622 0.6875 -0.1875 -2.625
1532256984406484 1.875 -0.125 -3.5625
1532256984504223 1.0625 1 2.25
1532256984564077 -1 0.25 4.3125
1532256984587001 -2.3125 -0.875 4.4375
1532256984638863 -1.625 -1 3.875
1532256984698703 3.625 2.3125 2.875
1532256984751576 2.4375 1.75 -0.625
1532256984766521 2.1875 0.8125 -2.5
1532256984819380 2.25 -0.1875 -5.625
1532256984857279 2.125 -0.1875 -6.125
1532256984871241 0.4375 0.125 -6.375
1532256984909141 -3.875 -0.5625 -4.5625
1532256984932094 -3.5 -0.875 -3.0625
1532256984947039 -3.5625 -0.3125 -1.4375
1532256984968980 -1.8125 0 2.5625
1532256985006879 -0.1875 0.25 3.5
1532256985021839 -0.5 0.875 3.375
1532256985043779 -1.5625 -0.0625 2.9375
1532256985111599 -2.375 -0.9375 2.8125
1532256985201370 -2.625 -2.5 1.4375
1532256985246249 -3.5 -2.125 0.8125
1532256985292116 -0.875 -1 1.875
1532256985314057 -0.375 -0.5625 2.3125
1532256985343977 1.375 -0.1875 2.3125
1532256985396835 -1.9375 0.0625 2.1875
1532256985418777 -2.8125 -0.25 1.8125
1532256985448697 -2.0625 -1 0.875
1532256985471636 -0.25 -1.625 0.125
1532256985501555 -0.1875 -1.8125 -0.3125
1532256985561396 1.625 0.1875 -1
1532256985651155 0.1875 1.75 -0.5625
1532256985704014 0 1.1875 -0.5625
1532256985748895 0.1875 2.0625 0
1532256985778814 2.5625 -3.4375 -4.375
1532256985801753 9.8125 -3.9375 -12.3125
1532256985831673 -3.9375 -5.6875 -22.8125
1532256985891513 -13.9375 -5.9375 -25.3125
1532256985929411 -17.25 -2.6875 -18.5
1532256985974292 -39.375 21.1875 -11.4375
1532256986057070 -68.5625 56.6875 -12.4375
1532256986146831 -127.938 73.125 0.875
1532256986334329 -115.375 51.5 18.25
1532256986582672 -29.125 17.375 18.25
1532256986634542 12.25 -1.875 -29.25
1532256986686388 12.875 -10.5 -17.5
1532256986822025 7.6875 6.1875 12.875
1532256987099283 0.8125 -0.1875 -2.0625
1532256987114243 -3.125 -2.25 -13
1532256987129203 1.4375 -5.625 -18.4375
1532256987271822 0.25 4.0625 7.5
1532256987429401 -0.125 5.25 10
1532256987706659 3.6875 -2.5 5.0625
1532256987759518 30.0625 23.6875 60.75
1532256987909118 -31.875 95.4375 1.625
1532256987924078 -40.125 96 1
1532256987976936 -43.875 91.8125 -3.8125
1532256988058720 -28.3125 66.625 -24.1875
1532256988111576 -15.9375 32.75 -19.4375
1532256988149475 -18 23.75 -14.5
1532256988186386 -16.25 13.25 -8.75
1532256988239235 0.4375 6 4.375
1532256988336981 42.6875 -25.75 -10
1532256988388847 68.375 -51.3125 -40.8125
1532256988426733 101.625 -68.6875 -51.75
1532256988501539 152.75 -118.938 -50.25
1532256988584325 123.375 -179.813 -87.6875
1532256988645150 85.0625 -94.0625 -20.625
1532256988741891 20 7.6875 28.625
1532256988831651 -13.8125 40.5 33.125
1532256988884523 -20.125 46.75 37.3125
1532256988944349 -26.75 47.875 46.25
1532256989026131 -29.75 38.9375 74.5
1532256989093949 60.1875 -41.625 70.3125
1532256989198669 66.375 -91.6875 36.125
1532256989289427 79 -77.6875 3.5625
1532256989304387 58.375 -69.0625 5.6875
1532256989334307 -22.1875 -0.25 28.3125
1532256989364227 -41.125 21.75 9
1532256989387166 -6.5625 20.9375 -4.875
1532256989447006 17.375 -19.6875 3.75
1532256989468947 -11.25 -26.125 8.25
1532256989491885 -36.0625 -19.25 10.9375
1532256989513827 -42.0625 -4.625 9.125
1532256989536765 -7.0625 8.8125 -2.75

1532256989566685 18.5 -1.875 0.4375
1532256989589624 11 -4 4.3125
1532256989627523 0.8125 -3.0625 7.6875
1532256989656445 -4.75 0 9.9375
1532256989671405 -2.125 2.9375 10.1875
1532256989716285 12 1.4375 8
1532256989731245 7 0.6875 8.75
1532256989754183 -1.5 0.8125 8.5625
1532256989799065 -7.4375 1 4.9375
1532256989852920 -3.1875 -0.8125 1.5625
1532256989873864 -5.3125 -1.125 0.6875
1532256989913757 -9.375 -0.1875 -1.125
1532256989941683 -7.5 -0.1875 -2.625
1532256989956642 -5.125 -0.625 -3.4375
1532256990009517 -4.5625 -0.8125 -3.125
1532256990039436 -5.4375 -0.5 -2.5625
1532256990069357 -5.0625 0.25 -1.8125
1532256990084317 -3.3125 0.1875 -1.9375
1532256990121225 -2.0625 -0.125 -1.3125
1532256990136179 -0.9375 -0.1875 -0.875
1532256990159117 -0.5 0.1875 -0.5625
1532256990189044 2.25 0.75 -0.3125
1532256990211976 3.875 0.5625 -0.125
1532256990241896 5.8125 0.625 0.0625
1532256990278796 4.8125 3.5 -0.1875
1532256990346616 3.5625 4.8125 0.0625
1532256990384514 4.875 4.6875 -3.4375
1532256990406456 1.5625 4.9375 -5.125
1532256990421416 -0.8125 4.0625 -6.75
1532256990451336 -4.0625 2.8125 -8.625
1532256990474274 -6.9375 1.8125 -9.6875
1532256990511176 -8.375 0.8125 -8.9375
1532256990549074 -8.375 0.125 -9.1875
1532256990564034 -8.3125 -0.4375 -7.125
1532256990578994 -7.5625 -1.5 -4.25
1532256990601933 -6 -1.8125 -3.4375
1532256990623874 -5.3125 -1.5625 -2.125
1532256990646813 -3.3125 -1 -0.625
1532256990668754 -0.625 -1.1875 1.25
1532256990683713 0.25 -1.0625 2.8125
1532256990698674 0.625 -0.5625 3.5
1532256990721613 1.75 0.3125 4
1532256990744552 2.8125 1.3125 3.6875
1532256990774479 4 2.25 3.625
1532256990826333 5.25 3.625 3
1532256990864232 4.5 3.75 2.5625
1532256990894151 4 3.6875 1.8125
1532256990939031 2.6875 3.875 1.0625
1532256990961970 3.4375 3.9375 0.875
1532256990998871 6.375 5 -0.1875
1532256991028791 8.375 4.8125 -1.1875
1532256991066690 6.75 5.6875 -2.125
1532256991111570 4.0625 5.375 -1.5
1532256991141489 5.25 5.375 -1
1532256991179389 4.9375 6.125 -1.75
1532256991216289 4.875 4.1875 -1.125
1532256991269149 5.5625 3.5625 1.0625
1532256991292087 3.8125 4.25 0.875
1532256991328988 3.625 3.9375 2.125
1532256991351928 1.875 4.8125 1.9375
1532256991403789 2.9375 2.9375 2.125
1532256991418749 3.25 3.0625 1.625
1532256991463628 1.375 0.5 1.25
1532256991531447 1.9375 -0.0625 -2
1532256991554385 1.4375 -0.3125 -2.875
1532256991591287 -0.8125 -1.3125 -2.875
1532256991606247 -0.5 -1.875 -2.375
1532256991636167 -0.6875 -2.1875 -1.8125
1532256991667087 -0.3125 -2 -1.25
1532256991689026 1.0625 -1.875 0.6875
1532256991756844 2.875 0.875 2.25
1532256991816684 4.0625 2.6875 3.125
1532256991884508 -0.5 1.875 -0.6875
1532256991906444 -1.375 0.1875 -2.875
1532256991921405 -3.6875 -2.1875 -4.8125
1532256991944343 -2.1875 -1.625 -7.6875
1532256991959303 -4.375 -0.3125 -7.5
1532256992004183 -5.875 -0.3125 -6.1875
1532256992026124 -4.6875 -0.375 -3.9375
1532256992086967 -0.0625 0.1875 4.6875
1532256992123863 2.1875 -0.0625 6.5625
1532256992176721 2.125 -2.9375 6.25
1532256992198662 -0.125 -2.375 3.5
1532256992221602 -3.6875 -2.1875 1.9375
1532256992236562 -5.0625 -2.4375 0.8125
1532256992274460 -2.375 -3.1875 -1.75
1532256992296402 -1.125 -3.1875 -1.5625
1532256992319354 -2 -2.875 -1.75
1532256992356242 -4 -3.1875 -0.875
1532256992402142 -4.1875 -3.125 -0.9375
1532256992439021 -4.75 -2 -0.4375
1532256992468940 -3.8125 -3.3125 1.0625
1532256992513820 -1.4375 -3.0625 2.0625
1532256992551731 1.4375 -3.5625 2.375
1532256992626519 1.6875 -1.4375 3.125
1532256992641479 0.4375 -0.1875 2.5625
1532256992686359 -1 0.1875 2.25
1532256992724258 1.1875 -2.75 -18.8125
1532256992754178 -36.4375 20.5 -20.625
1532256992792076 -80.375 70.75 -39.0625
1532256992814017 -78.125 89.9375 -51.0625
1532256992851916 -122 120.063 -37.125
1532256992903778 -97.1875 133.688 -11.4375
1532256992933697 -75.1875 118.25 -18.9375
1532256992971596 -83.5 103 -22.125
1532256993001516 -111.188 83 -18.6875
1532256993054374 -96.625 52.25 -18.25
1532256993099260 -93.375 45.1875 -18.875
1532256993129174 -86.25 29.8125 -17.8125
1532256993159095 -78.4375 24.0625 -16
1532256993248854 -62.125 14.5 -11.875
1532256993293735 -65.9375 -0.9375 -12.8125
1532256993331633 -27.75 -16.125 -23.375
1532256993421393 8.3125 -10.25 -24.75
1532256993436354 5.1875 -4.5625 -21.4375
1532256993459292 5.5625 2.375 -4.625
1532256993496193 10 10.25 1.125
1532256993519132 10.3125 13.4375 4.4375
1532256993557031 9.4375 15.4375 9
1532256993608892 6.0625 16.4375 14.3125
1532256993698652 -0.3125 15.25 15.1875
1532256993774450 -0.1875 13 15.25
1532256993826311 -1.5 10.4375 14
1532256993871190 -2.625 -3.625 -4.5625
1532256993901112 1.1875 -7 -9.0625
1532256993924049 -1.25 -3.5 -5.875
1532256993946988 5.25 -2.375 -4.75
1532256993968929 9.25 1.75 -2.125
1532256994013809 -1.75 2.9375 5.5
1532256994051708 -7.0625 3.375 5.5
1532256994104566 -2.875 2.375 4.75
1532256994179366 4.375 0 7.75
1532256994216268 3.5 -1.5 4.8125
1532256994328966 0.75 -1.9375 -2.8125
1532256994418733 -1.4375 -1.375 -9.6875
1532256994456625 3.25 -1.5 -13
1532256994591267 -2.875 -7.75 -3.75
1532256994659084 4.5 23.6875 51.875
1532256994741862 -41.5625 88.0625 14.3125
1532256994816662 -56.4375 70.125 -14.25
1532256994876502 -59.9375 63.375 -17.375
1532256994936342 -52.875 53.8125 -10.75
1532256994974241 -53.6875 47.6875 -9.5
1532256995004161 -9.8125 24.125 -10.6875
1532256995026112 -16 20.625 -5.1875
1532256995042060 -16.1875 19 -3.3125
1532256995086939 -2.0625 6.1875 0.4375
1532256995123849 4.6875 3.9375 4.6875
1532256995161740 9.0625 4.25 9.8125
1532256995183681 13.0625 0.125 7.25
1532256995281420 56.8125 -26 -24.875
1532256995304357 85.75 -38.125 -32.25
1532256995483887 185.375 -135.813 -68.125
1532256995543717 149.875 -134.875 -33
1532256995619515 61.9375 -76.8125 -10.375
1532256995716257 -12.875 33.1875 21.6875
1532256995813995 -33.3125 33.0625 38.9375
1532256995971573 -30.1875 29.9375 42.375
1532256996144113 66.25 -75.75 51.5
1532256996203953 58 -89.375 22.8125
1532256996308672 74 -74.625 10.4375
1532256996384471 28.875 -29.5625 -2.1875
1532256996474230 5.9375 -4.25 2.8125
1532256996549030 4.75 -9.125 14.625

1532256996601896 3.5 0.125 8.0625
1532256996616848 5.4375 -1 2.4375
1532256996653964 -4.875 -2.375 4.4375
1532256996676903 -3.875 -1.25 4.875
1532256996698845 8.375 0.625 8.875
1532256996743725 13.875 0.875 11
1532256996766663 15.125 1.3125 13.0625
1532256996789602 14.6875 1.375 15.875
1532256996826503 16.5 -0.25 20.25
1532256996841464 16.6875 0.125 21.4375
1532256996856424 13.8125 0.4375 20.9375
1532256996901303 12.3125 0.9375 19.4375
1532256996946184 12.75 -1.9375 15.6875
1532256996992060 -1.5 -7.3125 16.25
1532256997014002 -6.75 -9.3125 10.3125
1532256997043922 -3 -9.6875 6.75
1532256997081820 1.5 -8.4375 -0.8125
1532256997104759 0.4375 -8.0625 -1.5625
1532256997133682 -2.9375 -7.3125 -2.6875
1532256997156621 -3.5625 -4.3125 -4.3125
1532256997179559 -2.4375 0.3125 -6.625
1532256997216461 -4 3.5625 -10.75
1532256997231421 -7.9375 4.75 -12.5625
1532256997269319 -12 3.5 -12.375
1532256997321181 -19.4375 -1.3125 -13.1875
1532256997376034 -18.125 -10.625 -8.5625
1532256997403959 -16.125 -9.625 -5.0625
1532256997448839 -18.25 -1.6875 -1.5
1532256997471778 -15.6875 1.0625 0.9375
1532256997493719 -9.25 2.25 4.3125
1532256997524637 1.5 3.1875 12.3125
1532256997569517 8.9375 5.6875 9.25
1532256997614396 15.75 7.0625 6
1532256997630353 17.9375 9.4375 3.25
1532256997696178 -8.75 -3.125 2.75
1532256997734076 -5.875 -3.3125 1.1875
1532256997778956 -2.75 -2.0625 -1.25
1532256997906616 7.4375 2.1875 -4.6875
1532256997951495 3.8125 10.25 -3.6875
1532256998004354 1.5 1.125 0.25
1532256998138994 5.375 4.6875 -3.25
1532256998213794 -0.125 3.875 -3.3125
1532256998228754 3.75 0.875 -1.0625
1532256998319512 9.125 2.3125 0.8125
1532256998409270 -3.3125 3.8125 -9.5
1532256998461131 -6.4375 2.1875 -6.75
1532256998513990 -6.75 1.5 -7.6875
1532256998566850 -1.3125 1 -6.875
1532256998626689 0.4375 3.5625 -1.625
1532256998680545 5.125 1.875 8.1875
1532256998731410 3.9375 0.3125 8
1532256998784269 0.8125 -0.8125 4.375
1532256998806210 -0.375 -1.125 2.3125
1532256998829148 -1 -1.0625 0.1875
1532256998859075 -2.1875 -1.625 -0.375
1532256998933874 -1.5 -0.75 1
1532256999024634 0.6875 2.1875 0.625
1532256999046587 0.6875 1.875 0.0625
1532256999069518 -0.125 0.9375 -1.6875
1532256999129352 -1.625 0.5 -2.1875
1532256999159275 -1.8125 0.25 -1.8125
1532256999197170 -0.0625 1.125 -0.9375
1532256999221107 0.8125 1 -0.1875
1532256999278952 1.375 2 0.6875
1532256999301909 1.125 1.875 0.4375
1532256999346770 1.625 1.75 0.125
1532256999376691 1.3125 0.75 0.3125
1532256999406611 0.9375 0.0625 2.3125
1532256999436539 1.1875 0.4375 2.625
1532256999474429 1.9375 0.875 3.8125
1532256999505358 2.6875 1.3125 4.125
1532256999541251 4.625 2.25 4
1532256999603085 1.9375 1.1875 1.0625
1532256999624029 -0.625 0 -0.75
1532256999706821 -4.6875 -3.375 -5.375
1532256999728749 -3.25 -3.375 -5.6875
1532256999819506 -0.75 2.875 -1.625
1532256999864386 -3.625 3.3125 1.5625
1532256999901307 -2.3125 1.875 2
1532256999954146 0.375 -0.5625 1.75
1532257000013986 -1.125 -1.3125 1.6875
1532257000036925 -0.4375 -1.3125 1.6875
1532257000073826 -1.4375 -1.25 0.875
1532257000126686 -1.875 -0.625 -0.5625
1532257000149640 -2.1875 -0.9375 -0.4375
1532257000164583 0.0625 -0.75 -0.6875
1532257000179544 2.25 -0.125 -2.25
1532257000209464 0.375 -0.3125 -0.4375
1532257000239384 0.375 -0.0625 -1
1532257000299237 1.1875 0.8125 -1.25
1532257000321165 -0.125 0.375 -0.125
1532257000352082 -4 -0.5625 -1.25
1532257000382002 -6.5625 -4.1875 -0.1875
1532257000433863 -6.6875 -4.6875 -0.875
1532257000463783 -7 -4.6875 -3.125
1532257000508663 -4.125 -4.4375 -1.0625
1532257000523624 -1.875 -2.3125 -0.25
1532257000546562 0.6875 -0.4375 1
1532257000584461 1.8125 1.75 2.5625
1532257000599421 -0.375 1.1875 3.25
1532257000651281 -2.4375 -2.3125 -1
1532257000689181 -2.625 -2.8125 -3.5625
1532257000734069 -5.6875 -3 -11.4375
1532257000771959 0.8125 0.75 -10.4375
1532257000786919 -7.0625 8.5 -13.5
1532257000816839 -28.3125 19.875 -15.375
1532257000861719 -33.125 51.3125 -23.1875
1532257000914578 -61.375 91.8125 -35.8125
1532257000929538 -98.3125 111.813 -38.1875
1532257000989378 -123.625 122.5 -27.75
1532257001004338 -127.75 124.625 -17.8125
1532257001034258 -105.938 126.5 -10.375
1532257001094098 -101.75 77.9375 -10.1875
1532257001319495 -103.875 78.125 -2.5625
1532257001379335 -120.875 72.1875 4.3125
1532257001507991 -97 56.875 7.25
1532257001543895 -31.4375 -8 -16.0625
1532257001566834 1.4375 -9.5625 -33.5
1532257001618695 12.3125 -1.125 -26.25
1532257001656594 3.75 -0.125 -12.75
1532257001709452 9.25 8.375 -2.6875
1532257001746354 -0.1875 8.8125 3.3125
1532257001903933 -1.8125 7.5625 8.75
1532257002129330 5.0625 0.3125 -2.125
1532257002151270 -0.75 -3.8125 -10.6875
1532257002227068 -0.3125 -0.25 -7.9375
1532257002263970 4.625 -0.25 0.25
1532257002406588 -2.5625 -3.8125 7.8125
1532257002541228 4.25 -5.25 -3.25
1532257002758668 0.8125 2.1875 -0.625
1532257002811527 6.125 2.75 2.625
1532257002901291 -1 -4.375 1
1532257003209463 31.3125 30.625 26.0625
1532257003284263 8.0625 56.75 43.875
1532257003337121 -43.75 89.8125 38.375
1532257003359063 -52.4375 77.875 28.375
1532257003397959 -57.4375 68.75 22.375
1532257003426882 -46.8125 45.75 -16.875
1532257003456802 -40.625 38 -25.9375
1532257003471762 -41.4375 28.375 -30.4375
1532257003501694 -48.375 24.5625 -33.6875
1532257003516641 -54.5625 21.125 -36.25
1532257003539587 -46.625 17.125 -36.875
1532257003576481 -28.1875 10.25 -33.8125
1532257003621362 -23.625 10.1875 -27.3125
1532257003636323 -12.125 10.375 -20.4375
1532257003674220 -6.9375 14.9375 -7
1532257003689181 -10.25 16.375 1.6875
1532257003742039 -10.5 17.0625 12.75
1532257003763981 -0.9375 12.8125 15.1875
1532257003801879 4.125 8.125 14.875
1532257003846758 8.3125 3.5 2.375
1532257003876679 9.4375 -1.1875 -6.1875
1532257003906599 15.5 -7.625 -16.4375
1532257003929538 20.5 -13 -30.3125
1532257003959458 56.125 -28.8125 -53.6875
1532257003981399 59.5 -35.4375 -48.5
1532257004034271 54.3125 -38.4375 -40.6875
1532257004094098 140.813 -54 -51.9375
1532257004138977 157.438 -60.6875 -53.75
1532257004258657 153.313 -106.313 -60.1875
1532257004319495 152.25 -100.5 -35.875
1532257004521953 -19.9375 18.75 34.25
1532257004633654 -25.75 21.0625 39.3125
1532257004694492 -20.0625 14.0625 49.8125
1532257004731393 -3.125 16.75 91.8125
1532257004754332 15.625 17.375 140.625
1532257004776273 45.4375 -3.375 136.813
1532257004791233 66.1875 -20.375 126.5
1532257004822151 83.125 -43.5 100.188
1532257004844092 86.375 -54.5 82.5625
1532257004867031 94.75 -64.0625 60.4375
1532257004888972 67.125 -77.3125 39.25
1532257004926871 39.4375 -92.75 21.8125
1532257004956791 16.375 -110.25 16.6875
1532257005001671 -1.25 -121.5 -15
1532257005024613 13.3125 -122.813 -12.875
1532257005039570 32.5625 -124.625 -7.75
1532257005069489 36.9375 -125.188 12.75
1532257005129329 77.625 -100.438 30.3125
1532257005174209 20.8125 -0.1875 33.8125
1532257005189169 9.25 39 21.625
1532257005234049 82.875 -4.5625 5.875
1532257005278929 -49.75 -16.8125 10.25
1532257005346747 -21.4375 1.875 -11.4375

1532257005406587 -10.3125 -6.75 -3.625
1532257005421548 -18.8125 -4.8125 -3.1875
1532257005451468 -11.8125 1.375 -4.875
1532257005466428 -4.5 1.5 -6.8125
1532257005504326 0 1.375 -7.5625
1532257005519287 -0.5625 1.1875 -6.0625
1532257005556187 -4.625 1.3125 -3.6875
1532257005609047 -7.125 -0.375 0.5625
1532257005661905 -2.75 0 6.9375
1532257005676865 -3.25 2.8125 7.25
1532257005706784 -2 10.1875 -0.5625
1532257005728727 -4.75 8.8125 0
1532257005758647 -6.125 5.625 1.4375
1532257005781585 -5.75 1.1875 3.875
1532257005811505 -3.9375 -2.875 6.5
1532257005849404 -1.1875 -4.875 8.5
1532257005939164 8.375 -2.0625 1.25
1532257005962109 0.25 7.6875 -9.5
1532257005969090 -5.9375 8.5625 -10.4375
1532257006051869 -6.125 -3.625 -2.875
1532257006096749 -3.75 -5.25 2.5625
1532257006164568 7.5625 -2.125 4.1875
1532257006224408 -7.0625 2 -4.25
1532257006246363 -4.125 -3.1875 -1
1532257006336115 1.3125 -3.1875 6.75
1532257006403934 5.0625 7.9375 -6.625
1532257006516616 3.125 -4.625 5.3125
1532257006561497 -0.875 -1.9375 6.125
1532257006576456 -1.9375 2.0625 3.4375
1532257006629315 0.625 7.625 -5.875
1532257006644275 -5.625 3.875 -4.375
1532257006696137 4.1875 -7 3.5625
1532257006742014 4.625 -4 7.625
1532257006778915 3.6875 -2.8125 7.125
1532257006816814 9.75 -0.125 0.625
1532257006846734 12.4375 1.6875 -3.4375
1532257006876654 0.8125 3.8125 -5.1875
1532257006906574 -0.5625 4 -0.875
1532257006929512 0.8125 5.125 0.6875
1532257006959433 0.9375 6.5625 2.0625
1532257006981374 3.5 6.8125 2.1875
1532257007004313 9.25 6.5625 -0.3125
1532257007041214 8.625 3.125 -5.125
1532257007072132 -3.5625 -1.5 -6.9375
1532257007094072 -9.625 -2.4375 -7.9375
1532257007117011 -10.625 -2 -8
1532257007146931 -9 -0.5625 -8
1532257007168881 -4.5 2.5 -4.1875
1532257007236690 0.75 3.125 2
1532257007251651 6.0625 3.3125 3.6875
1532257007296531 6.125 2.0625 6.5625
1532257007334430 2.125 1.8125 6.4375
1532257007379310 -0.6875 0.875 4.8125
1532257007394270 -0.4375 0.875 3.9375
1532257007424190 1.9375 1 2.5
1532257007439150 2.9375 -0.375 1.6875
1532257007484030 1.1875 -0.9375 0.25
1532257007513949 -0.1875 -0.875 -0.875
1532257007566808 -2.375 0.5 -2.25
1532257007596728 -0.9375 1.625 -2.1875
1532257007649589 0.625 1.25 0.75
1532257007671528 4 2.25 1.9375
1532257007686488 3.5 2.125 2.375
1532257007701449 0.75 1.375 2.4375
1532257007761288 -0.1875 1.0625 2.1875
1532257007791209 0.0625 0.375 1.875
1532257007837086 2.125 0.6875 -1.1875
1532257007918867 2.875 1.25 -2.0625
1532257007978706 0.875 -0.5 -0.375
1532257008024584 0.625 -0.8125 -0.0625
1532257008054504 -0.8125 -1.0625 0.25
1532257008114344 -0.0625 -0.5625 0.5
1532257008159224 0.5625 -0.0625 0.375
1532257008174185 1.625 0.4375 0.4375
1532257008256962 2.5625 1.875 2.625
1532257008271923 2.1875 1.9375 2.75
1532257008317800 3.0625 2.1875 0.3125
1532257008368664 -2.75 -0.5625 -2.4375
1532257008421523 -2.375 -1.25 -2.9375
1532257008474381 -2 0.125 -2.25
1532257008511283 -1.5625 1.75 0.3125
1532257008564142 0.0625 1.5625 1.4375
1532257008623981 -1 0.625 2.625
1532257008661880 -1.1875 -0.25 1.0625
1532257008713741 -2.5 -1.4375 1.75
1532257008781560 -0.8125 -2.3125 0.5
1532257008834418 -0.6875 -0.875 0.125
1532257008886280 0.375 0.125 1.125
1532257008947130 0 0.25 1.375
1532257009036877 -1.375 0.9375 0.1875
1532257009066797 -1.25 1.0625 -0.0625
1532257009111677 -1.875 -0.8125 -0.75
1532257009141597 -2.6875 -1.5625 -0.75
1532257009164536 -1.4375 -1.75 -0.8125
1532257009179496 -0.25 -0.5 -0.6875
1532257009209416 0.1875 0.4375 -0.0625
1532257009246319 0.25 2 1.8125
1532257009314136 2.875 1.125 0.25
1532257009381954 -8 -1 -9.1875
1532257009433815 13.625 0.5625 -19.8125
1532257009478696 -82.125 32.25 -38.1875
1532257009501643 -102.188 47.625 -51.25
1532257009981352 -53.5 35.8125 -11.3125
1532257010138930 1.125 -5.6875 -16.4375
1532257010251629 14.1875 6.9375 -4.9375
1532257010401230 1.5 15.5625 7.5
1532257010716386 10.6875 0.5625 -5.25
1532257010731346 10.8125 1.5625 -2.375
1532257010754285 0.5625 2.25 1.6875
1532257010807143 0.375 0.5 4.3125
1532257010837063 4.375 0.3125 5
1532257010866983 3.5 1 6.125
1532257010903885 -3.3125 3.125 8.3125
1532257011001624 -0.8125 1.375 9.25
1532257011016583 0.25 -0.1875 8.625
1532257011129282 1.9375 -18 -11.3125
1532257011166183 7.8125 -16.625 -8.5
1532257011234007 -0.75 4.4375 -2.75
1532257011353682 -47.1875 40.5 12.5625
1532257011451421 -46.8125 97.8125 42.9375
1532257011496301 -46.25 98.625 48.25
1532257011535196 -56.375 83.1875 40.875
1532257011623959 -33.6875 55.25 12.3125
1532257011668854 -31.6875 50.3125 -0.9375
1532257011751618 0.6875 16.625 -26.4375
1532257011804476 1.4375 14.875 -12.75
1532257011834396 15.3125 15.25 -10.125
1532257011886257 3.875 15.875 0.4375
1532257011909196 -2.625 15.75 4.1875
1532257012006935 1.1875 3.75 -0.9375
1532257012081735 9.8125 -7.9375 -8.8125
1532257012111655 38.9375 -18.5 -15.625
1532257012149554 64.125 -33.375 -24.4375
1532257012171495 68.625 -40 -35.3125
1532257012201415 111.688 -62.6875 -57.25
1532257012231335 119.063 -75.25 -64.1875
1532257012276215 132.625 -105.438 -76.8125
1532257012299154 167 -121.438 -73.25
1532257012366972 189.375 -127.313 -51.375
1532257012531532 139.188 -123.313 -51.875
1532257012584391 135.438 -119.313 -49.4375
1532257012733991 -30.8125 38.5 43.5625
1532257012748950 -36.25 25.375 70.75
1532257012823751 78.5625 -76.875 62.875
1532257012846689 77.5 -103.688 40.5625
1532257012885586 70.0625 -120.938 33.25
1532257012921489 76.875 -126.125 29.8125
1532257012959388 82.875 -128.875 23.375
1532257013011249 92.75 -128.438 5.9375
1532257013057130 69.125 -112.125 13
1532257013116967 53.4375 -52 27.75
1532257013131927 5.75 3.375 42
1532257013161847 -9.75 40 -1.5625
1532257013198748 62.9375 -9 7.25
1532257013236647 -20.625 -26.25 12.375
1532257013251607 -44.9375 -17.75 8.625
1532257013281526 -47.375 -6.125 2.875

1532257013304465 -27.9375 5.1875 -6.5
1532257013319430 0.25 7.6875 -14.125
1532257013379265 -0.5625 1.875 -14.125
1532257013401207 -10.375 4.375 -19
1532257013439105 -2.9375 12.6875 -28.25
1532257013462045 2.1875 18.1875 -29.75
1532257013498945 -1.75 22.5 -29.75
1532257013536844 -12.375 24.4375 -30.8125
1532257013581724 0.4375 13.1875 -33.0625
1532257013634583 13.5625 -13.1875 -31.25
1532257013656524 -9 -50.3125 -23.5625
1532257013716364 -4.8125 -95 -20.5625
1532257013731324 -18.875 -83.125 -17.375
1532257013754262 -15.8125 3.875 -5.75
1532257013814102 -90.8125 22.75 -9.1875
1532257013866961 23.25 -11.4375 0.75
1532257013918833 15.125 3.875 12.375
1532257013948743 -16.6875 15.125 17.0625
1532257013963702 -21.6875 2.625 11.3125
1532257013978662 -18.8125 0.625 11
1532257014016561 -13.0625 -2.5 8.9375
1532257014084379 -4.5 -5.75 4.25
1532257014121281 29.6875 -5.1875 -9.625
1532257014159180 24.75 2.1875 -7.6875
1532257014182118 -7.5 2.375 1.75
1532257014204059 -6.9375 0.75 0.5625
1532257014272882 -9.1875 -0.9375 0.0625
1532257014308780 4.5625 -5.6875 -4.6875
1532257014361638 2.0625 11.4375 -0.5
1532257014399537 -10.3125 12.9375 1.0625
1532257014421478 -5.375 4.3125 1.5
1532257014512243 18.25 -7.375 -5.9375
1532257014549137 37.9375 -8.5625 -9.8125
1532257014587036 12.1875 4.375 -4.0625
1532257014638897 -19.8125 5.375 2.6875
1532257014751596 20.0625 -0.625 -3.875
1532257014774534 -4.0625 5 -1.4375
1532257014819414 -17.75 8.3125 0.5
1532257014841355 -17.625 7.375 2.625
1532257014864294 -12.1875 4.625 4.1875
1532257014886235 1.125 -3.6875 4.625
1532257014939094 22.5625 -10.1875 -3.8125
1532257014969014 25.6875 -6.625 -6.6875
1532257015013894 10.25 -0.25 -5.5625
1532257015066753 -16.1875 13.125 0.5
1532257015104652 2.9375 -5.75 5
1532257015141552 17.125 -12.5 -5.75
1532257015164491 17.875 -8.9375 -7.8125
1532257015216353 4 -2.25 -6.8125
1532257015246273 -18.625 12.4375 -2.125
1532257015291153 14.0625 -2.875 9
1532257015351990 56.5 20.8125 25.5
1532257015388900 84.9375 67.25 23.0625
1532257015403851 82.75 122.063 -6
1532257015494612 -10.3125 321.813 -28.625
1532257015636230 -31.9375 313.875 -57.5
1532257015674129 -42.5 289 -55.875
1532257015838727 3.375 0.0625 -3.1875
1532257015862144 -5.9375 -4.3125 8.125
1532257015973847 -3.0625 4.5 4.6875
1532257016049658 -5.0625 11.1875 7.25
1532257016071603 -4.875 5.5 10.125
1532257016116466 7.5625 -3.375 -8.5625
1532257016161384 5.1875 -2.5625 -10.3125
1532257016297036 0.4375 -3.5625 -1.8125
1532257016333937 1.3125 -1.9375 -1.9375
1532257016416715 -3 -5.0625 3.9375
1532257016491528 -1.9375 3.625 1.5
1532257016544386 -5.375 -4.25 4.9375
1532257016672045 -17.6875 -49.625 14.875
1532257016837602 -37.6875 -172.375 91.9375
1532257016844583 -47.625 -200.063 94.6875
1532257016896453 0.625 -257.25 57.0625
1532257016956285 1.3125 -220.313 25.125
1532257017128824 -25.1875 -45 6.1875
1532257017196641 64.8125 22.0625 13.3125
1532257017264460 -31.75 -5.5 11.5
1532257017316322 -36.5 2.875 6.0625
1532257017377159 4.1875 5.125 0.5
1532257017414061 6.625 -1.625 3.9375
1532257017488698 2 -2.25 -0.875
1532257017526597 -2.375 0.3125 2.75
1532257017556421 8.125 0.8125 2.1875
1532257017601313 9 0.5625 0.8125
1532257017654160 -3.5625 -1.1875 -1.375
1532257017766522 4.9375 1.1875 2.4375
1532257017834341 2.125 0.125 1.0625
1532257017894181 -1.75 -0.9375 -0.25
1532257017909141 -1.5 0.0625 0.25
1532257017924114 0 0.9375 1.3125
1532257017947052 1.375 1.4375 2
1532257017968995 2.75 1.4375 2.0625
1532257017984951 2.125 1.3125 1.625
1532257018021852 -0.1875 1.25 0.875
1532257018043794 -1.4375 0.1875 1.1875
1532257018111612 1.4375 -2.8125 0.875
1532257018179430 3.375 -1.6875 -1.5
1532257018224311 -3.8125 4.1875 -1.4375
1532257018246253 -4.125 4.6875 -3.25
1532257018292130 -0.9375 4.625 -5.1875
1532257018307090 -1.5 3.75 -5.3125
1532257018337010 -1.75 2.6875 -5.0625
1532257018358951 -1.75 2.3125 -4.8125
1532257018381890 -0.125 1.5625 -4.625
1532257018411809 0.6875 1.375 -4.0625
1532257018433751 1.5 1.4375 -2.875
1532257018456690 1.0625 1.5 -1.375
1532257018486610 -0.1875 1.4375 2.3125
1532257018516530 0.625 2.0625 4.125
1532257018546450 0.5 1.6875 4.375
1532257018584349 -0.375 0.6875 4.0625
1532257018614268 -0.375 -0.0625 3.875
1532257018636210 -0.0625 -0.5625 2.875
1532257018652167 0.125 -1 2.125
1532257018666129 0.5 -0.8125 1.125
1532257018697047 0.8125 -0.3125 -0.4375
1532257018718988 -0.1875 0.5 -1.125
1532257018748908 -0.125 1 -0.75
1532257018801767 -0.5625 1.75 -0.5625
1532257018861607 0.25 2.25 0.3125
1532257018884560 1.0625 2.1875 0.4375
1532257018936407 1.0625 0.9375 -0.375
1532257019027173 1 0.625 -0.125
1532257019065063 1.4375 2 0.9375
1532257019079025 0.9375 2.0625 1.5625
1532257019116924 1.5 1.625 1.8125
1532257019146844 2.75 1.75 1.6875
1532257019161804 2.5 1.8125 1.375
1532257019168802 2.8125 1.1875 1.625
1532257019206684 1.1875 0.875 1.125
1532257019266524 0.625 -0.1875 0.0625
1532257019281484 0.75 0.125 -0.25
1532257019326364 0.75 0.75 -0.25
1532257019356284 1.125 0.875 0.25
1532257019379223 1.8125 0.9375 0.625
1532257019409143 2.5625 1.0625 0.625
1532257019432081 2.75 1.1875 0.8125
1532257019476961 2.0625 1.6875 1
1532257019498903 2.75 1.4375 0.5
1532257019528823 1.75 1.5625 0.6875
1532257019575698 1.1875 1.5625 -0.625
1532257019604620 0.375 0.8125 -1.75
1532257019634539 -0.625 0.25 -2.5625
1532257019649500 -0.875 0 -2.5625
1532257019694380 -1.5 -0.875 -2.375
1532257019716321 -1.0625 -0.5 -2.5
1532257019746241 -1.3125 -0.5 -1.25
1532257019814060 -3 0.0625 0.875
1532257019836999 -3.0625 -0.25 2.3125
1532257019873900 -2.8125 -1.375 2.625
1532257019889857 -3.3125 -1.625 2.375
1532257019911799 -4.8125 -2.5 2.375
1532257019948700 -4.9375 -4.3125 1.3125
1532257019986599 -3.75 -4.625 0.4375
1532257020001560 -3.8125 -4.125 0.5625
1532257020054417 -3.5 -3.5 0.75
1532257020106278 -0.75 -1.5625 1.25
1532257020121238 -1.0625 -0.75 2.0625
1532257020136199 -0.6875 -0.875 2.4375
1532257020174098 -0.4375 -0.9375 1.9375
1532257020189057 -0.75 -1 1.25
1532257020211996 -0.6875 -0.75 0.625
1532257020248897 -0.75 -1.1875 0.125
1532257020278817 -1 -1.25 -0.25
1532257020316716 -2.4375 -2.1875 -0.5625
1532257020331676 -1.3125 -1.8125 -0.8125
1532257020376556 -1.0625 -1.125 -0.375
1532257020399494 -4.25 -1.75 -1.125
1532257020421436 -13 -3.25 -3.8125
1532257020444375 -26.0625 -6.4375 -9.9375
1532257020489254 18.0625 -0.9375 -14.375
1532257020504214 0.8125 5.3125 -16.1875
1532257020557073 -46.5625 36.25 -17.9375
1532257020616913 -61.4375 53.625 -21.5625
1532257020653814 -89.5 75.0625 -14.8125
1532257020744571 -91.3125 128.125 -31.5
1532257020766513 -82.75 140.813 -36.6875
1532257020834347 -58.5625 78.25 -52.9375
1532257020849291 -40.0625 64.375 -35.625
1532257020947030 -39.5 57.8125 -11.75
1532257020954012 -44.875 43.625 -20.375
1532257021013852 -51 37.4375 -8.3125
1532257021036790 -31.625 22.875 -10
1532257021111590 5.9375 1.875 -23.375
1532257021164449 9.25 1.3125 -20.125
1532257021179409 -4.8125 -4.875 -10.375
1532257021225301 -12.0625 -11.4375 -12.4375
1532257021277147 5.4375 -15.6875 -15.875
1532257021292107 7.375 -10.6875 -16.6875
1532257021343969 16.0625 -1.125 -5.5
1532257021569366 2.3125 24.625 22
1532257021659126 -8.75 0.75 5.375
1532257021726945 -0.75 -6.6875 -13.375
1532257021839643 -0.4375 -3.875 -16.25
1532257021906464 2.25 -3.625 -0.9375
1532257021951345 2.9375 -0.6875 6.75
1532257022057062 -3 1.375 10.8125
1532257022153803 -0.75 -2 4.3125
1532257022281469 14.9375 -20.6875 -1
1532257022401150 -15.4375 -6.1875 -2.8125
1532257022461987 -20.9375 7.4375 2.125
1532257022521826 -57.9375 67.625 26.3125
1532257022558728 -69.5 72.4375 23.6875
1532257022573687 -88.8125 83.0625 19.8125
1532257022619565 -82.375 80.1875 10.875
1532257022656467 -82.4375 75.375 8.125
1532257022724286 -81.875 65.4375 12.1875
1532257022746226 -80.375 49.125 3.9375
1532257022777144 -65.125 45.5625 0.8125
1532257022836984 -53.3125 21.75 -6.0625
1532257022948685 -2.25 13.4375 -12.5625
1532257022994562 7.9375 19.25 0.0625
1532257023016503 -2.125 14.0625 -0.625
1532257023054402 9.9375 10.875 0.1875
1532257023114243 3.625 5.3125 -4.25
1532257023234921 2.3125 5.1875 3.125
1532257023278802 16.5 4.75 -5
1532257023293763 19.3125 0.1875 -8.5
1532257023316701 19.4375 -1.6875 -13.5
1532257023331660 27 -4.875 -19.625
1532257023354600 43.0625 -10.6875 -21
1532257023391500 60.3125 -22.375 -29.0625
1532257023451360 60.125 -26.75 -35.8125
1532257023489239 98.1875 -42.25 -47.375
1532257023541101 127.25 -56.875 -65.0625
1532257023631858 172.063 -105.625 -39
1532257023661778 152 -109.188 -29.375
1532257023683720 143.063 -112.313 -28.625
1532257023721619 142.938 -111.938 -26.5
1532257023759518 99.6875 -98.5625 -18.4375
1532257023781469 75.9375 -88.9375 -10.5625
1532257023871218 -5 19.8125 27.4375
1532257023961976 -10.8125 29.875 37.4375
1532257024043757 -30.875 41.1875 51.75
1532257024096616 -29.625 43.1875 60.375
1532257024209314 41.5 -63.75 57.5
1532257024246215 52.4375 -82.5625 57.4375
1532257024314034 25.4375 -106.313 2.375
1532257024388834 0.875 -91.5 -14.8125
1532257024411773 25.0625 -63.875 -19.5625
1532257024456653 25.8125 -58.9375 -16.6875
1532257024517490 -13.1875 -46.625 -14.8125
1532257024576332 9.4375 6 22.1875
1532257024606253 36.0625 7.625 15.375
1532257024689031 25.875 -18.625 20.5625
1532257025168748 7.375 -1.625 5.6875
1532257025191687 8.375 -1.4375 4.875
1532257025206647 6.8125 -1.25 4.875
1532257025221607 4.3125 -1.25 4.125
1532257025244546 2.8125 -1.125 3.125
1532257025296406 0.25 -0.5625 0.125
1532257025319345 -0.3125 -0.5625 -0.125

1532257025386190 0.0625 -0.375 0.5
1532257025462170 2.8125 0.0625 0.25
1532257025492092 0.375 1.125 1.3125
1532257025528992 2.5625 1.0625 1.6875
1532257025551936 3.5625 0.75 1.1875
1532257025596811 2.125 0.5625 1.625
1532257025626731 1.25 0.6875 2
1532257025694550 5.375 1.6875 2.5
1532257025709057 5.4375 2.25 2.625
1532257025761917 2.9375 2.9375 2.6875
1532257025783858 3 3.0625 2.6875
1532257025806797 4 2.4375 2.125
1532257025851677 3 2.5 1.9375
1532257025904535 2.6875 2.4375 1.9375
1532257025964375 3.375 2.9375 2.0625
1532257026039175 4.1875 3.125 2.25
1532257026069096 2.75 2.0625 2.25
1532257026106994 2.625 1.75 1.4375
1532257026128935 1.6875 1.9375 1.1875
1532257026181794 1.75 1.875 0.875
1532257026218709 2.1875 2 0.625
1532257026279533 1.75 1.5625 0.4375
1532257026346371 1.375 1.5 0.0625
1532257026369325 1.25 1.5 0
1532257026443698 0.5625 1.1875 0.375
1532257026474630 1.625 0.125 0.0625
1532257026489575 0.75 0.5 -0.125
1532257026534461 -1.0625 0 0.1875
1532257026556396 -0.1875 -0.0625 0.25
1532257026586316 1.6875 0.4375 0.3125
1532257026609255 1.75 0.875 0.625
1532257026624215 0.9375 1.25 0.875
1532257026639175 0.25 1.3125 1.0625
1532257026706994 2.8125 1.125 0.9375
1532257026773815 -0.375 0.1875 -0.1875
1532257026796753 0.375 0 -0.375
1532257026826674 0.8125 0.0625 -0.625
1532257026894492 0.3125 0.0625 -0.5
1532257026924420 -0.625 -0.125 -0.25
1532257026961499 -0.25 -0.1875 1.75
1532257026984437 0.8125 0.125 1.625
1532257027014358 2.125 0.3125 1.5625
1532257027089158 1.125 -0.125 1.25
1532257027119078 2.75 -0.6875 1.9375
1532257027148997 3.9375 -0.6875 2.4375
1532257027208838 7.75 1 3
1532257027253717 -1.9375 2.625 1.4375
1532257027276656 -3.8125 1.9375 2.125
1532257027306576 -0.625 1.8125 1.1875
1532257027374394 -3 2.1875 -15
1532257027472142 -23.4375 6.875 -16.5625
1532257027494075 -18.5625 3.3125 -14.5
1532257027517013 -15.1875 0.875 -11.1875
1532257027591813 -5.625 0.9375 -5.25
1532257027644674 0.125 1.4375 -2.1875
1532257027681573 4.0625 -1.6875 5.625
1532257027741413 8.75 -2.0625 5.25
1532257027794272 -2.4375 -3.1875 6.125
1532257027824192 4.125 -0.4375 3
1532257027854112 5.0625 -0.1875 3.125
1532257027877051 1.75 -0.6875 4.375
1532257027928912 5.6875 1.5625 2.5625
1532257027973792 6.9375 3.4375 1.5625
1532257028011703 5.125 4.6875 1.9375
1532257028049589 4.25 1.375 0.9375
1532257028101453 3.375 -0.5625 -0.6875
1532257028139349 4.1875 -0.8125 1.0625
1532257028199189 5.5 3.5 4.125
1532257028237105 6.25 4.6875 5.125
1532257028296945 8.75 5.1875 3.25
1532257028318887 5 3.4375 0.625
1532257028356785 3 2.6875 -1.875
1532257028378727 3.4375 0.3125 -5.1875
1532257028431585 -0.6875 0.0625 -6.0625
1532257028462502 -0.9375 1.25 -6.3125
1532257028506385 2.25 2.25 -3.5625
1532257028536305 5.1875 2.375 -2.5
1532257028559244 4.125 2.375 0.3125
1532257028589164 4.5 2.4375 2
1532257028627072 9.0625 4.4375 3.75
1532257028663963 10.9375 4.4375 3.75
1532257028723804 1.4375 4.375 1.25
1532257028792620 -5.8125 -5 -3.5
1532257028814561 -5.5625 -5.25 -4.125
1532257028844481 -4.875 -0.875 -5.0625
1532257028866422 -4.375 1.3125 -3.5625
1532257028889361 -4 2.4375 -1.5
1532257028904321 -1.6875 3.375 0.6875
1532257028926262 0.9375 3.25 3.4375
1532257028949201 0.3125 1.375 6.0625
1532257028964161 0.0625 -0.0625 7.875
1532257028987100 0.8125 -0.125 7.625
1532257029002069 0.125 -0.8125 7.1875
1532257029017020 -1.875 -3 6.875
1532257029053933 -2.375 -4.875 5.5
1532257029091819 -0.6875 -5.0625 2.25
1532257029128721 0.25 -5.75 0.5
1532257029181580 -4.125 -3.125 -1.25
1532257029204518 -3.1875 -3.125 -0.125
1532257029256379 -2.1875 -2.9375 -0.75
1532257029294278 -3.3125 -1.875 0.25
1532257029377057 3.375 -1.875 -0.125
1532257029392017 3.125 -1.1875 -0.3125
1532257029421937 -2.25 -3.125 0.375
1532257029451857 -1.4375 -1.875 0
1532257029466817 0.25 -0.6875 -0.8125
1532257029496736 -0.125 -1.4375 0.25
1532257029526657 -0.8125 -1 0.125
1532257029549596 -1.1875 -0.3125 -0.5
1532257029601475 -3.375 0.0625 -1.625
1532257029646337 -3.1875 0.5625 -1.375
1532257029676263 -2.1875 1.625 -0.8125
1532257029684242 -2.0625 1.5625 -0.625
1532257029706182 -4.8125 -1.1875 3.6875
1532257029729121 -2.3125 -0.625 3.75
1532257029759042 22.125 12.25 9.4375
1532257029826860 45 24.1875 -0.1875
1532257029841820 34.3125 30.1875 -10.125
1532257029939559 -67.75 102.688 -17.125
1532257030006380 -105.063 113.313 -19.625
1532257030066220 -94.1875 103.938 -14.875
1532257030223838 -77.75 44.375 -56.6875
1532257030291639 -11.0625 18.6875 -38.1875
1532257030404337 -24.8125 12 -8.125
1532257030441239 -8.375 10.5625 -10.375
1532257030487116 -15.8125 3 10.125
1532257030502077 8.3125 0.0625 4.5625
1532257030553938 -16.625 -3 0.0625
1532257030734454 -5.125 -4.5625 -7.625
1532257030771356 7.3125 -3.625 -9.8125
1532257030847167 11.375 16.6875 8.1875
1532257031274012 4 -9 -14.5625
1532257031288972 2.4375 -5.1875 -12.625
1532257031454529 0.125 1.3125 5.25
1532257031776668 -1.5 -3.5625 -11.25
1532257032009046 -2.6875 -4.875 4.5
1532257032068886 2.125 -5.875 2.5
1532257032249404 61.625 -51.8125 -23.4375
1532257032369084 28.9375 -54 -31.0625
1532257032564561 -51.75 74.375 53.125
1532257032646342 -80.25 106.813 69.3125
1532257032714160 -85.9375 117.188 66.5
1532257032737099 -95.625 107.438 39.875
1532257032788961 -83.6875 39.25 -29.125
1532257032841820 -85.625 35.125 -24.875
1532257032901659 -45.9375 45.1875 -13.1875
1532257032984454 -47.375 35.125 4.0625
1532257033044279 -16.9375 21.9375 -3.25
1532257033112097 4.25 11.625 1.3125
1532257033171937 18.8125 3.5 7.6875
1532257033201874 43.0625 -5.0625 13.5625
1532257033253718 92.1875 -26.9375 3.9375
1532257033268679 103.75 -35.75 -7.3125
1532257033306576 118.875 -44.8125 -8.5
1532257033374395 141.25 -68.4375 -62.5
1532257033509036 229.375 -181.938 -49.6875
1532257033928913 -30.5 31.0625 19.75
1532257033973792 -18.3125 29.25 42.9375
1532257034011691 35.625 -23.875 75.875
1532257034049589 25.25 -79.5 48.75
1532257034086492 51.4375 -90.125 43.1875
1532257034124390 78.25 -101.938 5.0625
1532257034169288 89.6875 -101.625 -12.875
1532257034199189 43.875 -104.188 -16.375
1532257034252049 -10.9375 -61.8125 -5.75
1532257034288950 51.3125 -51 -7.75
1532257034318870 31.0625 -40.1875 2.625
1532257034363770 -44.1875 1.75 10.8125
1532257034378731 -0.0625 5.5625 3.25
1532257034401669 45.6875 -16.5625 11.125
1532257034431590 28.625 -20.375 13.5625
1532257034454528 -20.875 -15.8125 12.4375
1532257034484447 -24.75 -8 6
1532257034545285 -2.625 -2.5 -0.625
1532257034581189 5.75 -5.75 3.25
1532257034596149 -1.0625 -7.1875 4.1875

1532257034627067 -6.4375 -3.875 -0.375
1532257034693888 -7.375 -3.3125 -5.8125
1532257034723808 -4.9375 -3.1875 -5.1875
1532257034738767 -7.3125 -5.125 -2
1532257034769685 -9 -4.25 0.9375
1532257034783648 -7.6875 -2.875 3.4375
1532257034814565 -1.1875 -2.6875 4.5625
1532257034844485 5.6875 0 5.5
1532257034866427 5.1875 0.9375 6.75
1532257034889365 2.5 0.625 7.875
1532257034934245 7.875 -0.875 15.375
1532257034956186 10.9375 -1.25 15.5
1532257034987104 13.6875 -2.1875 13.375
1532257035091853 9.875 -1.375 3.875
1532257035106813 4.6875 0.625 0.4375
1532257035151697 3.125 1.8125 0.0625
1532257035174648 5.625 1.4375 1.3125
1532257035204551 6.9375 0.9375 2.8125
1532257035219511 6.4375 0.1875 3.125
1532257035264391 9.0625 -1.0625 2
1532257035301293 7.6875 -0.8125 0.625
1532257035316253 5.3125 -0.375 -0.25
1532257035377090 3 2.125 0.875
1532257035407010 5.3125 2.4375 0.75
1532257035451890 6.375 4.125 1.125
1532257035481809 6.0625 3.9375 1.9375
1532257035503752 6.1875 4 2.5
1532257035541650 8.75 2.4375 2.1875
1532257035556609 8.25 2.125 1.875
1532257035654349 2.5625 0 -1.75
1532257035670320 -0.1875 0 -1.75
1532257035691250 -1.5625 0.0625 -1.3125
1532257035729148 1.9375 1.625 -0.75
1532257035752088 3.3125 2 -0.5
1532257035767047 3.125 2.375 0.1875
1532257035811927 2 3 0.75
1532257035833869 0.6875 3.125 1.125
1532257035878748 6.0625 2.5 1.4375
1532257035931606 6.8125 1.8125 1.25
1532257035991447 2.9375 0.125 1.8125
1532257036014386 3.875 -1.875 -0.25
1532257036029346 3.6875 -1.4375 -0.5
1532257036044305 2.5625 0.5625 -0.3125
1532257036081207 1 2 -0.1875
1532257036119106 0.9375 2.125 -0.1875
1532257036149043 1 4.375 -0.375
1532257036171980 -0.5625 5.75 -1.25
1532257036186941 -1.9375 5.125 -1.8125
1532257036216860 -1.6875 3.1875 -2.8125
1532257036246780 -1.4375 2.3125 -3
1532257036268722 -0.75 1.5625 -3.5625
1532257036283682 -0.25 1.5 -4.3125
1532257036299638 -0.5625 1.4375 -4.1875
1532257036329559 -0.625 1 -3.375
1532257036344519 -0.25 1.3125 -2.9375
1532257036366461 0.3125 1.9375 -2.125
1532257036381421 1.3125 1.875 -0.5
1532257036404367 3.125 1.9375 0.875
1532257036450236 4.1875 1.9375 2.6875
1532257036487137 2.75 1.5625 5.625
1532257036502097 3.6875 1.875 6.875
1532257036524039 10.25 3.5625 6.3125
1532257036538999 11.0625 5.0625 6.6875
1532257036568919 10.375 6 7.0625
1532257036583879 11 5.375 6.375
1532257036621778 10.0625 4.375 4.75
1532257036643719 9.4375 3.8125 3.4375
1532257036689596 4.75 2.5625 -1.1875
1532257036726497 0.6875 2 -3.6875
1532257036764396 4.6875 1.25 -3.9375
1532257036779356 4.8125 1.3125 -3.8125
1532257036809276 3.5 1.6875 -2.6875
1532257036831217 3.625 2.125 -1.1875
1532257036854157 3.5625 2.875 0.4375
1532257036877095 2.1875 3.25 2.375
1532257036899036 1.75 3.375 3.9375
1532257036921975 0.9375 3.5 4.9375
1532257036958876 0.5625 3.1875 4.8125
1532257036988796 -0.25 1.0625 2.5
1532257037026696 -0.3125 0.1875 0.5625
1532257037064594 -1.6875 -0.375 -2.375
1532257037086534 -0.25 -1.0625 -4.5
1532257037101496 1.0625 -1.1875 -5.125
1532257037131414 1.75 -0.8125 -4.9375
1532257037146374 1.8125 -0.1875 -4
1532257037191255 1.375 0.375 -3
1532257037206215 0.25 0.6875 -2.25
1532257037274033 2 1.3125 0.5
1532257037393725 -0.1875 -1.875 0.8125
1532257037416652 -1.375 -1.5 0.8125
1532257037424630 -1.9375 -1.25 0.75
1532257037454550 -1.125 -1.1875 0.75
1532257037499430 1.375 -1.5625 1.875
1532257037522369 -0.25 -1.25 2.375
1532257037544311 0.5625 -0.875 2.25
1532257037589190 1.125 -0.25 1.5
1532257037634071 1.3125 0.1875 1.375
1532257037657009 1.0625 0.875 0.75
1532257037708870 3 0.125 -2
1532257037746769 1.9375 -0.125 -2.875
1532257037768711 -1.8125 0.5625 -3.375
1532257037783671 -2.625 1.0625 -3.3125
1532257037821569 -1.9375 2.1875 -1.8125
1532257037859468 -1.6875 2.75 -0.8125
1532257037875426 -1.6875 2.8125 0.25
1532257037896369 -1.5 2.625 0.875
1532257037919308 -2.125 0.9375 2.5
1532257037964188 -4.3125 -1.375 1.1875
1532257038002087 -5.25 -3.125 -0.8125
1532257038032006 -4.375 -3.5625 -1.25
1532257038068909 -1.5625 -3.75 -0.75
1532257038083869 -0.75 -3.5 -0.0625
1532257038113788 -3 -2.625 1.8125
1532257038151687 -3.4375 -2.25 2.3125
1532257038204545 -1.625 -1 2.5
1532257038249425 -1.375 -0.75 2.3125
1532257038279345 -0.9375 -0.625 1.625
1532257038354145 1.3125 -0.3125 1.1875
1532257038377084 0.9375 -0.375 1.4375
1532257038436923 0.75 -0.9375 1.0625
1532257038473825 1.0625 -0.6875 -0.125
1532257038496763 0.6875 -0.75 0.1875
1532257038541644 2.5625 -0.4375 -0.5625
1532257038571564 1.8125 -0.6875 -0.125
1532257038639407 1.3125 -1.375 0.9375
1532257038753102 -2.6875 -0.5 -0.625
1532257038782025 -2.625 -0.1875 -1.125
1532257038796985 -2.25 -0.0625 -1.75
1532257038856825 1 1.3125 -0.25
1532257038908686 1.5 2.9375 1.375
1532257038923646 -0.3125 2.9375 2.4375
1532257038969524 -4.5 1.3125 2.125
1532257038991465 -9.75 -2.4375 -2.6875
1532257039044324 20.625 -1.375 -18
1532257039104164 -61.625 26.4375 -5.875
1532257039157022 -85.8125 51.9375 -11.625
1532257039208884 -88.9375 89.625 -14.25
1532257039299641 -72.25 135.813 -17.5625
1532257039366462 -78.4375 128.188 -15.0625
1532257039561940 -93.4375 96.5625 -21.75
1532257039839198 3.375 -22.4375 -22.0625
1532257039914017 8.9375 -19.8125 -24.125
1532257039951897 11.625 -10.625 -12.875
1532257039988798 -0.0625 -6.625 0.5625
1532257040371774 -13.4375 7.0625 14.125
1532257040506414 -12.5625 11.5 11.5625
1532257040559273 -5.9375 9.6875 11.375
1532257040671971 4.1875 5.6875 9.875
1532257040761731 -5.4375 5.25 10.875
1532257040783673 -6.8125 1.4375 9.25
1532257040874430 4.625 -8.3125 -9.0625
1532257040919309 8.5625 -1.9375 -7.875
1532257040941251 4.25 -0.1875 -5.375
1532257041017049 3.375 -1.5625 2.9375
1532257041032008 3.5625 -2.3125 3.8125
1532257041106807 2.25 -5.5 3
1532257041151689 3.9375 -9.5625 3.4375
1532257041279347 21.1875 -10.9375 -5
1532257041369107 7 -40.3125 -29.375
1532257041392045 -18.375 -20.75 -18.5625
1532257041503747 -55.3125 -0.4375 -1.875
1532257041556605 -54.625 3.375 6.5625
1532257041616446 -114.125 65.5625 44.4375
1532257041646365 -75.1875 59.25 44.8125
1532257041676285 -83.4375 59.375 47.125
1532257041691245 -78.25 56 42.6875
1532257041714184 -68.625 44.1875 35.625
1532257041729144 -70.3125 36.5625 35.625
1532257041774024 -52.4375 27.0625 26.0625
1532257041811923 -36.8125 24.3125 16.25
1532257041916643 -13.3125 21.625 2.625
1532257041946562 2.875 28.625 -9.6875
1532257042021363 23.75 -1.1875 -45.9375
1532257042051283 17.125 -4.125 -47.625
1532257042082200 10.8125 -5.375 -42.375
1532257042157000 -4 1.9375 0.0625
1532257042193902 -8.375 7.3125 17.3125
1532257042216840 -8.9375 16.75 39.25
1532257042276680 -16.0625 24.375 41.6875
1532257042336533 -12 24.3125 33.0625
1532257042366459 -5.5625 22.4375 21.625
1532257042404358 18.875 10.5 -10.875
1532257042426299 39.5 -4.125 -33.3125
1532257042479158 80.375 -27.5 -47.125
1532257042494118 114.625 -42.4375 -48.875
1532257042524041 141.063 -57.3125 -54.375
1532257042538998 143.938 -70 -66.0625
1532257042591856 165.313 -90.625 -52.875
1532257042643718 204.438 -105.438 -42.0625
1532257042689595 205.5 -148.125 -42.875
1532257042704555 184.125 -154.75 -40.25
1532257042779355 91.8125 -99.125 -2.125
1532257042816256 52.0625 -75.625 2.5
1532257042884075 26.9375 7.625 15.125
1532257042928955 -17.125 37.9375 28.25
1532257042996773 -37.3125 41.5625 37.375
1532257043056613 -32.6875 43.25 48.3125
1532257043124431 -16.875 30.0625 64.4375
1532257043146374 -3.125 23.6875 67.0625
1532257043191266 29.625 -32.5625 64.3125
1532257043207210 40.125 -52.75 53.375
1532257043229151 63.5 -70.4375 43.875
1532257043244112 70.125 -84.125 39.0625
1532257043288992 80.6875 -127.25 22.3125
1532257043303952 75 -145.938 18.4375
1532257043363792 17.25 -184.875 8.875
1532257043386731 12.1875 -198.813 18.3125
1532257043416651 25.5625 -175.75 31.75
1532257043439590 -57.75 80.125 10.4375
1532257043461530 10.25 87.25 -13.5
1532257043484470 186.938 13.125 -33.25
1532257043514389 177.688 -17 -12.875
1532257043551290 -21.5 -34.0625 36.5
1532257043574229 -105.313 0.25 31.4375
1532257043597181 -113.188 11.5625 3.1875
1532257043634069 -2.6875 -4.3125 -24.3125
1532257043663989 10.5 -11.5625 -16.625
1532257043693909 -10.8125 -13.9375 -9.125
1532257043731808 -39.3125 -8.0625 -2.5625
1532257043746768 -29.125 -5.25 -4.5
1532257043791647 0.375 -2.25 -6.625
1532257043821568 4.5625 -2.3125 -5.6875

1532257043851488 -4.3125 -8.5625 -9.1875
1532257043866448 -0.9375 -6.5 -14.0625
1532257043881408 12.875 2.25 -15.6875
1532257043904347 16.6875 7.3125 -16.0625
1532257043926288 18.6875 10.9375 -9.125
1532257043987124 15.1875 16.1875 -25.8125
1532257044017044 10.6875 16.6875 -28.4375
1532257044046965 -22.5 10.1875 -39.1875
1532257044091845 -5.1875 -3.875 -42.0625
1532257044128751 8.5625 -13.8125 -38.75
1532257044181612 -35.875 -19.875 -3.5
1532257044219516 -10.9375 0.25 -7
1532257044256411 -12.8125 10 -6.5
1532257044346193 -17.0625 -1.5625 -6.625
1532257044369131 -22.6875 9.1875 0.625
1532257044384091 -13.875 7.625 1.75
1532257044407030 -5.375 3.5625 3.125
1532257044428971 -3.3125 -0.1875 3.8125
1532257044451910 -3.4375 -2.9375 4.8125
1532257044473852 -7.0625 -5.0625 5.375
1532257044526710 15.625 -2.9375 -10.9375
1532257044556631 17.3125 2.4375 -10.625
1532257044594528 -0.0625 8.625 -5.0625
1532257044646389 -2.4375 7.375 -1
1532257044661350 -3.1875 4.875 1.375
1532257044699248 -4.4375 -3.125 4.3125
1532257044714209 -3 -7.0625 2.5
1532257044744129 6.5625 -9.4375 -1.875
1532257044776043 7.8125 -0.8125 -5
1532257044803969 -2.1875 4.25 -3
1532257044863809 -8.9375 4.125 2.6875
1532257044878769 -3.3125 1.375 5.125
1532257044924646 5.25 -3.6875 4.875
1532257044939606 12.3125 -5.375 0
1532257044969526 17.3125 -3.6875 -3.75
1532257044984486 10.8125 -0.125 -4.125
1532257044999447 -0.1875 3.9375 -3.125
1532257045021387 -8.1875 4.6875 -3.625
1532257045052305 -13.125 4.25 -3.6875
1532257045066267 -14.1875 2.8125 -2.0625
1532257045096188 -5.6875 -0.625 4.875
1532257045127104 -1.5 -2.9375 7.3125
1532257045157025 3.9375 -5 6.875
1532257045178966 16.5 -5.875 0
1532257045201905 10.375 -1.75 -0.4375
1532257045231824 -0.875 4.375 0.875
1532257045261745 -6.125 9.1875 1.9375
1532257045314603 -1.1875 12.1875 6.1875
1532257045336545 10.625 6.9375 9.5
1532257045381430 15.4375 1.0625 2.6875
1532257045411345 18.5 1 -1.3125
1532257045419323 17.25 3.625 -6.5
1532257045441264 10.9375 4.125 -9.5
1532257045456224 4.6875 3.25 -12.125
1532257045494123 -4 -0.125 -17
1532257045524043 -6.0625 -2.1875 -17.625
1532257045539002 -6.5 -3.375 -16.625
1532257045568923 -3.6875 -3.25 -14
1532257045621782 6.8125 1.5625 1.125
1532257045674641 3.5 7.125 6.875
1532257045704560 1.3125 8.75 7.8125
1532257045741462 3.75 8.6875 7.875
1532257045756422 5.625 7.6875 7.9375
1532257045794320 7.9375 5.5 6.5625
1532257045831222 8.4375 4.9375 5.5
1532257045884080 5.9375 2.875 0.9375
1532257045928960 5.0625 1.875 -3.125
1532257045943920 3.4375 0.8125 -4.0625
1532257045981818 -1.3125 -0.1875 -4.9375
1532257046011739 -1.6875 -0.875 -5
1532257046101499 -0.75 -1.625 -2.5625
1532257046131419 0.875 0.3125 0.25
1532257046169318 2.625 3.375 3.0625
1532257046199238 1.5625 3.9375 3.25
1532257046229157 -0.0625 2.9375 3.3125
1532257046244117 0.125 2.5 2.625
1532257046274037 -0.0625 0.375 -0.1875
1532257046333878 -0.8125 -1.125 -1.625
1532257046393728 0.5 -1.1875 -4.9375
1532257046499435 2.375 0.125 -4.125
1532257046530352 3.0625 1.6875 -0.5625
1532257046604155 -0.4375 0.875 2.9375
1532257046657014 -5 -1.4375 4.3125
1532257046708875 -7.75 -2.125 4.875
1532257046753754 -2.375 0.625 3.375
1532257046791654 -0.25 1.4375 3.125
1532257046851499 2.625 1.1875 0.1875
1532257046881413 0.5625 -2.1875 -3.125
1532257046941253 -2.5625 -2.25 -3.5
1532257046971173 -1.1875 -0.25 -2.75
1532257047002091 -0.625 2.375 -0.0625
1532257047017051 -0.875 2.4375 0.9375
1532257047068912 -1.0625 1.25 0.125
1532257047121771 -1.9375 -0.9375 0
1532257047151704 -5.125 -2.9375 -1.0625
1532257047166650 -5.5 -4 -0.8125
1532257047189589 -5.25 -2.5 2.125
1532257047219509 -6.25 -0.3125 2.5625
1532257047249429 -6.3125 -0.3125 4.5625
1532257047316251 -5.3125 -0.1875 4.5
1532257047377088 -5.0625 -1.9375 2.0625
1532257047407007 -3.3125 -2.625 0.125
1532257047436928 -2.9375 -3.125 -1.1875
1532257047451888 -3.3125 -2.6875 -0.625
1532257047466848 -2.4375 -1.125 0.25
1532257047496768 -1.25 0.1875 1.5
1532257047511728 -1.5625 0.75 1.8125
1532257047526688 -1.9375 0.375 1.75
1532257047541648 -1.8125 -0.0625 1.4375
1532257047564586 -2.125 -0.375 0.4375
1532257047594507 -2 -1.625 -1.5625
1532257047616448 -1.3125 -1.625 -2.125
1532257047631408 -0.5 -1.25 -2.1875
1532257047646367 0.6875 -0.5625 -1.5
1532257047676288 2.5625 0.4375 -0.8125
1532257047714186 4.3125 2.125 -0.125
1532257047729146 4.5 2.625 0.125
1532257047744107 3.9375 2.4375 0.1875
1532257047774026 1.1875 0.75 -0.5625
1532257047796965 -7.6875 -3.0625 -7.8125
1532257047818908 -6 -4.5 -13.375
1532257047833866 9.5625 -3.4375 -11.5625
1532257047848827 -4.5625 1.3125 -19
1532257047871775 -71.875 4.4375 -31.75
1532257047901685 -84.5625 20.0625 -25.3125
1532257047939584 -99.625 37.4375 -15.4375
1532257047976485 -98.875 98.9375 -11.4375
1532257047999438 -105.25 104.375 2.625
1532257048036325 -95.9375 106.875 23.875
1532257048051286 -82.0625 101.688 26.125
1532257048096165 -87.0625 74.5625 21.5
1532257048149023 -94.125 54.5 32.125
1532257048216842 -80.8125 34.625 24.8125
1532257048253744 -79.25 33.0625 25.125
1532257048321562 -56.3125 15.8125 37.375
1532257048434261 -43.25 17.25 24.6875
1532257048443237 -52.9375 16.6875 22.4375
1532257048472160 -45.5625 12.5625 10.5625
1532257048502084 -8.1875 -5.375 -31.375
1532257048532000 -5.125 -7 -34.1875
1532257048561919 22.625 -0.5 -34.75
1532257048583860 7.9375 5.625 -14.75
1532257048613780 21.5625 10.75 -4.125
1532257048651679 11.5 17.5625 11.9375
1532257048696559 0.6875 14.75 17.25
1532257048719498 2.5625 14 18
1532257048809257 11.3125 14.75 15.5625
1532257048884058 -5.5 5.3125 16.375
1532257048996761 5.375 -1.9375 -2.0625
1532257049041637 -0.6875 -4.25 -5.1875
1532257049139375 2.4375 4.3125 -8.3125
1532257049176277 5.1875 10.1875 5.8125
1532257049207194 4.5625 10.8125 10.5625
1532257049244095 4.1875 9.625 13.4375
1532257049348826 7.25 1.875 11.625
1532257049401674 0.25 -6.3125 6.5
1532257049469494 -2.5625 -24.875 -21.125
1532257049521354 -17.0625 -51.3125 -38.75
1532257049627070 -36.4375 -52.5625 -74
1532257049904330 -26.0625 75.75 64.5
1532257049971151 -45.75 67.25 10.1875
1532257050070885 -36.1875 30.0625 -29.1875
1532257050151668 -7.625 9.375 -31.125
1532257050212505 20.375 6.375 -6.125
1532257050234446 20.375 11.0625 7.4375
1532257050286309 7.375 11.0625 17.3125
1532257050309247 6.5 7.5625 17.25
1532257050354127 12 5.5625 15.4375
1532257050369106 14.6875 3.875 10.625
1532257050399007 18.125 2.5625 4.5
1532257050421946 18.625 -0.1875 -0.9375
1532257050451866 24.75 -3.625 -7.9375
1532257050496746 67.25 -18.1875 -26.875
1532257050534645 69.375 -25.4375 -33.125
1532257050586506 91.4375 -52.4375 -38.875
1532257050631386 106.75 -83 -62.9375
1532257050661305 140.625 -116.25 -57.25
1532257050752063 174.438 -121.938 -41.5625
1532257050788964 143.188 -121 -21.75
1532257050924601 61.8125 -57.5625 13.125
1532257051029321 14.375 2.5 11.375
1532257051097146 -17 9.5 27.25
1532257051127060 -17.0625 14.4375 57.5625
1532257051223801 41.75 -28.3125 54.75
1532257051231779 48.75 -40.625 49.4375
1532257051306579 49 -74.1875 26.0625
1532257051321540 42.5625 -74.75 17.3125
1532257051464159 59.8125 -81 2.25
1532257051546937 69.5625 10.9375 -5.75
1532257051568879 98.875 -4.0625 -4.6875
1532257051643679 -31.0625 -8.8125 21.5
1532257051681577 -46.25 8.125 10.875
1532257051734452 26.3125 1.3125 -7.5

1532257051786300 -14.4375 -7.3125 1.8125
1532257051801257 -7.5625 -7.625 0.625
1532257051824196 1.8125 -9.25 -2.5625
1532257051877054 2.0625 -17.0625 2.875
1532257052012691 -8.25 -16.625 5.25
1532257052049593 -19.875 -12.375 -17.375
1532257052064553 -29 -10.625 -15.25
1532257052079513 -34.625 -9.25 -12.3125
1532257052101462 -31.5625 -9.3125 -11.9375
1532257052124393 -24.125 -8.1875 -14.75
1532257052139352 -8.875 -9.1875 -18.625
1532257052161294 0.1875 -8.5625 -18.75
1532257052207172 -2.125 -7 -18.0625
1532257052222132 -9.8125 -7.125 -16.8125
1532257052252052 10.375 -9 -13.375
1532257052273993 10.5625 -10.1875 -14.625
1532257052303912 1.375 -7.3125 -14.8125
1532257052326852 -6.9375 -5.9375 -12.1875
1532257052363753 -8.8125 -4.375 -9.0625
1532257052379710 -8.1875 -1.75 -7.8125
1532257052393673 -5.625 -2.375 -8.5625
1532257052416612 -3.3125 -4.375 -7.6875
1532257052506425 5.1875 -13.4375 3.5625
1532257052566265 16.875 -21.9375 1.125
1532257052581225 12.1875 -24.5 2.5625
1532257052604164 17.9375 -30.75 9.25
1532257052642063 38.3125 -25.4375 8
1532257052664004 34.4375 -7.1875 14.1875
1532257052678964 23.6875 26.625 25.625
1532257052693924 23.25 58.25 15.25
1532257052731823 -3.875 68.25 13.25
1532257052753764 -20.0625 63.5 12.6875
1532257052806623 14 28.1875 -3.125
1532257052837540 20.6875 14.8125 -10.125
1532257052866463 23.3125 5.5 -15.375
1532257052896383 10.5625 0 -17.1875
1532257052919321 -7.875 -1.75 -19.25
1532257052956222 -2.3125 0.9375 -23.375
1532257053017060 7.25 8.5625 -22.125
1532257053083881 24.125 22.25 -7.1875
1532257053128761 47.875 32.5625 1.5625
1532257053174639 12.1875 21.375 2.625
1532257053189598 11.625 11.0625 -0.125
1532257053234479 9.5 -3.5625 -4.5
1532257053271380 16.125 -6.0625 -5
1532257053309278 16.125 -4.8125 -5.625
1532257053362137 6.8125 12.6875 -3.625
1532257053428958 2.625 14.4375 0.25
1532257053496777 -5.3125 -1.0625 7.8125
1532257053549636 -29.8125 -7.1875 16.25
1532257053564595 -24.3125 -14.5625 19.3125
1532257053616458 -13.375 -18.9375 16.8125
1532257053714196 -7.6875 -13.6875 12.0625
1532257053916654 -19.5 -15.5625 -8
1532257054021374 -4.125 6.5 0.125
1532257054074232 2.6875 9.6875 9.1875
1532257054119125 2 5.625 9.75
1532257054157012 0.875 4.0625 8.3125
1532257054396371 -2.1875 -0.875 -1.125
1532257054456212 -4.375 -1.5625 1.75
1532257054472169 -5.4375 -2.3125 3.125
1532257054509069 -2.5625 1.4375 4.25
1532257054561929 -0.875 2.5 4
1532257054598830 0.5 2.6875 3.6875
1532257054628750 1.125 3 2.125
1532257054643710 2.1875 2.4375 0.375
1532257054658670 5.1875 0.8125 -3.25
1532257054681609 3.8125 0.0625 -3.75
1532257054742446 1.75 1.625 -2.4375
1532257054877086 -4.125 2.4375 3.75
1532257054899027 -0.3125 3.5 1.0625
1532257054913987 0 2.0625 0.25
1532257054928947 0.9375 -1.9375 0.3125
1532257054958867 5.8125 -3.3125 -0.25
1532257055003747 4.3125 -1.1875 -1.25
1532257055033667 4.5625 0.625 -0.25
1532257055124424 -1.0625 3.8125 -1.625
1532257055154344 -0.75 1.9375 -3.3125
1532257055214184 3.75 -0.625 -6.25
1532257055267043 -1 -1.5 -6.5625
1532257055288985 1.0625 -1.4375 -4.625
1532257055318905 2.5 -0.1875 -1.25
1532257055379742 -0.3125 4.25 3.0625
1532257055401700 -1 2.25 2
1532257055424622 -0.375 -0.0625 0.3125
1532257055484462 -0.1875 -2.8125 -10.375
1532257055521363 7.875 -1.125 -5.5625
1532257055574222 23 14.6875 4.5
1532257055634062 -91.375 79.5 -11.0625
1532257055761720 -76.9375 108.625 15.25
1532257055821560 -87 115.5 10.8125
1532257055926280 -56 69.875 5.0625
1532257056038985 -38.375 49.9375 12.25
1532257056098818 -24.8125 25.3125 5.4375
1532257056301283 11.25 -9.3125 -7.625
1532257056488775 -6.25 7 12.1875
1532257056541635 0.8125 5.125 10.625
1532257056586515 5.0625 4.375 8.5
1532257056624413 -4 -8 -4.625
1532257056648350 -4.6875 -9.4375 -4.9375
1532257056691235 -4.5625 -12.125 -4.0625
1532257056811912 10.8125 -9.125 0
1532257056878733 3.125 -0.3125 4.75
1532257056954530 3.25 2.875 7.0625
1532257056976472 -4.5 1.9375 9.125
1532257057044291 -0.25 -5.125 -3.625
1532257057134050 0.25 -7.1875 -7
1532257057156989 -5.1875 -11.5625 -9.4375
1532257057208851 -6.125 -13.0625 -10.6875
1532257057293624 0.5 -12.3125 -6.125
1532257057321549 2.875 -5.5625 -1.75
1532257057359448 -1.125 -2.6875 7.4375
1532257057411309 -5.25 -6.375 6
1532257057434261 -7.75 -8.875 5.9375
1532257057524008 -18.1875 -14.25 4.0625
1532257057696546 -66.625 20.1875 -35.8125
1532257057734446 -71.5625 57.125 -24.0625
1532257057809245 -95.375 82.5 -7.1875
1532257057870083 -91.875 86.3125 -4.875
1532257057921944 -83.625 85 4.5625
1532257057988765 -71.125 51.375 2.3125
1532257058041639 -72.3125 44.5625 -2.125
1532257058079522 -68.9375 34.4375 -1.1875
1532257058132381 -59.3125 28.75 -0.3125
1532257058191224 -14.3125 25.875 -6.3125
1532257058229122 -5.3125 27.6875 -1.5
1532257058267038 0.875 19.8125 -0.6875
1532257058303921 3.3125 20 1.875
1532257058341820 3.8125 11.1875 14.0625
1532257058393682 16.1875 11.25 22.8125
1532257058424599 12.625 4.125 17.8125
1532257058469479 58 -5.75 -5.125
1532257058484440 57.4375 -13 -9.6875
1532257058536301 85.8125 -33.5625 -31.0625
1532257058559240 111.563 -46.1875 -36.375
1532257058597138 110.625 -49.1875 -33.6875
1532257058627058 115.313 -55.5 -28
1532257058671938 117.188 -66 -24.6875
1532257058693880 118.063 -78.3125 -36.25
1532257058761699 143.063 -99.9375 -19.1875
1532257058829517 197 -114.938 -11.25
1532257058926258 96.3125 -132.063 11.3125
1532257059031975 29.375 -31.125 15.3125
1532257059076855 -24.6875 38.5 12.5625
1532257059121735 -32.4375 37.1875 26.5
1532257059151656 -33.0625 32.625 35.75
1532257059196535 -14 11.25 43
1532257059211495 4.5625 0 43.3125
1532257059234434 21.3125 -11.8125 41.25
1532257059286295 37.6875 -73.375 33.5
1532257059309235 43.1875 -85.25 35.5625
1532257059331175 66.6875 -105 36.625
1532257059354114 70.125 -107.5 34.625
1532257059392013 78.75 -116.063 31.9375
1532257059413954 87.5 -128.375 29.0625
1532257059466817 -4.875 -30.3125 93.8125
1532257059481773 -21.3125 39.75 57.1875
1532257059534632 49 34.4375 14.125
1532257059564551 108.375 6.8125 -26.625
1532257059579511 58.5 -36.8125 11.25
1532257059616413 -37.25 -18.375 36
1532257059646332 -60 30.4375 9.3125
1532257059699191 1.5 -3.125 -10.6875
1532257059722132 -9.125 -4.375 0.125
1532257059796930 -4.9375 -1.375 -0.25
1532257059818881 10.6875 0.25 -2.125
1532257059893671 14.25 -1.75 5.4375
1532257059924588 11.8125 0.5 8.4375
1532257059954509 8.9375 6.3125 4.75
1532257059969469 4.875 5.375 3.625

1532257060006370 -3 3.25 1.1875
1532257060021330 -5.4375 1.875 -0.8125
1532257060081170 -5.5625 -0.1875 -2.5625
1532257060142011 0.375 1.4375 -1.4375
1532257060178908 1.8125 3.4375 0
1532257060208828 1.6875 3 0.75
1532257060246727 1 2.5625 1.6875
1532257060261687 0.4375 2.8125 1.375
1532257060336487 1.1875 3.25 1.125
1532257060538946 0.875 1.1875 -0.5
1532257060734423 -1.5 -1.3125 -1.125
1532257060764343 -1.25 -0.875 -0.25
1532257060928903 3.75 3.0625 1.75
1532257060981761 3.375 4 -1.9375
1532257061019672 2.5 1.75 -6.0625
1532257061056561 0.75 0.875 -8.1875
1532257061094460 -2.625 -1.375 -11.8125
1532257061207159 -5.375 -2.625 -10.3125
1532257061311879 -13.125 -2.9375 0.375
1532257061409617 -1.5 2.0625 3.5
1532257061506359 0.375 1.5625 2.5625
1532257061559218 -6.1875 -0.4375 -0.125
1532257061612076 -5.3125 1.4375 -0.5625
1532257061641996 -1.4375 3.9375 -3.1875
1532257061663937 0.5625 3.625 -4.75
1532257061693857 1.25 2.6875 -4.875
1532257061723777 1.375 1.5 -4.3125
1532257061761676 4.3125 1.4375 -2.4375
1532257061799574 6.3125 2.5625 0.3125
1532257061836476 6.5625 3.875 1.5
1532257061866396 3.5625 5.1875 3.125
1532257061904294 4.0625 5 3.625
1532257061926236 3.125 3.9375 3.75
1532257061964134 1.9375 3.5625 2.625
1532257062002034 0 2.25 0.9375
1532257062083814 4.8125 1.4375 -2.3125
1532257062128694 4.4375 1.8125 -1.9375
1532257062166593 3.6875 1.875 -0.9375
1532257062181553 3.8125 1.5625 -0.9375
1532257062226433 2.5625 0.6875 -1
1532257062249371 2 0.5 -0.4375
1532257062339132 4.625 2.1875 2.125
1532257062354092 4.6875 3.375 3.0625
1532257062443851 0.3125 2.9375 4.8125
1532257062466791 -0.1875 2.25 2
1532257062534609 1.625 -2.0625 -2.25
1532257062557548 2.125 -2.625 -4.1875
1532257062571510 1.25 -2.5625 -6.125
1532257062609409 -0.625 -2.8125 -8.75
1532257062631350 -1.875 -2.375 -9.3125
1532257062661271 -5.25 0.4375 -9.6875
1532257062684213 -5.6875 -0.0625 -8.125
1532257062706150 -4.4375 -1.1875 -6.4375
1532257062729088 -4.9375 -1.9375 -4.75
1532257062759008 -9 -3.625 -0.3125
1532257062796908 -7.9375 -3.875 1.875
1532257062833809 -6.8125 -2.625 3.25
1532257062863729 -5.625 -0.75 3.9375
1532257062909607 -1.3125 -0.875 2.0625
1532257062961468 -0.75 -1.5625 0.3125
1532257062999366 0.4375 -2.375 0.875
1532257063036267 1 -2.4375 0.6875
1532257063074166 -0.75 -2.625 0.1875
1532257063141985 -3.25 -1.875 -1.125
1532257063171905 -3.4375 -1.25 0.5625
1532257063193847 1.0625 -1.75 -3.4375
1532257063223766 -3.9375 -1.3125 -2.9375
1532257063254683 -7.5625 -1.9375 -2.125
1532257063291585 -1.25 -1.875 -1.875
1532257063345441 -0.125 -0.3125 0.6875
1532257063472102 -1.5 2.1875 0.4375
1532257063538923 1.9375 -0.375 -1.75
1532257063561861 4.4375 -2.125 1.125
1532257063591783 -7 -2.125 -3.125
1532257063613723 29.5 1.5 -4.5625
1532257063651623 59.125 8.5 -5.875
1532257063681542 18.125 18.1875 -27.4375
1532257063711462 -31.5 26.0625 -45.1875
1532257063734401 -107.063 73 -23.5625
1532257063779280 -107.5 98.6875 -51.25
1532257063801224 -99.1875 98.875 -46.0625
1532257063839121 -102 100.063 -10.5
1532257063869041 -101.75 96.6875 -5.8125
1532257063921899 -99.8125 93.6875 -4.5
1532257064003680 -101.625 86.9375 5.25
1532257064514315 15.5625 -0.5625 -29.5
1532257064866374 4.9375 -2.3125 4.8125
1532257064979072 5.9375 -5.3125 -12.3125
1532257065144629 -0.5 4.1875 16.0625
1532257065204469 -4.125 5.1875 15.5625
1532257065271291 3 4.375 6.25
1532257065616368 0.3125 -4.9375 1.5625
1532257065646289 -0.625 -5.8125 -0.5
1532257065684194 1.625 -5.625 -1.25
1532257065729067 0.9375 -2.875 2.1875
1532257065788907 -0.875 -5 1.3125
1532257065841765 -9.5 -2.75 1
1532257065863707 -6.625 -10.1875 3.6875
1532257065999344 10.375 -5.4375 27.25
1532257066201803 -52.625 45.3125 3.0625
1532257066231723 -55.25 46.625 5.75
1532257066276603 -39.9375 38.0625 3.375
1532257066299541 -36.125 32.9375 -2.3125
1532257066351429 -26.0625 33.5 -6.3125
1532257066396283 -10.125 30.375 -7.25
1532257066479061 -0.8125 21.25 -2.5
1532257066531920 9.75 18.625 -2.8125
1532257066576800 -0.6875 8.0625 1.5
1532257066606720 9.125 -3.875 -3.4375
1532257066644618 13.75 -10.625 -7.875
1532257066666560 29 -14.1875 -8.0625
1532257066689498 42.1875 -17 -13.0625
1532257066719419 40.875 -20.375 -18.75
1532257066758315 68.625 -27.875 -23
1532257066786240 87.4375 -34.625 -33.125
1532257066839098 106.75 -48.9375 -34.125
1532257066883978 126.063 -76.5 -22.0625
1532257066906917 179.5 -95.8125 -45.9375
1532257066943818 168.063 -112.438 -60.9375
1532257066951797 172.813 -106.063 -51.5625
1532257067034576 133.438 -116.313 -31.875
1532257067139295 142.688 -140.375 -14.375
1532257067348735 0.5625 3.75 0.125
1532257067484373 -21.1875 25.1875 2.375
1532257067529253 -12.8125 99 99.125
1532257067567166 -0.5 -45.875 25.25
1532257067589093 35.4375 -67.4375 16.0625
1532257067678853 75.9375 -101.063 13.3125
1532257067754656 88.8125 -109.688 13.125
1532257067844423 72.625 -118 3.1875
1532257067949130 37.5 -72 -9.75
1532257067964090 41.5 -59.8125 -12.3125
1532257068061829 -11.875 11.875 -4.125

1532257068241348 -1.9375 -1.125 3.875
1532257068279247 0.4375 7.75 -7.4375
1532257068339087 -1.6875 8.625 -6.375
1532257068443807 5.625 6.5 -10.3125
1532257068504645 8.1875 -2.625 -10.375
1532257068661226 -30.625 16.625 0.4375
1532257068714084 7 5.5625 5.125
1532257068744004 -1.25 4.3125 3.9375
1532257068811823 -12.4375 2.5625 1.4375
1532257069089129 5.1875 2.25 0.375
1532257069127038 4.375 2.125 1
1532257069163929 0.5625 -0.6875 -1.9375
1532257069238735 0.5 1.6875 -1.1875
1532257069253689 2.5625 0.9375 -0.5
1532257069351427 2 0.5 -0.125
1532257069366387 -1 0.75 -0.5
1532257069442184 -1.25 -0.875 -0.8125
1532257069457144 -0.5625 -0.625 -0.625
1532257069531944 1.6875 1.125 0.0625
1532257069643646 0.125 0.4375 0.125
1532257069681544 -2.0625 0.75 0.3125
1532257069728419 -0.75 1.125 0.9375
1532257069771305 -0.6875 1.3125 1.3125
1532257069802223 -1.25 1 1.1875
1532257069832142 -1.0625 0.25 0.6875
1532257069921902 -0.4375 -0.1875 -0.1875
1532257070011666 -0.1875 0.25 0.3125
1532257070109401 0.125 0.9375 0.375
1532257070139321 0.5 0.75 0
1532257070176222 -0.5 -0.125 0
1532257070191182 -0.1875 -0.125 0
1532257070214121 -0.5625 -0.3125 0.1875
1532257070266979 -1 0.0625 0.75
1532257070379677 0 -1.125 -0.25
1532257070416579 -2.4375 -2.625 2.4375
1532257070431539 1.9375 1.5625 4.4375
1532257070469438 2.4375 2.5 3.5
1532257070491379 2.9375 3.0625 1.875
1532257070536259 5.5 2.9375 -2.375
1532257070566186 3.875 0.125 -6.8125
1532257070604078 0.6875 -3 -9.625
1532257070641976 -0.5625 -3.8125 -10.375
1532257070656936 -2 -4.375 -10.5625
1532257070678878 -2.625 -4.125 -8.5
1532257070693838 -3.1875 -3.125 -6.3125
1532257070716776 -3.125 -2.0625 -4.25
1532257070754674 -1.875 -0.6875 -2
1532257070776616 0.5625 1 0.25
1532257070799555 1.25 2.4375 2.1875
1532257070866376 3.375 4.0625 4.875
1532257070881336 3.0625 3.1875 4.625
1532257070919235 0.6875 1.125 2.625
1532257070957133 -1.1875 -0.5625 -0.375
1532257070979075 -0.5 -0.75 -0.9375
1532257071002020 -0.0625 -0.125 -1.5
1532257071023955 -0.5625 0 -1.5625
1532257071076814 0.3125 0.8125 -1.875
1532257071091773 -0.25 0.9375 -0.875
1532257071136654 0.0625 2.125 0.0625
1532257071181534 2.625 2.4375 0.0625
1532257071234403 4.3125 3.0625 -0.3125
1532257071249352 5.1875 3.625 -0.5625
1532257071309192 7.125 3.75 -1.25
1532257071347091 6.625 3.8125 -1.9375
1532257071398952 4.9375 3.5625 -2.5625
1532257071428871 4.8125 3.3125 -2.5625
1532257071451811 5.125 3.1875 -2.0625
1532257071473752 3.8125 2.4375 -1.3125
1532257071511651 2.5625 1.6875 -0.125
1532257071541570 2.5625 1.875 0.0625
1532257071571491 1.375 1.625 1.0625
1532257071586451 0.375 0.8125 2.6875
1532257071616371 2.875 -0.875 5.125
1532257071692168 4.75 4.9375 6.25
1532257071723085 6 7.9375 5.5625
1532257071737049 6 10.25 6
1532257071796888 4.875 8.25 0.8125
1532257071826808 3.9375 3.25 -2.1875
1532257071909587 -3.25 -10.0625 -8.1875
1532257071991368 -1.5625 5 -0.9375
1532257072051212 -2.6875 4.9375 0.4375
1532257072127005 -2.0625 -1.1875 3.3125
1532257072187852 -5.75 -1.9375 3.5
1532257072208787 -5.9375 -2.125 3.5625
1532257072238707 -4.4375 -2.6875 3.1875
1532257072261646 -4 -2.75 3
1532257072314503 -4.3125 -2.375 1.9375
1532257072434184 -3.6875 -2.6875 1.75
1532257072546882 -4.5625 -0.4375 0.1875
1532257072681523 -2.8125 -1.375 -9.4375
1532257072734384 4.8125 -1.25 -5.875
1532257072847080 -116.688 79.9375 -29.4375
1532257072936840 -84.4375 112.688 -8.6875
1532257072973741 -94.125 123.188 -10.1875
1532257073079460 -72.0625 80.625 19
1532257073191160 -65.9375 58.375 35.375
1532257073244018 -61.875 50.0625 32.8125
1532257073251997 -34.4375 33.8125 21.5625
1532257073296878 -27.3125 15.4375 7.5
1532257073341757 1 -16.1875 -25.3125
1532257073379656 24.125 -13.5625 -22.5625
1532257073424535 15.8125 -8.375 -7
1532257073506317 27.625 5.625 2.625
1532257073529255 15.625 12.125 8.9375
1532257073799547 -1.3125 19.5625 25.0625
1532257073987032 -3.75 -13.125 -16.0625
1532257074008973 -5.75 -4.8125 -2.6875
1532257074249330 3.5625 1.4375 9.1875
1532257074406908 -0.25 -22.6875 -12.625
1532257074451796 0.25 -38.0625 -17.0625
1532257074526588 -27 -37.1875 -26.25
1532257074661228 -40.625 -4.375 -32.5625
1532257074676188 -62.6875 35.0625 -15
1532257074722066 -90.6875 75.5 3.3125
1532257074744007 -89.1875 69.125 -0.5
1532257074781906 -86.375 66.0625 -5.625
1532257074796866 -81.8125 65.375 -8.125
1532257074826785 -77.1875 65.5 -9.1875
1532257074848727 -78.625 56.5 -7.375
1532257074939484 -63.3125 44.0625 8.125
1532257074969405 -45.0625 34.4375 11.1875
1532257074976386 -28.4375 29.875 7.875
1532257075014285 -18.25 30.1875 10.75
1532257075021266 -27.0625 28.875 12.25
1532257075059164 -26.1875 27.3125 14.6875
1532257075104044 1.1875 20.3125 4.0625
1532257075126983 4.4375 16.8125 2.4375
1532257075208765 27.25 5 1.1875
1532257075246663 48.125 -6 -8.625
1532257075276583 64.125 -9.75 -6.125
1532257075321463 44.375 -23.25 -10.5
1532257075374322 94.8125 -48.875 -23.1875
1532257075472060 139.625 -75.375 -43
1532257075523921 168.375 -105.938 -41.375
1532257075636620 146.938 -144.75 -8.3125
1532257075726380 139.938 -141.313 -2.25
1532257075981697 -2.125 30.125 61.5625
1532257076034567 59.3125 -29 72.4375
1532257076071458 70.75 -43.8125 60.875
1532257076154236 76.5 -92.6875 17.0625
1532257076243996 65.625 -137.688 26.375
1532257076326774 -35 -2.625 80.3125
1532257076371655 81.0625 -12.5 -21.375
1532257076394593 56.1875 -45.4375 25.4375
1532257076506295 -57.625 13.75 -3.75
1532257076544194 20.8125 1.25 -2.5625
1532257076582091 -16.75 -0.8125 -0.875

1532257076648913 -2.6875 0.125 -0.9375
1532257076671856 2.5625 -0.0625 -0.625
1532257076754644 -8.8125 2.1875 -2.0625
1532257076791538 -5.5625 -0.0625 -2
1532257076821458 -11.125 -0.1875 -1.0625
1532257076881298 -11.375 1.25 -0.25
1532257076949117 -8.8125 3.125 -0.4375
1532257076994996 -5.875 2.4375 -2.5625
1532257077046855 -12.25 1.5 -5.1875
1532257077099182 -5.625 1.8125 -6.375
1532257077152041 -2.4375 1.1875 -6.375
1532257077203902 3.375 2.0625 -4.875
1532257077241802 3.6875 2.375 -4.1875
1532257077294673 2.5625 3.875 -2.5625
1532257077354500 2.625 4.75 -2.3125
1532257077414340 1.875 2.8125 -1.4375
1532257077436281 4.125 2.3125 -1.25
1532257077504100 2.5625 2.375 -0.5625
1532257077616798 0.4375 1.8125 -1.0625
1532257077849064 1.125 2.0625 0.0625
1532257077908905 0.625 1.625 0.9375
1532257077946803 1.75 1.5 0.5625
1532257078044423 0.0625 1.625 0.4375
1532257078104263 -1.0625 0.1875 0.75
1532257078113239 -0.6875 -0.1875 1
1532257078157122 0.8125 0.3125 0.1875
1532257078202002 0.375 -1.0625 -0.1875
1532257078223942 2.25 -1.0625 -0.25
1532257078261842 2.6875 -0.0625 -0.1875
1532257078276801 4.375 2.5625 0.8125
1532257078321682 7.8125 6.375 1
1532257078336642 5.4375 6.9375 -6.375
1532257078374540 13.125 9 -17.5625
1532257078389500 28.5 13.25 -16.3125
1532257078411442 26.3125 11.9375 -15
1532257078456322 -6.5 6.1875 -14.4375
1532257078471282 -11.3125 3.5625 -11.4375
1532257078486242 -7.8125 0.6875 -10.75
1532257078516162 -2.5625 -2.3125 -8.625
1532257078539103 -4.5 -4 -7.25
1532257078576999 -11.4375 -4.9375 -4.75
1532257078591958 -21.3125 -3.4375 -2
1532257078606920 -26.125 -0.9375 1
1532257078651800 -24.25 2.125 5.3125
1532257078704657 -24.1875 2.125 7.25
1532257078741559 -12 0 5.4375
1532257078779457 -3.8125 0.3125 1.6875
1532257078801400 -0.375 -0.0625 0
1532257078839297 2.5 -1.3125 -1.875
1532257078876199 4.5 -3 -4.5625
1532257078899137 2.4375 -3.75 -5.375
1532257078937036 -3.9375 -3.125 -5
1532257078966955 -6 -1.5625 1.1875
1532257079003858 -7.1875 2.375 5
1532257079041756 -6.625 4.5 5.875
1532257079079664 -2.3125 5 6.1875
1532257079131516 3.25 4.5625 5.375
1532257079169415 10.4375 2.75 -1.375
1532257079191357 6.5 2.375 -1.375
1532257079221276 5.1875 1.8125 -1.125
1532257079244215 3.0625 2.25 -2
1532257079289094 2.4375 1.75 -2.625
1532257079304055 1.4375 0.25 -2.625
1532257079333975 1.5625 0.375 -2.1875
1532257079363895 3.5 1.5 -1.5
1532257079416753 3 2.5625 1.0625
1532257079461634 4.6875 3 2.375
1532257079484593 3.3125 3.5 2.1875
1532257079536434 4.3125 4 1.375
1532257079559372 4 4.125 0.75
1532257079589292 4.375 4.375 0.125
1532257079611233 5.625 4.75 -0.5625
1532257079634171 6.375 5.3125 -1.0625
1532257079679064 7.1875 4.5 -1.5
1532257079702005 6.5 4.4375 -1.25
1532257079716950 5.5625 3.875 -1.1875
1532257079769809 4.0625 2.375 0.0625
1532257079783772 3.9375 1.625 0.3125
1532257079836631 3.9375 0.8125 1.75
1532257079874529 3.1875 0.9375 2.625
1532257079889489 3.4375 2.25 3.4375
1532257079911431 5.125 4.375 4.25
1532257079956311 6.75 7.4375 4
1532257080017148 7 4 -0.5625
1532257080032107 6.3125 2.125 -2.5625
1532257080054049 4.6875 0.3125 -4.3125
1532257080076987 3.125 -1.9375 -6.75
1532257080113889 -2.9375 -2.75 -5.75
1532257080136828 -4.1875 -3.25 -4
1532257080151788 -5.4375 -2.8125 -2.5
1532257080166748 -7.875 -2.375 -0.4375
1532257080196668 -9.6875 -2.75 2.5
1532257080241548 -9.9375 -3.0625 5.8125
1532257080279447 -9.1875 -3.75 6.75
1532257080316348 -7.75 -4.6875 7.5
1532257080339287 -8.25 -5 7.875
1532257080392145 -4.5 -1.6875 2.625
1532257080422064 -3.3125 -1 1.4375
1532257080458967 -1.0625 -0.8125 0.4375
1532257080496865 1.0625 -0.625 -2
1532257080527782 -2.5625 -0.875 -3.1875
1532257080601586 -3 -2 -3.6875
1532257080616544 -2.25 -1.3125 -3.875
1532257080676385 -1.875 -0.5625 -2.3125
1532257080706305 -1.5625 -0.6875 -1.8125
1532257080744204 -1.25 -0.8125 -1.4375
1532257080767142 -0.625 -1.1875 -0.9375
1532257080789100 0.0625 -1.125 0.4375
1532257080819004 -1.8125 -0.75 0
1532257080841942 -2.1875 -0.1875 0.3125
1532257080878844 -1.625 -0.4375 0.5
1532257080916742 -6.5625 -2.1875 -5.1875
1532257080931702 -3.375 -2.3125 -6.5625
1532257080954641 -3.0625 -0.1875 -9.5625
1532257080976582 2.375 2.75 -15.875
1532257081006502 4 5.75 -23.75
1532257081021462 -16.625 11.4375 -17.75
1532257081111222 -48.1875 38.625 -13.625
1532257081164081 -48.3125 64.75 -3.1875
1532257081298721 -103.125 102.938 -20.375
1532257081389478 -107.938 108.938 -7.625
1532257081464278 -28.9375 98.375 -6.6875
1532257081562016 -28.75 21.3125 -12.9375
1532257081591943 -17.25 10.8125 -11.9375
1532257081621857 -6.375 10.125 -13.1875
1532257081636817 -6.375 10.0625 -8.375
1532257081675713 8.625 11.6875 -9.375
1532257081846257 -7.125 14.625 10.75
1532257082124513 2.3125 -5.125 -7.875
1532257082184365 -2.75 -13.5625 -23.375
1532257082408752 -4.25 2.9375 8.8125
1532257082491531 1.875 -10.625 -6.125
1532257082627168 1.25 -15.8125 -18.0625
1532257082791728 3.125 -2.9375 -3.875
1532257082874507 -4.625 -3.5 6.25
1532257082956289 -8.6875 -21.6875 -5.4375
1532257082986208 -1.6875 -22 -8.5625
1532257083106886 -18.5 -34.875 -14.875
1532257083399105 -71.5625 57.9375 4.1875
1532257083488864 -12.3125 31 -3.625
1532257083533744 -2.375 22.75 -6.9375
1532257083556683 -1.9375 25.375 -10.875
1532257083624501 4.25 15.3125 -4.4375
1532257083661402 12.4375 9.625 5
1532257083684341 4.1875 9.5625 8.875
1532257083714261 15.625 4.75 6.5
1532257083729221 22.375 3.1875 10.625
1532257083759142 19.9375 1.375 8.4375
1532257083797040 17.4375 -0.4375 5
1532257083826960 27.8125 -2.625 0.75
1532257083878821 60.4375 -21.1875 -19.8125
1532257083901768 71.1875 -27.0625 -20
1532257083931680 88.25 -36.3125 -15.0625
1532257083946640 123.75 -46 -8.375
1532257084036399 118.688 -60.4375 -14.25
1532257084112197 197.813 -114.063 -22.1875
1532257084172037 146.75 -128.75 12.625
1532257084268779 69.375 -120.688 11.375
1532257084344575 37.3125 -91.75 15.3125
1532257084404416 14.5625 -14.25 8.6875
1532257084502155 -11.0625 31.625 36
1532257084532074 6.125 28.875 39.9375
1532257084576954 28.6875 13.4375 42
1532257084591915 34.5 5.9375 45.8125
1532257084628815 45.0625 -15.5625 52
1532257084651754 56.8125 -27.875 49.75
1532257084666714 66.4375 -40.6875 49.875
1532257084689653 71.3125 -55.5625 50.5625
1532257084711595 76.4375 -77.4375 44.1875
1532257084756475 78.125 -87.6875 44.9375
1532257084779413 77.3125 -98.125 52.875
1532257084899093 -17.875 -76.5 70.5625
1532257084958933 98.75 4.125 -19.375
1532257084988853 70 -33.875 8.4375
1532257085041712 -82.25 -21.0625 22.5
1532257085071631 27.5625 8.5625 -5.6875
1532257085109530 -1.8125 1.625 -10.625
1532257085139450 -7.8125 -8.1875 -1.625
1532257085176352 -9.0625 -5.3125 2.25
