1532260874128561 -13.5 17.5 56
1532260874255222 -39.0625 -31.125 50.375
1532260874278160 -22.3125 -34.625 37.625
1532260874308080 -36.9375 -42.3125 28.4375
1532260874367920 -56.625 -37.5 23.9375
1532260874457680 -50.4375 -41.8125 7.5625
1532260874533477 -22.5 -2.1875 5.9375
1532260874555419 -32.5625 11.9375 19.125
1532260874581350 -22.375 51.5 40.0625
1532260874610272 2.625 72.75 40.625
1532260874670113 56.0625 91.5 62
1532260874735952 105.188 83.8125 72.4375
1532260874825695 133.688 88.0625 52.4375
1532260874849633 120.5 87.5625 46.125
1532260874870576 96.625 81.5625 34.0625
1532260874938399 85.875 76.8125 29.6875
1532260874983275 87.625 61 13.0625
1532260875073035 45.625 15.8125 27.125
1532260875177767 33.5 -4.4375 30.4375
1532260875209670 27.75 -3.625 36.9375
1532260875282474 -6.0625 -4.9375 28.25
1532260875320374 11.25 -0.75 12
1532260875343312 -8.5 2.375 10
1532260875365253 -16.5625 6.25 8.375
1532260875433072 -7.875 14.9375 -9.5625
1532260875477952 -6.8125 11.625 -14.375
1532260875545771 -31.3125 0.9375 -11.6875
1532260875575691 -32.25 -19.25 -0.9375
1532260875636528 -73.25 -74.5 14.9375
1532260875650490 -101.313 -93.375 20.1875
1532260875703349 -122.875 -155.125 6.25
1532260875733270 -146.188 -174.875 14.25
1532260875748230 -141.125 -183.438 8.8125
1532260875778149 -86.6875 -180.063 -20.5625
1532260875875887 -89.8125 -50.6875 -40.25
1532260875890864 -93.875 -19.9375 -30.5
1532260875935744 -40.6875 20.75 -20.4375
1532260876002565 -18.125 27.9375 -12.125
1532260876032505 -7.5 29.3125 -8.875
1532260876078382 3.4375 35.3125 -3.125
1532260876093342 -4.625 45.375 -0.375
1532260876138222 1.9375 79.25 -15.1875
1532260876168142 5.875 99.4375 -13.4375
1532260876198062 26.1875 96.625 -22.5625
1532260876287821 96.5 80.25 -38.6875
1532260876310760 101.188 68.75 -34.5625
1532260876355640 119.438 44.125 -29.125
1532260876483299 107.25 8.875 -40.625
1532260876588019 85.0625 -5.375 -31.625
1532260876625918 38.4375 -41.9375 -28.6875
1532260876655838 10.125 -67.5 -3.3125
1532260876677780 5.875 -60 -2.5
1532260876722659 -1.1875 -40.0625 7.4375
1532260876782499 -3.125 -10.75 -3.4375
1532260876835358 8.625 -7.5 -3.875
1532260876925118 8.625 -10.75 -7.6875
1532260876977977 24.25 -23.75 -39.625
1532260877015875 9 -34.75 -51.6875
1532260877037816 -6 -34.3125 -67.875
1532260877090675 -15.5 -39 -83.8125
1532260877120595 -15.875 -43.625 -95.8125
1532260877233294 -54.3125 -34.875 -78.0625
1532260877285155 -26.1875 -16.1875 -42.1875
1532260877308093 -11.375 -13.25 -29.4375
1532260877352974 -4.75 -10.5 -17.0625
1532260877457693 -11.375 -3.9375 7.1875
1532260877593331 86.25 73.0625 129.25
1532260877653171 76.0625 75.875 104.5
1532260877780829 8.1875 9.0625 13.625
1532260877817731 63.875 -15.75 -25.25
1532260877885550 12.375 -30.6875 -27.0625
1532260877900509 16.8125 -31.125 -22.125
1532260877915470 35.0625 -24.4375 -20.1875
1532260877930430 37.6875 -21.5 -19.875
1532260877960350 29.8125 -18.0625 -14.125
1532260877983288 12.6875 -12.125 -8.125
1532260878073048 -8 6.375 -16.1875
1532260878094990 -13.8125 8.75 -10.0625
1532260878170787 1.3125 -1.6875 0.625
1532260878245587 -0.25 -1.3125 4.4375
1532260878350307 -13.8125 0.75 14.125
1532260878433085 -17 -11.3125 15.75
1532260878455027 -23.75 -12.5625 14.0625
1532260878485944 -18.3125 -13.25 14.875
1532260878530838 -23.75 -11.875 21.75
1532260878552765 -46.125 -9.625 25.4375
1532260878597645 -55.4375 -23.375 36.9375
1532260878620584 24.9375 6.375 -25.625
1532260878657494 9.375 -54.1875 3.25
1532260878703371 -45.1875 -14.75 0.8125
1532260878733291 15.25 1.4375 -4.25
1532260878778171 70.8125 13.0625 -4.9375
1532260878846002 21.6875 47.5625 -48.75
1532260878890870 -46.3125 40.625 -66.3125
1532260878972651 1.125 4.5625 -6.75
1532260878995589 -12.5 -6.5 9.125
1532260879040510 -14.9375 -27.9375 52.5625
1532260879130270 -9.8125 -44.0625 56.8125
1532260879175150 -12.5625 -64.3125 61.1875
1532260879205069 -1.3125 -66.8125 49.9375
1532260879228008 -35.375 -32.8125 -39.1875
1532260879287848 -116.125 -37.625 8.6875
1532260879400546 -75.6875 -16.1875 0.375
1532260879543166 -27.75 37.3125 -14.4375
1532260879589042 -27.25 21 4.8125
1532260879692765 -17.6875 -22.625 66.5625
1532260879707725 -23.125 -37.75 79.625
1532260879752605 39.0625 -44.0625 79.875
1532260879784520 72.5625 -14.3125 -24.625
1532260879797486 -50 -21.8125 -5.5
1532260879873282 -90.25 -39.9375 1.8125
1532260879948083 74 -19.3125 -2.5
1532260879985994 16 -4.625 -0.25
1532260880000943 -26.75 10.5 -7.25
1532260880022901 -23.5 12 -7.0625
1532260880052803 -21.6875 14.4375 -1.125
1532260880082723 -22.75 12.75 3.1875
1532260880165501 -20 23.4375 27.1875
1532260880263240 2.6875 42.625 14.625
1532260880286180 24.375 24.375 -0.3125
1532260880375938 58.8125 -35.5625 -9
1532260880420819 65.1875 -35.3125 -12.75
1532260880472680 -23.5625 -60.5625 13.75
1532260880517561 -0.5625 -36 -1.625
1532260880540498 15.5 -31.3125 4.0625
1532260880555469 18.8125 -22.1875 7.8125
1532260880585379 -5.4375 -11.5 -5.3125
1532260880600339 -5.9375 -9.1875 -2.875
1532260880630258 -7.4375 -13.3125 4.375
1532260880645219 -14.375 -16.1875 6.0625
1532260880720018 -1.6875 -12.0625 4.8125
1532260880742957 13.1875 -9.625 5.5
1532260880855656 -15.5625 60.75 -14.625
1532260880953394 -112.875 173.563 -76.0625
1532260881095016 -129.813 173.125 -91.4375
1532260881192754 -98.625 59.375 -102.688
1532260881237635 -73.1875 33.75 -106
1532260881282514 -52.625 25.0625 -111.563
1532260881388240 -50.75 -33.5 -144.75
1532260881403192 -39.875 -43.625 -148.375
1532260881418152 -41.1875 -50.125 -145
1532260881492951 -19.9375 -41.875 -85.5
1532260881627592 -0.4375 6.25 2.25
1532260881682445 13.75 9.875 35.375
1532260881704386 13.1875 7.6875 38.75
1532260881725330 17 4.25 40.125
1532260881740290 18.75 -2.3125 41.125
1532260881763229 19.8125 -12.1875 41.6875
1532260881793149 33.1875 -23.75 46.125
1532260881808109 67.4375 -41.25 53.375
1532260881869944 213.813 -97.25 94.375
1532260881942749 153.688 -114.75 86.6875
1532260882017549 163.5 -94.1875 80.1875
1532260882041484 121.813 -87.0625 69.6875
1532260882100327 41.5625 -53.3125 32.75
1532260882115287 30.75 -47.1875 26.5625
1532260882175127 16.3125 -35.5625 6.8125
1532260882220007 18.5 -20.0625 4.25
1532260882317746 -1.25 -4.8125 4.375

1532260882370605 5.125 -13 -0.25
1532260882385565 8.6875 -8.375 -2.6875
1532260882400525 17.5 3.25 -6.0625
1532260882422493 20.8125 18.8125 -10.375
1532260882460391 -2.75 41.5625 26.75
1532260882475351 -63.6875 11.125 21.9375
1532260882513250 -0.625 -19.25 5.3125
1532260882550152 51.4375 -29.25 2.5625
1532260882625961 1.375 -23.5 0.4375
1532260882730668 -37.0625 5.5 -5.0625
1532260882850348 -8.5 -4.25 -1.1875
1532260882888247 4.5625 -8.3125 -1.8125
1532260882918167 8.6875 -7.0625 -1.4375
1532260882970028 5.875 -2.5 -4.1875
1532260883030866 -8.875 -0.8125 -5.0625
1532260883061783 3.625 1.4375 -3.3125
1532260883091709 3.3125 0.8125 -3.0625
1532260883142567 -1.3125 0.625 -0.8125
1532260883240306 3.25 -3 2.8125
1532260883315106 40.5 1.5 0.4375
1532260883338044 39.25 1.4375 0.4375
1532260883420823 4.875 4.5625 0
1532260883487644 2.8125 1.1875 7.625
1532260883532524 -41.5 -0.9375 3.9375
1532260883653201 -53 8 25
1532260883795820 32.6875 28.5 75.75
1532260883855660 0.6875 63.625 71.375
1532260883975340 47.25 41.375 65.875
1532260884140897 77.875 57.75 33.1875
1532260884215698 47 58.5 5.375
1532260884320417 26.375 45.5 3.1875
1532260884426135 42 33.6875 2.75
1532260884470017 14.8125 -11 10.9375
1532260884492956 15.3125 -13.875 23.875
1532260884522876 0.6875 -17.0625 32.9375
1532260884567756 0.8125 -10.5625 17.6875
1532260884605655 5.5 -3.25 10.75
1532260884703393 -7.1875 6 7.125
1532260884757249 -36.125 -19.875 6.4375
1532260884800135 -38.125 -37.875 4.0625
1532260884897873 -59.0625 -52.1875 13.9375
1532260884972673 -60.625 -77.625 25
1532260885033510 -139.625 -149.125 -21.875
1532260885100332 -98.25 -109.313 -51.4375
1532260885175132 -69.9375 -39.25 -27.0625
1532260885266886 -3 26.625 -8.25
1532260885295809 1.125 48.5625 -5.625
1532260885311766 7.8125 62.4375 -1.75
1532260885340689 19.4375 84.9375 -5.5625
1532260885370609 28.9375 90.125 -4.9375
1532260885392551 46.9375 85.8125 -0.375
1532260885460369 80.9375 76.25 -8.3125
1532260885626924 82.6875 0.4375 -48.3125
1532260885685766 80.0625 -25.875 -38.3125
1532260885737628 71.5625 -38.125 -34.8125
1532260885927121 39.6875 1.5625 -25.5
1532260885956045 38.25 -4.3125 -29.8125
1532260886060764 24.5 -18.5625 -38.8125
1532260886122599 -3 -64.4375 -80.25
1532260886203382 -17.0625 -76.4375 -100.375
1532260886248262 -17.375 -73.9375 -101.5
1532260886270204 -31.0625 -65.125 -95.6875
1532260886367942 -70 -7.25 -50.875
1532260886420801 -0.3125 -3.1875 -16.5625
1532260886465681 -23.25 8.4375 14.25
1532260886502582 -8.1875 7.875 24.0625
1532260886638219 8.3125 10.75 32.6875
1532260886705059 114.688 79.1875 113.438
1532260886765877 72.9375 97.6875 121.813
1532260886832699 87.9375 113.063 115.563
1532260886862619 96.4375 122.125 113.563
1532260886915478 24.25 120 64.1875
1532260886938418 -5.125 114.75 56.875
1532260886960357 -16.1875 109 39
1532260886975318 -4.375 95.75 24.8125
1532260887005238 22.625 87.625 24.5
1532260887035158 21.125 72.0625 30.75
1532260887088017 -24.5625 5.6875 14.1875
1532260887125915 5.1875 -38.75 18
1532260887155836 5.875 -59.625 -7.3125
1532260887192747 6.8125 -73.25 -3.1875
1532260887224651 16.4375 -69.5 -13.125
1532260887260554 37.375 -63.1875 -17.125
1532260887313414 30.25 -64.6875 -20.4375
1532260887410155 14.25 -45.625 -6.625
1532260887484956 -63.6875 -11.6875 -4.1875
1532260887522854 -71.125 -56.5625 10.4375
1532260887560752 -24.6875 -72.4375 -2.75
1532260887582694 31.25 -53.0625 -8.6875
1532260887612614 61.9375 13.1875 -60.25
1532260887650512 -81.625 -55.125 -32.6875
1532260887703371 -12.5625 -17.5 -0.5625
1532260887748251 11.75 12.8125 -11.3125
1532260887800113 -14.9375 31.9375 -44.125
1532260887867930 -49.8125 21.4375 -29.0625
1532260887912811 -37.5625 7.75 -15.5
1532260887987610 -0.625 -32.25 30.5
1532260888032491 23.0625 -49.375 58.5625
1532260888100309 -61.0625 6.8125 -48.8125
1532260888168128 -145.063 24.1875 -17.6875
1532260888198047 -56.375 37.0625 -42.6875
1532260888257888 9.3125 45.625 -55.75
1532260888347648 -37 6.0625 -10.75
1532260888392528 -25 -23.0625 27.625
1532260888468326 12.25 -61.125 79
1532260888513205 35.25 -105.875 109.875
1532260888565066 149.563 5.75 -32.6875
1532260888647845 -100 -32.1875 6.3125
1532260888700704 31.125 1.6875 13.75
1532260888820384 -57.25 27.1875 2.9375
1532260888873243 -51.3125 21.375 7
1532260888948042 68.0625 37.125 -14.9375
1532260889090661 38.5625 -36.75 -25.75
1532260889150501 45.6875 -45.9375 -27.9375
1532260889188415 -17 -43.75 7.1875
1532260889197376 -19.75 -38.3125 3.875
1532260889270181 27.625 -6.375 2.125
1532260889450699 -100.75 131.125 -68.625
1532260889487600 -124.813 145.5 -80.625
1532260889623237 -150 165.188 -98.25
1532260889817717 -111.688 -2.75 -116.375
1532260889930416 -69.4375 -38.125 -109
1532260889975295 -47.4375 -36.875 -74.9375
1532260890043114 13.9375 -1.75 -4.375
1532260890065056 12.5625 3.0625 6.875
1532260890132874 21.1875 13.125 19.875
1532260890162794 24 14.5 22
1532260890207674 23.8125 13.875 25.5
1532260890252554 17.875 -1.5625 15.1875
1532260890290453 6.25 -6.75 8.625
1532260890328352 1.125 -12.1875 3.875
1532260890388192 38.75 -29.1875 -7
1532260890507872 182.563 -94.875 29.75
1532260890575690 212.688 -104.688 40.9375
1532260890650490 68.875 -51.8125 5.3125
1532260890733269 9.4375 -30.5625 10.25
1532260890785129 18.75 -18.1875 12.125
1532260890808069 24.3125 -16.5625 12.5625
1532260890882869 23.375 -22.25 6.375
1532260890951684 32.8125 24.9375 -7.6875

1532260891138186 18.3125 21.875 19.5625
1532260891160127 -26.75 3.9375 14.375
1532260891220970 -60.9375 6.5625 -7.8125
1532260891257866 -31.5 7.3125 -7.5625
1532260891272826 22.25 -0.75 -0.875
1532260891287789 -3.3125 -7.875 -3.5625
1532260891310725 17.0625 -18.875 -0.5
1532260891340644 28.5 -24.6875 -1.0625
1532260891371562 46.25 -36 0.0625
1532260891430404 56.75 -59.6875 -6.75
1532260891460324 81 -66.625 -14.4375
1532260891498223 87.3125 -73.4375 -8.5
1532260891543103 79.1875 -74.3125 -9.4375
1532260891580005 74.9375 -68 -8.4375
1532260891843301 -60.0625 68.3125 11
1532260891888181 -102.625 79.5625 34.375
1532260891970958 -10.8125 62.25 36.125
1532260892000879 -27.4375 53.3125 19.0625
1532260892082661 -47.625 27.25 15.3125
1532260892173417 0.5 -11.5 -1.25
1532260892218297 26.4375 -33.5 0.6875
1532260892308058 20.9375 -3.8125 -7
1532260892375876 -3.5625 15 -11.5625
1532260892420756 -27.25 21.5 -13.625
1532260892442698 -44.125 29.5 -16.3125
1532260892459662 -44.125 41.625 -21.9375
1532260892487578 -36.375 29.25 -30.875
1532260892578335 -22.375 -13.3125 -19.3125
1532260892600282 -10.1875 -26.8125 -13.4375
1532260892638175 -2.375 -30.875 -6.625
1532260892660116 6.8125 -28.875 -9.375
1532260892704998 19.125 -21.8125 -6.25
1532260892750874 22.5625 -22.3125 -10.75
1532260892855594 4.25 -30.625 -8.5625
1532260892877535 9.375 -28.375 -6.375
1532260892908452 11.875 -24.625 -0.8125
1532260892953332 8.875 -19.125 3.1875
1532260893028132 22.3125 -10 8.6875
1532260893079993 24.625 12 21.625
1532260893103933 27.4375 16.1875 22.375
1532260893125871 26.5625 18.6875 25.0625
1532260893140830 15.125 18.75 23.1875
1532260893170751 -1.3125 19.8125 21.8125
1532260893230591 -9.125 22.9375 23.5
1532260893245551 -7.5 25.75 23.875
1532260893298410 -1.875 26.0625 -0.8125
1532260893388198 -1.8125 12 -7.3125
1532260893403129 0.6875 10.9375 -6.5625
1532260893433049 -1.5 8.875 -5.5
1532260893470948 -6.875 8.25 -5.3125
1532260893492890 -10.125 9.4375 -2.6875
1532260893530788 -10.25 15 3.0625
1532260893552729 -8.5 17.75 1.25
1532260893590628 -6.6875 14.625 -0.8125
1532260893642489 -3.375 -1.8125 -7.375
1532260893725268 -3.8125 -18.8125 -5.9375
1532260893785107 14.875 -13.625 -4.6875
1532260893808047 14 -16.875 -3.125
1532260893852926 5.1875 -1.4375 -2.5625
1532260893867887 2.5625 -2.6875 0.125
1532260893890825 3.4375 -0.6875 0.5625
1532260893912766 -0.8125 3.0625 1.875
1532260893935705 0.75 0.5 2.4375
1532260893957647 -5.4375 5.375 5
1532260893987566 -1.1875 6.4375 5
1532260894010505 -8.6875 10.5625 5.4375
1532260894033446 -16.0625 13.5625 7.75
1532260894085305 -6.9375 13.9375 6.8125
1532260894108244 -4.3125 19 6.5625
1532260894138164 3.4375 8 7.0625
1532260894213961 2 -4.3125 1.4375
1532260894228921 2.0625 -3.5 -1.875
1532260894295743 2.8125 -6.1875 -4.4375
1532260894362564 1.5625 -8.3125 -3.75
1532260894400462 -1.9375 -34.875 -18.375
1532260894446340 14.6875 -45.125 -8.875
1532260894468281 32.875 -36 -4.625
1532260894498200 36.75 -20.8125 -2.4375
1532260894513161 30 -6 -0.3125
1532260894558041 37.25 15.1875 5.8125
1532260894580991 36.1875 25.5625 5.5625
1532260894632841 -15.1875 44.9375 8.0625
1532260894662761 -46.0625 54.75 10.1875
1532260894715620 -5.9375 29.4375 -3.8125
1532260894745540 -10.9375 13.3125 -6.5625
1532260894783438 -38.5 0.0625 3.25
1532260894820340 -19.3125 -1.0625 3.875
1532260894843278 8.5 -2.125 0.625
1532260894865220 36.4375 2.9375 -3.8125
1532260894903118 49.1875 5.9375 -6.875
1532260894970937 35.1875 -3.875 -3.5
1532260894985897 22 -1.0625 0.25
1532260895037758 -51.25 -7.75 10.125
1532260895054713 -109.125 -2.6875 8.125
1532260895090617 -84.0625 2.625 10.375
1532260895135497 -30.3125 7.3125 15.5625
1532260895165417 -4.375 14.0625 22.8125
1532260895270136 11.25 14.625 68
1532260895285096 18.375 13.6875 72.0625
1532260895337956 3.5 11.3125 59.125
1532260895360896 -7.1875 13.1875 55
1532260895375853 -16.5625 21 49.4375
1532260895390814 -32.5625 27.5625 43
1532260895427715 -52.1875 27.5 34.8125
1532260895457636 -61.1875 29.25 27.75
1532260895534430 -26.9375 48.4375 24.0625
1532260895615218 -2.75 87.875 34.5625
1532260895669072 27.5625 97.1875 34.3125
1532260895704977 29.125 100.125 37.1875
1532260895817672 36.4375 73.875 23.0625
1532260895862553 47 48.9375 9.6875
1532260895923390 34.8125 12.8125 5.0625
1532260895998189 43.125 -0.375 11.3125
1532260896013150 34.0625 -6.5625 13.9375
1532260896050051 15.5 -21.625 9.9375
1532260896095945 24.0625 -23.8125 17.75
1532260896147790 32.9375 -10.75 7
1532260896177710 24.5625 -9.3125 -0.0625
1532260896237549 -12.3125 -1.8125 1.9375
1532260896246526 -14 -0.5 -1.5625
1532260896290408 10 2.625 -5.125
1532260896305369 6.5 2.625 -2.125
1532260896358227 1.0625 5.6875 4.5625
1532260896395133 3.625 4.6875 6.3125
1532260896410088 1.125 5.9375 7.25
1532260896455966 -1.5625 1.25 1
1532260896492867 -8.6875 -3.1875 2.25
1532260896552706 -13.0625 -13.125 4.375
1532260896688344 -61.375 -102.188 -0.875
1532260896755166 -88.4375 -128.375 -14.5625
1532260896882824 -72.8125 -137.813 -29.75
1532260896989539 -44.0625 -0.0625 -7.6875
1532260897010483 -16.125 11.4375 -9.6875
1532260897070323 -4.625 16.8125 -6.6875
1532260897138142 9.1875 21.5 1.25
1532260897197981 3.5625 13.1875 5.5625
1532260897312675 -7.875 30.5625 4.9375
1532260897340600 -17.5625 38.25 -1.3125
1532260897438347 56.75 89.375 13.5625
1532260897460280 64.625 93.375 16.8125
1532260897550040 117 56 -25.125
1532260897617859 116.25 17.625 -28.3125
1532260897692659 99.9375 -4.8125 -31.1875
1532260897783416 43.5625 -44.9375 -5.8125
1532260897798376 29.5 -43.125 3
1532260897843256 19 -27.6875 4.4375
1532260897882152 20.25 -17.375 4.25
1532260897896114 16.125 -10.5625 0.4375
1532260898030754 27 -10.125 -10.75
1532260898105555 18.4375 -50.4375 -52.8125
1532260898136473 30.6875 -59.875 -64.0625
1532260898165394 22.9375 -65.375 -70.0625
1532260898210275 9.9375 -63.875 -79
1532260898248173 -10.4375 -69.125 -97.75
1532260898287069 -50.4375 -50.625 -101.938
1532260898310008 -67.5 -19.375 -75.6875
1532260898352893 -83.1875 0.625 -46.9375
1532260898450631 2 -4.5 -13.75
1532260898510472 -4.25 -2.6875 -9.6875
1532260898533410 0.1875 -2.5625 -6.8125
1532260898600232 5.25 -8.5625 18.9375
1532260898638136 -2.3125 25.3125 59.5
1532260898662067 -5.125 35.6875 77.625
1532260898720908 42.125 38.125 101.5
1532260898751826 91.9375 28.25 94.125
1532260898802690 57.125 30.3125 64.5625
1532260898870510 35.3125 18.9375 64.5625
1532260898900429 80.625 36.6875 64.75
1532260898953287 50.375 37.4375 50.625
1532260898990189 42.5 36.9375 44.625
1532260899087928 31.625 26 28.875
1532260899110866 50.125 14.25 25.5625
1532260899155746 28.625 6 14.625
1532260899275425 16.3125 0.3125 -1.9375
1532260899358205 13.5 5 -8.25
1532260899485863 17.875 -7.1875 1.1875
1532260899507804 13.0625 -8.25 1.375
1532260899530744 9.25 -10.75 0.0625
1532260899545703 7.1875 -13.25 -1.4375
1532260899575624 0.625 -13.125 1.75
1532260899612525 -4.4375 -11.1875 6.6875
1532260899635463 -8.125 -8 12.125
1532260899695303 -8.75 -10.625 31.0625
1532260899808002 5.8125 -1.9375 8.125
1532260899838920 -11.25 4.4375 -1.4375
1532260899882802 -25.375 2 3.25
1532260899912722 3.625 -2.375 -4.0625
1532260899942642 -4.25 -1.6875 0.1875
1532260899965581 -24.4375 -4.3125 2.875
1532260900055341 51.125 -4.25 8.125
1532260900085261 81.125 11.0625 -18.9375
1532260900117175 -96.25 32.875 -53.375
1532260900198968 -54.6875 31.25 -54.1875
1532260900227879 -26.9375 22.8125 -46.0625
1532260900325619 -17.8125 -25.1875 2.625
1532260900430337 -22.8125 -52.1875 35.375
1532260900505139 78.5 -59.4375 82.1875
1532260900564978 62.5 35 -56.3125
1532260900587917 -78.5625 36 -48.3125
1532260900632797 -32.625 16.25 -40.3125
1532260900662716 15.125 -4.5625 -30.9375
1532260900722556 39.5 -21.8125 -13.6875
1532260900799351 24.75 -42 32.4375
1532260900805335 32.8125 -52.0625 56.6875
1532260900850215 115.813 39.125 -48.75
1532260900873154 -40 0.3125 -73.375
1532260900903074 -131.563 -4.75 -29.9375
1532260900927010 -186 31.625 -28.5625
1532260900940973 -132.125 50.9375 -46.4375
1532260900977874 16.625 40.3125 -68.3125
1532260901045692 22.375 35.25 -54.125
1532260901112513 -47.25 33.6875 -32.1875
1532260901300012 9.6875 -69.25 121.688
1532260901390770 -188.5 12.25 14.0625
1532260901503469 35.0625 -13.0625 -23.4375
1532260901640113 78.9375 -44.625 -18.75
1532260901653068 81.0625 -55.25 -10.375
1532260901720886 -33.3125 -9.6875 5
1532260901757788 3.6875 -0.5 5.125
1532260901795687 8.1875 1.1875 8.6875
1532260901825606 1.4375 7.3125 6
1532260901870487 -11.75 16.6875 -0.375
1532260901893425 -20.875 29.125 -9.25
1532260901908386 -32.125 43.3125 -21.125
1532260901945287 -107.063 99.4375 -56.5625
1532260901968225 -108.813 108.438 -59.5
1532260902170684 -108.063 111.5 -61.25
1532260902290375 -107.563 74.0625 -75.3125
1532260902432983 -75.125 38.5625 -87.4375
1532260902471879 -44.1875 -7 -100.438
1532260902575602 -56.75 -42.125 -77.5625
1532260902665361 -11.4375 -26.1875 -47.375
1532260902718220 -21.5625 -10.25 -24.875
1532260902882780 33.6875 -8.1875 37.3125
1532260902950599 110.25 -32 42.8125
1532260903033377 121.125 -64.1875 59.4375
1532260903085239 162.875 -85.3125 45.4375
1532260903108176 165.938 -90.5625 52.4375
1532260903153057 81.1875 -86.1875 50.3125
1532260903168017 38.6875 -74.125 38.0625
1532260903205916 36.25 -46.875 25.625
1532260903242817 33.25 -37 23.875
1532260903363495 19.75 -12.375 10.9375
1532260903408374 5.4375 -10.875 10
1532260903468214 -3.1875 -23.25 0.125
1532260903490156 -1.6875 -28 2.5
1532260903520076 59.1875 9.8125 -14.1875
1532260903543014 26.75 4.4375 7.4375

1532260903662694 -11.6875 -19.5625 4.8125
1532260903783371 -2.0625 3.875 7.125
1532260903881110 55.875 -4.625 6.375
1532260903947932 -14.75 1.5625 -2.6875
1532260904120469 -1.375 6.375 -3.4375
1532260904241149 -12.1875 2.1875 -0.375
1532260904293009 -6.5 3.125 3.1875
1532260904376785 40.4375 8.875 4
1532260904420667 1.0625 11.1875 -18.9375
1532260904450587 -3.3125 13.25 -2.875
1532260904540347 -47.5 8.0625 9.0625
1532260904608170 -12.5625 5.9375 25.375
1532260904630107 -35.6875 15.375 34
1532260904675985 0 28.9375 63.0625
1532260904697925 2.5 25.5 68.0625
1532260904735841 43.8125 -21.625 90.1875
1532260904772726 -28.9375 -37.9375 65.125
1532260904795664 -17.5625 -45.625 57.5625
1532260904832566 2.3125 -71.9375 33.375
1532260904855504 -34.5 -87.5625 14.5625
1532260905095861 -35.1875 63.25 -24.5
1532260905373121 -20.6875 54 20.0625
1532260905432960 -4.4375 99.1875 29.5625
1532260905492800 -15.75 124.313 67.75
1532260905569595 65.5625 155.188 90.4375
1532260905591537 75 156.125 87.8125
1532260905635419 89.625 142 83.5625
1532260905733158 92.3125 133 78.375
1532260905786016 95 120.5 67.3125
1532260905897717 15.125 -13.6875 -9.0625
1532260905950576 2.6875 -15.4375 -13.4375
1532260906019392 -14.1875 -14.375 -18.9375
1532260906139072 2.8125 -11.1875 -2
1532260906325573 -11.9375 4.0625 1.875
1532260906415333 -30.8125 -74 -14.875
1532260906438279 -38.25 -98.5 -10.4375
1532260906460213 -48.75 -106.563 -13
1532260906528032 -65.125 -114.688 -34.4375
1532260906610810 -57.875 -113.938 -64.875
1532260906912006 12.75 83.375 62.5
1532260906947909 33.1875 98.9375 65.75
1532260906970847 66.3125 106.063 73.1875
1532260906992789 88.8125 106.5 71.625
1532260907037669 93.875 103.25 61.625
1532260907105488 97 89.625 48.6875
1532260907135408 78.1875 41.6875 15.5
1532260907180287 82.5625 -10.6875 -3.3125
1532260907203227 89 -19.625 -11.6875
1532260907240128 56.875 -35.75 -18.625
1532260907270048 43.25 -34.1875 -20.5
1532260907293984 43.9375 -28.9375 -21.8125
1532260907322907 47.1875 -19.8125 -24.3125
1532260907345845 46.5 -11.0625 -20.625
1532260907367786 38.6875 -3.875 -13.5
1532260907405692 30.375 1.1875 -7.375
1532260907465525 44.75 -2.8125 -9.3125
1532260907495445 49.8125 -10.9375 -18.4375
1532260907555285 24.6875 -34.5 -33.75
1532260907615125 15.3125 -41.3125 -36.6875
1532260907638064 32.4375 -44.3125 -49.25
1532260907690922 42.0625 -47.5 -62.625
1532260907721839 24.375 -75.625 -113
1532260907772704 -57.125 -9.625 -74.75
1532260907802624 -39.3125 -3.375 -53.6875
1532260907878422 15.8125 0.25 -25
1532260907923301 15.125 2.875 -11.5
1532260908005082 11.1875 5.8125 20
1532260908028020 24.875 5.5 29.8125
1532260908095856 19.9375 15.9375 69.625
1532260908207541 81.0625 32.4375 87.5
1532260908305286 52.1875 58.4375 106.5
1532260908380079 27.5 69.3125 60.5625
1532260908447898 -2.25 43.4375 41.375
1532260908590517 33.9375 16.0625 24.125
1532260908620437 -11.6875 18.0625 -14.6875
1532260908659333 -111.563 14.5 3.6875
1532260908688262 -79.5625 5.875 6.3125
1532260908755077 19.75 -22.5 49.125
1532260908867775 36.5625 -62.375 74.8125
1532260908912655 -37.75 -90.375 21.375
1532260909040314 48.625 40.6875 -50.875
1532260909212852 66 -92.3125 72.25
1532260909265711 116.188 -94.6875 73
1532260909325551 136.625 -62.3125 45.9375
1532260909460191 -40.9375 65.5625 -29.3125
1532260909484128 38 41.125 -50.5
1532260909647689 4.9375 -26.0625 -10.25
1532260909679604 10.8125 -41.75 12.5625
1532260909813247 -11.5625 69.5 -90.75
1532260909880068 -182.625 53.625 -17.3125
1532260909947887 44.6875 30.0625 -61.125
1532260910007727 26.5 -35.25 35.5625
1532260910045626 40.3125 -55.6875 86.3125
1532260910255066 -104.125 71.6875 -37.5625
1532260910593170 -60.1875 -18.4375 4.6875
1532260910623081 -1.75 -3.125 2
1532260910885380 -143.563 150.625 -88.1875
1532260910908319 -145.438 149.5 -88.75
1532260911020020 -160.375 119.25 -75.4375
1532260911110777 -104.813 36.125 -98.75
1532260911132719 -89.375 17.625 -104.75
1532260911148677 -76.625 6.8125 -105
1532260911185577 -64.0625 -8.125 -108.438
1532260911207518 -50.6875 -18.6875 -111.375
1532260911238449 -41.0625 -27.375 -108.375
1532260911417955 -15.8125 -17.6875 -44.0625
1532260911440894 0.875 -11.8125 -30.375
1532260911590495 13.25 -5.625 -19.375
1532260911680254 -3.1875 2.0625 16.125
1532260911718153 52.6875 -8.4375 10.625
1532260911748073 77.3125 -17.875 11
1532260911837833 124.688 -47.9375 23.875
1532260911927593 206.125 -120.813 64.25
1532260911950532 179.813 -111.063 60.8125
1532260911973471 157.563 -95.6875 56.5
1532260911995412 128.313 -82.875 51.5625
1532260912070211 57 -50.625 40.6875
1532260912146009 11.875 -41.5625 37
1532260912190889 21.25 -20.4375 16.125
1532260912287631 -34.8125 -10.625 9.375

1532260912385369 29.875 8.5625 -8.75
1532260912430249 53.625 19.5625 -5.375
1532260912640686 -36.625 -5.25 2.0625
1532260912655651 -53.6875 -2.625 -15.875
1532260912730457 24.5 -9.25 -8.6875
1532260912753396 26 -3.8125 -7.5
1532260912805257 -17.4375 1.3125 -8.625
1532260912828196 -29.625 5.6875 -13.9375
1532260912858116 -44.1875 11.625 -13
1532260912932924 -30.625 10.6875 -6.8125
1532260912955863 -23.5 12.5625 -14.25
1532260913022701 -21.5625 10.5625 11.9375
1532260913038641 3.0625 8 13.0625
1532260913067564 4.6875 7.875 3.4375
1532260913128402 -20.6875 2.875 0.5
1532260913151339 -36.125 0.0625 3.1875
1532260913218161 -29.25 1 0.125
1532260913278002 -8.625 7.1875 2.6875
1532260913293958 31.5 -2.0625 11.8125
1532260913330861 36 -2.25 13.75
1532260913367762 6.4375 6.375 3.5
1532260913427601 -4.375 1.875 2.25
1532260913473481 16.25 -0.1875 6.6875
1532260913510380 20.375 -4.875 4.9375
1532260913548279 -28.4375 -9.375 -17.75
1532260913578199 -7.375 -3.625 0.375
1532260913593159 1.25 0.8125 0.375
1532260913615100 17.4375 0.125 4.3125
1532260913638039 39.875 -0.4375 5.25
1532260913667958 34 -0.625 9.375
1532260913720818 19.0625 0.5625 9.5625
1532260913878396 24.0625 -2.125 3.6875
1532260913908316 13.5625 -0.3125 0.5
1532260913983116 2.25 1.9375 -0.8125
1532260914072877 -1.5625 -0.8125 0.4375
1532260914155655 51.5 0.9375 -3.4375
1532260914172611 39.125 -4.125 2.9375
1532260914253393 9.8125 1.75 2.1875
1532260914343153 -0.3125 -13.75 7
1532260914447873 24.3125 26.625 54.75
1532260914477793 29 27.8125 51.3125
1532260914515692 -20.1875 6.3125 49.25
1532260914552593 26 -22.5 43.875
1532260914598471 12.25 -23.0625 26.5625
1532260914620412 -5.625 -11.3125 21.5625
1532260914650332 -5.75 -5.5 16.9375
1532260914673271 -4.9375 -17.375 28.5
1532260914688230 -14.5625 -12.875 13.5
1532260914703191 -9.5625 -4.375 8.75
1532260914748070 12.9375 12.5625 16.5
1532260914770012 5.4375 17.125 20.9375
1532260914792950 6.125 21.875 23.9375
1532260914897671 31.3125 39.875 32.1875
1532260914937564 23.3125 43.25 37.0625
1532260914973468 71.625 70.5625 31.375
1532260914995409 62.0625 70.4375 25.625
1532260915010369 44.3125 72.1875 15.9375
1532260915048268 31.5625 76.4375 7.875
1532260915108108 8.3125 79.3125 10.125
1532260915175926 -19.125 88.9375 9.3125
1532260915355463 -22.5625 75.75 5.8125
1532260915438249 -26.9375 -3.6875 16.875
1532260915520006 30.0625 -32.3125 18.1875
1532260915588834 27.6875 -36.3125 28.625
1532260915647664 37.125 -22.125 26.875
1532260915692545 18 -19.375 24.75
1532260915738422 5.0625 -14.3125 13.6875
1532260915760364 8.25 -18.1875 9.875
1532260915902982 -84.5 -131.563 9.9375
1532260915947862 -101.125 -140.125 -0.9375
1532260916037622 -125.438 -165.688 -33.4375
1532260916113419 -42.625 -28 -28.3125
1532260916188225 -13.875 54.875 -9.6875
1532260916203179 -1.0625 49.0625 -5.625
1532260916255052 15.625 31 1
1532260916300918 27.75 25 1.375
1532260916330838 26.6875 35.5 -1.25
1532260916414613 17 64.5625 13.375
1532260916435557 11.625 70.9375 16.8125
1532260916495398 24.375 86.6875 25.9375
1532260916518337 31.75 92.0625 23.25
1532260916727776 90.9375 26.625 -11.125
1532260916750715 91.9375 18.1875 -15.9375
1532260916795595 66.6875 -5 -14.4375
1532260916930235 14.5625 -23.5625 -6.6875
1532260916990075 10.625 -6.9375 -3.8125
1532260917042934 6.8125 0.4375 -4.3125
1532260917125712 2.0625 -1.625 -3.75
1532260917155636 8.5 -10.125 -11.875
1532260917215473 15.1875 -43.5 -43.6875
1532260917253370 23 -50.375 -60.5625
1532260917298251 18.625 -53 -66.6875
1532260917432891 -14.5625 -71.9375 -115.25
1532260917507691 -27.3125 -9.125 -56.4375
1532260917552571 -16.375 0.125 -20.4375
1532260917582491 -1.0625 -0.3125 -15.4375
1532260917697184 7.5 -1.875 -5.875
1532260917755030 -2.4375 18.6875 64.625
1532260917792928 34.625 35.6875 81.25
1532260917824842 58.875 42.4375 92.25
1532260917935546 83.375 44.5 100.938
1532260917988405 92.6875 48.375 110.125
1532260918040267 56.8125 51.75 73.75
1532260918063205 37.75 47.625 68.3125
1532260918078165 18.375 44.625 64.875
1532260918108085 2.5625 41.25 63.3125
1532260918152965 4.375 43.0625 53.25
1532260918212806 19.0625 35.875 44.375
1532260918385343 -43.375 -8.8125 -87.3125
1532260918468123 -34.125 12.3125 -68.5
1532260918535941 -46.0625 10.125 -55.5
1532260918587816 -50.4375 -56.1875 11.5625
1532260918670581 -36.0625 -101.063 53.25
1532260918715462 13.875 -102.25 63.125
1532260918805221 -101.375 -26.875 13.75
1532260918843120 -170.688 31.3125 -20.125
1532260918873040 -66.0625 51.9375 -19.8125
1532260918917926 -89.125 48.6875 -34.5
1532260918947853 -95 37.4375 -24.375
1532260919015665 -47.375 -2.125 -1.375
1532260919203163 -35.5 48.6875 -31.8125
1532260919233082 42.6875 29.625 -60.5
1532260919292922 -2.375 25.75 -53.9375
1532260919352763 -62.625 23.125 -46.9375
1532260919444518 40.5625 -56 71.9375
1532260919495381 90.8125 -55 141.25
1532260919615061 159.688 106.813 -37.5
1532260919723787 60.25 -43.6875 -10.6875
1532260919848437 79.3125 -44.9375 -31.5625
1532260919893318 45.8125 -42.625 -34.625
1532260919968117 6.9375 -37.3125 4.5
1532260919983077 20.8125 -35.5625 9.3125
1532260919998037 5.5 -2.125 15.0625
1532260920020976 -7 29.75 9.125
1532260920170576 -7 44.8125 -0.25
1532260920193520 -22.3125 65.375 -10.25
1532260920343114 -170.125 144.563 -77.6875
1532260920447834 -145.563 84.875 -89.9375
1532260920658272 -48.125 -69.5 -134.188
1532260920680213 -42.5 -59.8125 -129.313
1532260920710133 -35.5625 -54.375 -117.313
1532260920733071 -31.8125 -48.4375 -102.375
1532260920837792 -0.375 -13.5 -27.5625
1532260920912592 8.6875 0.3125 4.6875
1532260920965450 9.75 2.3125 13.1875
1532260921154962 116.313 -43.3125 26.375
1532260921242709 190 -108.5 38.625
1532260921265647 193.625 -111.75 41.5
1532260921288587 187.875 -118.188 47.125
1532260921438187 36.625 -34.9375 12.3125
1532260921475088 11.625 -29.6875 10.625
1532260921557866 3.375 -23.125 9.6875
1532260921610725 19.125 -3.75 5.375
1532260921647626 5.9375 -4.125 0.6875
1532260921670565 43.4375 1.5 0.9375
1532260921692506 43.8125 5.3125 13.875

1532260921723423 20.625 -16.375 10.5
1532260921813203 -36.8125 8 16.875
1532260921858083 34.9375 26.625 -27.75
1532260921910942 -39.0625 -6.3125 5.875
1532260922007683 28.0625 -9.1875 7.875
1532260922135342 4.9375 -5.75 3.0625
1532260922180222 -1.4375 10 5.5
1532260922210142 -11.3125 19.375 5.3125
1532260922240075 -27 24.3125 3.9375
1532260922256020 -26.5625 23.8125 3.375
1532260922397641 -7.4375 9.0625 2.375
1532260922497373 7.25 -5.5 3.3125
1532260922519315 0.0625 -1.6875 1.625
1532260922555219 -0.375 -0.25 1.1875
1532260922630019 -1.0625 1.9375 0.25
1532260922697876 -3.875 2.8125 -1.5
1532260922735774 -1.625 0.375 -1
1532260922795614 -3.125 -0.875 -1.1875
1532260922832515 -1.8125 -0.6875 -0.375
1532260922908313 0 0.25 0.4375
1532260923022008 0.3125 1.5625 -0.1875
1532260923087833 -3.25 1 0.1875
1532260923132713 -2.4375 1 0.1875
1532260923177593 -0.8125 0.75 -0.0625
1532260923313230 0.625 -0.125 0.4375
1532260923365092 -1.3125 -1 0.1875
1532260923516686 1.0625 0.375 -0.4375
1532260923643348 0.5625 -0.1875 0.25
1532260923830846 1.125 -0.1875 -0.4375
1532260923867747 1.0625 -0.3125 -0.25
1532260923920606 -0.625 -0.3125 0.25
1532260923988441 0.8125 -0.3125 -0.4375
1532260924025326 -0.625 0.0625 -0.125
1532260924093144 0.125 0.3125 0.0625
1532260924242744 -1.6875 -0.4375 0.0625
1532260924355486 -1.625 0.5625 0
1532260924385406 0.125 -0.125 -0.4375
1532260924430286 -1.4375 0.1875 0
1532260924483144 -1.4375 0.375 -0.125
1532260924520045 -0.1875 0.375 -0.0625
1532260924610803 -1.375 -0.25 -0.125
1532260924709539 -1.1875 1.1875 -0.1875
1532260924730483 -0.0625 1.0625 -0.25
1532260924805284 -0.5 -0.75 -0.375
1532260924865123 -0.25 -1.125 -0.1875
1532260924977821 0 -0.1875 -0.25
1532260925165320 0.125 0.625 -0.375
1532260925195240 -1 0.125 -0.5625
1532260925240120 -1.5625 -0.3125 -0.0625
1532260925300957 0 -0.375 -0.3125
1532260925352819 0.5 -0.1875 0.0625
1532260925397713 0.75 -0.4375 -0.125
1532260925427618 -0.5 -0.5625 0.1875
1532260925474493 -1.3125 -0.1875 0.375
1532260925495438 0 0.3125 -0.1875
1532260925518375 -0.5625 -0.125 0
1532260925549293 -0.5625 -0.25 0.0625
1532260925563256 -0.5625 0.0625 -0.1875
1532260925600157 -0.375 0.375 -0.1875
1532260925659997 -0.6875 0.625 -0.1875
1532260925697902 -0.25 0.375 -0.125
1532260925765720 0.5625 -0.125 0
1532260925787662 0.25 -0.25 -0.1875
1532260925870496 0.25 0.0625 0
1532260925930336 -0.625 0.0625 0.125
1532260925953275 -0.625 0.1875 0.0625
1532260925998155 0.3125 0.0625 0
1532260926058992 0.875 0.5625 -0.1875
1532260926102875 -0.125 0.25 0
1532260926185653 -0.0625 0 0.1875
1532260926260453 -0.5625 0.0625 -0.0625
1532260926305338 1.0625 -0.0625 0.375
1532260926350213 -1.0625 0.4375 0
1532260926380133 -0.8125 0.4375 -0.25
1532260926395116 -0.9375 0.75 -0.1875
1532260926537734 0 -0.4375 -0.0625
1532260926560672 0 -0.5 0
1532260926650433 -0.0625 0.3125 -0.0625
1532260926695313 -0.375 -0.75 -0.3125
1532260926748172 -2 -0.875 -0.875
1532260926808012 -3.75 2.9375 -1.4375
1532260926852891 -1.25 -0.1875 -0.625
1532260926920710 1 -1.3125 0.375
1532260927063329 4.9375 -3.125 -2.9375
1532260927085270 5 -3.5625 -4
1532260927138129 3.0625 -1.9375 -2.1875
1532260927265787 0.25 2.75 -2.0625
1532260927302689 -0.125 3.5 -1.5625
1532260927362529 0.625 0.6875 -1.4375
1532260927475227 5.125 -2.875 -0.1875
1532260927617847 2.6875 -2.875 -0.4375
1532260927707606 2.4375 -2.9375 -1.3125
1532260927880144 0.8125 0.375 0.625
1532260928082603 4.4375 -2.125 0.9375
1532260928105547 3.8125 -2.375 0.5625
1532260928143441 -1.375 0.3125 0.9375
1532260928180342 1.1875 0.6875 1.25
1532260928203281 1.4375 2.3125 1.8125
1532260928270102 3.5 2.4375 3.125
1532260928302017 3.9375 -0.5 -0.125
1532260928352880 5.3125 -2.4375 -1.1875
1532260928412720 4.75 -3.375 -1.1875
1532260928480538 5.8125 -4.25 -1.5
1532260928570299 6.5 -5.5 -5.4375
1532260928638117 5.5625 -6.25 -5
1532260928668038 5.4375 -5.9375 -4.75
1532260928705936 3.875 -5.375 -4.125
1532260928802677 5.875 -4.3125 -4.375
1532260928847589 7.3125 -4.5 -6.125
1532260929005167 -6.0625 -0.8125 1
1532260929022123 -7.125 0.3125 0.75
1532260929035087 -3.125 2.875 0.5625
1532260929058026 -3.125 2.9375 1
1532260929177705 -2.5 2.3125 2.5625
1532260929238543 -3.6875 2.25 2.25
1532260929313343 -0.5625 2.9375 2.3125
1532260929395159 -0.1875 1.375 1.25
1532260929545756 -2.625 -1 5.0625
1532260929554731 -11.4375 -1.875 3.6875
1532260929650476 36.3125 15.125 -0.875
1532260929905793 5.875 0.25 -2.25
1532260929920753 9.9375 0.5 -0.1875
1532260929935713 -2.75 2.25 -3.625
1532260929957654 -8.875 -0.3125 -0.9375
1532260930055411 9.25 -0.8125 -0.875
1532260930100273 1.5625 -0.375 0.0625
1532260930145153 -4.375 -1.1875 0.125
1532260930212972 5.5625 -11.875 3.8125
1532260930310710 5.0625 -22.375 8.0625
1532260930347612 19.125 -23.6875 8.5
1532260930408449 12.125 -18 7.9375
1532260930490230 -3.6875 68.375 54.5625
1532260930513169 -5.875 86.625 60.75
1532260930558049 -30.875 125 82.75
1532260930632849 -45.75 109.625 81
1532260930692689 50.125 71.4375 59.3125
1532260930821345 56.25 35.3125 49.1875
1532260930858246 41.6875 25.0625 46.5625
1532260931000865 37.0625 28.1875 39.5
1532260931052726 -23.375 12.75 2.75
1532260931090625 4.1875 12.375 9.125
1532260931113563 8.625 8 9.5
1532260931128524 -5.0625 5.125 1
1532260931158457 -13.8125 0.6875 10.625
1532260931180385 -12 0.5 10.9375
1532260931233243 -9.625 2.5625 5.125
1532260931278136 -8.5 -3.1875 8.0625
1532260931382844 -29.375 -41.875 5.5625
1532260931420742 -35.8125 -76.9375 -0.1875
1532260931487563 -98.25 -158.688 -11.875
1532260931525462 -124.75 -182.375 -12.625
1532260931600262 -98.875 -141.063 -34.5625
1532260931638161 -77.5625 -73.6875 -44.75
1532260931654118 -59.375 -55.75 -45.75
1532260931698001 -53.6875 -27.4375 -25.625
1532260931720939 -43.8125 -13.125 -16.8125
1532260931757840 -11.375 9.4375 -2.75
1532260931780779 -9.25 17.5 6.625
1532260931825659 3.25 42.0625 23.5
1532260931847601 13.5625 56.9375 25.125
1532260931878518 37.6875 68 26.125
1532260931900459 40.125 72.6875 31.6875
1532260931938358 48.3125 88.4375 23
1532260932052054 125.438 98.625 -6.625
1532260932117878 106.438 76.1875 -15.25
1532260932147797 110.563 68.8125 -14.8125
1532260932185696 116.938 51.3125 -27.0625
1532260932222598 91.6875 2.3125 -11
1532260932246534 89.5 -15.6875 -10.5625
1532260932275457 71.125 -30.1875 -11.875
1532260932350256 53.25 -44.8125 -5.375
1532260932418075 38.625 -57.375 10.0625
1532260932530774 -10.75 -0.875 -10.625
1532260932560694 -5.9375 0.6875 -16.1875
1532260932582635 12.25 -4.3125 -23.1875
1532260932613553 16.75 -19.625 -29.8125
1532260932703312 13.0625 -27.0625 -34.125
1532260932793073 14.125 -76.3125 -94.6875
1532260932822992 -1.6875 -79.6875 -118.813
1532260932867872 -44.125 -56.125 -122.938
1532260932950651 -76.25 -42.8125 -116.125
1532260933055371 -0.5625 -3.125 -1.375
1532260933078309 1.0625 -2.5 4.3125
1532260933108229 -7.75 0.25 14.25
1532260933153109 -16.125 1.5625 31.125
1532260933242869 -21.625 3.5625 53.5625
1532260933378507 44.5 64.875 114.625
1532260933408427 69.625 56 109.688
1532260933475248 62.375 40.9375 78.6875
1532260933595925 2.375 -26.0625 12.3125
1532260933700645 60.1875 -36 -57.25
1532260933730565 40.1875 -37.9375 -55.5625
1532260933820325 -29.8125 -47.0625 -57.0625
1532260933925045 -62.3125 23.1875 -26.625
1532260934015802 -57.6875 19.3125 -21.625
1532260934112543 3.0625 9.625 -2.3125
1532260934158421 64.5625 -71.8125 67.5
1532260934174379 106.625 -74.625 58.6875
1532260934233220 125.438 -22.4375 8.5625
1532260934293061 90.4375 57.9375 -61.8125
1532260934472581 -20 7.9375 -29.8125
1532260934510480 6.625 -19.6875 -14.125
1532260934653098 97.5625 -72.625 96.375
1532260934675040 131.188 -82.8125 86.8125
1532260934735877 -206.875 39.125 -15.625
1532260934772778 -118.875 51.8125 -33
1532260934810677 104.375 50.875 -37.5625
1532260934908416 21.9375 35.625 -40.9375
1532260934968256 -9.4375 -2.875 7.5625
1532260935006155 24.875 -78.4375 96.8125
1532260935073973 44.3125 -54.5 141.813
1532260935155755 116.063 41.9375 12.0625
1532260935260474 6.375 19.5 16.0625
1532260935277429 59.8125 30.4375 -1
1532260935305355 21 17.25 -32.125
1532260935440991 -10.6875 10.6875 -38.5
1532260935523771 -42.375 5.5625 -37.3125
1532260935590591 -13.5625 -20.3125 -4.125
1532260935612533 -3.375 -19.4375 3.8125
1532260935778090 4.75 -16.1875 6.375
1532260935845909 6.0625 -13.6875 4.3125
1532260935860869 7.8125 -10.625 4.875
1532260935942650 8.5625 -7.5625 8.8125
1532260936070309 -33.125 83.25 -26.6875
1532260936139125 -98.6875 173.625 -79.5
1532260936160068 -128.313 118.063 -81.375
1532260936310671 -122.688 61.1875 -102.125
1532260936385466 -68.1875 -44.125 -143.5
1532260936415386 -53.375 -42.5625 -136.563
1532260936587924 -43.6875 -38.5625 -118.313
1532260936632804 -29.5625 -23.75 -80.75
1532260936790383 7.125 4.75 14.625
1532260936895103 138.813 -66.5 23.75
1532260936934997 149.188 -111.375 65.4375
1532260937000820 140.688 -111.688 65.375
1532260937030740 160.875 -116.625 60.0625
1532260937218239 24.8125 -33 8.3125
1532260937255140 37.625 -17.625 4.6875
1532260937330937 13.8125 -8.9375 1.625
1532260937450617 16.4375 1.375 3.375

1532260937668036 14.375 -7.8125 -5.5
1532260937705935 14.625 -8.3125 0.5625
1532260937735855 14.4375 -8.625 -4.4375
1532260937787716 4.5625 -4.25 -2.3125
1532260937810655 4.9375 -3.6875 -2.6875
1532260937840574 6 -2.8125 -6.375
1532260937862516 0.3125 -1.625 -6.375
1532260937885470 -6.9375 -1.875 -4.5625
1532260937908408 -8.375 -1.75 -3.625
1532260937930350 -6.25 -1.75 -3.75
1532260937960271 -3.3125 1.4375 -3.0625
1532260937975229 -6.5625 3.4375 -2.8125
1532260938050030 -8.3125 8.25 -4
1532260938080946 -9.125 8.6875 -3.4375
1532260938125827 -7.4375 8.0625 -1.625
1532260938207607 0.75 3.5 -1.75
1532260938230547 -4.9375 1.0625 -0.5
1532260938290840 3.5625 -1.0625 0.75
1532260938320760 1.875 -0.625 0.5625
1532260938403538 -4.75 0.0625 2.5
1532260938440439 -8.3125 2.25 -2.5625
1532260938508258 -7.625 0.25 -1.25
1532260938568098 22.375 3.8125 -3.375
1532260938612978 21 1.9375 -5.1875
1532260938695757 -9.375 4.375 5.8125
1532260938860316 3.4375 -10 32.5
1532260938907192 49.6875 22 59.6875
1532260938935117 89.5 8.5 82
1532260938950077 79.5 1.4375 80.8125
1532260939062775 14.3125 0.4375 51.3125
1532260939107658 -33.875 35.4375 30
1532260939137575 -38.6875 55.25 17.9375
1532260939153532 -36.375 60.8125 14.5
1532260939175475 -24.5 68.8125 15.375
1532260939205394 -7.0625 74.4375 17.4375
1532260939235314 1.875 76.875 18.625
1532260939258252 3.3125 80 19.25
1532260939303132 -5.0625 76.0625 23.25
1532260939370952 26.8125 74.4375 25.0625
1532260939401876 48.25 68.8125 19.25
1532260939424807 36.625 60.375 21.625
1532260939445751 30.125 58 22
1532260939467692 34.6875 56.3125 22
1532260939497711 37.25 54.25 22.9375
1532260939527631 39.625 54.6875 22.25
1532260939557551 39.75 48.1875 23.375
1532260939603428 38.875 44.125 23
1532260939640329 30.125 37.625 28.5625
1532260939663267 26.5 32.5625 27.875
1532260939730089 41.6875 25.5 19.375
1532260939827828 17.9375 14.5 18.625
1532260939872708 17.8125 9.4375 14.8125
1532260939955487 -7.625 -2.375 7.75
1532260939978425 -6.1875 4.4375 4.875
1532260940008345 -2 4.5 4.4375
1532260940023305 -2.6875 5.3125 3.75
1532260940060206 -7.5 4.9375 -0.4375
1532260940135007 -6.3125 -4.875 1.1875
1532260940255684 -36.875 -86.875 15.5625
1532260940360404 -94.3125 -147.063 7.625
1532260940398303 -119 -167 6.5625
1532260940405284 -134.75 -172.188 3.375
1532260940495044 -115.75 -151.875 -32.75
1532260940517982 -134 -110.188 -33.875
1532260940556878 -44.5625 -51.0625 -43
1532260940594777 -29.0625 -7.9375 -26.6875
1532260940615721 -13.25 14.25 -19.125
1532260940652622 1.5 42.4375 -1.75
1532260940720441 21.5 72.0625 12.5625
1532260940743380 36.6875 78.4375 15.375
1532260940766318 58.25 86 16.375
1532260940789258 68.125 86.0625 14.1875
1532260940810201 74.75 84.6875 16.5
1532260940878020 93.25 81.3125 9.6875
1532260940937860 99.875 59 -0.1875
1532260941007680 121 29.875 -7.1875
1532260941050558 88.5 2.5625 -23.0625
1532260941067513 75.625 -8.125 -20.8125
1532260941095438 63.4375 -28.1875 -22.75
1532260941111397 54.9375 -36.6875 -28.3125
1532260941133336 59.5 -42.0625 -32.375
1532260941170238 34.8125 -43.25 -20.1875
1532260941200158 21.0625 -41.3125 -16.75
1532260941215118 23.6875 -34.6875 -16.0625
1532260941245038 23.75 -27.5625 -12.25
1532260941267977 16.875 -21.8125 -10.125
1532260941282937 6.6875 -16.8125 -4.9375
1532260941312857 6.125 -14.25 -4.625
1532260941335805 10 -7 -5.8125
1532260941372697 4.625 -0.75 -9.8125
1532260941389652 3.6875 4.8125 -14.5625
1532260941410596 9.0625 7.9375 -20.0625
1532260941463454 15.4375 6.1875 -27.25
1532260941485396 21.0625 1.125 -33.8125
1532260941600088 -0.25 -15.375 -49.875
1532260941630009 4.1875 -25.75 -65.8125
1532260941695833 -36.875 -60.25 -115.125
1532260941725752 -53 -55.0625 -106.875
1532260941793571 -61.125 -15.125 -70.75
1532260941815513 -46.875 -12.75 -54.875
1532260941868371 -20.4375 -7.5 -16.625
1532260941890313 -21.25 -6.375 -15.125
1532260941950153 0.625 -9.8125 -4.5
1532260941973091 -3 -4.8125 1.4375
1532260941995085 -4.0625 -1.1875 6.9375
1532260942032984 14.375 3 16.6875
1532260942137704 22.0625 11.1875 50.0625
1532260942213501 110.938 47.625 102.625
1532260942296280 55.25 56.6875 92.0625
1532260942333182 64.0625 62.25 90.1875
1532260942340162 59.6875 66.0625 85.3125
1532260942363102 34.6875 64.25 76.125
1532260942430920 27 32.3125 45.4375
1532260942460840 31.25 4.1875 15.75
1532260942482782 33.9375 -18.9375 -2.125
1532260942580520 17.25 -22.75 -20.6875
1532260942603458 4.625 -24.75 -25.3125
1532260942715161 -86 3.625 -36.1875
1532260942768019 -1.4375 3.3125 -17
1532260942790958 12.6875 -1.6875 5.6875
1532260942993416 -13.125 -21.25 17.25
1532260943000398 -55.875 -35.875 26.5
1532260943045278 102.688 -49.5625 11
1532260943113096 -16 -45.625 20.625
1532260943210834 79.5 55.3125 -8.5
1532260943300595 -64.5625 69.9375 -58.375
1532260943375395 20 22.4375 -21.25
1532260943443213 8.4375 -36.375 44.1875
1532260943525992 49.4375 -46.125 75.5
1532260943652653 -88.3125 7.75 -9.1875
1532260943690551 13.5625 27.625 -20.3125
1532260943833170 -3.3125 35.625 -18.5
1532260943909965 -19.0625 10.6875 10.0625
1532260944042610 39.625 -37.5 74.4375
1532260944312887 -101.313 42.875 -67.5625
1532260944365747 3.4375 -25.9375 6
1532260944387687 -7.25 -32 25.25
1532260944485426 -20 -50.75 96.3125
1532260944553245 23.625 -63.125 112.938
1532260944590146 -102.75 71 -47.25
1532260944680903 38.9375 -0.125 -24.25
1532260944711821 15.6875 -7.125 -21.875
1532260944755703 10.25 -8.6875 -24.125
1532260944898322 37.6875 -20.3125 -15.875
1532260944950184 31.3125 -26.375 -32.9375
1532260944988082 -6.9375 -20.8125 1.8125
1532260945130701 3.375 1.3125 7.5
1532260945220460 -92.4375 98 -26.625
1532260945265341 -111.188 162.25 -51.875
1532260945325181 -124.563 160 -61.625
1532260945505715 -126.25 71.375 -97.5
1532260945550577 -92.25 32.9375 -102.25
1532260945573516 -88.625 15.5 -106.813
1532260945618396 -87.75 6.25 -117.938
1532260945648316 -81.8125 -4.125 -129
1532260945700179 -32 -31.3125 -131.375
1532260945761016 -41.25 -33.125 -99.75
1532260945790935 -16.0625 -29 -81.4375
1532260945843794 -14.3125 -15.8125 -38.125
1532260945902637 -6.125 -10.8125 -28.8125
1532260945933561 6.25 -6.5 -17
1532260945955502 6.625 -2.5625 -4.5
1532260945979432 18.8125 6.1875 18.125
1532260946015335 11.25 6.75 25.375
1532260946038275 10.4375 4.5 24.1875
1532260946084151 86.5625 -29.3125 25.875
1532260946113073 130.688 -51.875 38.9375
1532260946135015 179.125 -69.1875 56.875
1532260946172913 209 -86.3125 77.8125
1532260946195853 233.063 -135.813 92.5625
1532260946217793 218.25 -132.063 67.4375
1532260946285613 156.375 -104.313 51.25
1532260946307554 133.25 -120.625 75.5
1532260946399309 54.625 -48.8125 7.6875
1532260946443191 23.5625 -40.9375 8.6875
1532260946465133 -6.5625 -31.5 6.6875
1532260946532951 -12.4375 -26.5 5
1532260946585809 16.4375 -19.9375 2.625
1532260946645650 16.625 3.0625 2.8125

1532260946743389 3.125 -17.25 13.5
1532260946856087 20.0625 27.625 6.8125
1532260946878028 3.625 9 13.5
1532260946900967 -13.3125 -3.9375 0.5
1532260946915926 0 -7.25 2.5
1532260946937869 12.0625 -2.25 -3.1875
1532260946960806 18.25 -6.8125 -6.3125
1532260947073506 -5 -0.375 -2
1532260947118386 14.0625 5.5 -3.3125
1532260947155287 -10.9375 6.625 2.125
1532260947170246 -6.4375 7.5 -0.75
1532260947185206 -9.75 8.8125 -6.6875
1532260947215127 -18.1875 9.625 -4.5625
1532260947350765 -30.4375 10.875 -4.3125
1532260947455497 5 2.4375 4
1532260947463463 2.25 2.5 1.9375
1532260947485404 -2.25 2.9375 -2.125
1532260947508343 -15.8125 2.5625 -1.0625
1532260947523302 -20 2.4375 -0.4375
1532260947650961 -4.6875 1 0.6875
1532260947695841 1.5625 0.4375 2.125
1532260947755714 8.1875 0.5 1.1875
1532260947838478 5.625 -0.25 -0.5625
1532260948160615 -22.5625 3.6875 -5.5
1532260948228434 2.25 -1.375 -0.375
1532260948318195 7.5625 -3.1875 1.1875
1532260948438107 7.9375 -2.125 -1.125
1532260948497947 2.1875 -0.0625 -0.5
1532260948572747 -18.5625 5.3125 2.3125
1532260948625605 4.3125 4.6875 -3.9375
1532260948640565 15.5 4.0625 -6.1875
1532260948693424 5.25 -8.6875 -1.125
1532260948783184 43.5 0.125 -2
1532260948828063 -14.5625 -3.6875 19.75
1532260948857984 28.5 12.6875 28.25
1532260948896880 29.9375 9.6875 47.0625
1532260948903861 5.125 6.5 64.4375
1532260948932784 -27.8125 26.625 68.875
1532260948947744 2.125 16.625 75.9375
1532260948992624 -20.4375 -2.4375 63.6875
1532260949015562 -21.375 -8.3125 58.625
1532260949060443 -23.25 -5.375 25.875
1532260949105322 -27.375 -3.125 19.375
1532260949160176 -25.6875 19.875 26.375
1532260949173141 -8.3125 34.125 28.25
1532260949226000 17.875 63.375 23.9375
1532260949277874 29.375 70.5 30
1532260949330720 27.3125 68.9375 35.6875
1532260949367620 44.25 65.375 50.625
1532260949420480 58.6875 59.25 35.125
1532260949525200 68.75 51.3125 19.75
1532260949570080 66.75 37.75 12.0625
1532260949757578 0.25 2.9375 2.375
1532260949803456 11.75 -4.8125 10.0625
1532260949840357 -0.625 -5.9375 13.0625
1532260949930116 -0.625 -0.0625 9.8125
1532260949953056 -1.25 -5.4375 4.9375
1532260950006912 -17.8125 -10.25 -6.3125
1532260950163503 -55.8125 -68.4375 -11
1532260950193429 -84 -130.125 -4.625
1532260950223333 -87.1875 -147.313 -8.1875
1532260950238293 -84.5 -157.688 -9.5
1532260950290154 -74.625 -148.938 -30.5
1532260950357973 -63.5 -100.438 -43.9375
1532260950417813 -39.75 -27.0625 -21.0625
1532260950462693 -6.125 34.8125 13.625
1532260950523530 33.3125 76.875 18.6875
1532260950575391 51.625 81.4375 22
1532260950598330 64.75 79.875 18.25
1532260950620271 83.375 53.6875 6.25
1532260950650191 89 50.8125 3.875
1532260950725989 107.563 48.8125 6.625
1532260950800789 103.563 15.3125 -19.5625
1532260950824725 99.0625 0.625 -26.625
1532260950860629 99.375 -19.5625 -33
1532260950882570 84.4375 -30.5 -29.75
1532260950935429 45.3125 -44.9375 -15.625
1532260951048128 15.625 -24.8125 -4.375
1532260951101995 10.3125 -11.5625 -12.6875
1532260951122927 6.875 -8.25 -13.625
1532260951160826 7.125 -7.5 -10.0625
1532260951205706 17.75 -9.6875 -15.4375
1532260951257567 18.375 -16.75 -24.25
1532260951303445 9.9375 -26.625 -58.75
1532260951348324 10.875 -29.625 -66.625
1532260951378245 3.375 -31.5 -77.375
1532260951497924 -11 -57.5625 -113.313
1532260951610623 -34.8125 2.125 -23.125
1532260951655503 -4.9375 -5.125 -6.875
1532260951693402 -1.6875 -3.875 -3.875
1532260951715343 -1.0625 -1.4375 3.25
1532260951730303 3.6875 0 10.5625
1532260951760223 15.875 -0.0625 32.125
1532260951798122 17.375 7.25 48.625
1532260951836030 19.1875 14.375 67.5625
1532260951917802 28.375 37.875 112.313
1532260952007577 56.625 62.625 133.188
1532260952203039 28.25 2.8125 14.9375
1532260952241935 31.9375 -17 -24.5
1532260952255898 34.625 -21.625 -37.4375
1532260952315738 19.6875 -29.3125 -30.0625
1532260952337678 45.75 -40.8125 -39.4375
1532260952405497 2.5625 -45.4375 -32.1875
1532260952473316 -51.875 -44.9375 27.625
1532260952489274 -51.3125 -53.0625 46.8125
1532260952525178 -30.1875 -65.8125 71.6875
1532260952548116 20.4375 -70.75 88.375
1532260952586025 86.125 -50.75 70.9375
1532260952660815 -69.4375 -8.75 9.125
1532260952675775 -23.3125 13.5625 -5.5
1532260952720655 94.75 42.375 -52.125
1532260952735615 26 44 -70.6875
1532260952788474 -62.125 42.875 -54.0625
1532260952818393 -31.8125 35 -39.9375
1532260952855295 -0.375 24.3125 -28.125
1532260952915135 12.125 5.3125 -13.9375
1532260953012873 5.125 -76.3125 128.375
1532260953087673 -146.563 -37.6875 -12.25
1532260953148510 -53.5 -15.4375 -34.5625
1532260953215332 99.75 55.4375 -81.5
1532260953275172 -114.125 62.5625 -86
1532260953357951 -62.9375 -18.3125 60.625
1532260953432751 1.25 -107.125 170.688
1532260953479632 150.438 39.6875 -29.6875
1532260953523520 -85.375 -70.25 71.875
1532260953583349 -1.3125 45.4375 -2.375
1532260953599314 31.875 64.875 0.8125
1532260953620249 26.625 70.5 -3.5
1532260953635209 0.9375 71.8125 -20
1532260953688068 -21.5625 63.875 -39.6875
1532260953725966 -31.375 56.3125 -42.875
1532260953807748 15.5625 14.3125 -22.4375
1532260954010206 -13.25 -35.25 -18.6875
1532260954363262 -91.75 157.313 -50.625
1532260954415124 -154.563 177.063 -80.4375
1532260954453022 -156.313 153.375 -80.5
1532260954527822 -168.375 143.938 -79.5
1532260954670441 -135.375 22.375 -125.375
1532260954746238 -57.8125 -64.9375 -141.813
1532260954783139 -44.5625 -59.3125 -134
1532260954857939 -22.4375 -30.1875 -78.5
1532260954910798 -14.8125 -14.8125 -38.25
1532260954932739 -11.625 -5.75 -16.75
1532260954987592 14.375 2.0625 12.8125
1532260955001555 14.6875 3 16.4375
1532260955083337 46.125 -0.9375 16.1875
1532260955165118 131.75 -47.875 18.0625
1532260955203018 205.625 -101.313 33.0625
1532260955240915 234.313 -111.375 58.6875
1532260955307736 136.625 -110.75 63.25
1532260955352617 112.75 -65.375 24.25
1532260955375556 97.9375 -50.4375 16.125
1532260955420436 -13.1875 -24.375 22.3125
1532260955443374 -14.25 -14.9375 16.5625
1532260955488254 24.9375 -9.3125 12.5
1532260955518173 25.3125 -2.75 9
1532260955542110 7.4375 -1.5 1.875
1532260955555075 -4.375 -4.375 3
1532260955578014 -4 -3.625 0.3125
1532260955600952 25.5625 -2.1875 -4.75
1532260955622894 69.375 15.625 -18
1532260955637854 52.875 9.75 9.125
1532260955667774 45.125 33.5 7.375

1532260955697694 34.6875 39.0625 2.3125
1532260955765513 -85.8125 -18.25 11.25
1532260955789450 -52.125 -39.3125 -0.0625
1532260955818371 13.1875 -32.125 -22.4375
1532260955840312 -1.8125 28.875 6.75
1532260955863251 -24.875 13.25 21.3125
1532260955930073 -59.3125 6.8125 -3.875
1532260955975950 17.125 4.5 -5.0625
1532260956042771 26.375 2 3.6875
1532260956050749 27 3.0625 2.1875
1532260956125550 26.5625 -6.75 3.75
1532260956155477 27.5 -7.5 4.625
1532260956208329 8.875 -2.1875 5.75
1532260956253208 1.125 0.875 -0.1875
1532260956321026 -10.1875 2.8125 -2.6875
1532260956342968 -3.9375 2.8125 -2.1875
1532260956455667 -5 1.3125 -0.125
1532260956545427 13.875 0.625 0.25
1532260956650146 -3 5.8125 0.875
1532260956807726 8.3125 2.75 11.375
1532260956867566 -20.75 -6.9375 39.875
1532260956890504 3.5 10 52.25
1532260956928415 46.3125 3.5625 74.4375
1532260956958323 -3.8125 -1.125 67.625
1532260956980264 -16.6875 2.5 60.5625
1532260957027138 4.125 20.8125 49.1875
1532260957040104 -10.125 29.25 41.8125
1532260957130861 -37 54.625 33.0625
1532260957167763 -28.3125 68.3125 29.625
1532260957228601 -4.9375 106.75 35.5625
1532260957273481 28.375 102.438 28.6875
1532260957438040 37.8125 32.5 20.5625
1532260957633517 47.5625 -4.1875 18.875
1532260957723277 6.125 2.125 -5.6875
1532260957753197 -2.25 -0.1875 -2.125
1532260957775138 -4.8125 -0.1875 -3.5
1532260957798078 -4.125 0 -1.0625
1532260957850936 -4.3125 -0.625 -0.6875
1532260957962663 -7 -4.0625 0.5
1532260958090296 -57.6875 -71.75 -11.125
1532260958120216 -79.625 -88.6875 -6.9375
1532260958210973 -111.438 -165.688 -26.875
1532260958247875 -66.8125 -159 -55.6875
1532260958307715 -89.9375 -84.8125 -53.0625
1532260958345613 -61.6875 -55.0625 -48.75
1532260958360573 -32.5 -30.75 -40.1875
1532260958375533 -15.125 -11.6875 -28.875
1532260958398489 6.1875 11.75 -13.75
1532260958435373 4.125 17.375 -9.625
1532260958465293 0.25 20.75 -5.4375
1532260958525132 24.625 37.5625 13.6875
1532260958577992 18.4375 72.8125 45.75
1532260958608909 39.8125 79.5625 43.25
1532260958652791 57.0625 87.8125 44.75
1532260958727592 72.3125 70.75 26
1532260958773473 100.125 70.3125 0.6875
1532260958819346 104 58.625 -22.8125
1532260958878189 72.125 -17.125 -23.125
1532260958947004 82.5625 -59.5 -17.25
1532260958991885 88.75 -70.625 -10.8125
1532260959042749 43.5625 -50.5 3.75
1532260959117549 46.125 -20.375 1.9375
1532260959148466 41.75 -8.8125 -4.9375
1532260959170407 47.8125 -4 -12.8125
1532260959185368 49.125 -3.8125 -16.0625
1532260959208306 42.25 -6.6875 -20.75
1532260959327985 33.6875 -8.6875 -28.1875
1532260959357906 27.5625 -10.8125 -37.125
1532260959411762 -40.1875 -48.5 -131.188
1532260959425725 -63.4375 -43 -129.063
1532260959455645 -103.313 -26.125 -91.6875
1532260959477586 -100.813 -17.0625 -77.75
1532260959515485 -86.0625 -10.75 -59.3125
1532260959575324 -4.1875 -6.75 -20.5625
1532260959605245 8.3125 -6.8125 -12.25
1532260959673064 -0.6875 -4.9375 -6.1875
1532260959696002 -7.25 -3 -5.625
1532260959710962 -1.25 -0.6875 -4.5625
1532260959755842 8 0 0.0625
1532260959785762 11.4375 -0.0625 5.75
1532260959807703 6.3125 0.0625 14.5625
1532260959965281 4.0625 36.5 92.5625
1532260960033101 16.6875 66.25 113.125
1532260960092940 62.9375 60.3125 79.1875
1532260960236556 59.25 -18.75 23.5
1532260960259495 53.9375 -29.5625 4.25
1532260960333298 28.375 -34.375 -7.5
1532260960400120 15.4375 -35.5 -6.3125
1532260960520800 -48.6875 -13.625 -1
1532260960572660 64.375 -96.125 59.8125
1532260960670420 42.5 -53.4375 -5.25
1532260960730259 52.875 -10.0625 -25.1875
1532260960760180 47.3125 21.6875 -61.6875
1532260960850936 -42 21.4375 -32
1532260960902798 -39.875 1.6875 -13.5
1532260960972620 -11.9375 -63.3125 78.5625
1532260961075337 -107.875 31.25 -72.625
1532260961090297 -62.9375 26.0625 -91.375
1532260961113235 -6.625 30.9375 -89.375
1532260961135176 27.9375 38.4375 -83.375
1532260961240894 -78.875 47.875 -62.6875
1532260961300733 -97.5 40.25 -16.3125
1532260961360574 122.375 -52.9375 156.688
1532260961383524 151.375 -59.75 135.688
1532260961413433 203.25 -6.625 54.625
1532260961450333 72.625 21.625 -30.0625
1532260961495213 -30 -6 -50.8125
1532260961556051 61.5 17.0625 -88.375
1532260961577992 37.375 10.6875 -83.9375
1532260961600931 -14.8125 13.875 -63.125
1532260961645811 -74.9375 19.8125 -30.875
1532260961660771 -76 17.0625 -14.3125
1532260961735571 -84.875 10.9375 16.875
1532260961765493 -113.125 15.3125 32.125
1532260961863230 -16.4375 -54.3125 92.5625
1532260961939027 -179 13.0625 -22.375
1532260961975929 -107.375 21.3125 -38.75
1532260962095608 54.8125 36.6875 -45.5625
1532260962133507 39.0625 29.5 -26.75
1532260962178387 52.6875 5.875 -38.125
1532260962245208 25.0625 -5.1875 -37.125
1532260962298067 -11.4375 -15.5 -32.9375
1532260962417747 -11.9375 -21.6875 -4.25
1532260962440686 -6.75 -23.9375 -4.25
1532260962538431 13.875 -15.125 6.625
1532260962568344 -84.5 91.625 -41.625
1532260962598264 -98.4375 131.938 -68.625
1532260962658104 -177.125 156.188 -78.25
1532260962688024 -164.938 154.188 -82.375
1532260962747864 -184.75 121.438 -68.1875
1532260962794739 -167.125 108.563 -69.75
1532260962890483 -134.625 53.25 -90
1532260962967277 -68.625 -23.0625 -124.25
1532260962995202 -51 -36.375 -125.625
1532260963018142 -43.875 -40.625 -112.25
1532260963077981 -34.6875 -37.375 -115.813
1532260963115880 -20.5 -32.6875 -94.0625
1532260963212621 -15.1875 -16.5625 -44.75
1532260963295399 8.1875 2.75 10.125
1532260963460957 12.5625 3.5625 13.75
1532260963512818 39.875 -7.625 5.625
1532260963625517 131 -94.25 14.4375
1532260963670397 172.188 -101.188 15.9375
1532260963745197 146.5 -75.5 32.9375
1532260963798056 81.625 -48.3125 32.8125
1532260963932695 30.4375 -7.8125 11.5625
1532260964053373 47 5.375 8.8125
1532260964105238 20.25 13.0625 -2.625

1532260964158094 -41.75 -1.125 23.75
1532260964360552 9 1.6875 11
1532260964405432 3.125 -7.5625 -1.375
1532260964428371 0.0625 -9.75 4.3125
1532260964510152 0.375 -8.75 4.75
1532260964563011 14.0625 -7.375 2.5625
1532260964592930 -7.25 0.625 0.1875
1532260964645423 0.1875 0.4375 0.75
1532260964668362 -0.875 1.0625 -0.8125
1532260964698281 -10.875 -0.3125 -1.4375
1532260964720223 -8.0625 -0.8125 -1
1532260964735183 -3 -3.4375 -0.1875
1532260964773081 -5.375 -3.25 0.125
1532260964825940 -7.8125 -2.3125 0
1532260964847881 0.3125 0.25 1.1875
1532260964892761 -9.875 6 -1.0625
1532260964907722 -5.625 4.625 1.875
1532260964990500 7.5 4.625 1.6875
1532260965013439 1.125 5.125 -0.625
1532260965110187 13.625 5.4375 3.5
1532260965148087 2.25 4.125 1.125
1532260965178007 3 -1.5625 -2
1532260965222887 2.625 -4.125 -3.875
1532260965269761 0.4375 -5.1875 -1.8125
1532260965290706 4.3125 -5.875 -1.5
1532260965305665 6.8125 -5.6875 -1.8125
1532260965335585 3.8125 -4.5 -0.9375
1532260965365505 5.3125 -2.6875 -0.5625
1532260965410385 10.0625 -1.1875 1.5
1532260965440305 2.75 -1.9375 0.8125
1532260965470225 14.125 -2.9375 -0.5625
1532260965500146 19.875 1.9375 -2.375
1532260965546022 33.875 9.1875 -6.375
1532260965635783 -9.375 5.3125 -1.4375
1532260965650742 12.625 -9.375 13.6875
1532260965687643 -54.5 -11 10
1532260965710582 -46.6875 -7 11.1875
1532260965748481 -10.8125 7.5 11.5
1532260965800342 -14.0625 5.1875 37.5
1532260965823281 -48.8125 18.75 53.25
1532260965853200 -70.4375 33.0625 53.3125
1532260965875142 -24.375 33.375 44.6875
1532260965942961 -15.0625 22.875 56.875
1532260965972881 -32.8125 17.125 56.75
1532260966047680 -40.4375 -15.6875 29.5625
1532260966070620 -21 -10.25 19.3125
1532260966087574 -19 -13.625 18.375
1532260966101537 -39.3125 -16.1875 18.3125
1532260966138438 -95.5625 -15.125 14.5625
1532260966153399 -98.6875 -10.125 19.8125
1532260966190300 -83.875 0.6875 22
1532260966220220 -54.5 14.1875 22.25
1532260966243158 -24.25 28.5625 23.625
1532260966265100 -2.75 38.625 30.5625
1532260966297014 6.5625 54.4375 41.875
1532260966325937 35.625 68.8125 50.625
1532260966400737 37.25 82.4375 56.75
1532260966437638 51.875 83.5 54.1875
1532260966588236 83.5625 77.8125 36.0625
1532260966640096 64.375 14.6875 34.4375
1532260966677996 70.625 8.5625 41
1532260966700934 70.5625 8.5625 40.6875
1532260966722876 77.1875 9.5625 29.0625
1532260966767755 68.8125 11.875 22.1875
1532260966835574 49.75 16.625 18.25
1532260966874470 14.1875 9 10.3125
1532260966897409 6.875 1.8125 14.9375
1532260966925334 3.875 1.625 19.375
1532260966955255 11.75 0.5625 16.9375
1532260966985174 10.5625 -1.375 9.1875
1532260967000142 -0.625 -3.8125 10.1875
1532260967075931 -1.75 -5.0625 2.5625
1532260967120811 -4.75 -6.5 0.5625
1532260967142753 -9.625 -9.1875 1.375
1532260967188643 -13.0625 -22.9375 4.9375
1532260967210571 -18.1875 -31.0625 9.125
1532260967233510 -20.75 -40.0625 8.9375
1532260967308310 -36.0625 -68.125 8.9375
1532260967330251 -48.8125 -85.875 7.6875
1532260967375131 -87.125 -141.938 2.4375
1532260967435968 -115 -194.313 -0.5
1532260967562629 -108.25 -73.5625 -70.125
1532260967668347 -7.5 9.5 -21.1875
1532260967690290 -14.1875 19.875 -11.9375
1532260967713227 -9.4375 26.6875 -6.625
1532260967752123 13.875 30.75 1.3125
1532260967773067 14.0625 31.4375 7.125
1532260967825925 30 52.4375 25.9375
1532260967870805 28.4375 61.625 30.8125
1532260967907707 28.875 69.3125 29.5625
1532260967930646 38.25 74.875 28.25
1532260967945607 57.5 77.875 31.8125
1532260968044341 93.5 33.5 -15.75
1532260968095210 108.625 8.9375 -11.3125
1532260968171003 103.563 -4.1875 -16.5625
1532260968245820 50.8125 -59.75 -6.75
1532260968307637 39.9375 -31.3125 -0.4375
1532260968327585 33.9375 -26.875 6.4375
1532260968410369 25.625 -9.5625 8.8125
1532260968485162 46.4375 2.125 -20.0625
1532260968531052 32 -7.9375 -32.6875
1532260968575920 37.5 -40.875 -88.9375
1532260968597862 17.5 -52.3125 -95.3125
1532260968650726 -1.4375 -60.1875 -104
1532260968733499 -8.125 -65.875 -114.625
1532260968778379 -0.5 -69.375 -127.688
1532260968800320 -50.4375 -64.625 -124.063
1532260968830240 -17.375 -11.4375 -22.75
1532260968853178 -0.6875 -9.375 -17.9375
1532260968877128 -7.25 -7.8125 -13.125
1532260968906047 -14.4375 -6.125 -11.125
1532260968921995 -16.8125 -1.875 -7.0625
1532260968958896 -16.5625 13 14.125
1532260969108496 93.4375 53.0625 94.3125
1532260969168336 79.1875 61.5 95.1875
1532260969258096 83.8125 64.6875 93.25
1532260969310955 87.875 49.6875 86.625
1532260969332896 83.5625 34.9375 70.6875
1532260969362816 41.5625 -5.1875 21.375
1532260969400715 33.25 -8.9375 8.8125
1532260969415675 18.75 -11.8125 0.625
1532260969505435 20.4375 -12.625 10.625
1532260969528374 16.375 -16.125 16.75
1532260969610155 10 -27.8125 50.625
1532260969656032 125.813 -10.3125 29.75
1532260969701910 -9.875 -55.75 6.1875
1532260969752773 60.125 -32.6875 -46.375
1532260969805643 84.125 3.6875 -77.4375
1532260969858490 34.125 13.4375 -83.125
1532260969963210 -67.0625 23.8125 -19.3125
1532260969985151 -68.9375 -23.875 44.8125
1532260970120789 279.5 14.8125 21.1875
1532260970202570 53.1875 1.875 -76.6875
1532260970264405 -51.375 38.5625 -84.125
1532260970315269 -88.5625 44.0625 -67.875
1532260970406026 -38.1875 27 45.375
1532260970465867 58.5625 -41.25 157.188
1532260970555627 -59.0625 -38.9375 -40.5625
1532260970630426 14.6875 4.4375 -94
1532260970720186 -54.875 35.125 -75.625
1532260970817924 -73.4375 4.1875 57.8125
1532260971052298 -22.625 36.375 1.1875
1532260971088203 15.625 46.0625 -20.9375
1532260971125103 14.3125 50.9375 -29.875
1532260971170980 15.4375 55.25 -36.375
1532260971305621 62.125 -3.4375 -21.875
1532260971410341 -10.1875 -33 -6.25
1532260971501105 -20 -33.8125 3
1532260971597839 -15.75 26.1875 -13.0625
1532260971621775 -48.3125 92 -45.5625
1532260971650698 -121.375 122.375 -75.5625
1532260971695578 -137.625 139.438 -78.75
1532260971740458 -131.938 153.438 -78.9375
1532260971935935 -149.063 91.5625 -90.5625
1532260971957876 -140.625 68.9375 -94.4375
1532260972017717 -107.313 18.375 -113.5
1532260972085535 -67.125 -22.875 -141.813
1532260972108474 -72.1875 -38.4375 -137.75
1532260972228154 -28.8125 -29.75 -77.3125
1532260972287993 -10.875 -15.75 -48.9375
1532260972347833 10.875 -9.9375 -10.625
1532260972385732 11.5 -3.0625 -0.0625
1532260972407673 16.25 0.8125 6.4375
1532260972438591 17.5625 4.75 14.125
1532260972452553 11.75 6.1875 14.0625
1532260972469509 9.25 7.125 13.875
1532260972498431 11.6875 5.25 13.9375
1532260972550292 7.0625 3.875 13.5
1532260972580212 0.4375 2.5625 13.875
1532260972603151 -3.375 1.0625 11.8125
1532260972722831 41.1875 -19.4375 1.8125
1532260972745770 74.75 -26.625 4.5625
1532260972767711 133.75 -40.375 16.5625
1532260972790649 143 -70.3125 19.75
1532260972835529 158.813 -91.5 15.3125
1532260973016047 112.125 -63.25 16.6875
1532260973037989 102.063 -51.875 19.5625
1532260973067908 73.5625 -45.8125 20.625
1532260973097828 47.875 -40.8125 14.5625
1532260973240446 56.8125 -17 -2.125

1532260973278346 20.4375 9.1875 -3.8125
1532260973301285 17.1875 31.0625 14.9375
1532260973338186 -34.1875 14.5 26.4375
1532260973406004 0.0625 6.4375 -4.3125
1532260973420985 -0.8125 7 -8.875
1532260973435945 -10.4375 4.1875 -10.5625
1532260973480826 21.6875 4.1875 4.75
1532260973502766 32.375 4.6875 6.9375
1532260973556076 18.625 3.5 8
1532260973592976 16.3125 -1 4.25
1532260973660794 12.875 -3 2.8125
1532260973690714 4.875 -4.625 2.125
1532260973750554 0 -3 3.875
1532260973765536 5.0625 3.75 3.6875
1532260973780498 9.75 3.9375 3.75
1532260973825378 -3.4375 1.25 -1
1532260973872264 -14.6875 1.75 -2.8125
1532260973893197 -9.6875 1.1875 -2.75
1532260973915138 -1.625 0.9375 -3.125
1532260973938077 0 1.25 -2.4375
1532260974012877 -3.9375 -0.3125 -1.125
1532260974035815 -4.25 -1.1875 -1.4375
1532260974080696 1.375 -4.25 -1
1532260974102637 -0.0625 -3.375 -1.25
1532260974148531 -2.8125 -1.6875 -2
1532260974178434 -2.25 0.375 -0.5
1532260974230296 4 1.625 1
1532260974268194 3.375 0.4375 1.875
1532260974290136 6.0625 -2.8125 2.75
1532260974321053 -5.8125 1.625 2.6875
1532260974365933 14.4375 -2.1875 -4.875
1532260974411811 36.4375 7.0625 -2.4375
1532260974440733 24.875 5.625 -0.5625
1532260974477634 13.6875 9 14.5
1532260974492595 11.5625 4.875 -6.375
1532260974523512 -8.125 0.6875 0.625
1532260974545452 -10.6875 -3.125 7.625
1532260974568392 -14.9375 -8.5625 9
1532260974598311 -36.0625 0.625 6.25
1532260974635212 -26.5625 16.1875 14.5
1532260974658164 -36.4375 8.5 27.0625
1532260974688071 -34.25 20.6875 38.875
1532260974703032 -35.5 30.8125 44.625
1532260974725970 -34.8125 39.125 50.0625
1532260974747911 -16 46.25 52.6875
1532260974762881 4.9375 37.9375 54.5625
1532260974815730 16.0625 23.0625 61.9375
1532260974860610 -30.625 6.8125 76.6875
1532260974905490 -19.5625 -51.1875 51
1532260974950370 -96.5625 -97.375 18.5625
1532260974973309 -82.875 -107.125 -1.75
1532260975003229 -87.1875 -93.4375 -26.9375
1532260975042125 -36 -62.3125 -39.75
1532260975063069 -18.375 -54 -31.5
1532260975122909 -53.3125 -49.4375 -15.5
1532260975258546 -48.8125 30.3125 13.5625
1532260975280487 -59.0625 43.125 17.875
1532260975303426 -38.25 58.1875 32.875
1532260975318386 -26.5 68.8125 47.8125
1532260975355297 -27.625 78 55.4375
1532260975400167 -18.75 93.875 59
1532260975461018 37.75 130.75 95.125
1532260975482946 62.6875 135.5 95.375
1532260975505885 113.438 130.313 90.0625
1532260975527826 114.688 125.625 79
1532260975550764 102.25 106.5 60.625
1532260975610605 95.9375 94.75 52.8125
1532260975664460 85.125 82.125 42.5625
1532260975686402 77.4375 44.75 13.375
1532260975715325 82.375 17.4375 -3.5625
1532260975790125 95.3125 5.8125 5.125
1532260975821045 48.0625 1.6875 -5.125
1532260975895841 0.625 5.3125 19.3125
1532260975917783 29.25 15.75 -8.125
1532260975970642 6.375 24.25 -7.125
1532260976015522 -0.75 12.0625 2.1875
1532260976053420 -2.375 1.9375 10
1532260976105297 -3.625 2.3125 -0.125
1532260976120242 -12.3125 -0.875 0.5
1532260976188060 -16.625 -9.25 1.6875
1532260976225959 -13.8125 -14.0625 -1.5625
1532260976277820 -43.1875 -67.625 5
1532260976292780 -52.375 -84.25 -0.25
1532260976315719 -58.3125 -101.563 -3.6875
1532260976405479 -101.438 -174.625 -24.75
1532260976428418 -104.063 -188.375 -30.1875
1532260976465319 -123.438 -164.625 -66.0625
1532260976497234 -124.938 -146 -67.625
1532260976519184 -121.5 -120.875 -66.5
1532260976540119 -103.688 -93 -58.6875
1532260976652818 -1.0625 19.8125 -7.625
1532260976683734 8.8125 28.375 -3.125
1532260976893175 64.5625 97.5625 35.3125
1532260976931074 76.1875 83.5625 35.6875
1532260976953014 98.5 76.75 30.5625
1532260976990914 66.9375 35.25 15.3125
1532260977012855 55.8125 12.4375 6.75
1532260977057735 76.25 -25.5 -1.0625
1532260977080673 75.625 -38.25 0.625
1532260977133532 63.25 -52.25 -3.375
1532260977239250 65.375 -33.625 -0.5
1532260977290113 46.3125 -19 -1.4375
1532260977321030 53.9375 -13.5 -7.75
1532260977359927 62 -16.875 -26
1532260977410790 33.1875 -40.625 -40.25
1532260977494567 32.8125 -43.5 -90.375
1532260977515511 22.5 -45.25 -105.125
1532260977575351 -41.3125 -49 -137.688
1532260977696032 -6.4375 -11.75 -22.875
1532260977732929 28.875 -7.25 -4.1875
1532260977762850 27.5 -6.625 -4.125
1532260977815708 18.875 -5.375 -2
1532260977837649 -2.0625 -0.6875 4.75
1532260977875548 0.0625 3.125 38.75
1532260977920427 15.1875 7 54.4375
1532260977935388 21.3125 19.5625 74.625
1532260977980268 61.8125 50.1875 92
1532260978004204 72.25 53.6875 96
1532260978033127 62.625 56.875 102
1532260978056076 52.4375 53.375 106.313
1532260978092967 96.6875 50.5625 105.5
1532260978107926 106.938 55.0625 94.0625
1532260978152806 95.8125 52.8125 87.625
1532260978220624 72.1875 28.6875 78.9375
1532260978244562 81.6875 5.5625 42.25
1532260978266502 66.0625 -12.0625 31.3125
1532260978280465 56.3125 -17.0625 25.6875
1532260978295425 44.75 -22.25 19.25
1532260978310384 36 -26.125 17.5
1532260978325344 33.875 -31.3125 15.3125
1532260978355274 23.3125 -37.4375 12.5625
1532260978378204 39.875 -37.875 -1.3125
1532260978415105 39.875 -31.75 -2.125
1532260978438043 -0.25 -24.75 16.5
1532260978475943 -32.3125 -27.375 36.0625
1532260978551750 129.813 -28.6875 17.0625
1532260978610582 5.75 4.875 -35.375
1532260978663441 -4.8125 14.625 -52.3125
1532260978730263 -28.625 -0.8125 -65.5
1532260978821020 -45.25 -21.5 31.9375
1532260978865899 -32.3125 -49.75 76
1532260978917761 -0.5625 -67.3125 115.063
1532260978932720 31.6875 -63.375 115.75
1532260978985579 12.5625 -37.125 -8.8125
1532260979045420 -60.3125 -29.1875 15.125
1532260979083318 12.5 9.375 -46.0625
1532260979114236 52.875 54.4375 -85.5625
1532260979240905 -88.0625 57.0625 -44.5
1532260979443355 67.4375 -26.625 -39.5625
1532260979473276 -134.688 -5.4375 -53.9375
1532260979540096 93.625 22.1875 -82.6875
1532260979697675 -31.875 -62.5 107.188
1532260979743553 1.4375 -75.4375 140.813
1532260979788433 49.25 -88.875 180.875
1532260979900134 -75.8125 19.4375 -28.8125
1532260979946020 -102.75 67.8125 -8.5
1532260979982912 102.25 80.125 -39.4375
1532260980057712 72.375 79.375 -50.9375
1532260980088630 26.6875 70.375 -48.1875
1532260980140491 61.875 2.5625 -43.0625
1532260980156449 41.125 -6.3125 -39.6875
1532260980179387 -37.3125 -23.1875 -15.0625
1532260980193349 -71.5 -34 3
1532260980215290 -55.4375 -36.125 6.75
1532260980230250 0.4375 -32.4375 4.9375
1532260980253190 48.4375 -33.3125 5.0625
1532260980305051 54.1875 -35.75 11.25
1532260980335969 21.625 -37.4375 19.875
1532260980350928 -4.875 -30.0625 18.375
1532260980417749 -20.625 17.8125 -6.375
1532260980455648 -39 57.125 -31.875
1532260980493547 -121.563 118 -67.25
1532260980628187 -144.188 150.75 -73.3125
1532260980815686 -132.313 50.875 -94.125
1532260980839621 -112.75 36.75 -108.063
1532260980890486 -80.25 8.375 -120.813
1532260980950326 -47.125 -44.0625 -124.5
1532260981050059 -18.5 -55.6875 -110
1532260981085963 -20.3125 -34.9375 -69.875
1532260981107904 -9.3125 -20.125 -44.5
1532260981160763 -13.125 -6.625 -23.3125
1532260981220603 -4.5625 -2.3125 -14.0625
1532260981250523 1.6875 -0.4375 -4.5
1532260981288436 13.625 3.6875 7.5
1532260981348262 13.625 8.4375 16.625
1532260981415083 17.3125 -5.5 1.9375
1532260981475920 23.75 -9.625 1.5625
1532260981587621 47.4375 -23.8125 -7.1875
1532260981633499 89.0625 -41.4375 -7.1875
1532260981670400 101.063 -33.75 -2.125
1532260981850917 161.438 -80.25 38.375
1532260981880837 49.1875 -42.625 30.4375
1532260981940677 38.125 -26.4375 14.9375
1532260981992538 40.0625 -22.625 9.6875
1532260982105246 5.375 -4.0625 10.9375
1532260982120197 10.875 -4.0625 6.625
1532260982181034 59.5625 6.125 -2.125

1532260982262816 -41.0625 9.4375 18.625
1532260982277776 -71.375 -21.0625 11.375
1532260982307696 34.0625 11.5 -3.625
1532260982337616 -2.75 -6.8125 3.75
1532260982360554 -12.875 -3.0625 -8.6875
1532260982435354 32.4375 -7.625 15.0625
1532260982488214 34.5625 -1.6875 9.6875
1532260982518133 24.875 -2.5625 6.75
1532260982540074 12.4375 -1.9375 1.0625
1532260982563017 2.0625 -3.9375 0.25
1532260982592933 -7.8125 -1.125 -1.0625
1532260982630832 -6.5 2.5625 -2.4375
1532260982652773 -8.125 3 -1.25
1532260982743530 -9.375 5.25 -0.8125
1532260982833290 -3.5 3.5 -0.5625
1532260982938011 -1.8125 1.3125 -1.3125
1532260983020789 -1.4375 -1.375 -1.0625
1532260983080669 -4.375 -0.1875 2.0625
1532260983095629 0.8125 0.4375 3.0625
1532260983117582 -2.1875 -0.0625 -1.3125
1532260983148500 -8.125 -0.9375 -0.8125
1532260983178420 -4.875 -1.5625 -1.1875
1532260983253219 -0.3125 1.125 -0.875
1532260983305082 1.375 1.1875 0.75
1532260983357940 0.5 -0.5 0.25
1532260983425759 -1.1875 -1.1875 -0.4375
1532260983492580 0.125 2.3125 -0.0625
1532260983569375 -0.625 0.125 -0.0625
1532260983800756 -0.5625 -0.625 0.75
1532260983837667 -0.8125 -1.3125 0.25
1532260983883545 -0.125 -0.5625 -0.125
1532260984025167 -1.25 1.8125 -0.125
1532260984123903 0.1875 0.375 -0.1875
1532260984423103 17.1875 0.3125 0.0625
1532260984482942 18.625 0.75 0.4375
1532260984542782 19.4375 13.75 0.1875
1532260984617582 -5.875 -12.4375 7.0625
1532260984664457 -61.3125 0.875 13.3125
1532260984678419 -55.0625 6.8125 13.0625
1532260984723299 -38.25 10 43.25
1532260984790121 -56.5 25 55.1875
1532260984850957 1.75 31.6875 57
1532260984895838 -46.75 50.125 47.375
1532260984992579 -26.625 56.5 42.25
1532260985060398 -7.4375 60.1875 46.8125
1532260985113256 1.8125 49.375 57.5
1532260985211993 52.25 38.0625 33.6875
1532260985292777 60.625 38.3125 24.1875
1532260985315715 61.4375 35.8125 24.625
1532260985405478 51.375 30.0625 19.375
1532260985444371 23.625 16.6875 11.5
1532260985495235 19.4375 -1.625 4.375
1532260985534131 8.375 -5.5 7.1875
1532260985548093 12.875 -6.1875 2
1532260985571032 10.875 -5.625 4.6875
1532260985592974 7.6875 -4.4375 6.5625
1532260985690712 19 3.375 -3.4375
1532260985812387 -4.125 2.25 -5.625
1532260985870232 -6.375 -6.1875 -7.1875
1532260985982931 -22.625 -51 5.5625
1532260986005878 -35.5625 -75.875 8
1532260986057731 -74.9375 -128.188 3
1532260986103608 -99.1875 -156.125 -7.5625
1532260986132531 -98.5625 -158.188 -15.75
1532260986245232 -106 -126.563 -48.9375
1532260986268168 -95.0625 -113.5 -59.375
1532260986357928 1.1875 44.375 8.3125
1532260986432728 18.9375 31.3125 13.5
1532260986523485 35.5625 74.5625 45.4375
1532260986583326 71.625 85.9375 48.6875
1532260986658126 99.625 59.0625 31.9375
1532260986740904 106.5 27.3125 -9.8125
1532260987003203 52.4375 -41.0625 -11.8125
1532260987310381 -16.8125 -55.9375 -96.8125
1532260987542759 -16.3125 -2.1875 -9.4375
1532260987678397 -17.3125 2.1875 29.75
1532260987730266 -15.375 20.5 71.625
1532260987835975 58.625 55.3125 131.125
1532260987947677 92.375 32.5625 85.9375
1532260988090296 31.5 -32.3125 0.5
1532260988135175 36.5625 -32.625 -34.125
1532260988210973 -67.9375 -46.6875 -0.375
1532260988270812 209.125 -67.6875 9.0625
1532260988375533 59.375 33.3125 32
1532260988413431 64.9375 37.0625 12.4375
1532260988435372 -22.75 10.625 -80.0625
1532260988556050 -47.4375 22.75 -66.1875
1532260988667751 -8 -63.3125 83.4375
1532260988742551 166.313 -82 89.125
1532260988788429 -139.313 12.125 1.0625
1532260988818348 53 47.25 -68.875
1532260988848268 -22.0625 52.25 -85.25
1532260988909106 -82.375 55.25 -80.9375
1532260989057708 -94.9375 52.0625 -75.125
1532260989102588 19.4375 9.5625 14.375
1532260989133506 50.875 -39.5625 100.313
1532260989268145 -62.1875 -44.8125 -0.125
1532260989455649 -99.0625 57.375 -71.8125
1532260989485564 -96.125 59.3125 -66.625
1532260989568343 -85.625 28.75 -1.875
1532260989590284 -88.875 18.9375 20.9375
1532260989598263 -77 11.1875 45
1532260989665085 123.438 -73.125 145.188
1532260989822664 -109.938 -2.3125 5.8125
1532260989890481 -204.5 -40 70.125
1532260989913420 -41.6875 19.625 1.75
1532260990025121 -19.0625 0.4375 -42.75
1532260990242541 34.375 -27.0625 27.0625
1532260990318337 -9.625 0.6875 12.1875
1532260990363217 -18.375 21.1875 7.1875
1532260990475942 -101.813 135.938 -49.9375
1532260990610582 -146.188 170.063 -62.5
1532260990685382 -155 155.188 -67.25
1532260990775142 -99.25 28.75 -104.563
1532260990807057 -83.3125 14.4375 -110.625
1532260990887840 -38.8125 -29.375 -133.313
1532260991098278 -7.25 -16.625 -38.625
1532260991128198 -4.5 -12.0625 -21.9375
1532260991150139 -2.4375 -0.375 -4.8125
1532260991196017 12.125 7.9375 13.25
1532260991262837 5.1875 7.6875 17.5625
1532260991285776 1.875 5.8125 17.25
1532260991307718 3.3125 3.3125 14.4375
1532260991322678 12.8125 1.25 12.375
1532260991420416 17.75 -12.25 8.6875
1532260991556055 140.688 -74.625 35.75
1532260991586971 183.625 -105.75 39.625
1532260991622874 147.5 -101.625 54.625
1532260991637835 120.563 -97.3125 52.1875
1532260991684710 119.875 -64.8125 27.4375
1532260991720614 119.563 -55.5625 20.6875
1532260991743552 99.6875 -49.3125 15.75
1532260991765494 74.0625 -45.125 11.5625
1532260991818352 46.0625 -36.0625 -0.6875
1532260991855253 45.4375 -29.5625 -4.875
1532260991870214 25.3125 -19.625 1.625
1532260991893169 4.9375 -13.375 1.0625
1532260991916091 12.75 -26.3125 4.5
1532260991938032 39.1875 -23.9375 3.125
1532260992005850 36.0625 -0.25 12.6875

1532260992027792 17.5 -15 11.5
1532260992095617 -10 3.875 -6
1532260992117558 -0.25 2.9375 -10.5
1532260992133515 -2.25 6.25 -11.5625
1532260992185377 1.1875 -1.125 0.8125
1532260992298075 8.6875 0.5625 3.875
1532260992342955 21.25 -0.25 5.875
1532260992396812 -6.3125 -5.5 0.125
1532260992530453 -13.8125 1.375 0.6875
1532260992553393 -6.5 2.4375 0.0625
1532260992628192 1.6875 5.5 -1.6875
1532260992696010 6.625 -0.6875 1.9375
1532260992747872 -13.375 2.3125 -2.6875
1532260992830651 -9.1875 4 -3.625
1532260992875531 39.625 11 -1.5
1532260992905465 6.875 14.6875 -5.0625
1532260992995211 -12.875 13.3125 7.875
1532260993033110 -19.8125 15.4375 27.9375
1532260993107909 -60.3125 22.25 49.875
1532260993250529 -51.625 -14.875 38.25
1532260993288426 -42.125 -22.25 35.1875
1532260993310407 -56.4375 -33.875 18.25
1532260993340327 -56.3125 -29.4375 3.875
1532260993363266 -45.625 -36.375 6.8125
1532260993393186 -68.625 -29 9.25
1532260993535805 17.9375 34.875 25
1532260993625564 31.625 65 37.4375
1532260993685405 49.6875 79.25 53.8125
1532260993775164 81 79.25 32.25
1532260993828023 56.5625 38.5625 15.4375
1532260993880882 79.125 32.4375 2.5625
1532260993940722 83.875 25.0625 -3.5
1532260994008555 73.125 13 -10.1875
1532260994068380 45.25 -16 -8.3125
1532260994098300 14.6875 -18.3125 -2.75
1532260994158141 20.4375 -12.75 -0.0625
1532260994196039 5.5 -3.625 6.625
1532260994322702 3.125 -0.5625 1.1875
1532260994450358 -31.6875 -12.5625 6.125
1532260994540119 -35.625 -32.125 7.1875
1532260994600956 -74.75 -120.875 -1.3125
1532260994615916 -82.125 -127.125 -9
1532260994652818 -92.5625 -135.938 -0.375
1532260994682738 -99 -144.813 8.75
1532260994705679 -98.5625 -140.688 2.0625
1532260994780476 -83.625 -122.563 -12.625
1532260994818375 -66.9375 -103.813 -15.5625
1532260994893175 -15.25 11.3125 -14.625
1532260994930076 4.75 23.875 -8.8125
1532260995012855 4.1875 35 -2.9375
1532260995035793 4.75 36.4375 -1.3125
1532260995095634 16.375 40.875 19.75
1532260995178411 18.75 50.8125 55.375
1532260995193372 53.8125 52.5 43.0625
1532260995238253 81.8125 50.625 21.4375
1532260995268172 82.375 45.875 21.625
1532260995328012 84.125 31.8125 -1.875
1532260995455671 74.5 -30.3125 -15
1532260995598289 64.8125 -36.1875 -9.9375
1532260995658129 42.8125 -12.5 -11.25
1532260995717969 34.125 -10.3125 -27.375
1532260995747896 26.5 -14.75 -30.5625
1532260995770827 24.625 -22.25 -34.5625
1532260995890508 20.3125 -27.5 -40.8125
1532260995980268 12.5625 -42.0625 -53.625
1532260996092966 -31.375 -8.25 -40.4375
1532260996167766 -16.9375 -4.75 -24.625
1532260996258523 -2.0625 3.5 0.875
1532260996280465 -4.875 4.1875 24.375
1532260996467964 29.875 48.125 87.125
1532260996527804 31.0625 48.0625 87.5
1532260996587644 51.4375 54.4375 66.5625
1532260996617564 43.375 4.625 22.4375
1532260996700342 22.8125 -20.75 -0.6875
1532260996857921 1.125 -50.1875 -8.5625
1532260996940700 4.3125 -23.4375 -15.3125
1532260996977601 -5.8125 -55 13.625
1532260997023479 6.3125 -25.8125 0.0625
1532260997195020 -151.438 69.5 -39.1875
1532260997256854 -103.563 -9.875 10.3125
1532260997345617 -72.625 -40.6875 48.0625
1532260997383515 108.875 -86.9375 123.125
1532260997480256 122.063 -21.625 -65
1532260997548075 182.688 -6.125 -72.875
1532260997645814 -53.5625 49 -86.8125
1532260997697676 -113.688 11.5625 -1.6875
1532260997743561 -114.813 -52.6875 89.875
1532260997758513 -37.6875 -81.3125 96.6875
1532260997825334 44.75 -118.063 89.25
1532260997878193 181.625 -113.563 67.8125
1532260997900134 368.063 -66.5625 -32.6875
1532260997967952 141.938 38.625 -30.125
1532260997997873 202.688 32.25 -37.3125
1532260998148469 -73.875 57.75 -60.125
1532260998187366 -128.438 71.125 -58.4375
1532260998277126 20.0625 -92.3125 56.125
1532260998299068 86 -119.375 84.5625
1532260998380849 308.25 -43.8125 43.1875
1532260998545423 -129.688 22.4375 -31.125
1532260998822667 7.125 12 30.5625
1532260998846603 -97.8125 -45.6875 69.125
1532260998868545 -234.625 -9.5625 38.75
1532260998890485 -196.625 -9.75 20.25
1532260999056042 83.3125 10.75 -13.0625
1532260999100923 -8.6875 41.9375 -18.625
1532260999124865 -12.125 11.6875 -20.25
1532260999145809 25.75 15.375 -30.0625
1532260999266491 68.125 3.875 -38
1532260999325328 38.3125 -3.125 -37.0625
1532260999378187 7.625 -30.3125 3.75
1532260999415088 14.375 -18.4375 7
1532260999542748 11.6875 -17.4375 6.9375
1532260999798065 -118.875 146.5 -52.9375
1532260999963622 -138.875 82.625 -67.3125
1532261000068342 -108.563 50.25 -81.9375
1532261000189020 -10.5 -50.4375 -122.688
1532261000217941 -21.5625 -44.375 -112.563
1532261000330640 -9.5625 -40.625 -84.5
1532261000398459 -17.4375 -32.0625 -58.125
1532261000450321 9.4375 3.25 5.75
1532261000480240 8.25 6.625 11.375
1532261000503179 14.4375 3.125 11.8125
1532261000533099 15.4375 1.625 11.25
1532261000556038 12.5 0.4375 11.0625
1532261000577979 12.0625 -2.0625 10.375
1532261000623857 5.1875 -7.25 9
1532261000645798 3.8125 -10.9375 8.8125
1532261000667739 4.1875 -15.6875 7.375
1532261000728577 28.6875 -25.25 4.75
1532261000833296 63.5625 -40.4375 10
1532261001005835 156.5 -93.75 43.125
1532261001035755 62.875 -71.1875 40.0625
1532261001066682 45.5625 -50.4375 29
1532261001110554 65.1875 -44.3125 23.25
1532261001155435 66.3125 -39.5625 16.5625
1532261001223253 21.5625 -29.125 1.1875
1532261001275114 16.6875 -20.4375 1.875
1532261001290075 36.8125 -5.625 -0.8125
1532261001320992 41.625 4.1875 -3.25
1532261001357894 0.3125 -1 -4.0625

1532261001387814 15.5625 11.5 3.25
1532261001417734 -21.6875 -7.5 21.8125
1532261001440672 -30.4375 6 0.6875
1532261001463611 8.9375 14.0625 5.625
1532261001478570 14.125 2 9.375
1532261001500512 0.5 1.1875 -0.75
1532261001530432 12.0625 -10 4.8125
1532261001545392 18.875 -13.75 9.375
1532261001575313 28.6875 -12.375 11.125
1532261001620192 30.125 -8.875 12.6875
1532261001762811 30 -4.125 11.25
1532261001837611 13.5 0 4.1875
1532261002041067 -4.375 1.1875 2
1532261002177711 -1.9375 2.875 2
1532261002220586 -2.6875 3 1.375
1532261002250507 -2.5625 3.75 0.25
1532261002497913 -1.0625 0.8125 0.4375
1532261002587673 2.8125 -2.1875 1.5625
1532261002805092 1.5 0.6875 -1.25
1532261002887870 -2.625 0.5625 -1.75
1532261002977630 -1.4375 -1 -0.6875
1532261003009545 -0.375 -1 -0.6875
1532261003083347 0.8125 0.3125 -0.1875
1532261003150169 1.4375 1.3125 -1.4375
1532261003270846 5.9375 -3.75 2.6875
1532261003652846 -1.1875 -0.125 -3.0625
1532261003848324 0 -0.1875 -1.0625
1532261004014878 4 -4.5625 1.875
1532261004417848 -0.625 3.875 0.625
1532261004485685 -0.875 4.4375 1.375
1532261004515604 -1.1875 3.625 2.3125
1532261004560484 0.5 2.1875 3.3125
1532261004598383 -0.125 -0.3125 2.75
1532261004695124 -4 3.0625 -0.4375
1532261004897583 -1.75 -1.25 2.125
1532261004928500 3.0625 -1.75 2
1532261004997316 1.875 -0.375 2.0625
1532261005018261 1.375 0.375 2.125
1532261005093060 -1.75 1.1875 0.8125
1532261005169855 3.5625 -2.625 0.5
1532261005197780 7.5625 -6.25 -0.9375
1532261005227700 6.5 -7.75 -0.3125
1532261005272581 6 -8.4375 -0.625
1532261005318457 6 -7.875 -0.0625
1532261005438138 -3.0625 -1.625 1.625
1532261005497977 3.4375 -0.3125 0.5625
1532261005512938 8.625 -0.375 -0.625
1532261005617658 1.125 1.875 -0.4375
1532261005701433 3.4375 -1.0625 -2.8125
1532261005753294 -4.125 -0.625 0.375
1532261005858014 3.875 1.125 0.3125
1532261005947775 -0.4375 0.1875 -0.3125
1532261005992655 0.5 -0.8125 0
1532261006030553 -2.25 -1.6875 0.4375
1532261006098372 4.875 0.75 1.25
1532261006218052 1.625 0.625 0.0625
1532261006345711 0.8125 7.625 -7.875
1532261006367652 -10.1875 4.875 2.625
1532261006405551 -10.3125 -3.625 12.9375
1532261006458419 -15.5625 -2.4375 5.5
1532261006503289 -16.8125 -10 13.8125
1532261006585071 -20.375 -3.625 29.25
1532261006637929 23.4375 6.5 43.3125
1532261006660868 13.375 9.0625 38.0625
1532261006690788 7 13.4375 40
1532261006735668 19.6875 16.4375 39.9375
1532261006773567 -13.0625 25.6875 42.8125
1532261006826424 3.8125 43.25 45.3125
1532261006870307 -2.9375 52.9375 46.375
1532261006893247 -0.5625 56.375 43.375
1532261006923167 3.1875 55.25 39.625
1532261006960079 4.5625 48.75 41.875
1532261007057807 46.8125 48.4375 33.6875
1532261007095708 37.6875 48.5625 33.9375
1532261007178490 42.125 50.125 34.1875
1532261007223364 35.1875 44.875 22.9375
1532261007260265 46.875 46.625 30.5625
1532261007290185 59.75 50.3125 37.25
1532261007313123 64.0625 45.875 42.5
1532261007380942 34.5625 26.75 29.5625
1532261007417843 23.375 13.6875 25.1875
1532261007440782 19.75 10.3125 23.3125
1532261007477683 13.0625 5.1875 19.0625
1532261007515582 12.5625 -0.875 25.0625
1532261007545510 9.8125 0.6875 24.125
1532261007613321 22.5625 6.8125 10.6875
1532261007635262 14.9375 7.8125 5.5
1532261007658200 2.8125 8.625 1.6875
1532261007718040 -9.375 5.375 1.5625
1532261007733001 -10.5 2 2.25
1532261007778878 -12.5625 -9.5625 1.5625
1532261007807801 -16.125 -20.75 2.4375
1532261007868654 -39.3125 -49.3125 15.375
1532261007905548 -54.9375 -62.5625 15.875
1532261007936457 -59.1875 -73.9375 14.625
1532261007943437 -59.6875 -105.813 20
1532261007980340 -133.375 -135.188 13.625
1532261008003278 -121.938 -134.313 -2.5625
1532261008070100 -144.375 -135.188 -20.5625
1532261008101017 -150.438 -119.938 -37.125
1532261008122958 -129.125 -103.5 -50.6875
1532261008182798 -100.813 -78.4375 -61.4375
1532261008212718 -100.375 -65.125 -53.75
1532261008227678 -70.5625 -50.4375 -48.125
1532261008304472 -19.75 -13.4375 -21.1875
1532261008333397 -13.875 -1.625 -11.5625
1532261008438116 5.5 33.875 -1.875
1532261008512915 23.75 50.1875 36.0625
1532261008559789 36.5625 48.125 38.5625
1532261008625614 70.375 55.3125 30.0625
1532261008648553 67.6875 58.25 19.9375
1532261008693432 79.6875 54.8125 -6.75
1532261008805138 81.8125 19.125 -28.25
1532261008845027 74.75 6.25 -22.5
1532261008887913 60.5625 -7.3125 -24.5
1532261008910851 56.625 -17.875 -29.25
1532261009038510 22 -21.9375 3.5
1532261009120291 27.4375 -6.3125 -13.375
1532261009158190 25.0625 -10.875 -16.875
1532261009322749 26 -26.6875 -36.5
1532261009443428 -45.8125 -67.25 -115.5
1532261009601005 -25.125 -5.5 -17.6875
1532261009669822 -11.0625 4.875 3
1532261009780526 -18.3125 8.9375 9.6875
1532261009982984 119 44.5 82.75
1532261010088702 103.125 44 80.25
1532261010290163 28.875 -3.3125 -5.4375
1532261010365960 -34 -2.6875 -7.3125
1532261010410840 -3.75 -8.0625 -0.9375
1532261010447742 -41.625 -19.375 58.8125
1532261010613298 43.8125 -34.1875 26.5625
1532261010643219 -105.313 -38.3125 -19.75
1532261010852659 -24.3125 42.75 -83.9375
1532261010913496 -80.6875 31.5 -105.438
1532261010958375 -40.25 -19.25 64.1875
1532261011303454 -35.6875 31.3125 -54.4375
1532261011358307 35.875 -29.1875 79.9375
1532261011400194 67.8125 -40.9375 151.563
1532261011497933 92.5625 -61.5 170.563
1532261011597667 -115.5 -11.4375 18.25
1532261011611629 -176.125 -33.125 26.625
1532261011700392 38.4375 2.6875 -107.688
1532261011745272 -45.5 27.4375 -96.9375
1532261011962691 33.125 -58.875 129.25
1532261012353645 -13.375 49.375 -45.3125
1532261012377581 -14.875 40.875 -39.125
1532261012645863 -0.5625 -29.5625 -9.4375
1532261012690743 16.0625 -24.8125 8.4375
1532261012900183 -6.9375 31.5625 -16.5625
1532261013050780 -180.688 138.063 -71.125
1532261013253239 -58.0625 -11.9375 -145.625
1532261013305101 -25.25 -41 -145.938
1532261013365938 -21.1875 -61.6875 -123.5
1532261013410818 11.75 -59.875 -101.625
1532261013455697 4.875 -44.6875 -84.75
1532261013530498 -0.5625 -11.875 -14.3125
1532261013583357 7.875 3.125 -3.5625
1532261013628237 12.25 2.125 3.75
1532261013665138 10.4375 4.75 10.6875
1532261013711015 4.875 1.75 17.5625
1532261013741932 26.5 -1.625 14.25
1532261013770855 44.4375 -11.0625 12.8125
1532261013800791 57.5 -20.75 14.4375
1532261013822717 89.6875 -37.125 16.875
1532261013830695 115 -45.6875 26
1532261013898514 140.188 -60.125 41.5625
1532261013920455 153.438 -76.25 34.25
1532261013995255 169 -118.625 59.9375
1532261014056093 57.8125 -64.125 19.375
1532261014086012 68.5625 -51.6875 20.8125
1532261014130892 27.3125 -28.9375 24.125
1532261014160812 8.625 -19.6875 11.3125
1532261014182754 22.125 -16.375 12.6875
1532261014243598 17.5 -9.75 11.5
1532261014265532 9.3125 -6.875 11.8125
1532261014288477 9.125 -5.1875 9.3125
1532261014303431 14.75 -6.75 7.6875
1532261014318391 16 -13.0625 4.9375
1532261014385212 23 -11.0625 -6.75

1532261014431090 45.875 -0.6875 -2.6875
1532261014483362 20.6875 42.1875 18.875
1532261014505306 -83.125 -10.25 -4.25
1532261014543202 7.125 2.8125 1.625
1532261014595079 13.875 0.375 -1.75
1532261014640956 28.5625 -8.4375 9.9375
1532261014662898 26.1875 -4.5625 13.25
1532261014707777 20.8125 2 7.8125
1532261014760636 4.4375 -0.375 1.75
1532261014828455 -8.9375 3.1875 -0.625
1532261014882317 -10.4375 6 -2.875
1532261014918221 -10.1875 6.375 -1.1875
1532261014933181 -6 5.3125 -1.6875
1532261014948141 -2.9375 4.375 -1.0625
1532261015007981 -2.9375 2.25 -0.375
1532261015030919 -2.375 1.0625 0.4375
1532261015060839 0.0625 -0.0625 -0.625
1532261015105719 0.5 -1.0625 -0.5
1532261015127661 2.75 -2.4375 -0.75
1532261015173553 -0.0625 -3.625 0.6875
1532261015225414 3.875 -1.5625 -0.4375
1532261015248353 2 -0.6875 -0.875
1532261015285254 1.5 -0.4375 -0.125
1532261015338118 1.375 -1.125 0
1532261015405932 -1.375 0.5 -1.875
1532261015435852 0.875 -1 0.5625
1532261015472752 0.125 -0.5 -0.9375
1532261015495692 -2 -1.1875 -0.6875
1532261015570492 3.1875 -2.25 1.5
1532261015593430 4.8125 -1.0625 1.1875
1532261015630356 9 -1.1875 1.875
1532261015653294 -0.3125 -1.25 1.0625
1532261015675235 10.25 -1.5625 0.3125
1532261015705155 14.875 -0.5625 -5
1532261015751032 22 2.125 0.125
1532261015840835 11.1875 7.5 10.5625
1532261015847816 5.4375 1.5 -11.75
1532261015892695 -15.25 -0.25 8.3125
1532261015960514 -14.6875 -6.5 2.8125
1532261015975475 -14.75 -10.5625 9.75
1532261016005403 -18.4375 -12.375 17.5
1532261016050275 -8 -13.375 25.5
1532261016073229 1.8125 -8.5 36.1875
1532261016103134 22.3125 1 52.25
1532261016125075 12.875 9.6875 64.625
1532261016193891 38.1875 17.5 81.6875
1532261016237773 -4.625 23 81.4375
1532261016275672 -19 23.5625 78.0625
1532261016291629 -24.1875 21.8125 71.1875
1532261016335512 9.0625 18.25 55.875
1532261016358451 26.1875 21.1875 54.375
1532261016380392 40 27.125 51.1875
1532261016418291 42.4375 34.0625 50.1875
1532261016560909 46.3125 70.375 18.6875
1532261016650669 63.3125 56.0625 18.6875
1532261016703528 70.1875 45.3125 21.3125
1532261016748408 74.5625 32.25 15.8125
1532261016847144 25.9375 7.375 15.6875
1532261016980787 33.1875 0.5 15.625
1532261017017688 24.0625 -2.5625 19.1875
1532261017070546 -7.375 6.3125 6.5
1532261017124403 -5.5 12.25 1.9375
1532261017168285 -27.375 6.8125 2.6875
1532261017183244 -30.5625 -1 2.9375
1532261017213165 -33.0625 -20.875 10.1875
1532261017250066 -39 -39.375 18.25
1532261017295943 -64.5 -70.625 23.75
1532261017438577 -130 -139.563 -2.375
1532261017483442 -111.688 -128.438 -11.9375
1532261017595144 -89.9375 -87.0625 -32.3125
1532261017655994 -3.125 0.4375 -12.3125
1532261017722803 9.5 26.5625 -8.875
1532261017797602 43.1875 49.625 -3.3125
1532261017970141 88.875 55.6875 -37.375
1532261018000061 106.688 52.0625 -39.9375
1532261018030978 116.5 43.5625 -49.4375
1532261018090831 112.875 33.8125 -49.375
1532261018271335 24.5 -37.4375 -5.5625
1532261018323196 9 -23 1.5625
1532261018384033 14.875 -9.3125 -3
1532261018487757 -0.625 -1.25 -9.3125
1532261018615415 -10.5 -33.1875 -59.125
1532261018743075 -7.5625 -41.1875 -74.375
1532261018847794 -41.625 -24.9375 -31.625
1532261018983431 4.875 -20.9375 -24.875
1532261019156968 -9.5 24.75 77.75
1532261019237751 87.125 59.875 123.938
1532261019290626 100.875 53.375 101.938
1532261019306567 102.375 58.3125 89.625
1532261019328508 154.625 11.0625 75.75
1532261019380370 33.4375 -16.5625 29.1875
1532261019567868 -28.3125 -13 -5.75
1532261019680567 -57.375 -77.875 -20.3125
1532261019802242 0.4375 -85.1875 -28.125
1532261019891004 94.4375 28.4375 -22.25
1532261019927906 4.4375 9.4375 -36.9375
1532261019957826 -14.875 8.625 -29.125
1532261020070524 -41.375 6 -26.875
1532261020115405 -109.688 16.875 -6.1875
1532261020138359 -97.625 -42.9375 40.1875
1532261020154301 -28.6875 -71.9375 56.625
1532261020228103 366.688 -36.8125 6.0625
1532261020266001 231.375 -23.625 24.75
1532261020355761 -18.875 20.9375 -21.25
1532261020468460 -41.1875 59.4375 -71.5
1532261020520322 -77.75 65.25 -59.3125
1532261020603100 -57 28.6875 -5.25
1532261020730758 34.375 -1.0625 -57.875
1532261020760678 -60.3125 -67.1875 8.375
1532261020798578 -129.25 -48.75 27.0625
1532261020820519 -100.625 -13.125 -1.625
1532261020979094 93.375 23.8125 -58.125
1532261021090796 -2.3125 -21.9375 48.9375
1532261021135676 46.1875 -34 86.5
1532261021397975 -4.0625 18.25 11.9375
1532261021472775 35.625 34.0625 1.875
1532261021548572 -12.4375 10.1875 -23.0625
1532261021570513 -14.6875 2 -20.625
1532261021675232 1.3125 0.1875 -33.8125
1532261021744049 3.0625 -1.25 -36.75
1532261021780950 -4.6875 -1 -36.625
1532261021885670 2.8125 -17.0625 5.1875
1532261021907611 -6.5625 -17.1875 6.5
1532261022096107 5.75 7 -0.1875
1532261022133009 -59.5625 72.3125 -43
1532261022267648 -96.625 112.688 -68.9375
1532261022365387 -111.063 124.25 -81.5625
1532261022457142 -127.375 66.5625 -102.75
1532261022658604 -68.75 -33.0625 -121.25
1532261022740385 -18.6875 -27.1875 -72.1875
1532261022927883 1.375 -0.1875 -6.5625
1532261022996706 10.4375 6.375 12.3125
1532261023063521 4.125 5.4375 13.125
1532261023251019 75 -44 23.25
1532261023362721 154.063 -72.5625 41.3125
1532261023408608 150.063 -90.375 56.0625
1532261023498358 146.813 -103 43.5625
1532261023535259 112.625 -83.4375 33.5625
1532261023550219 54.8125 -55.5625 23.625
1532261023662918 -2.125 -25.125 16.5625
1532261023745696 27.0625 -2.5625 18.4375
1532261023798558 23.875 -5.8125 7.875
1532261023843435 37.5625 1.125 4.3125
