1532264728705866 2.9375 2.1875 -1.875
1532264728727808 2.8125 3.125 1.5
1532264728780667 4.875 3.375 1.3125
1532264728825547 2.875 3 0.0625
1532264728863446 -2.6875 -0.1875 -3.8125
1532264728885387 -9.5 -0.125 -4.75
1532264728923285 -13.875 1.125 -6
1532264728945227 -15.0625 2.375 -8.125
1532264728961184 -15.375 2.1875 -9.75
1532264729021023 -7.375 -0.5 -5
1532264729057925 -8.375 -0.125 -7.375
1532264729080864 -9.5 -0.5625 -5.9375
1532264729132726 -2.0625 -0.8125 -4.375
1532264729155664 1.5 -0.25 -2.625
1532264729207525 3.9375 1.9375 -3.375
1532264729260384 -3.375 1.5 -2.75
1532264729358123 9.125 13.5 -9.375
1532264729396021 25.6875 62.125 -3
1532264729440903 16.375 144.25 -10.625
1532264729477802 -7 190.188 -27.625
1532264729537643 -45.1875 249 -32
1532264729590502 -40.1875 261.875 -36.0625
1532264729778000 -32.1875 211.75 -43.5
1532264729800938 -19.3125 160.375 -37.75
1532264729830859 1.6875 103.188 -28.8125
1532264729867759 4.1875 85.8125 -21.3125
1532264729913638 6.1875 67.625 -19.125
1532264729942559 6.25 39.4375 -7.1875
1532264729965499 6.3125 32.25 -9
1532264729995419 5.4375 18 -0.125
1532264730033317 15.3125 8.3125 -0.5625
1532264730055259 16.375 7.4375 4.875
1532264730085179 13.5625 3.6875 9.9375
1532264730146015 5.1875 0.375 9.125
1532264730190898 17.8125 -2.5625 8.75
1532264730212837 11.6875 0.1875 6.8125
1532264730302597 -0.9375 -7.625 0.125
1532264730318555 -3.3125 -8.3125 -1.75
1532264730408315 9.6875 -2.375 0.375
1532264730438234 -0.8125 -3.0625 0.625
1532264730513035 -0.25 -2.125 0.875
1532264730527994 -1.875 -6.0625 4.75
1532264730587834 -20 -35.1875 -8.125
1532264730602795 -42.4375 -49.125 -12.75
1532264730625733 -71.3125 -78.8125 -16.25
1532264730640693 -83 -98.0625 -25.125
1532264730677594 -84.625 -113.063 -37.6875
1532264730700533 -59.5 -104.313 -28.0625
1532264730723472 -29.625 -87.375 -1
1532264730745413 17.5625 -108.25 22.1875
1532264730775333 31.8125 -125.563 11.4375
1532264730798278 33.75 -140.625 -0.1875
1532264730835180 15.3125 -155.938 2.625
1532264730909980 -9.625 -193.625 12.25
1532264730962838 91.6875 -248.688 5.9375
1532264730979806 80.25 -235.313 24.3125
1532264731007718 58.0625 -229.75 43.3125
1532264731038635 40.5625 -219.313 53.4375
1532264731067558 72.5 -182.125 26.5625
1532264731113435 65.8125 -142.125 57.9375
1532264731135377 19.5 -119 50.6875
1532264731150337 24.0625 -105.313 18.6875
1532264731165297 41.8125 -95.625 22.125
1532264731225137 4 -47 21.1875
1532264731240097 11.625 -29.5 10.4375
1532264731263036 19.9375 -20.75 6.0625
1532264731292955 18.1875 -18.375 1.5625
1532264731315894 14 -15.625 7.375
1532264731352795 -2.25 8.6875 7.8125
1532264731382716 8.6875 11.375 6.125
1532264731420614 10.9375 -14.375 -0.375
1532264731457528 -9.3125 -14.1875 -2.875
1532264731473481 -20.25 -9 -4.25
1532264731488433 -21.875 -6.25 -4.125
1532264731503393 -15.0625 -4.875 -4.0625
1532264731533313 -11.4375 -3.6875 -2.6875
1532264731555254 -14.4375 -2.75 -2.5
1532264731585174 -14.1875 6.875 -2.5
1532264731600134 -12.875 15.5 -1.8125
1532264731631056 -17.1875 24 -4.0625
1532264731660975 -14.4375 34.125 -0.4375
1532264731720811 1.375 88.5625 2.875
1532264731795611 -17.5625 131.438 3.5625
1532264731825531 -7.6875 141.75 -19
1532264731848470 -15.625 147 -29.8125
1532264731870411 -33.5 146.125 -34.5
1532264731923270 -50.625 144.5 -56.9375
1532264731968150 -77.125 137.938 -74.25
1532264732035968 -110.188 142.813 -66.0625
1532264732095808 -88.375 73.9375 -65.4375
1532264732147670 -96.875 52.75 -55.875
1532264732162630 -95.5 39.625 -43.375
1532264732200528 -10.375 -4.25 -42.875
1532264732260369 -0.25 -13 -25.125
1532264732298267 -2.6875 -18.0625 -23.375
1532264732328187 16.125 -11.375 -8.25
1532264732350128 4.375 -11.5625 -7.125
1532264732396006 -3.25 -10.9375 -9.5625
1532264732440901 4.3125 -10.25 -9.25
1532264732500726 2.4375 -10.875 -5.375
1532264732552587 -3 -9.75 -8.8125
1532264732590485 -34.0625 7.6875 -15.125
1532264732643369 -122.063 51 -15.6875
1532264732712160 -164.313 58.75 -9.8125
1532264732740086 -171.375 59.375 -10.5625
1532264732777984 -177.313 52.875 9
1532264732815883 -198.438 33.375 37.75
1532264732830843 -183.875 25.0625 47
1532264732867744 -160.5 10.8125 57.375
1532264732897664 -131.625 11.4375 59.3125
1532264732920604 -104.75 14.8125 50.3125
1532264732958518 -61.4375 15.3125 35.125
1532264732973462 -60.625 8.4375 32.375
1532264733010363 -37.0625 4.5 12.9375
1532264733033302 -18.125 1.5 2.875
1532264733055243 -11.375 -8.375 3.875
1532264733093141 -16.75 -13.5625 5.4375
1532264733130043 -0.75 -11.6875 5.0625
1532264733145999 8.75 -11.0625 3.875
1532264733175920 2.8125 -13.875 4.375
1532264733205840 9.3125 -10.8125 -1.5625
1532264733310561 4.125 -11.8125 -5.6875
1532264733348459 5.8125 -9.5 -4.625
1532264733378379 2.8125 -11.75 0.4375
1532264733393339 -2.25 -12.6875 4
1532264733430240 -17.8125 -5.625 9.75
1532264733475120 6.375 -1.25 12.6875
1532264733520998 21 -2.8125 -3.5
1532264733542939 32.1875 -4.6875 -10.3125
1532264733580844 41.75 -7.4375 -37.875
1532264733602817 61.5625 -3.625 -46.5625
1532264733633735 93.625 -15.75 -51.375
1532264733655676 120.25 -32.9375 -61.6875
1532264733692577 115.188 -56.125 -98.75
1532264733730476 99.0625 -57.9375 -83.875
1532264733760396 143.563 -104.313 -57.125
1532264733828215 129 -107.125 -34.25
1532264733903014 121.938 -116.875 -6.5
1532264733940916 132.688 -116.563 19.0625
1532264733977814 132 -101.813 23.6875
1532264734015713 79.0625 -86 48.25
1532264734030673 96.5 -62.1875 28.8125
1532264734045633 80 -64.0625 18.25
1532264734105473 16.0625 -27.4375 -16.5
1532264734165313 3.6875 -2.6875 -16.0625
1532264734180272 -5.4375 2.8125 -15.375
1532264734255073 -19.5625 30.4375 -3.8125
1532264734278012 -21.75 41.875 7.6875
1532264734330870 26.25 140.063 88.125
1532264734367771 47.5625 163.5 124.5
1532264734405670 19.9375 161.688 198.625
1532264734435590 43.125 154.813 210.5
1532264734488458 116.063 144.5 200.875
1532264734525350 89.5625 116.563 201
1532264734593169 79.25 97.25 203.938
1532264734712849 48.625 38.6875 195
1532264734765707 28.375 -61.125 163.625
1532264734848486 1.8125 -146.25 141.813
1532264734900347 18.75 -190.375 108.125
1532264734923286 15.9375 -179.875 105.375
1532264734938246 3.875 -112.375 71.75
1532264734975147 10 -87.4375 55.25
1532264734998086 19.375 -48.375 32.4375
1532264735238443 0.125 7.5 -12.0625
1532264735492763 -18.1875 -9.4375 1
1532264735537643 -33.9375 -17.4375 4.0625
1532264735590502 -96.8125 -32.6875 6
1532264735643360 -161.688 -64.125 0.5625
1532264735703200 -109.625 -105.75 -71.5
1532264735755068 -45.75 -129.938 -91.8125
1532264735822886 -122.438 -107.063 -116.813
1532264735837846 -107.5 -103 -127.125
1532264735875745 -99.4375 -78.375 -115.875
1532264735905665 -82.5625 -59.3125 -93.3125
1532264735927607 -71.9375 -52.5625 -89.6875
1532264735950546 -56.5625 -50.8125 -90.5
1532264736025346 18.375 -14.0625 -30.4375
1532264736042300 25.625 -11.375 -31.3125
1532264736085185 5.25 -26.3125 0.4375
1532264736102140 -10.4375 -33.3125 -1.5625
1532264736146022 -23.3125 -37.6875 -10.5
1532264736205863 -79.625 -44.1875 -17.5625

1532264736235887 -88.25 -37.0625 -18.0625
1532264736265609 -48.875 -9.5 -18.5
1532264736310489 -9.5 -12.125 -4.3125
1532264736333428 -18 -13.4375 -0.3125
1532264736378307 -20.75 -9 -1.9375
1532264736409225 -13.125 -3.4375 -2.5625
1532264736445128 14 0.3125 0.5
1532264736476046 8.4375 0.8125 3.4375
1532264736497987 5.9375 0.9375 2.1875
1532264736520871 3.4375 0.8125 0.5
1532264736550786 0.4375 -0.375 0.625
1532264736602648 -4.1875 -0.625 1.1875
1532264736648525 -1 -1.375 1.125
1532264736700387 0.5625 -2.5625 1.25
1532264736723325 0.3125 -2.5625 1.25
1532264736760227 -1.375 -2.8125 -0.3125
1532264736783166 -3.3125 -2.5625 -0.6875
1532264736805107 -4.4375 -2.4375 -0.75
1532264736865944 -2.5 -1.375 -0.125
1532264736880904 -0.0625 -0.125 -0.875
1532264736925784 2.3125 1.4375 1.25
1532264736940745 4.5 2.1875 2.3125
1532264737008563 9.8125 2.75 2.8125
1532264737030504 9.625 2 0.6875
1532264737068402 0.125 -4.1875 -4.75
1532264737083362 -2 -4.375 -6.0625
1532264737128242 -7.1875 -7.375 -7.625
1532264737150184 -20 -5.5 -7.6875
1532264737165144 -14.9375 -5.6875 -10.3125
1532264737211021 -24.1875 -1.875 -11.375
1532264737240947 -37.5 0 -13.3125
1532264737255902 -39.25 0.1875 -14.3125
1532264737307762 1.75 2.75 -0.8125
1532264737330701 6.625 4.8125 4.1875
1532264737345661 11.125 4.6875 7
1532264737360652 13.3125 3.9375 6.5625
1532264737382562 11.1875 3.125 4.125
1532264737413496 5.5625 1.4375 3.375
1532264737428440 1.9375 1.1875 3.9375
1532264737443399 0.125 2.9375 2.875
1532264737480301 6.125 4.25 2.1875
1532264737510222 5.1875 3.125 1.375
1532264737563080 -0.125 0.3125 2
1532264737578040 -4.3125 1 1.875
1532264737630899 2.8125 2.5625 3.875
1532264737697720 10.625 4.75 6.8125
1532264737773527 11.4375 9.4375 -3.8125
1532264737803437 29.3125 33.4375 -17.3125
1532264737825378 65.25 106.563 -3.1875
1532264737900178 8.0625 155 -48.5
1532264737930133 -18.9375 181.813 -66
1532264737953048 -66.3125 235.563 -53.125
1532264737982956 -41.75 289.813 -62.9375
1532264738027837 -37 294.625 -58.875
1532264738042797 -51 290.313 -56.25
1532264738065735 -58.3125 279.688 -54.375
1532264738087677 -47.75 244.438 -40.9375
1532264738102637 -45.125 220.188 -34.1875
1532264738147517 -41.5625 201 -29.4375
1532264738178433 -28.8125 178.125 -28.75
1532264738208354 -3.4375 158.625 -32
1532264738253234 15.75 119.75 -27.9375
1532264738342994 19.75 66.75 -17.625
1532264738635213 39 0.1875 30.5625
1532264738688071 3.4375 -11.8125 -2.875
1532264738740930 -10.25 -5.8125 -1.5
1532264738882551 -14 -11.8125 -2.375
1532264738935410 -69.1875 -70.25 -1.0625
1532264738973308 -70.8125 -79.3125 1.625
1532264739010210 -90.4375 -91.375 5.0625
1532264739033148 -99.0625 -93.875 9.625
1532264739070050 -77.625 -90.5 6.3125
1532264739122908 -19.3125 -107.5 4.125
1532264739190727 -19.375 -118 11.375
1532264739310407 61.5 -189.313 19
1532264739355287 26.1875 -170 27.8125
1532264739400167 43.0625 -146.25 9.1875
1532264739430095 16.375 -112.563 22.8125
1532264739453026 1.1875 -101.875 22.9375
1532264739512866 23.625 -87.1875 6.3125
1532264739550764 5.5625 -65.5625 5.875
1532264739580684 16.25 -49.25 -0.75
1532264739625564 25 -46.75 -3.4375
1532264739655484 22.875 -39.75 -2.25
1532264739678437 9 -29.4375 -5.0625
1532264739708343 8.125 -27.9375 -8
1532264739723303 3.875 -24.5625 -9.9375
1532264739783143 -9.9375 -17.625 -9.25
1532264739805084 -12 -16.75 -11.4375
1532264739850962 -29.625 -8.3125 -2.6875
1532264739880882 -25.6875 -3.4375 0.5625
1532264739895857 -14.1875 1.875 1.6875
1532264739917783 3.1875 6.3125 4.5
1532264739955682 -6.125 18.8125 10.3125
1532264739970642 -16.9375 31.3125 14.9375
1532264740015522 -4.3125 70.9375 8.0625
1532264740030482 10.3125 89 -2.875
1532264740045442 20.5625 109.438 -13.5625
1532264740083340 -19.1875 133.688 -11.5625
1532264740128220 -56.3125 144.5 -16.5
1532264740150162 -84.125 155.5 -33.4375
1532264740173100 -87.4375 162 -49.5
1532264740270838 -68.75 154.188 -52.4375
1532264740360599 -67.375 125.5 -48.5
1532264740465318 -41.8125 51.4375 -48.4375
1532264740503217 -18.5 17.875 -40.625
1532264740525159 -9.625 -5.5 -18.6875
1532264740615916 18.3125 -9.25 -9.4375
1532264740630883 -0.1875 -6 -3.5625
1532264740652817 -2 -5.625 -4.3125
1532264740682737 -50.5625 2.3125 -34.875
1532264740773495 -102.688 57.5625 -38.6875
1532264740825355 -198.188 76.0625 -37.6875
1532264740863254 -153.375 71.6875 -24.6875
1532264740878215 -133.813 78.75 -5.5625
1532264740946033 -165.125 75.25 49.875
1532264740967974 -207.938 61.8125 55.875
1532264741021830 -197.125 43.3125 77.0625
1532264741035793 -146.75 46.375 62.4375
1532264741072695 -105.875 22.9375 40.75
1532264741155473 -38.875 5.375 4
1532264741290112 -4 -9.8125 5.125
1532264741328012 4.125 -9.5625 14.25
1532264741380870 8.625 -16.625 13.1875
1532264741410791 -15 -11.5625 39.8125
1532264741455670 -12.5 -11.0625 19.8125
1532264741477612 7.5 -19.1875 19.25
1532264741523489 25.5625 -43.125 -14.25
1532264741545431 57.75 -58.8125 -40.1875
1532264741598289 70.0625 -92.75 -57.9375
1532264741620246 84.0625 -121.813 -56.1875
1532264741643169 125.625 -137.813 -74.3125
1532264741710995 104.125 -139.438 -70.5625
1532264741777808 102.375 -113.25 -41.125
1532264741830668 106.75 -105.563 -52.5
1532264741852609 93.0625 -67.3125 -29.25
1532264741898486 19.875 -18.875 -9.8125
1532264741950348 6.4375 -6.9375 -18.3125
1532264741973286 0.875 -2.125 -11.6875
1532264742078007 -30.4375 39.875 13.875
1532264742182726 93.5 176.25 181.625
1532264742197686 104.938 171.938 189.875
1532264742242575 141.375 159.813 191.688
1532264742265505 151.75 147.938 194.25
1532264742355265 166.563 106.875 164.625
1532264742408124 135.125 78.0625 130.938
1532264742475942 57.0625 -129.375 109.063
1532264742580662 47.4375 -148.625 93.5625
1532264742633520 61.9375 -141.313 83.875
1532264742760182 49.9375 -97.0625 43.4375
1532264742814038 -2.0625 -18 19.6875
1532264742910779 -12.75 30.9375 -11.0625
1532264742985579 -10.5625 26.3125 -16.9375
1532264743090317 -5.4375 17.6875 -12.0625
1532264743120219 -13.3125 -2.625 -1
1532264743165099 -86.875 -42.5 0.25
1532264743188038 -137.125 -76.9375 -14.1875
1532264743217958 -160.938 -101.75 -60.6875
1532264743262837 -74.875 -108.813 -79.125
1532264743277798 -57.75 -115.563 -85.5
1532264743322678 -106.688 -141.875 -85.1875
1532264743352598 -122.375 -162.313 -53.1875
1532264743375536 -92.125 -155.438 -51.5
1532264743390497 -72.625 -163.625 -83.0625
1532264743420416 -38 -171.375 -104.938
1532264743443355 1.625 -163.313 -82.875
1532264743458315 22.5 -152.063 -51.9375
1532264743473275 11.75 -136.125 -33.1875
1532264743533115 53.8125 -89.375 -37.3125
1532264743571021 21.125 -64.1875 -24.1875
1532264743600933 -20.375 -14.5 8.375
1532264743622882 -24.625 21.5 22.125
1532264743637835 52.1875 29.875 15.875

1532264743660773 100.375 17.5625 14.0625
1532264743690694 85.8125 2.375 5.1875
1532264743712635 37.375 -6.25 -1.25
1532264743803392 -66.25 -12.6875 -5.1875
1532264743819350 -44.75 -12 -11.8125
1532264743848279 -25 -6.25 -11.3125
1532264743902136 -24.1875 -4.6875 -5
1532264743917095 -15.8125 -3.9375 -2.75
1532264743952999 4.8125 3.25 2.125
1532264743983916 7.375 3.9375 2.0625
1532264743997879 11.25 3.8125 2
1532264744042759 13.125 6.5 4.3125
1532264744057736 16.875 7.1875 4.5
1532264744080657 19.75 7 3.8125
1532264744102598 19.875 6.25 2.75
1532264744125568 15.5625 4.625 1.1875
1532264744140538 10 3.4375 -1.5
1532264744155488 4.125 2 -4.375
1532264744185408 -2.875 0.4375 -6.1875
1532264744200368 -9.1875 -0.75 -8.0625
1532264744245248 -20.375 -1.8125 -12.875
1532264744275169 -26.0625 -2.9375 -13.25
1532264744305088 -28.1875 -4.125 -11.125
1532264744328027 -26.8125 -4 -8.75
1532264744342987 -20.6875 -3.1875 -5.5625
1532264744372907 -8.5 -3.25 -0.5
1532264744410805 -1.1875 -1.75 3.3125
1532264744440726 3.375 -0.875 4.625
1532264744455686 10.25 -0.6875 5.125
1532264744500566 15.8125 0.0625 9.0625
1532264744545445 18.5625 -0.625 8.3125
1532264744560405 18.0625 -1.0625 6.1875
1532264744598305 5.875 -1.875 0.8125
1532264744628235 -2.6875 -4 -0.9375
1532264744680086 -4.875 -3.25 -0.8125
1532264744717983 -2.6875 -2.25 -0.75
1532264744740943 -0.6875 -2.0625 1.125
1532264744777824 1.3125 -1.375 0.5
1532264744792784 1.9375 -0.125 -0.9375
1532264744815723 1.1875 0.5625 1.0625
1532264744837664 0.5625 0.5625 2.125
1532264744852624 2.125 0.9375 2.3125
1532264744913461 3.8125 1.1875 0.25
1532264744928421 0.3125 1.75 -1.125
1532264744943382 -6.75 2.25 -3.5625
1532264744988261 39 45.5625 -6.0625
1532264745003221 45.375 70.875 -2.4375
1532264745063061 21.6875 122.313 3.375
1532264745078022 21.9375 161.5 5.8125
1532264745122901 32.5 229.25 -32.9375
1532264745167781 -25.5 264.438 -44.1875
1532264745182741 -46.875 275.5 -48.25
1532264745197701 -47.75 281.125 -45.5
1532264745265520 -32.875 278.75 -39.3125
1532264745303418 -13.5625 267.25 -45.4375
1532264745355293 0.3125 249 -53
1532264745393179 22.8125 134.938 -66.0625
1532264745408139 43.375 109.625 -62.875
1532264745430080 40.375 69.1875 -40.4375
1532264745467982 24.1875 48.1875 -29.8125
1532264745513856 -0.0625 15.3125 -13.4375
1532264745542779 17 11.75 -9.125
1532264745565717 34.625 10.5 -4.5625
1532264745580677 34.125 10.5 12.25
1532264745625557 -1.1875 -4.6875 10.75
1532264745663456 -2.5 -9.3125 4.9375
1532264745693376 -12.8125 -9.6875 5.8125
1532264745730277 -18.625 -11.625 11.375
1532264745745237 -10.0625 -11.6875 8.25
1532264745813056 14.625 -7.4375 5
1532264745842976 1.375 -6.25 7
1532264745872896 20.375 1.1875 -13.5625
1532264745925754 1.4375 1.5625 -5.3125
1532264745955674 -6.75 -0.6875 1.5
1532264745977616 17.5 -3.875 -2.25
1532264746008533 14.3125 -3.75 -0.5625
1532264746030475 -5.0625 -3.3125 -1.1875
1532264746068372 -0.375 -3.4375 -1.625
1532264746098293 5.0625 -2.1875 -1.5625
1532264746135195 -0.125 -2.625 -0.1875
1532264746150160 0.125 -3.6875 1.1875
1532264746180074 -0.4375 -2.3125 1.9375
1532264746225952 -0.8125 -1.25 0.5625
1532264746240912 0.625 -1.625 0.25
1532264746285792 0.625 -1.4375 0.625
1532264746315711 -8.3125 2.8125 -3.125
1532264746368580 -11.5625 15.0625 -11.8125
1532264746398491 -19.75 17.125 -15.5625
1532264746420431 -17.125 25.25 -21.25
1532264746443370 -13.1875 29.5 -23.625
1532264746473290 -19.3125 38.75 -26.6875
1532264746503210 -16.1875 39.125 -26.875
1532264746548090 -14.375 23.125 -13.375
1532264746570031 -6.0625 14.125 -5.625
1532264746585989 -3.6875 1.625 -0.375
1532264746607945 -1.625 -12.9375 6.125
1532264746622890 -4.625 -26 11.25
1532264746667770 -26.625 -48.6875 12.6875
1532264746690724 -41.5625 -53.25 12.75
1532264746705669 -51.9375 -62.6875 8.25
1532264746742571 -62.25 -82.0625 1.5
1532264746780469 -71.125 -105.875 -2.625
1532264746818367 -41.125 -136.25 7.625
1532264746901146 -23.375 -177.313 28.75
1532264746953007 37 -243.875 14.5625
1532264746967967 48.6875 -252.5 17.5625
1532264747020826 35.5 -251.438 27.3125
1532264747035787 34.5625 -238.375 32.5625
1532264747095626 105.625 -152.75 18.5625
1532264747148485 20.125 -84.4375 18.75
1532264747164442 8.5625 -74 14.6875
1532264747223299 20.8125 -38.9375 6.0625
1532264747268165 10.875 -25.9375 2.8125
1532264747298085 1.5 -27.1875 2.625
1532264747372895 1.5 -18.75 -1.25
1532264747395823 -1.8125 -10.8125 -2.1875
1532264747447685 -0.5625 -2.625 -2.9375
1532264747477605 1.3125 -4.375 -2.4375
1532264747485583 5.25 -6.0625 -1.0625
1532264747523498 -11.9375 -3.1875 -4.375
1532264747560383 -36.5625 5.125 -5.6875
1532264747583322 -60.3125 13 -0.25
1532264747665103 -1.6875 92.625 20.0625
1532264747762842 -56.0625 143.25 -17.9375
1532264747785781 -52 143.563 -30.3125
1532264747867562 -89.625 81.25 -50.8125
1532264747950340 4.4375 88.6875 -42.6875
1532264748018159 -47.5 135.938 35.875
1532264748064037 -11.1875 158.75 34.8125
1532264748077999 -4.4375 159.313 31.5
1532264748115904 -52.1875 139.063 -17.25
1532264748190704 -57.875 103.688 -63.75
1532264748227605 -53.4375 76.4375 -75.5
1532264748280464 -35.625 10.75 -79.75
1532264748333323 -7.625 -42.375 -56.6875
1532264748370224 -2.4375 -62.0625 -52.0625
1532264748385184 -3.25 -66.3125 -37.5
1532264748439040 46.0625 -60.875 -24.875
1532264748520821 24.75 -42.0625 4.1875
1532264748542762 11.125 -38.75 2.3125
1532264748565701 7.9375 -36.875 -6.1875
1532264748663439 -71.125 -15.125 -21.3125
1532264748798080 -220.125 53.25 24.0625
1532264748827999 -219.875 57.1875 65.75
1532264748925738 -89.8125 21.25 106.438
1532264748962640 -60 28 92.8125
1532264749165099 -6.3125 -16.5 -24.75
1532264749195018 -1.5625 -15.0625 -27.4375
1532264749435376 9.9375 -11.625 -0.5
1532264749510176 172 -136.5 -81.25
1532264749607914 190.5 -145.5 -74.375
1532264749622874 187.938 -147.75 -41.9375
1532264749652794 198.688 -178.563 -61.6875
1532264749675735 85.875 -90.1875 -46.0625
1532264749758511 70.6875 -56.375 -49.375
1532264749780453 28.8125 -40.375 -46.875
1532264749833311 2.4375 7.25 -25.4375
1532264749946010 -7.75 84.3125 40.0625
1532264749982912 21.4375 152.813 91.6875
1532264750072671 36.125 226.063 222.063
1532264750148469 31.375 166.125 240.375
1532264750178389 53.875 137.375 223.563
1532264750230250 60.75 15.75 182.813
1532264750298069 14.375 -53.875 178.875
1532264750402789 19.375 -88.9375 175.188
1532264750477588 62.75 -159.563 160.375
1532264750515487 43.0625 -240.75 175.313
1532264750688026 1.5625 -21.125 7.25
1532264750702986 1 -9 4.1875
1532264750815684 -12.1875 15.125 -7.0625
1532264750973264 -4.8125 11.5625 -10.375
1532264751092950 -121.563 -51.875 -53
1532264751107910 -109.375 -79.3125 -64.0625
1532264751138828 -97.8125 -96.875 -75.375
1532264751175730 -88.75 -92.0625 -70.875
1532264751197671 -69.625 -94.0625 -69.75
1532264751265489 -55 -89.9375 -98.125
1532264751295410 -50.5625 -92.5625 -102.625
1532264751333308 -82.5 -81.5 -70.125
1532264751378188 -65.3125 -65.5 -50.875
1532264751400130 -7.125 -59.4375 -67.25
1532264751439026 3.375 -51.3125 -45.6875
1532264751460967 3.5625 -43.4375 -50.875

1532264751497868 -11.4375 -38.1875 -50.9375
1532264751527966 -41.6875 -21.9375 -30.25
1532264751602766 14.75 1.5 -8.0625
1532264751640665 -5.1875 3.375 -1.375
1532264751700504 -32 -2.0625 2.0625
1532264751775304 -13.125 3.875 -7.875
1532264751805224 -15.9375 3.5 -7.6875
1532264751828164 -17.75 -1.75 -12.25
1532264751873043 -15.3125 -4.125 -16.6875
1532264751888004 -11.375 -5.9375 -20.375
1532264751902964 -9.8125 -8.6875 -24.9375
1532264751940863 -9.375 -10.5625 -26.5
1532264751955822 -13.9375 -10.375 -25.4375
1532264751977764 -21.5 -8.5625 -23.5
1532264752007692 -23.9375 -6.625 -24.6875
1532264752022644 -22.4375 -5.8125 -23.1875
1532264752068521 -21.9375 -8.625 -16.875
1532264752098441 -23.375 -10.5 -13
1532264752143321 -23.4375 -16.375 -8.9375
1532264752173241 -19.6875 -19.6875 -7.125
1532264752188202 -23.75 -21.9375 -2.375
1532264752203160 -23.6875 -20.1875 -0.5
1532264752255021 -3.3125 -14.1875 0.3125
1532264752277961 4.375 -10.625 1.5
1532264752322841 -3.0625 -6.9375 3.9375
1532264752345780 -2.8125 -6.375 3.0625
1532264752360739 -2.5 -5 1.6875
1532264752382681 -3.25 -3.5625 1.875
1532264752412601 -2.875 -2.1875 2.3125
1532264752428558 -3 -1.9375 2.75
1532264752443518 -1.375 -2.0625 2.8125
1532264752473438 1.375 0.8125 2.375
1532264752495380 -1.8125 6.5 -4.1875
1532264752540269 40.875 21.8125 0.125
1532264752563198 31.4375 28.125 5.125
1532264752585139 25.25 43.6875 10.8125
1532264752623038 67.75 96.375 -9.125
1532264752645976 27.25 107.875 -27.25
1532264752675896 -53.9375 164.25 -34.0625
1532264752697838 -41.25 190.5 -37.3125
1532264752727758 -18.3125 216.938 -43.25
1532264752742718 -15.8125 240.875 -54.625
1532264752795577 -55.6875 272 -60.625
1532264752848435 -95.9375 285.563 -55.9375
1532264752893315 -97.5 285.688 -50.5625
1532264752923249 -94.9375 278.75 -48.4375
1532264752968115 -48 219.813 -41.6875
1532264752983075 0.3125 171.875 -43
1532264753050894 -19.0625 120 -15.375
1532264753087795 -11.75 70.75 3.6875
1532264753125694 27.625 37.6875 18.5
1532264753162609 40.9375 26 25.875
1532264753215454 54.75 11.125 16.8125
1532264753313197 51.375 2 15.375
1532264753605411 42.625 12.3125 35.875
1532264753718110 34.75 -14.25 18.3125
1532264753792910 -86.9375 -61.875 -24.5
1532264753837790 -98.125 -149.125 -37.5
1532264753943507 -52.125 -193.563 -26
1532264754003347 10.4375 -271.188 1.625
1532264754048227 66.9375 -235.375 30.125
1532264754094104 83.8125 -213.313 33.9375
1532264754116046 82.9375 -194.063 28.5
1532264754175886 80.625 -96.25 0.25
1532264754212787 14.75 -65.5625 12.25
1532264754227747 -3.25 -45.3125 8.125
1532264754266642 26.125 -26.25 -10.75
1532264754287587 27.375 -22.9375 -8.75
1532264754310526 9.0625 -17.6875 -6.6875
1532264754363384 9.4375 -18 -7.3125
1532264754400286 13.6875 -22.75 -5.375
1532264754423224 17.0625 -28.8125 -1.0625
1532264754438183 23.1875 -33.75 -0.125
1532264754483064 26.125 -34.5625 2.125
1532264754550882 -3.9375 -0.875 9.625
1532264754640643 -26.0625 -14.4375 0.5625
1532264754655603 -33.6875 -10.0625 -3
1532264754768301 -0.125 1.4375 -9.6875
1532264754835123 -6.125 -5.0625 5.8125
1532264754940841 -3.875 -1.5 5.5625
1532264754977742 10 -0.625 7.25
1532264755000680 15.8125 -2.125 6.0625
1532264755007661 10.0625 -1.5625 4.5625
1532264755068498 0.0625 -3.25 1.9375
1532264755105400 -2.4375 -4.375 1.3125
1532264755143299 -10.0625 -4.625 -1.25
1532264755173245 -11.6875 -6.5625 0.0625
1532264755285918 -3.0625 -2.5 0.3125
1532264755360717 1 -0.875 -0.25
1532264755382658 1.3125 -1.0625 -0.25
1532264755412579 -4.3125 0.1875 -2.4375
1532264755435517 -3.1875 2.9375 -6.6875
1532264755488376 4.9375 14.75 -16.1875
1532264755510317 3.4375 33.4375 -19.3125
1532264755548216 -10.1875 62.8125 -23.5
1532264755608056 -81.625 136.188 -33.9375
1532264755682856 -45.75 207.25 -31.8125
1532264755697816 -68 218.75 -36.4375
1532264755735715 -107.875 221.313 -43.5
1532264755787576 -102.313 208.563 -39.0625
1532264755870355 -136.375 130.188 -48.5625
1532264755968093 -93.25 56 -30.0625
1532264756012973 -15.9375 5.0625 -12.125
1532264756065832 2.0625 -7.25 3.1875
1532264756117693 -90.8125 61.0625 -17.4375
1532264756178530 -254.938 122.063 2.4375
1532264756366029 -239.375 52.875 71.1875
1532264756507650 -162.438 -15.5625 81.1875
1532264756665229 -31.125 9.9375 26.5
1532264756733048 -3.3125 -17.9375 -24.25
1532264756755986 -13.0625 -14.8125 -11.4375
1532264756785906 5 -14.25 -5.5
1532264756838765 13 -12.4375 -0.0625
1532264756875666 19.4375 -5.8125 15.5625
1532264756897607 -7.6875 4.8125 4.5625
1532264756928525 -12.6875 -2.625 0.3125
1532264756965426 39.125 -18.6875 -3.125
1532264757003324 46.4375 -36.1875 -60.375
1532264757018285 57.1875 -53.4375 -61.625
1532264757055186 102.813 -103.375 -83.375
1532264757085106 121.438 -111.5 -73
1532264757108045 146.875 -123.25 -69.6875
1532264757123005 150.563 -136.75 -83.8125
1532264757212765 126.688 -132 -39.6875
1532264757265623 114.688 -118.75 -54.6875
1532264757310503 47.6875 -52.75 -22.9375
1532264757363362 8.5 -20.125 -26.9375
1532264757423202 -22.375 -6.6875 -9.0625
1532264757453121 -24 10.3125 -9
1532264757715420 91.3125 148.063 234.563
1532264757775261 68.5625 99.25 232.063
1532264757805181 31 43.0625 210.813
1532264757962759 36 -99.875 156.125
1532264758195138 46.75 -221 136.5
1532264758247997 61.375 -204.875 116
1532264758473394 -11.25 9 -7.375
1532264758518274 -9.1875 8.875 -7.625
1532264758563154 -11.875 0.0625 -3.875
1532264758622994 -14.625 -9.1875 2.875
1532264758675852 -41.25 -31.4375 7.5
1532264758727713 -120.563 -74.125 -3.5
1532264758750652 -167.625 -128.063 -27.1875
1532264758818471 -66.125 -154.375 -99.1875
1532264758833430 -81.125 -162.813 -97.25
1532264758900252 -110 -115.125 -115.063
1532264758930171 -64.1875 -98.5 -122.813
1532264758983031 -67.125 -25.6875 -77.75
1532264759021927 7.875 19.4375 -40.875
1532264759096727 -11.25 34.1875 -21.875
1532264759155569 1.3125 41.25 -6.625

1532264759215409 3.5 51.6875 -15.875
1532264759247324 -2.1875 61.0625 -14.625
1532264759328111 -10.9375 149.625 -48.5
1532264759358028 -16.6875 168.375 -59.4375
1532264759380966 -1.4375 224.188 -99.1875
1532264759507629 -29.125 252.625 -124.125
1532264759530567 -49.5 260 -132.813
1532264759635287 -25.1875 151.813 -119.188
1532264759695127 6.9375 109.625 -99.1875
1532264759770924 3 80.75 -81.375
1532264759822785 4.25 28.375 -34.875
1532264759950443 25.0625 14.0625 -16.25
1532264760101041 2.5 2.125 6.625
1532264760400240 -67.5625 -132.938 69.125
1532264760423181 -32.75 -238.875 29.4375
1532264760453100 -11.4375 -257.625 -0.875
1532264760542860 0.1875 -234.625 -6.8125
1532264760625638 7.5 -74.625 -2.625
1532264760670518 19.6875 -3.625 -1.4375
1532264760701435 0.6875 6.4375 -7.625
1532264760768257 29.5 43.75 -6.3125
1532264760813137 21.75 51.25 -2.5
1532264760843057 14.625 51.9375 1.1875
1532264760947776 11.75 -4 -5.375
1532264761022577 77.625 17.875 -0.875
1532264761060476 34.5625 114.25 13.9375
1532264761090399 55.25 131.813 11.1875
1532264761135275 47 188.875 -40.875
1532264761188134 18 158.125 -53.125
1532264761262934 35.125 106.813 -50.125
1532264761300833 30.6875 64.5 -30.125
1532264761398571 22.0625 25.1875 -11.5625
1532264761450433 15.5625 10.875 -4.9375
1532264761503291 -10.875 -12.9375 12.5
1532264761525233 0.125 -6.5 10
1532264761616987 -4.5625 -8.25 6.25
1532264761637932 5.125 -3.5625 -3.6875
1532264761727691 1.375 2.625 -2.75
1532264761765590 -2.875 0.875 1.5625
1532264761803489 -13.4375 -3.0625 3
1532264761825430 -17.6875 -24.25 9.8125
1532264761885270 -100.438 -127.813 33.25
1532264761991000 -99.8125 -183.938 27.4375
1532264762117656 31.0625 -207.438 36.875
1532264762132608 43.8125 -192.938 34.4375
1532264762178486 79.625 -175.5 20.75
1532264762215392 60.625 -165.5 13.4375
1532264762305147 24.75 -71.875 -4.75
1532264762387926 9.9375 -49.625 0.25
1532264762447765 13.8125 -44.375 -3
1532264762522566 20.1875 -38.1875 -13.0625
1532264762560464 -0.5625 -38.375 -13.0625
1532264762628283 -7.5 -28.9375 -11.375
1532264762673163 -30.875 7.8125 1.125
1532264762710065 -5.6875 24.25 7.25
1532264762755941 -12.0625 35.75 9.5625
1532264762875622 -0.3125 110.813 -12.5625
1532264762935461 -36.1875 147.688 -35.9375
1532264762988325 -71.8125 191.313 -39.75
1532264763101019 -51.75 190.5 -31
1532264763265580 -43.8125 20.4375 -66.9375
1532264763303477 -42.0625 -39.625 -30.625
1532264763325419 21.3125 -59.625 -12.9375
1532264763527877 -161.25 100 -73.3125
1532264763595696 -223.875 150.688 36.5
1532264763632597 -190.438 129.75 78.75
1532264763723355 -130.438 57.3125 86
1532264763760256 -106.875 32.125 67.3125
1532264763790182 -78.8125 21.6875 34.8125
1532264763880934 -44.625 -19.5 -3.625
1532264763910857 -22.625 -22.25 -4.625
1532264763940774 -1.8125 -11.0625 -4.5
1532264764001611 -4.0625 -12.75 -1.25
1532264764054470 -2.3125 -7.375 -5.8125
1532264764113312 3.5 -10.625 0.25
1532264764135253 2.125 -10.3125 3.75
1532264764167168 -11.6875 -8.875 5.0625
1532264764255937 -22.5 -2.9375 14.75
1532264764293830 -3.5625 -22.25 -35.125
1532264764390577 7.8125 -66.25 -104.25
1532264764413509 30.875 -81.125 -116.563
1532264764450410 88.5 -94.4375 -97.9375
1532264764480330 132.5 -82.0625 -64.4375
1532264764518229 135.563 -84.25 -42.25
1532264764615968 141.375 -96.375 -35.625
1532264764660847 78.0625 -88.5625 -9.5
1532264764690768 68.5 -57.3125 -6.5625
1532264764752602 45.25 -47.5625 -6.625
1532264764766565 25.25 -41.3125 -10.9375
1532264764773546 17.75 -36.4375 -8.25
1532264764818426 8.75 -24.5 -8.3125
1532264764840367 -10.375 38.6875 21.375
1532264764953067 46.6875 143.75 137.813
1532264765005925 81.875 177.938 239.313
1532264765027866 82.6875 173.813 243.125
1532264765388900 116.875 111.25 220.813
1532264765485642 32.75 -58 175.625
1532264765575402 54.25 -213.438 146.25
1532264765800799 -3.375 0 -9.625
1532264765852661 -5.75 16.3125 -13.625
1532264765913498 -79.875 -53.3125 3.25
1532264765965359 -121.75 -88.3125 -8.875
1532264766003258 -145.25 -118.313 -41.8125
1532264766055119 -70.8125 -134.875 -75.8125
1532264766086053 -72.5625 -128.938 -87.0625
1532264766100997 -97.8125 -121.938 -88.375
1532264766152857 -104.063 -98.0625 -98.1875
1532264766175797 -100.875 -95 -108.188
1532264766220677 -69.875 -75.3125 -101.125
1532264766250597 -63.6875 -76.5625 -104.875
1532264766280517 -33.5 -70.6875 -95.3125
1532264766333392 -37.25 -77.3125 -90.9375
1532264766415156 -62.5625 -28.6875 -13.5

1532264766424133 -17.125 -8.75 -13.5
1532264766453055 -6.9375 -1.25 -4.4375
1532264766499932 -59.5625 -14.0625 0.9375
1532264766527855 -58.9375 -18 0.625
1532264766580729 -36.6875 -22.9375 -4.4375
1532264766632575 -23.6875 -11.5 -6.1875
1532264766648533 -7.8125 -0.6875 -3.5
1532264766694410 -2.875 0.6875 0.4375
1532264766723352 11.6875 2.375 6.25
1532264766753252 28.75 5.375 9.0625
1532264766798133 32.3125 7.6875 10.4375
1532264766821087 31.9375 7.4375 10.0625
1532264766843012 30.375 7.4375 8.6875
1532264766910831 13.8125 1.5625 -0.625
1532264766962692 -14.6875 -2.375 -9
1532264767000590 -23.1875 -4.5 -9.625
1532264767015551 -25.6875 -5.1875 -9.75
1532264767038490 -24.5625 -6.5625 -8.9375
1532264767098329 -17.9375 -5.75 -3.5
1532264767143210 -12.875 -4.375 -0.75
1532264767165151 1.375 -2.5 -0.125
1532264767180111 6.9375 -1.875 2.4375
1532264767196078 3.875 -1.9375 1.875
1532264767218010 4.5625 -2.875 2.4375
1532264767262890 5.625 -2.625 2.25
1532264767300788 1.125 -1.5 1.375
1532264767315748 -3.625 -1.0625 0.625
1532264767360629 2.1875 -0.6875 3.5
1532264767413487 2.25 -1 5.375
1532264767465348 7.5 -0.375 5.1875
1532264767480308 7.8125 0.75 3
1532264767540148 2.4375 3.625 2.1875
1532264767586025 6.0625 27.4375 -12.0625
1532264767607967 54.8125 55.375 -9
1532264767652847 13.4375 98.8125 3.375
1532264767690746 -1.4375 116.188 0.6875
1532264767705705 -15.375 138.875 -12.875
1532264767742607 -2.0625 173.063 -39.1875
1532264767803444 -8.0625 210.875 -60.625
1532264767825385 -38.1875 221.688 -53.125
1532264767885225 -35 232.625 -56.6875
1532264767908173 -33.5 234.25 -52.5
1532264767982964 -36.6875 209.5 -46.25
1532264768027844 -6.625 165.25 -61.75
1532264768050783 -19.25 142.063 -55.1875
1532264768087684 -34.4375 126.875 -40.375
1532264768148522 -23.9375 107.875 -33.0625
1532264768170463 -9 91.1875 -38.5
1532264768200383 -1.5 75.6875 -30.5
1532264768260223 13.1875 27.1875 7.125
1532264768305102 28.375 2.6875 9.75
1532264768402841 19.3125 -17.9375 35.75
1532264768485619 38.3125 -49.3125 54.125
1532264768507561 10 -51 39.75
1532264768553439 13.625 -44.8125 26.6875
1532264768605300 -3.875 -24.5 16.4375
1532264768665140 6.75 0.5625 -1.125
1532264768822718 -7.375 4.8125 -8.4375
1532264768920458 -56.6875 -7.8125 16
1532264768958358 -76.375 -20.75 11.625
1532264769010218 -83.3125 -63.4375 8.9375
1532264769055097 -83.9375 -133.313 11.375
1532264769145854 -62.375 -150.313 8.5
1532264769265534 35 -177.125 4.1875
1532264769318393 7.5 -169.313 16.3125
1532264769363272 48.125 -142.563 12.4375
1532264769446052 26.625 -102.813 1
1532264769482952 22.5 -74.8125 0.9375
1532264769550771 9.5625 -53.8125 -6.625
1532264769595652 13.75 -42.75 -10.1875
1532264769617593 14.5625 -39.8125 -11.125
1532264769655492 3.0625 -36.0625 -16.375
1532264769685412 -18.5 -26.25 -12.25
1532264769723312 -5.9375 -4 3.375
1532264769775172 5.125 -4.8125 -3.4375
1532264769813069 -20.25 -6.875 -4.0625
1532264769843988 -47.9375 19.1875 2.625
1532264769895848 -25.9375 95.625 -3.5
1532264769970649 -85.5 133.688 18.1875
1532264770038467 17.0625 174.125 6.125
1532264770083348 -23.8125 183 -8.0625
1532264770121246 -32 181.938 -25
1532264770217987 -48 155.625 -63.3125
1532264770345646 -23.375 -18.5625 -81.875
1532264770420446 -9.1875 -59.5625 -43.8125
1532264770458352 20.0625 -30.5625 -15
1532264770480296 0.375 -19 -9.3125
1532264770518185 -25.625 -4.5625 -10.25
1532264770556083 -30.5625 9.5625 -13.9375
1532264770586017 -41.25 15.3125 -15.8125
1532264770630883 -61.9375 29.8125 -28.8125
1532264770705683 -101.5 74.6875 -63.8125
1532264770773502 -143.313 96.25 -128.063
1532264770810403 -169.813 104.75 -56.75
1532264770833342 -179.25 97.9375 -21.8125
1532264770885203 -176.063 68.875 87.125
1532264770900163 -198.5 34.375 107.625
1532264770945043 -102.5 3 78.75
1532264770975961 -36.375 -2.5625 38.375
1532264771035801 -53.1875 -18.3125 26.3125
1532264771050761 -73.625 -22.6875 20.75
1532264771072701 -21.0625 -18.75 -1.1875
1532264771103619 -21.0625 -23.75 3.8125
1532264771133539 -16.5625 -23.3125 4.6875
1532264771209336 -12.375 -39.625 37.5
1532264771238259 -2.75 -42.3125 35.3125
1532264771268179 20.1875 -47.8125 60.125
1532264771298099 -6.1875 -52.4375 58.4375
1532264771313059 -3.625 -65.6875 36.4375
1532264771357939 65.875 -95.1875 -10.5625
1532264771372899 70.875 -121.25 -41.625
1532264771402818 60.625 -144.313 -49.6875
1532264771432739 85.5625 -138.875 -19.125
1532264771455678 115.75 -127.375 -10.125
1532264771500558 98.75 -128.125 -28.6875
1532264771538458 133.688 -140.375 -53.9375
1532264771553416 105.438 -132.5 -31.3125
1532264771575358 56.3125 -92.0625 -66.4375
1532264771590330 68.5 -76.8125 -51.9375
1532264771628216 -2.9375 -53.625 -42.75
1532264771658146 -26.1875 -37.6875 -36.4375
1532264771673096 -19.625 -15.1875 -21.8125
1532264771696035 -9.25 25.625 -1.3125
1532264771717978 -17 58.625 18.6875
1532264771732936 -11.5625 86.6875 37.5
1532264771777816 6.0625 120.125 66.1875
1532264771800755 26.6875 154.813 92.9375
1532264771815715 37.5625 179.625 113.75
1532264771845635 58.8125 216 206.313
1532264771867576 58.625 214.063 226.25
1532264771890515 61.1875 204.438 242.375
1532264771928414 97.1875 177.313 251.75
1532264771988253 114.688 156.688 237.75
1532264772018173 115.625 137.125 220.938
1532264772145832 38.6875 54.75 193.625
1532264772167774 26.875 17.125 185.688
1532264772182733 26.375 -27.0625 175.5
1532264772310392 -0.25 -207.188 155.313
1532264772340312 73.25 -248.25 144.5
1532264772453011 22.9375 -57.25 41.9375
1532264772475949 0.625 -32.4375 26.875
1532264772565710 5.8125 13.375 -17.625
1532264772648487 -3.125 26.0625 -24.875
1532264772790109 -3.3125 -8.6875 -2.25
1532264772828008 -51.1875 -14.625 -1.6875
1532264772902808 -97.0625 -14.625 -18.3125
1532264772940716 -108.438 -13.875 -27.625
1532264773068365 -144.313 -69.9375 -82.375
1532264773083325 -118.563 -66.3125 -73.8125
1532264773158126 -91.4375 -70.625 -67.5
1532264773218963 -60.875 -128.5 -107.875
1532264773240904 -65.8125 -132.813 -119
1532264773277805 -70.25 -137.875 -103.688
1532264773307725 -74.6875 -133.5 -95.25
1532264773346621 -36.875 -103.688 -54.8125
1532264773390503 22.375 -93.5 -63.8125
1532264773473291 -97.875 -32.875 -13.625
1532264773504200 -70.8125 0.25 -4.6875

1532264773525155 47 7.6875 -9.25
1532264773563043 11.8125 -19.4375 2.125
1532264773578002 -44.75 -25.75 7.8125
1532264773622883 -82.5 -19.9375 5.5
1532264773637842 -51.1875 -11.8125 -4.5625
1532264773660781 -17.5625 -5.5 -12.75
1532264773675741 -1.375 -3.6875 -15.4375
1532264773720621 -9.75 -4.0625 -4.625
1532264773750541 -4.6875 0.25 2.4375
1532264773773479 11.6875 2.3125 2.6875
1532264773795420 21.375 4.8125 2.5
1532264773840330 21 6.4375 5.25
1532264773863240 18.6875 7.25 6.375
1532264773878200 20.9375 6.8125 6.125
1532264773893160 23.875 6.25 5.125
1532264773923080 24.375 5.125 3.25
1532264773990899 14.25 1.375 -2.5
1532264774020825 -9.875 -2.9375 -8.5
1532264774065698 -25.8125 -7.125 -10
1532264774087639 -25.1875 -7.5 -9.0625
1532264774110578 -22.3125 -8.1875 -7.125
1532264774125538 -19.5625 -9.0625 -5.9375
1532264774140508 -18.25 -8.625 -4.75
1532264774178397 -12.0625 -5.25 -1.125
1532264774223276 -6.5 -3.25 0.9375
1532264774268157 10.125 -1.1875 6.375
1532264774283116 10.9375 -1.6875 6.6875
1532264774298077 10.75 -1.4375 6.375
1532264774335975 10.8125 0.25 3.5625
1532264774350936 8.5625 0.8125 3
1532264774387837 3.5 0.1875 2.625
1532264774410776 -2.0625 -0.5 3.125
1532264774447677 -1.6875 0.625 3
1532264774470615 1.9375 1.75 2.75
1532264774508514 8.6875 2 3.6875
1532264774530455 7.5 1.3125 4.0625
1532264774545415 5.1875 1.0625 4.1875
1532264774560376 3.5625 0.8125 3.5625
1532264774590303 4.125 0.4375 1.1875
1532264774620215 3.375 -0.4375 -0.0625
1532264774650135 0.5 -1.0625 -0.625
1532264774673074 -3.25 -1.4375 -1.25
1532264774696013 -6.9375 -0.625 -3.125
1532264774732914 -4.5625 -0.4375 -2.875
1532264774770813 -3.5 -0.875 -2.1875
1532264774852594 3.8125 2.6875 -1
1532264774868551 2.5 2.4375 0.9375
1532264774913432 1.125 2.6875 1.9375
1532264774928392 3.6875 2.75 1.75
1532264774965293 5.6875 1.875 1.9375
1532264774980253 4.25 1.8125 1.6875
1532264775056050 4.8125 3 0.375
1532264775071010 5.875 4.1875 -1.25
1532264775115890 26.6875 29.375 -1.5
1532264775145810 32.625 38.375 -0.8125
1532264775182711 43.375 113.875 -2.75
1532264775212631 26.6875 156.688 -31.6875
1532264775228588 6.9375 178.688 -39.4375
1532264775258508 -7.125 195.313 -48.8125
1532264775280450 -18.4375 215.5 -61.6875
1532264775363229 -36.9375 267.438 -89.125
1532264775423069 -50.5 272.438 -93.8125
1532264775468946 -13.5 228.625 -72.0625
1532264775483915 -2.6875 205.25 -68.1875
1532264775542749 -48.1875 145.375 -35.5
1532264775557709 -30.375 121.75 -26.75
1532264775587628 8.375 80.625 -19.0625
1532264775618546 26.4375 47.5 -10.75
1532264775640507 41.4375 37.4375 -6.4375
1532264775700327 27.5625 28.5625 15.4375
1532264775768146 26.375 20.125 23.8125
1532264775783106 22.125 19.5625 17.8125
1532264775798066 31.125 13 17.375
1532264775895804 0.6875 -13.25 4.0625
1532264775925724 0.5625 -10.25 3.8125
1532264775934700 -2.125 -8 0.75
1532264776008503 -6.1875 -9.3125 3.75
1532264776038423 -14.5625 -13.125 5.9375
1532264776068343 -46.6875 -39.875 2.25
1532264776143143 -65.875 -72.0625 2.6875
1532264776232903 -81.625 -196.625 12.875
1532264776262823 -25.5625 -199.625 8.5
1532264776307718 73.4375 -228.688 -1.75
1532264776339618 -40.5 -219.688 18.8125
1532264776368540 8.375 -215.125 10.4375
1532264776405442 44.375 -213.875 7.4375
1532264776465282 56.5625 -132.75 20.625
1532264776503180 33 -107.438 27.625
1532264776525122 34.9375 -96.625 27.6875
1532264776556039 13 -60.4375 18.5
1532264776607901 23.1875 -25.625 10.875
1532264776630839 22.625 -24.75 4.625
1532264776675719 3.875 -27.125 3.3125
1532264776735559 -13.75 -24.9375 -0.1875
1532264776818338 13.0625 -27 3.8125
1532264776855239 2.75 -8.8125 7.6875
1532264776885159 5.4375 1.8125 5.875
1532264776915079 16.3125 1.1875 6.375
1532264776945996 2 -8.4375 6
1532264776967937 -9.125 -6.25 2.625
1532264777020796 -6 -2.4375 -1.5625
1532264777125516 -7.5 30.8125 1.375
1532264777163414 -20.9375 82.75 2
1532264777275115 -34.25 182.438 -19.5625
1532264777350913 -64.75 175.688 -30.25
1532264777380833 -72.25 172.813 -39.5
1532264777470593 -47.3125 141.125 -42.5
1532264777493532 -60 126.625 -43.8125
1532264777508492 -61.3125 107.438 -48.8125
1532264777538412 -48.375 43.3125 -38.3125
1532264777560353 -45.625 18.5625 -42.25
1532264777598252 -39.25 -5.8125 -44
1532264777658091 -29.3125 -26.9375 -41.75
1532264777747869 -31.125 -32.6875 -24.875
1532264777762830 16.75 -17.3125 -15.6875
1532264777822669 -30.5 11.625 -19.75
1532264777860568 -64.3125 37.625 -23.1875
1532264777920408 -98.8125 51.125 -35.5625
1532264777935368 -132 62.75 -42.625
1532264777950328 -146.063 75.0625 -31.5625
1532264777988227 -173.813 70.125 -23.4375
1532264778025128 -158.188 68.375 -11.0625
1532264778077986 -140.813 36 46.9375
1532264778115885 -164.75 52.5 93.4375
1532264778152787 -126.813 44.9375 91.6875
1532264778250525 -75.375 7.4375 4.0625
1532264778318345 9.3125 -6.875 2.6875
1532264778378184 7.9375 -5.8125 10.5
1532264778438024 5.5625 -9.9375 7.1875
1532264778482904 2.5625 -20.375 8.1875
1532264778542760 -16.8125 -14.375 57.8125
1532264778565682 -25.3125 -11 52.3125
1532264778595603 4.5 -25 60.375
1532264778610562 24.125 -21.6875 46.375
1532264778625522 23.75 -22.375 6.125
1532264778655442 29.25 -32.4375 -26.6875
1532264778687357 39.375 -49.5625 -44.9375
1532264778708302 55.5625 -71.625 -63.0625
1532264778738221 63.3125 -101.125 -95.4375
1532264778768141 73.8125 -106.938 -71.9375
1532264778821000 94.125 -118.625 -79.8125
1532264778880840 117.313 -115.75 -76.3125
1532264778925720 80.375 -102.813 -37.125
1532264778955639 52.375 -93.875 -39.4375
1532264778970600 86.75 -65.5 -26.375
1532264779008498 32.4375 -39 -13.0625
1532264779105240 15.75 -5.625 -2.625
1532264779128178 -7.75 37.5625 21.75
1532264779167074 49.6875 211.063 173.313
1532264779195997 52 218.875 198.313
1532264779247859 51.1875 217 208.375
1532264779262818 44.5625 204.313 209.063
1532264779322658 66.25 133.875 190
1532264779337618 74 110.563 178.188
1532264779443345 54.6875 0.5625 146.5
1532264779488215 37.1875 -54.125 150.375
1532264779563016 30.9375 -110.125 151.313
1532264779600914 81.3125 -122.5 113.813
1532264779675714 53 -139.438 121.75
1532264779727575 35.8125 -148.563 131.188
1532264779773453 43.125 -117.125 95.75
1532264779818333 53 -107.5 84.375
1532264779840275 0.0625 -48.4375 41.875
1532264779945991 -5.125 -20.1875 3.8125
1532264779990872 -13.125 -3.4375 -4
1532264780170392 -11.1875 5.0625 -12.25
1532264780283090 -26.8125 -10.625 -1.25
1532264780440669 -84.9375 -132 -50.625
1532264780462610 -104.938 -141.5 -59.6875
1532264780477570 -97.3125 -139.563 -67.875
1532264780508487 -95.5 -144.25 -71.5
1532264780523448 -91.8125 -140.188 -72.1875
1532264780560349 -89.875 -128.75 -79.9375
1532264780598247 -74.125 -114 -96.1875
1532264780621186 -74 -110.375 -106.5
1532264780635149 -72.5625 -103.063 -119.188
1532264780681026 -102.875 -88.125 -116.625
1532264780695986 -113 -80.0625 -106.438
1532264780747847 -46.1875 -77.125 -91.5625
1532264780777767 -52 -72.875 -49.625
1532264780822647 22.125 8 14.125
1532264780838605 93.6875 15.125 -5
1532264780869522 62.5625 -9.125 2.9375
1532264780891464 -6.4375 -15.4375 12.3125
1532264780950306 -79.75 -15.4375 7.8125

1532264781003164 -7.875 -5.625 -11
1532264781018124 9.6875 -3.1875 -9.0625
1532264781077964 10 -2.9375 -2.625
1532264781137804 9.9375 0.1875 -1.125
1532264781167725 2.4375 1.625 -5.5
1532264781190664 -3.625 1.6875 -5.625
1532264781243521 -7.125 1.875 -6.75
1532264781265463 -9 3.75 -7.9375
1532264781288402 -6.25 5.1875 -6.6875
1532264781333281 1.25 2.5625 -2
1532264781348241 3.1875 5.6875 -0.625
1532264781378162 5.5625 7.625 -1.4375
1532264781423042 -2.625 0.125 -4.8125
1532264781445981 -11.8125 -0.625 -6.375
1532264781512802 -19.875 3.875 -10.0625
1532264781527761 -18.125 1.75 -8.9375
1532264781557682 -28.0625 -5.3125 -5.5625
1532264781595580 -17.625 -3.75 -2.25
1532264781618519 -10.9375 -3.625 -0.0625
1532264781648439 -5.25 -4.0625 2.1875
1532264781685340 5.25 -5.25 4.625
1532264781723274 12.125 -3.1875 3.9375
1532264781738199 17.25 -1.4375 5
1532264781760140 21.5625 -0.25 7.0625
1532264781791059 22.6875 0.875 8.8125
1532264781820978 19.0625 1.3125 6.25
1532264781857892 11.25 1.875 3.375
1532264781887799 -3 0.875 1.5
1532264781932679 -1.75 0.0625 3.25
1532264781955618 3.5625 0.6875 4.375
1532264781985537 12.75 1.75 6.5625
1532264782000497 13.75 2.4375 7
1532264782023437 12.5 2.375 6.4375
1532264782038396 10.1875 2.625 5.3125
1532264782083276 6.125 4.0625 3.8125
1532264782098236 7.3125 2.8125 0
1532264782135138 0 3.0625 -4.3125
1532264782166054 -3.125 0.25 -2.9375
1532264782195975 -1.6875 -0.8125 -1.625
1532264782255815 7.625 -3 0.125
1532264782300695 1.6875 -3.125 -1
1532264782315655 -1.25 -3.6875 -1.6875
1532264782345575 -3.5 -3.25 -1.125
1532264782375496 -2.5 -2.75 -2
1532264782398433 -1.3125 -1.875 -2.125
1532264782450294 1.75 2.5625 -4.3125
1532264782495175 14.25 19.5625 -19.0625
1532264782562993 -18.625 13.8125 -3.9375
1532264782585932 -2.5 69.5 -0.5625
1532264782615852 20.6875 91.9375 -20
1532264782690666 6.8125 178.063 -10.75
1532264782780418 -5.125 254.438 -56.625
1532264782825292 -13.125 263.625 -56.125
1532264782938018 -65.125 233.875 -66.3125
1532264783035757 -6.6875 55.25 -21.4375
1532264783072658 28.875 35.0625 -8
1532264783125516 34.4375 25.6875 10.25
1532264783170396 13.375 6.25 16.4375
1532264783223255 21.3125 -5.375 19.25
1532264783245196 19.125 -6.875 14.875
1532264783283095 5 -10.25 13.5625
1532264783321002 2.125 -7.3125 3.125
1532264783342936 3.1875 -5.8125 -0.875
1532264783372855 0.125 0.4375 -3.8125
1532264783425714 5.375 3.25 -6.6875
1532264783500514 -1.125 3.125 -9.25
1532264783538412 2.5 1.75 -8.375
1532264783575314 14.5625 4.9375 -9.6875
1532264783613212 17.9375 3.375 -11.25
1532264783635154 5.4375 7.25 -6.625
1532264783717932 2.4375 16.125 -1.25
1532264783777772 14 6.1875 3.8125
1532264783860551 -5.9375 -4.9375 14.6875
1532264784130828 -64.0625 -64.8125 5.125
1532264784167729 -72.8125 -85.375 4
1532264784221586 -67.625 -148.063 22
1532264784258487 18.5625 -241.438 46.6875
1532264784303367 27.5 -219.25 57.3125
1532264784370188 37.5 -151.688 33
1532264784415067 3.875 -148.063 -6
1532264784460946 -14.9375 -102.625 -14.5625
1532264784512807 43.8125 -60.8125 -6.3125
1532264784535745 43.5 -56.875 -8.9375
1532264784572647 24.5625 -44.5625 -12.125
1532264784633483 6.6875 -37.1875 -10.0625
1532264784648444 5.125 -35.4375 -7.1875
1532264784685345 12.9375 -11.5625 3.4375
1532264784708284 11.8125 -7.3125 2.625
1532264784745185 6.3125 -8.6875 1.375
1532264784806023 -14.625 -13.875 -0.4375
1532264784842924 -25.8125 -9.3125 -3
1532264784865863 -36.0625 -7.1875 -8.625
1532264784887804 -42.875 -5.625 -9.3125
1532264784910743 -39.1875 -0.5 -7
1532264784962604 -41.9375 21.5 6.375
1532264785030423 -3.875 90.25 15.25
1532264785075303 -35.375 183 13.1875
1532264785098241 -38.4375 199.5 8.375
1532264785150102 -36.5625 214.75 -18.5625
1532264785165062 -56.9375 215.813 -29.375
1532264785188001 -63.6875 203.438 -42.625
1532264785210941 -72.625 183.438 -60.625
1532264785225900 -81.6875 158.625 -66.3125
1532264785307681 -103.375 111.125 -51.1875
1532264785353560 -88.0625 89.125 -57.5625
1532264785428358 -26.75 1.0625 -47.6875
1532264785458279 2.9375 -11.75 -38.0625
1532264785533078 19.0625 -17.1875 -14.875
1532264785548038 2.125 -11.0625 -9.9375
1532264785570977 -26.125 -7.5625 -22
1532264785592918 -72.125 42.75 -78.625
1532264785630831 -95.625 56.0625 -106.563
1532264785652759 -110.813 75.75 -124.875
1532264785706614 -137.938 94.75 -114.313
1532264785735536 -225.813 87.6875 -3.875
1532264785795377 -166.938 84.5625 30.25
1532264785818315 -181.875 58.9375 68.6875
1532264785885137 -80.0625 23.875 41.625
1532264785945974 -73.75 15.3125 59
1532264785982875 -79.875 21.9375 55.25
1532264786035735 -27.875 -3.1875 23.3125
1532264786080614 -4 -8 10.625
1532264786110534 -3.3125 -14.4375 10
1532264786163393 -14.375 -30.4375 30.375
1532264786193313 -11.5625 -57.3125 38.5625
1532264786223233 -29.125 -66.5625 26.75
1532264786260134 -26.4375 -69.0625 4
1532264786298033 -3.25 -83.25 -24.5625
1532264786327953 39.1875 -121.75 -88.5625
1532264786350892 75.25 -123.688 -68.25
1532264786380822 98.8125 -113.188 -66.4375
1532264786410731 87.875 -116 -75.375
1532264786425691 85.25 -121.438 -76.0625
1532264786455611 89.8125 -124.375 -61.6875
1532264786523438 96.5625 -100.813 -60.4375
1532264786553350 80.8125 -78 -37.6875
1532264786568309 39.375 -84.3125 -53.5
1532264786606208 54.0625 -44.25 -31.5
1532264786702950 4.1875 17.8125 14.4375
1532264786762790 14.375 83.8125 50.6875
1532264786815649 79 215.188 168.125
1532264786853547 93.75 228.875 246.813
1532264786890459 103.688 220.438 251.375
1532264786913387 111.25 205.5 247.125
1532264786988188 99.125 185.563 240.5
1532264787092907 66.375 133.313 230.063
1532264787107868 42.375 99.25 228.375
1532264787220565 0.75 -42.0625 173.563
1532264787273425 -18.9375 -215.25 143.625
1532264787408065 11.75 -221.875 132.125
1532264787497824 38 -53.6875 38.5
1532264787633462 -15.1875 17.9375 -20.1875
1532264787723222 -38.25 -10.375 0.0625
1532264787768102 -19.875 -25.125 -1.9375
1532264787827941 -76.9375 -78.125 39.4375
1532264787880800 -97.9375 -130.813 30.75
1532264787940640 -45.5 -188.563 -25.4375
1532264787978539 -78.1875 -192.625 -31.1875
1532264788015440 -130.75 -174.688 -59.125
1532264788053339 -130.188 -152.063 -69.125
1532264788113179 -83.25 -88.5 -98.8125
1532264788160069 -99.875 -82.875 -108.875
1532264788217899 -125.25 0.75 -30.0625

1532264788277739 60.125 -1.6875 -30.3125
1532264788309654 -77.4375 -9.8125 -3.9375
1532264788330611 -120.313 -13.25 -8.125
1532264788352552 -118.5 -17.75 -10.5
1532264788375499 -92 -20 -14.1875
1532264788450291 -12.375 -11.75 -15.9375
1532264788480210 -19 -8.875 -9.75
1532264788495170 -20.375 -3.4375 -8.0625
1532264788541064 5.9375 4.9375 -10.8125
1532264788585927 12.75 6.375 -13.8125
1532264788600888 7.9375 8.75 -13.3125
1532264788630808 -8.3125 11.875 -16.3125
1532264788645768 -5.125 8.0625 -18.125
1532264788660728 6.0625 5.375 -14.4375
1532264788675687 5.6875 2.875 -11.4375
1532264788712589 -12.4375 -2 -11.1875
1532264788743506 -15.9375 -3.5 -12.8125
1532264788780408 -16.6875 -7.1875 -17.6875
1532264788795368 -20.625 -7.5 -16.5625
1532264788833266 -20.5 -5.1875 -14.3125
1532264788855208 -16 -5.375 -14.25
1532264788901095 -16.6875 -9.3125 -9.75
1532264788923026 -19.25 -12.3125 -6.6875
1532264788945975 -19 -14.625 -3.3125
1532264788967906 -16.3125 -15.5625 1
1532264789012786 -0.375 -16.25 8.5
1532264789050685 -3.3125 -13.6875 9.5
1532264789080604 -12.875 -8.25 6.875
1532264789110524 -9.875 -3.8125 3.875
1532264789125485 -7.125 -2.25 2.0625
1532264789148424 -6.5625 -1.25 0.0625
1532264789185324 -6.75 -1.0625 -1.0625
1532264789253143 8.4375 4.125 -1.9375
1532264789298024 21.0625 13.875 -2.125
1532264789327944 17.4375 29.4375 7.125
1532264789342904 15.25 42.375 8.1875
1532264789365842 14.8125 60.5 6.3125
1532264789395762 27.9375 76.5 0
1532264789455602 19.9375 129.875 -2.5625
1532264789500482 30.875 156.438 -17.9375
1532264789515442 25.875 168.25 -30.625
1532264789545362 -20.625 193.875 -53.4375
1532264789568300 -35.875 200.688 -68.875
1532264789605201 -39.3125 209.063 -74.375
1532264789643101 -44 213.5 -72.125
1532264789732860 -19.9375 214.563 -57.3125
1532264789755799 0 182.75 -37.5625
1532264789785719 16.375 172.25 -46.875
1532264789807675 13.5 156.375 -51.3125
1532264789845559 -3.5625 141.813 -41.875
1532264789943297 39.1875 30.0625 -19.3125
1532264789995159 44.5 10.1875 -9.625
1532264790033058 46.5625 6.625 -14.5
1532264790077938 46.25 6.3125 -21.5
1532264790107858 35.4375 -6.8125 -14.25
1532264790167698 16.25 -9.6875 -6.375
1532264790190648 6.3125 -5.5625 -4.125
1532264790197618 8.6875 -0.25 -8.4375
1532264790228536 11.625 1.1875 -8.9375
1532264790265437 0.125 6.5 -9.75
1532264790280396 2.25 5 -4.0625
1532264790385117 -18.375 -9.375 12.375
1532264790400076 -27.0625 -13.625 18.5
1532264790416034 -31.75 -18.125 21.9375
1532264790490833 -67.8125 -43.5 32.5625
1532264790625474 -80.6875 -159.188 37.0625
1532264790693292 5.5625 -249.875 59.5625
1532264790730193 -33.3125 -251.5 74
1532264790760114 -9.125 -217.063 69.875
1532264790776072 31.6875 -190.25 60.125
1532264790805991 48.25 -172.188 64.8125
1532264790827932 2.625 -166.188 44.875
1532264790865831 11.125 -104.375 -8.875
1532264790902732 34 -83.6875 5.125
1532264790955590 15.3125 -66.8125 -7.3125
1532264790993489 1.875 -56.125 -6.75
1532264791024407 8.875 -54.5625 -9.25
1532264791060311 21.4375 -58.9375 -10.375
1532264791120151 -7.6875 -39.5625 -4.5
1532264791173010 3.8125 2.9375 -5.6875
1532264791210908 8.6875 -3.1875 -1
1532264791247809 -25.3125 -12.625 -6.3125
1532264791420348 -69.4375 192.438 -10
1532264791443287 -75.375 204.438 -30.375
1532264791488167 -58.75 213.875 -44
1532264791541030 -48.8125 190.438 -56
1532264791607846 -69.1875 168.938 -64.125
1532264791637766 -81.375 123.125 -68.5
1532264791712567 -40.9375 71.875 -79.5625
1532264791788363 -20 -7 -55.625
1532264791863164 43.625 -43.5625 4.0625
1532264791885106 33.25 -27.4375 -2.4375
1532264791908044 11.375 -11.8125 -7.8125
1532264791945943 -16.4375 -3.9375 -9.75
1532264791967884 -43.8125 36.5 -15.25
1532264791990823 -67.5 50.4375 -15.0625
1532264792012764 -126.875 72.125 -50.9375
1532264792050663 -154.688 85.125 -65.4375
1532264792073601 -185.375 82.6875 -63
1532264792103521 -239.5 83.1875 -56.5
1532264792140423 -227.063 77.25 -54
1532264792170343 -208.813 73.375 -36.6875
1532264792185303 -196.813 85.625 -3
1532264792215223 -148.313 106.875 55.125
1532264792247137 -188.813 82.125 68
1532264792283041 -158.5 66.75 38.5625
1532264792305979 -96.4375 44.1875 26.4375
1532264792327921 -83.75 9.5 1.1875
1532264792395740 -37.875 -0.3125 -8.9375
1532264792417681 -18.5 -16.75 2.625
1532264792455580 -5.3125 -19.6875 4.6875
1532264792478542 1.125 -23.625 8.125
1532264792545351 1 -31 16.1875
1532264792590234 -2.5 -37.1875 22.4375
1532264792643089 -12.9375 -53.4375 41.8125
1532264792695948 -24.6875 -68.8125 31.4375
1532264792740827 34.3125 -77.625 -0.875
1532264792762769 80.4375 -98.9375 -34
1532264792785707 8 -120.375 -50.875
1532264792807649 105.5 -104.688 -31.25
1532264792845548 151 -107.75 -34.75
1532264792860508 132.5 -120.938 -45.9375
1532264792958246 147.438 -129.75 -55.875
1532264792995148 88.625 -122.813 -42.3125
1532264793026065 95.6875 -69.4375 -40.125
1532264793048006 34.6875 -57.8125 -27.4375
1532264793062966 15.8125 -46.5625 -16.375
1532264793100865 17.5 -21.625 -17.625
1532264793122807 14.5 -13.75 -8
1532264793152726 -6 -6.75 -7.875
1532264793167686 -9.875 7.5 -1.5625
1532264793190670 -9.5 26.75 7.125
1532264793212602 -3.1875 52.1875 22
1532264793243519 3.3125 84 44.5
1532264793265460 4.4375 115.625 71.25
1532264793348239 73.9375 199.563 125
1532264793378159 80.1875 218.188 205.125
1532264793416058 96.9375 196.438 239.75
1532264793437998 110.813 186.375 246
1532264793542719 134.563 149.625 233.375
1532264793580618 136.375 126.813 231.375
1532264793648436 12.625 -134.563 191.25
1532264793685337 14.25 -204.125 162.125
1532264793715258 37.9375 -214.438 139.188
1532264793768116 -2.9375 -171.25 123.813
1532264793820975 -17.6875 -143.563 114.5
1532264793880814 4.75 -98.1875 89.625
1532264793925695 15.0625 -78.3125 67.1875
1532264793993514 -0.6875 -35.9375 25.5625
1532264794090265 -6 -3.4375 0.75
1532264794105215 -14.375 6.4375 -9.25
1532264794152089 -39.1875 -4.375 -12.5
1532264794174031 -82.3125 -22.4375 -3.4375
1532264794202953 -121.25 -35.25 0.4375
1532264794262793 -158.063 -64.375 -2.9375
1532264794307674 -177.938 -95.125 -25.625
1532264794368511 -76.625 -130 -77.75
1532264794398431 -65.1875 -118.625 -82.4375
1532264794450291 -43.75 -87.9375 -105.563
1532264794488190 -41.8125 -79.3125 -102.688
1532264794518111 -67.625 -68.0625 -95.25
1532264794556009 -48.5625 -33.375 -71.75
1532264794600890 -11.6875 -24.875 -82.5
1532264794637791 -6.5 -13.875 -72.25
1532264794684665 -16 -3.8125 -44.3125
1532264794690650 -14.4375 -3.625 -42.3125
1532264794705609 -17.875 -8.125 -35.125
1532264794735529 -20.25 -17.8125 -19.6875
1532264794758468 -24.125 -22.3125 -24.75

1532264794773428 -35.25 -23.625 -26.5625
1532264794818308 -57.875 -27.375 -19.6875
1532264794855209 -45.125 -32.9375 -13.5625
1532264794968437 14.6875 0.0625 -1.6875
1532264794991380 12.1875 -3.8125 -0.875
1532264795013317 2.5 -5 1.4375
1532264795035258 -7.5 -3.8125 4.75
1532264795073158 -2.375 1.9375 3.875
1532264795103077 7 2.875 1.0625
1532264795118037 13.875 3.375 0.375
1532264795140985 15.5 2.4375 1.1875
1532264795170896 9.9375 1.125 1.6875
1532264795215777 -0.125 1.375 -7.75
1532264795245696 -8.3125 -0.5625 -9.6875
1532264795260656 -19.5 -3.1875 -11.125
1532264795275616 -32.1875 -3.625 -12.125
1532264795313515 -34.3125 -1.875 -12.75
1532264795358395 -34.4375 -3.25 -13.375
1532264795380336 -35.5625 -3.5625 -11.5
1532264795395296 -34.25 -3.6875 -10.375
1532264795410257 -30.5 -3.6875 -8.875
1532264795440176 -25.5625 -2.875 -5.9375
1532264795463115 -18.625 -2.375 -4.0625
1532264795486054 -10.25 -1.6875 -1.9375
1532264795507995 0.4375 -0.9375 -0.25
1532264795537915 9.1875 -1.3125 2
1532264795552874 13.3125 -0.8125 3.625
1532264795590774 16.625 -0.375 9.125
1532264795612714 17.125 -0.0625 9.5625
1532264795657595 18.3125 1.4375 9.1875
1532264795680533 13.5625 2.3125 8.125
1532264795695494 9.4375 1.3125 7.5625
1532264795710454 7.9375 0.6875 7.5625
1532264795733392 7.5625 -0.0625 7.6875
1532264795770293 5.375 1.125 4.875
1532264795793232 0.8125 0.5625 3.4375
1532264795815174 -5.125 0.5625 1.1875
1532264795845093 -10.1875 -1.25 0.1875
1532264795897952 -9.625 0 -4.25
1532264795920892 -6.875 1.75 -6
1532264795935850 -8.0625 0.4375 -4.9375
1532264795987712 -19.75 -1.4375 -1.4375
1532264796010650 -15.1875 -1.125 0.5
1532264796063509 5.8125 1.125 0.125
1532264796085451 2.375 3.1875 -3.625
1532264796115371 3.0625 6.9375 -5.3125
1532264796130330 -4.5 13.5 -7.6875
1532264796160251 -8.0625 24.625 -7.75
1532264796190187 2.5 71.1875 -12.625
1532264796213109 -36.0625 145.75 -16.4375
1532264796243030 -54.4375 185.375 -20.625
1532264796265967 -36.625 206.813 -12.5625
1532264796302873 -27.0625 223.875 -28.5
1532264796325808 -30.875 229 -37.8125
1532264796400608 -47.9375 243.688 -34
1532264796460448 -51.375 237.563 -15.875
1532264796490368 -47.0625 211.375 -5.375
1532264796520288 12.4375 168.375 -13.5625
1532264796573146 29.25 105.813 -4.5625
1532264796603066 54.8125 49.4375 4.75
1532264796632986 70.4375 38.5625 4.875
1532264796677867 44.375 26.1875 16.25
1532264796700804 33.5625 23 23.625
1532264796760645 34.9375 7.1875 16.625
1532264796820485 15.9375 -3.5625 10.5
1532264796918224 3.75 -4.625 6.5625
1532264796948143 9 -6.3125 6.625
1532264796986043 0.125 -9.5625 -0.25
1532264797015962 2.0625 -9.125 -0.9375
1532264797248341 -13.0625 -19.875 -2.1875
1532264797300220 -35.5 -28.875 -15.1875
1532264797353079 -57.75 -37.5625 -16.8125
1532264797405938 -79.375 -39.875 -16.375
1532264797420897 -81.4375 -42.9375 1.5625
1532264797442839 -72.5 -32.75 29.9375
1532264797487720 -78.1875 -26.75 21.875
1532264797517639 -49.6875 -36.6875 24.8125
1532264797593437 -29.625 -74.8125 22.6875
1532264797638316 -39.5 -93.5625 19.75
1532264797690178 5.75 -134.688 18.875
1532264797713117 87.875 -166.688 14.625
1532264797751015 116.75 -178.313 5.1875
1532264797817836 23.1875 -169.563 21.4375
1532264797877677 40.9375 -133.563 0.4375
1532264797968433 18.5625 -93.125 -11.125
1532264798005335 -12.0625 -73.4375 -8.375
1532264798043234 -8.5 -63.5625 -18.5
1532264798073153 -2.0625 -57.4375 -19.6875
1532264798118034 -6.4375 -45.5625 -17.125
1532264798132994 -31 -37.8125 -13.0625
1532264798192834 -2.3125 12.75 6.3125
1532264798260653 6.5 56.9375 11.125
1532264798320492 -22.375 128.438 5.0625
1532264798373368 3.1875 150.5 0.875
1532264798410266 5.5 148.625 -3
1532264798433191 7.8125 145.063 -26.3125
1532264798493031 13.25 147.188 -31.625
1532264798515969 -54.875 184.5 -46.5
1532264798537911 -37.3125 182.438 -42.6875
1532264798582791 -27.75 173.313 -47.5625
1532264798597751 -37.875 151.25 -51.6875
1532264798650610 -47.125 118.875 -49.9375
1532264798703468 -80.75 46.625 -24.125
1532264798785249 9.25 -140.313 -23.0625
1532264798815169 -2.0625 -130.188 -11.875
1532264798861047 11.75 -98.6875 -9.3125
1532264798897948 7 -10.8125 -20.0625
1532264798927868 -50.375 67.625 -31.6875
1532264798965767 -68.8125 111.125 -44.6875
1532264798980727 -90.875 146.125 -60.25
1532264799048546 -111.938 210.75 -113.875
1532264799078466 -151.438 229.938 -109.875
1532264799108386 -229.75 209.063 -26.75
1532264799175215 -149.938 123.938 18.5625
1532264799205127 -199.125 91.8125 32.25
1532264799245020 -189.563 68.1875 32.9375
1532264799280923 -66.375 8.125 16.125
1532264799317832 -61.0625 -7.4375 15
1532264799355724 -7.3125 -8.75 -9.625
1532264799392626 -11.9375 -24.5625 5
1532264799430539 -10.5 -22.5 3.4375
1532264799475418 6 -22.25 1.75
1532264799513318 2.5625 -23 13.1875
1532264799558198 -5.375 -19.625 17.25
1532264799603077 -6.0625 -21.5 22.6875
1532264799619035 -18.25 -23.3125 28.3125
1532264799655936 -43.875 -33.75 38.6875
1532264799707798 -28 -31.0625 37.5625
1532264799745696 -29.125 -48.375 -10.1875
1532264799783594 -15.0625 -73.375 -36.8125
1532264799798554 5 -100.313 -63.5
1532264799820496 32 -117.563 -86.625
1532264799858395 103.188 -129.813 -53.6875
1532264799873355 95.6875 -135.375 -51.6875
1532264799903275 86.1875 -145.313 -69.0625
1532264799955136 118.313 -149.375 -70.375
1532264800015974 127.188 -148.75 -48.6875
1532264800082795 51.875 -99.125 -42.25
1532264800120693 27.375 -53.1875 -27.3125
1532264800150614 20.5625 -39.25 -15.6875
1532264800173552 12.25 -20.8125 -13.6875
1532264800210453 -12.6875 19.875 -5.375
1532264800255333 -23.5625 81.6875 37.3125
1532264800272288 -12.125 117.563 57.625
1532264800331130 16.375 193.938 112.25
1532264800361051 41.9375 222.813 140.5
1532264800420891 55.875 264.188 236.625
1532264800450811 25.4375 216.75 241.438
1532264800502672 35.4375 183.188 224.375
1532264800563509 53.125 151.25 209.063
1532264800593429 61.8125 119.813 200.813
1532264800653269 -1.625 12.5625 188.375
1532264800705131 36.125 -139.688 174.188
1532264800757989 20.9375 -228.25 172.375
1532264800802869 73.125 -260.313 142.063
1532264800870688 118.938 -226.188 134.938
1532264800945488 39.4375 -174.375 121.875
1532264801020288 5.3125 -78.0625 63.1875
1532264801043226 3.625 -31.0625 12.75
1532264801132986 -13.75 6 -14.8125
1532264801260645 -20.8125 2.875 -3.6875
1532264801335445 -75 -27.1875 7.625
1532264801425211 -128.75 -128.125 -35.25
1532264801471091 -115.625 -143.313 -75.25
1532264801515962 -114.063 -103.813 -68.4375
1532264801530922 -114.188 -99.75 -88.4375
1532264801552864 -84.8125 -94.5 -110.375
1532264801567823 -57.8125 -93.875 -126
1532264801629659 -105.188 -96.875 -98.4375
1532264801650602 -116 -75.0625 -65.5
1532264801688501 -6.5625 -47.4375 -56.875
1532264801725402 11.6875 -56.625 -49.75
1532264801755322 -19.4375 -63.375 -51.9375
1532264801800202 -103.75 -46.875 -17.3125
1532264801815162 -115.313 -32.1875 -9.75
1532264801845082 -26.0625 -7.3125 -7.875
1532264801875999 4.125 -5 -5.25
1532264801905919 13.8125 -6.625 -4.125
1532264801920879 0 -10.4375 0.25

1532264801950800 -31.8125 -14.3125 5.375
1532264801995679 -15.4375 -4.0625 -4
1532264802017621 -1.4375 0.4375 -6.6875
1532264802032596 7.875 2.5625 -4.9375
1532264802078458 8.5625 0.9375 -0.0625
1532264802093418 11.0625 1.1875 1.25
1532264802145279 10.875 4.25 -1.9375
1532264802160240 3.6875 5.25 -2.5625
1532264802205119 -5.4375 4 1.125
1532264802221092 -0.0625 3.3125 2.6875
1532264802250997 9.5625 4.25 3.3125
1532264802272938 12.375 4.875 3
1532264802295877 12 4 3.6875
1532264802317818 7 3.8125 2.75
1532264802340771 1.5 3.125 0.9375
1532264802355717 0.125 1.5625 -1.625
1532264802385636 0 0.25 -4.3125
1532264802408575 -2 -1.875 -6.3125
1532264802438495 -14.125 -4.9375 -7.5625
1532264802460436 -18.9375 -5.4375 -8.0625
1532264802483376 -20.75 -5.5625 -8.1875
1532264802520277 -21.625 -6.125 -7.3125
1532264802535237 -20.125 -5.9375 -7.0625
1532264802558176 -17.625 -5.4375 -6.125
1532264802573135 -10.9375 -2 -3.0625
1532264802595077 -9.75 -0.1875 -1.4375
1532264802625994 -6.5 1.5 -0.125
1532264802640954 0.6875 2.0625 0.8125
1532264802685834 7.5625 1.4375 0.375
1532264802707776 4.625 1.375 0.1875
1532264802737695 0.5 0.75 -0.25
1532264802760634 -4.75 0.375 -1.125
1532264802775601 -5.75 -0.0625 -0.3125
1532264802805514 -2.75 -0.625 0
1532264802820474 -3.25 0.0625 -1.875
1532264802858372 -1.875 0.9375 -1.1875
1532264802895274 -2.375 -0.25 0.625
1532264802925194 -5.125 1.1875 -0.3125
1532264802955114 -0.875 1.8125 -1.5625
1532264802986031 4.875 4.75 -1.25
1532264803000991 6.0625 12.375 -3.4375
1532264803037892 5.9375 33.5625 -3.5625
1532264803082772 51.1875 82.1875 10.875
1532264803097732 84.25 136.125 10.1875
1532264803135655 28.875 175.063 -0.3125
1532264803165575 -1.875 188.938 -14.875
1532264803195495 -19.9375 230.563 -80.3125
1532264803233394 -20.6875 253.438 -99.9375
1532264803278274 -8.875 280.188 -95.1875
1532264803338113 -23.5 292.938 -88.875
1532264803390973 -42.4375 293.063 -98.625
1532264803465772 1.5 117.688 -47.5
1532264803502673 35.125 71.9375 -43.5625
1532264803533607 39.4375 45.4375 -37.9375
1532264803600412 64.5625 -16.8125 10.5625
1532264803615372 81.5625 -29.1875 14.0625
1532264803683191 48.375 -29.8125 66.75
1532264803720092 12 -29.4375 49.875
1532264803736050 6.1875 -31.75 25.4375
1532264803757991 16.625 -28.6875 14.1875
1532264803802871 -16.9375 5.125 -10.5625
1532264803840786 -9.125 9.625 -14.5
1532264803877671 -8 12.9375 -15.25
1532264803915569 -18.3125 5.5625 -14.9375
1532264803975409 -44.5 -52.1875 -4.8125
1532264804050210 -81.0625 -95.5625 14.75
1532264804096087 -102.938 -120.063 36.3125
1532264804132988 -81.0625 -100 53.625
1532264804156924 15.8125 -113.063 44.6875
1532264804162908 79.3125 -146.938 52.875
1532264804192828 29.1875 -164.938 60.125
1532264804215767 -67.5625 -185.688 70.0625
1532264804260647 11.5625 -203 40.8125
1532264804291565 66.9375 -220.438 40.0625
1532264804305527 51.1875 -218.25 44.9375
1532264804320487 12.9375 -203.375 46.25
1532264804350407 -9.25 -190.5 42.25
1532264804373345 -11.25 -173.438 36.3125
1532264804395287 9.1875 -161.125 20.1875
1532264804418225 53.0625 -147.625 8
1532264804455127 -3.625 -118.75 -1.5625
1532264804478065 -17.125 -115.313 -9
1532264804530923 46.625 -111.938 -11.8125
1532264804553863 20.5625 -54.9375 3.5
1532264804605724 81.4375 27.625 7.25
1532264804635644 43.875 -17.4375 2.125
1532264804673559 -63.6875 -18 5.5
1532264804703463 -38.6875 10.125 -14.4375
1532264804763302 32.0625 49.6875 -11.1875
1532264804778262 46.4375 89.8125 -4.875
1532264804845083 -8.9375 226.375 -8.5
1532264804876001 24.4375 312.75 -47.75
1532264804890961 -1.6875 347.313 -80.875
1532264805085441 -40.0625 231.063 -114.188
1532264805145281 -26.3125 194.875 -108.75
1532264805423537 -0.8125 -9.4375 5.3125
1532264805483377 0.125 -32.1875 12.375
1532264805573136 7.9375 -100.938 -5.8125
1532264805625996 8.5 -197.313 -17.75
1532264805647937 -1.5625 -208.188 -9.4375
1532264805685836 -47.3125 -206.188 -19.9375
1532264805737697 13 -170 -26.5
1532264805835435 13.6875 -95.5 -9.5
1532264805865356 9.6875 -55.25 0
1532264805895275 -10.875 15.8125 -5.625
1532264805925196 -34.625 40.75 -5.0625
1532264805986033 -71.625 76.875 -28.125
1532264806007974 -99.625 132.375 -46.5625
1532264806037894 -179.75 169.688 -17.6875
1532264806082774 -190.438 169.438 -9
1532264806105713 -194.063 162.5 1.0625
1532264806173531 -116.25 114.313 25.375
1532264806196470 -106 87.25 36.3125
1532264806248332 -113.875 0.5 47.4375
1532264806293211 -59.0625 -3.8125 19.625
1532264806308172 -60 -8.25 16.625
1532264806361030 -16.5625 -17.6875 9.1875
1532264806382971 -17.4375 -18.75 10.3125
1532264806405910 -17 -18 7.4375
1532264806442812 -5.4375 -18.3125 4.5
1532264806465750 -1.0625 -19.625 2.3125
1532264806518608 -7.4375 -25.75 35.125
1532264806548528 -10.25 -28.75 41.4375
1532264806570470 -14.5625 -30.3125 40.5625
1532264806593409 -20.5 -35.9375 33.125
1532264806616354 -17.0625 -42.5 10.0625
1532264806630310 -9.5625 -58.1875 -29.125
1532264806645270 -1.625 -90.8125 -66.6875
1532264806683168 61.4375 -157.625 -78.8125
1532264806705109 119.5 -156.563 -86.75
1532264806736027 124.438 -160.313 -86.8125
1532264806795867 105.375 -175.563 -71.125
1532264806855707 72.875 -150.75 -64.1875
1532264806877648 56.3125 -112.063 -55
1532264806900587 88.125 -91.9375 -62.375
1532264806930507 47.0625 -82.8125 -57.875
1532264806975387 5.5 -43.625 -18.875
1532264807013286 8.5 -25.3125 -21.875
1532264807035227 18.75 -1.9375 -17.9375
1532264807096064 21 80.75 45.75
1532264807132971 89.4375 179.188 102.875
1532264807147926 109.5 204.5 120.438
1532264807177845 128.25 221.125 145.563
1532264807200784 142.125 228.125 162.875
1532264807252645 148.313 230.25 182.188
1532264807313482 126.563 219.875 199.125
1532264807365345 86.875 154.813 191.625
1532264807448127 51.625 56.25 152.25
1532264807500981 40.6875 18.625 142.25
1532264807582763 35.0625 -20.625 131.375
1532264807680502 1.875 -147.125 137.438
1532264807733360 -34.0625 -117.063 87.125
1532264807808160 5.25 -30.8125 24.0625
1532264807980724 -19.125 7.8125 -14.375
1532264808063478 -8.25 9.4375 -13.75
1532264808086416 2.125 2.25 -6.75
1532264808221056 -45.75 -22.875 9.625
1532264808266934 -66.4375 -60.1875 13.875
1532264808317798 -103.563 -93.3125 12.75
1532264808347718 -96 -154.75 -10.0625
1532264808423515 -95.1875 -165.813 -6.9375
1532264808468395 -91 -165.875 23.875
1532264808507299 -14.9375 -151.875 19.1875
1532264808520256 -17.4375 -156.063 14.875
1532264808573114 -50.875 -146.75 16.8125
1532264808618992 -47.5625 -135.875 19
1532264808662875 27.6875 -92.375 16.8125

1532264808692795 23.875 -81 18.1875
1532264808747648 1.0625 -56.0625 21.8125
1532264808805493 3.0625 -24.0625 9.6875
1532264808835413 0.8125 -14.625 8.6875
1532264808873311 -4.125 -6.5 6.9375
1532264808910213 -9.9375 11.4375 -0.5625
1532264808925173 2.3125 23.0625 -2.4375
1532264808978032 18.4375 45.0625 -14.125
1532264809045851 1.25 69.4375 -37.6875
1532264809090745 -66.4375 66.75 -44.0625
1532264809112672 -74.6875 63.8125 -45.375
1532264809143589 -52.75 68.75 -54.4375
1532264809188469 -46.8125 69.25 -59.625
1532264809233349 -49.5 65.875 -63.25
1532264809263269 -61.625 58.1875 -61.75
1532264809285211 -65.625 52.4375 -63.6875
1532264809308161 -62.5625 40.25 -63.75
1532264809330091 -61.6875 33.625 -66.875
1532264809361008 -58.8125 27.5625 -65.9375
1532264809382949 -55.625 21.5625 -60.5
1532264809420848 -60.625 9.0625 -56
1532264809442789 -58.75 6.5625 -52.5625
1532264809472709 -39.875 -4.3125 -47.75
1532264809495648 -37.8125 -20.375 -34.9375
1532264809510608 -36.5625 -27.3125 -24.6875
1532264809555488 -41.125 -25.625 -2.0625
1532264809585408 -42.5 -16.25 3.8125
1532264809600368 -30.8125 -4 4.4375
1532264809615328 -3.5 0.9375 2.3125
1532264809653226 13.25 -3.625 -4.4375
1532264809675182 13.3125 0.875 -3.1875
1532264809713066 7.1875 16.75 2.1875
1532264809742986 0.0625 27.875 8.875
1532264809757954 9.5625 40.5625 9.125
1532264809780886 35.5 55.625 4.125
1532264809795845 50.3125 68.9375 -6.25
1532264809825765 6 89.3125 -9.125
1532264809847707 -1.6875 109.125 -9.25
1532264809870645 -3.375 118.75 -20.75
1532264809885605 -8.375 136.188 -32.0625
1532264809908544 -30.875 167.938 -37.75
1532264809938464 -39.25 196.375 -47.8125
1532264809953424 -37.6875 224.438 -51.75
1532264809983346 -33.125 248.688 -56.875
1532264810020244 -30.1875 287.813 -74.0625
1532264810066122 -35.75 295.5 -70.25
1532264810103033 -49.375 287.188 -66.1875
1532264810132944 -18.25 226.438 -70.8125
1532264810170843 -13.9375 195.813 -57.125
1532264810192783 -14.3125 165.625 -47.6875
1532264810207744 -10.875 139.563 -47.75
1532264810253620 24.9375 66.1875 -11.4375
1532264810283540 22.8125 46.625 -2.75
1532264810335402 25.0625 30.5625 3.125
1532264810350362 35.5625 15.6875 13.375
1532264810418180 52.0625 -31.3125 42.9375
1532264810448101 56.75 -35.4375 36.8125
1532264810492981 44.8125 -38.9375 39.125
1532264810627621 28.9375 -32.25 13.125
1532264810635599 25.75 -24.1875 5.125
1532264810673498 3.75 -7.4375 -8.0625
1532264810733338 4.6875 5.25 -9.25
1532264810763258 -5.1875 -7.375 -0.25
1532264810786197 -8.1875 -31.5 -6.3125
1532264810800159 -43.4375 -43.25 -10.8125
1532264810831077 -80.6875 -62.5625 -14.875
1532264810912858 -100.938 -107.688 -17.625
1532264810935797 -83.3125 -132.063 -23.4375
1532264810995636 -20.3125 -203.563 -14.625
1532264811033535 -24.8125 -213.563 11.75
1532264811055479 -7.5 -205.313 21.0625
1532264811093375 14.25 -188.688 31.5625
1532264811145237 16.75 -175.938 35.8125
1532264811175157 11.875 -160.875 30.1875
1532264811228015 46.3125 -140.438 43.4375
1532264811265914 39.5 -110.813 34.25
1532264811295833 47.0625 -75.75 33.4375
1532264811310793 50.625 -61.4375 33.1875
1532264811362655 51.4375 -47.6875 17.125
1532264811394569 42.75 -48.3125 10.125
1532264811415514 26.75 -52.75 5.25
1532264811453413 24 -53.5 2.25
1532264811483332 28.3125 -56.6875 0.5
1532264811513253 7.5625 -44.9375 6.5625
1532264811543173 5.4375 15.8125 11.4375
1532264811588052 22 4.875 3.625
1532264811603013 -2.5625 3 2.6875
1532264811640911 -47.375 18.4375 4.0625
1532264811662852 -36.375 36.8125 3.1875
1532264811700750 7.375 67.875 -5.3125
1532264811730671 3.5 89.4375 -4.8125
1532264811768570 -19.3125 123.75 -8.6875
1532264811783529 -22.4375 135.125 -12.625
1532264811828410 -4.8125 158 -33.75
1532264811858341 -1.875 157.875 -41.3125
1532264811895231 -30.8125 154.688 -27.375
1532264811918170 -36.625 146.5 -30.9375
1532264811985988 -16.0625 108.75 -33
1532264812000948 -10.6875 85.75 -29.25
1532264812045828 -9.1875 29.1875 -13.0625
1532264812150549 9.25 -2.1875 -38.75
1532264812203407 -10.375 15.1875 -30.5625
1532264812256266 -10.125 15.375 -26.1875
1532264812278207 -16.6875 16.8125 -17.0625
1532264812331066 -26 11.25 -17.5625
1532264812397887 -31.6875 13.125 -17.625
1532264812442767 -38.375 29.8125 -42.625
1532264812495625 -50.6875 51.5625 -51
1532264812638244 -235.5 147.438 10.375
1532264812675146 -270.563 151.188 26.9375
1532264812713044 -269 128.813 42.5625
1532264812735983 -241.813 104.25 45.6875
1532264812787844 -49.625 50.5 40.3125
1532264812817764 -27.375 42.125 34.125
1532264812832724 -29.8125 28.625 28.125
1532264812893562 -14.8125 1.5 3.25
1532264812916500 -2.3125 -9.3125 3.625
1532264812947417 -5.5 -18.875 4.625
1532264812961380 -15.375 -19.5 7.5
1532264813007258 6.125 -21.8125 4
1532264813043161 7.625 -24.8125 4.125
1532264813081060 -11.25 -26.75 6.8125
1532264813110980 5.3125 -41 12.375
1532264813133936 17.8125 -47 26.625
1532264813162841 9.8125 -44.125 52.8125
1532264813192761 -13.125 -46.9375 54.75
1532264813215700 -22 -58.8125 33.6875
1532264813237641 -9.25 -93.4375 3.75
1532264813320420 115 -160.125 -76.25
1532264813388238 103.063 -178.813 -37.1875
1532264813418159 104.563 -171.25 -55.9375
1532264813448078 49.6875 -154 -10
1532264813463039 81.875 -119.75 -56.6875
1532264813507918 9.4375 -69 -30.75
1532264813530857 -7.5625 -46.5 -30.9375
1532264813567759 2.125 -28.0625 -13.75
1532264813590697 5.375 -15.1875 -7.8125
1532264813605657 -0.9375 7.8125 -3.5625
1532264813673475 5.3125 69.25 37.75
1532264813725337 10.5 96.0625 59.5625
1532264813764233 78.6875 191.75 118.875
1532264813838036 97.125 226.625 188
1532264813852996 99.125 217.313 196.813
1532264813897876 95.875 202.688 203.625
1532264813965694 101.938 144.125 202.375
1532264814085374 -4.5625 -65.125 148.688
1532264814138233 8.375 -179.938 132.25
1532264814242953 55.5 -177.063 129.688
1532264814302807 100.938 -160.75 89.5
1532264814528196 -3.3125 -2.6875 -11.8125
1532264814685769 -24 -14.375 3.375
1532264814730649 -28.5625 -18.5625 9.0625
1532264814768547 -46.125 -27.4375 13.5625
1532264814820409 -100.563 -61.0625 12.0625
1532264814858307 -152.875 -119.813 -16
1532264814910169 -141.5 -147.5 -42.125
1532264814985966 -78.5 -152.438 -62.9375
1532264815052788 -105.625 -118.938 -39.875
1532264815082707 -88 -88.1875 -52.25
1532264815143545 -63.125 -69.5 -93
1532264815188425 -42.5 -32.9375 -74.0625
1532264815203384 -22.75 -38.8125 -75.3125
1532264815226337 -13.9375 -45.875 -70.8125
1532264815248265 -15.9375 -46.3125 -62
1532264815285166 -27.0625 -48.0625 -57
1532264815323065 -67.0625 -58.125 -36

1532264815427785 20.5625 12.0625 -11.9375
1532264815450723 25.3125 -0.125 -5.375
1532264815540498 -37.375 -15.125 9.5625
1532264815585363 -4.5 -3.25 -1
1532264815615283 13.125 2.3125 0.1875
1532264815668141 15.4375 2.125 7.3125
1532264815691080 23.8125 1.125 6.875
1532264815706040 25.875 0.75 6.3125
1532264815750920 10.5 -0.875 5.1875
1532264815780841 5.375 -0.1875 2.875
1532264815802790 2.6875 -1.6875 0.4375
1532264815855641 -0.375 -9.25 -7.0625
1532264815870601 -8.625 -8.8125 -9.75
1532264815908499 -31.8125 -2.1875 -19.75
1532264815923459 -37.625 -1.6875 -20.75
1532264815968339 -32.0625 5 -4.625
1532264815990281 -10.75 13.9375 -0.3125
1532264816043139 7.75 1.8125 12.3125
1532264816081038 -6.25 -0.375 21.0625
1532264816110957 9.0625 8.875 31.0625
1532264816125918 23.4375 11.625 21.0625
1532264816155838 6.5625 3.875 20.9375
1532264816170797 -13.625 -1.375 23.0625
1532264816246610 -18.5625 -8.4375 20.5
1532264816290480 -15.1875 -14.3125 19.4375
1532264816343337 -5.25 39.0625 25.6875
1532264816418136 -30.25 90.3125 12
1532264816433096 -51.375 109.938 12.25
1532264816456035 -65 132.25 16.875
1532264816470995 -58.625 143.063 18.6875
1532264816515874 -63.625 140 5.375
1532264816545795 -75.9375 138.813 -4.6875
1532264816582696 -98.4375 135.5 0.375
1532264816597656 -81.25 127.438 9.9375
1532264816612616 -23.8125 126.188 13.9375
1532264816733294 31.25 107.563 34
1532264816785155 58.3125 234.563 3.125
1532264816808094 2 295.438 -29.8125
1532264816838014 -30.375 274.938 -36
1532264816867934 -24.25 249.5 -43.125
1532264816905832 18.125 188.125 -62.5625
1532264816920792 20.0625 161.688 -43.5
1532264816935752 16.6875 131.813 -32.125
1532264816950712 12.0625 100.625 -33.4375
1532264816995593 55.3125 51.25 -17.8125
1532264817025512 56.25 47.5 -15.3125
1532264817048451 69.3125 29.3125 -8.625
1532264817242931 12.25 10.6875 39.75
1532264817265869 37.75 8.875 45.625
1532264817408488 13.125 10.375 -21.5625
1532264817453368 23.5 -1 -26.375
1532264817513208 -29.9375 -51.875 -34.375
1532264817558096 -31.8125 -67.875 -34.625
1532264817566066 -42.6875 -86.625 -26.6875
1532264817670787 15.1875 -190.375 8.0625
1532264817730626 17.375 -254.563 53.0625
1532264817745587 82 -301.688 15.875
1532264817768525 92.125 -287.25 7.8125
1532264817798453 43.125 -235.438 41.8125
1532264817820386 19.9375 -232.563 18.75
1532264817858285 -51 -168.375 59.8125
1532264817880226 -59.4375 -138.625 58
1532264817926104 41.875 -101.125 60.6875
1532264818000903 66.375 -44.875 42.6875
1532264818060744 -7.125 -2.6875 40.25
1532264818105624 38.8125 5.625 25.9375
1532264818135543 43.6875 4.5 29.125
1532264818188403 -2.1875 6.5625 20.25
1532264818218322 -15 6.4375 19.1875
1532264818248243 -28.125 15.3125 19.8125
1532264818323043 -1.75 62.9375 19
1532264818435741 -45.4375 139.813 -7.375
1532264818465661 -0.5 156.438 -42.75
1532264818487603 -12 143.5 -57.5
1532264818555421 -42.6875 88.875 -81.0625
1532264818668120 -99.5625 35.4375 -107.313
1532264818727960 -29.8125 -16.875 -78.25
1532264818787800 18.3125 -33.125 -1.9375
1532264818802760 24.5 -35 0.5625
1532264818945378 12.5625 -12.375 5.5625
1532264818968317 -22.5625 32.375 -5.75
1532264819043117 -89.5 54.5 -41.9375
1532264819200695 -272.063 89.25 113.188
1532264819245576 -132.688 55.5 89.125
1532264819268513 -83.1875 44.25 67.4375
1532264819298435 -106.125 14.8125 44.6875
1532264819328354 -88.4375 11.6875 31.125
1532264819395175 -29.5 -17.6875 11.1875
1532264819448034 -12.6875 -16.25 -7
1532264819507880 -6.875 -17.75 -7.75
1532264819552753 -5 -15.9375 -4.5625
1532264819612594 15.1875 -14.1875 20.875
1532264819635533 8 -9.75 33.9375
1532264819688391 34.75 -34.6875 50.625
1532264819710332 28.5 -45.5 30.1875
1532264819725293 17.875 -58 14.125
1532264819748231 44.6875 -77.8125 -0.4375
1532264819770173 51.375 -112.375 -28
1532264819800092 44.625 -170.313 -77.75
1532264819823031 72.25 -171 -67.6875
1532264819852951 81.25 -181 -73.375
1532264819875907 81.625 -188.563 -89
1532264819927751 55.5 -157.563 -69.25
1532264819942711 50.3125 -159.5 -67.0625
1532264819988588 92 -116.875 -61.625
1532264820078349 80.8125 -117.938 -58.6875
1532264820093309 57.4375 -106.188 -55.75
1532264820115250 54.4375 -77.3125 -55.3125
1532264820153149 -12.9375 -5.375 -17
1532264820198045 -13.375 9.6875 -12.875
1532264820235927 -18.125 49.9375 14
1532264820250887 22.3125 114.188 58.875
1532264820272829 54 153.438 90.625
1532264820287788 72.375 186.563 115.813
1532264820302749 90.1875 210.125 142.813
1532264820370567 162.313 245.125 186.125
1532264820400487 191.125 252.375 204.688
1532264820460328 143.375 231.375 229.438
1532264820483266 122 201.188 220.313
1532264820558066 37.1875 20.625 179.188
1532264820602946 16.75 -23.75 160.063
1532264820655804 15.75 -143.688 155.375
1532264820677745 25.6875 -163.438 161.5
1532264820723625 28.25 -196.625 178.125
1532264820790444 121.875 -194.125 134.313
1532264820835325 -90.125 -106.875 72.6875
1532264820880204 -2.5 -18 14.0625
1532264820933063 0.375 2.875 -5.625
1532264820962982 -6.8125 6.875 -14.875
1532264821090648 -8.6875 9 -13.875
1532264821158461 -7.25 -1.1875 -7
1532264821180402 -2.5 -6.3125 9
1532264821210322 -15.6875 -18.5625 18.4375
1532264821225282 -26.625 -25.4375 20.3125
1532264821263180 -39.25 -34.75 20.125
1532264821301079 -58.1875 -45.75 18.125
1532264821337980 -88.5625 -58.625 13.25
1532264821360918 -160.688 -76.3125 -2.5
1532264821390839 -181.813 -87.25 -5.875
1532264821435718 -150.313 -105.75 -78.375
1532264821488577 -92.5625 -134.625 -87.25
1532264821503538 -105.375 -123.313 -89.4375
1532264821525479 -105.813 -115 -110.625
1532264821555398 -110.563 -108.563 -133.125
1532264821570359 -102.938 -94.625 -122
1532264821585319 -85 -77.8125 -92.8125
1532264821615239 -70.5625 -69.9375 -107.938
1532264821638177 -61.625 -55.3125 -99.8125
1532264821691036 -35.6875 -35.0625 -69.0625
1532264821780797 -12.9375 -27.25 -62.3125

1532264821840637 -10.4375 -25.8125 -71.375
1532264821953514 -31 -19.4375 -5.875
1532264821968475 -31.3125 -20.0625 -6.0625
1532264821983435 -29.0625 -22.875 -5.5625
1532264822020336 -22.625 -24.1875 -1.4375
1532264822044272 -20.4375 -24.9375 2.125
1532264822058235 -17.125 -22.9375 5.3125
1532264822080176 -20 -22 8.0625
1532264822103114 -26.75 -21.1875 9.1875
1532264822133034 -29.875 -19.4375 8.3125
1532264822155973 -31.6875 -14.125 9.6875
1532264822185893 -11.5 3.875 7.875
1532264822207835 -1.6875 8.8125 1.3125
1532264822230773 7.125 9.5 -2.0625
1532264822260693 7.75 7.6875 -6.375
1532264822282635 7.125 3.6875 -11.6875
1532264822328512 0 -5.8125 -13.4375
1532264822410293 -18 11.75 6
1532264822448192 -6.5 25.75 4.1875
1532264822470133 27.0625 15 -3.625
1532264822516010 -18.8125 5.0625 1.25
1532264822537952 -8.8125 3.4375 1
1532264822627712 10.3125 0.3125 1.8125
1532264822650650 13 -0.6875 4.1875
1532264822703509 7.375 -1.875 9.625
1532264822755371 6.875 -3.6875 11.4375
1532264822785290 5.375 -3.875 11.125
1532264822853109 0.5 -0.8125 7.5
1532264822891007 -1.5625 -0.375 4.5625
1532264823040609 -2.5625 7.75 -2.5625
1532264823153307 -5.8125 172.75 -32.8125
1532264823198186 -21.375 202.75 -41.5625
1532264823220127 -36 259.188 -33.5625
1532264823272986 -34.8125 278.688 -45.1875
1532264823295925 -27.3125 305.75 -67.75
1532264823385685 -26.125 303.313 -67.9375
1532264823407629 -66.125 246.938 -57.4375
1532264823445525 -49.5 232.438 -52.3125
1532264823475445 9.1875 116.5 -27.5625
1532264823498384 16.8125 93.5 -10
1532264823505365 17.1875 72.75 -6.1875
1532264823528303 20.4375 52.5 -1.4375
1532264823573184 25.375 36.75 7.75
1532264823588143 32.125 25.5 19.125
1532264823677904 44.5625 -1.3125 26.8125
1532264823707824 33.5625 -8.1875 30.9375
1532264823820522 17.5 -7.625 8
1532264823850442 -1.375 -9.25 0.75
1532264823888340 1.6875 -7.375 -3.8125
1532264823948181 -0.9375 2.125 -12.0625
1532264824001039 3.125 -2 -7.5625
1532264824052901 -3.5 -7.0625 -6.1875
1532264824090800 -43.125 -45.3125 1.375
1532264824142661 -90.4375 -131.875 5.0625
1532264824188538 -95.625 -165.813 2.375
1532264824210479 -79.625 -236.188 10.1875
1532264824240408 25.5 -300.125 34.875
1532264824255359 62.4375 -297.063 57
1532264824270320 57.125 -285.813 63.8125
1532264824293258 57.9375 -270.938 54.875
1532264824315199 67.9375 -252.75 44.75
1532264824330159 53.625 -204.938 56.8125
1532264824368058 30.6875 -165.5 57
1532264824427898 47.0625 -139.438 -9
1532264824435877 16 -111.375 11.125
1532264824480757 -29.4375 -60.6875 -1.25
1532264824502698 35.8125 -49 -4.1875
1532264824533615 34.25 -47.9375 -4.625
1532264824555557 0 -39.8125 -4.1875
1532264824570517 -8.9375 -38.375 -3.1875
1532264824600437 7.9375 -38.8125 -2.6875
1532264824630356 15.8125 -38.6875 -6.625
1532264824668255 18.3125 -37.6875 -10.0625
1532264824698175 -0.1875 -46.125 -12.4375
1532264824772975 -65.4375 -37.75 1.25
1532264824802894 -48.625 1.375 22.3125
1532264824817854 1.125 11.9375 13.9375
1532264824825834 74.0625 -7.6875 -5.0625
1532264824862735 45.25 -14.25 -0.8125
1532264824907619 -1.125 -8.5625 -0.9375
1532264824983412 -16.6875 4.25 0
1532264824998373 -2.625 1.5 -3
1532264825013342 5.9375 -0.125 -4.75
1532264825028292 9.3125 3.75 -2.75
1532264825096111 -13.6875 63.375 3.8125
1532264825133013 -11.9375 85.5 -4.9375
1532264825155951 -0.5625 131.625 -24.5625
1532264825200831 -21.125 151.75 -22.1875
1532264825215791 -46.3125 160.5 -18.75
1532264825230751 -55.0625 166.75 -24.5625
1532264825275631 -53.625 171.875 -39.5625
1532264825328489 -20.25 138.688 -63.5625
1532264825350431 -22.625 116.625 -65.1875
1532264825388329 -57.8125 92.0625 -57.4375
1532264825463130 -40.4375 40.1875 -27.9375
1532264825597770 2.5 2.6875 -18.9375
1532264825657619 -50.625 -4.875 -23.3125
1532264825793248 -167.625 101.75 -26.625
1532264825868047 -246.75 150.063 -26.5
1532264825920906 -115.188 136.563 17.375
1532264825965785 -114.188 103.563 50.875
1532264826011663 -127.938 32.4375 112.813
1532264826048563 -13.4375 8.5625 88.5625
1532264826063524 -5.9375 -5.0625 61.75
1532264826085465 -34.875 4.375 21.5
1532264826100425 -16.75 2.875 8.5625
1532264826138324 -16.5625 -13.5625 3.5625
1532264826168244 -13.8125 -13.8125 -4.5
1532264826295903 -0.8125 -16.6875 17.6875
1532264826340784 -13.875 -19.6875 32.625
1532264826362724 1.75 -25.5625 37.75
1532264826423561 2.5625 -62.4375 11.875
1532264826580143 102.375 -184.625 -100.188
1532264826618041 106.375 -183.625 -71.75
1532264826685859 81.1875 -113.375 -46.5
1532264826722760 56.9375 -69.625 -32.75
1532264826737721 33.4375 -56 -12.5625
1532264826775620 3.1875 -33.75 -5.375
1532264826790580 2.9375 -21.5625 -2.3125
1532264826805539 10.125 -9.3125 3.8125
1532264826828478 -1.25 5.25 8.4375
1532264826850420 -13.9375 18.125 11.0625
1532264826865380 -6.375 37.5 29.625
1532264826895299 21.3125 86 71.1875
1532264826910260 46.0625 119.375 86.75
1532264826933199 71.3125 151 105
1532264826970099 93.875 172.813 131.438
1532264826986058 107.125 185.25 163.438
1532264827045897 139.875 200.25 208.25
1532264827067838 157.563 196.688 207.313
1532264827105737 167.188 187.938 208.125
1532264827127678 166.75 164.188 202.375
1532264827157598 136.75 146.938 180.875
1532264827210457 55.25 97.125 151.938
1532264827263316 70.4375 64.5 163.875
1532264827293236 44.4375 -66.125 170.688
1532264827361054 29.3125 -247.688 214.5
1532264827427876 81.5625 -151.563 93.5625
1532264827480734 -94.375 -29.8125 24
1532264827548552 17.375 -6.0625 1.75
1532264827563513 0.9375 -7.125 0.8125
1532264827608394 -6.25 -8.5 -6.75
1532264827660254 -12.125 1.1875 -14.1875
1532264827683192 -10.3125 5.875 -12.6875
1532264827736052 -7.1875 7.1875 -11.5
1532264827840771 -5.875 0.6875 -4.375
1532264827990372 -29.375 -14.0625 18.1875
1532264828028278 -72.25 -44 22.875
1532264828058191 -95.875 -93.25 -10.25
1532264828095091 -129.688 -126.313 -28.1875
1532264828118030 -141.313 -132.563 -43.0625
1532264828147951 -110.063 -126.063 -41.625
1532264828177870 -72.9375 -108.875 -16.625
1532264828200809 7.0625 -74.375 -0.6875
1532264828222750 26.125 -70.9375 -12.8125
1532264828253667 -5.75 -79.25 -42.75
1532264828314505 -29.1875 -73.375 -43.4375
1532264828358388 -40.5 -67.875 -34.5
1532264828410249 -54.125 -59.6875 -48.375
1532264828425209 -36.75 -48.1875 -40.125
1532264828493027 -35.5625 -32.25 -31.375
1532264828515966 -14.75 -24.8125 -23.5625
1532264828545886 -9.75 -17 -30.0625

1532264828605726 2.125 -3.625 3.3125
1532264828636643 21.125 -0.625 -1.6875
1532264828666564 23.6875 0.625 0.75
1532264828710446 -2.25 2.25 1.1875
1532264828740379 -13.125 1.75 0.875
1532264828800206 -8.4375 1.5625 -8
1532264828823145 -23.4375 4.25 -11.4375
1532264828905923 -29.8125 11.3125 -8.25
1532264828942825 -17.75 11.0625 -17.6875
1532264828995683 -38.625 -5.0625 -29.0625
1532264829025603 -44.3125 -15.375 -36.625
1532264829108382 -58 -20.0625 -40.5625
1532264829168222 -67.5 -17.8125 -37.25
1532264829236041 -49.5 -16.875 -39.25
1532264829362702 -62.0625 -33.375 -15.125
1532264829393620 -57.4375 -28.5 -8.25
1532264829438500 -8.5 -12.375 5.0625
1532264829490361 10.875 -1.75 7.75
1532264829565161 38.125 1.9375 5.875
1532264829625997 -7.5625 -4.9375 8.0625
1532264829670878 -0.4375 2.25 3.5
1532264829715758 12.8125 2.8125 7.75
1532264829880318 0.125 3.75 2.125
1532264829903256 -19.9375 -2.4375 -1.6875
1532264830007993 -12.4375 -3.1875 -0.3125
1532264830195475 68.8125 72.8125 -3.5
1532264830285235 51.9375 102.313 -19.5
1532264830375992 -33.875 275.875 -75.625
1532264830472733 -9.4375 80.5625 -25.9375
1532264830510632 52.0625 35.875 -1.5625
1532264830563491 10.0625 15.25 29.6875
1532264830600392 7.5625 13.875 32.625
1532264830713091 -12.0625 -13.375 -0.0625
1532264830757971 -1.3125 -3.125 -8.5625
1532264830870674 -9.125 -6.25 2.4375
1532264830938488 -13 -12.8125 9.9375
1532264831088088 -13.3125 -270.563 78.6875
1532264831125986 -2.375 -281.313 81.625
1532264831140947 25 -275.75 73.25
1532264831162888 27.25 -257.563 50.75
1532264831192808 32.1875 -188.813 24.25
1532264831230707 9.75 -131.625 29.4375
1532264831328445 13.125 -107 2.75
1532264831343405 22.6875 -81.25 -5.8125
1532264831373325 19.125 -63.375 -7.625
1532264831433165 -1.9375 -35.0625 -8.375
1532264831448125 -11.6875 -31.75 0
1532264831478045 -3.9375 -17 -1.0625
1532264831605704 -9.6875 -8 1.125
1532264831695464 -5.3125 -10.4375 0.6875
1532264831733362 -2.4375 -7.6875 0.9375
1532264831800184 -18.4375 20.25 -3.25
1532264831808162 -16.625 48.8125 1.8125
1532264831838082 0 102.75 2
1532264831853042 -30.9375 128.625 2.375
1532264831927842 -33.875 197.625 -12.8125
1532264831972722 -17.75 187.75 -45.5625
1532264832055501 -85.75 106.125 -48.625
1532264832070461 -62.1875 63.75 -62.875
1532264832085421 -37.625 34.4375 -55.25
1532264832115341 -16.75 -17.5 -41.3125
1532264832175181 -2.5625 -29.125 -27.5625
1532264832280898 3.75 -16.9375 -0.1875
1532264832317799 -9.1875 6.875 -10.3125
1532264832362680 -16.3125 57.375 -78.9375
1532264832393597 -25.9375 102.813 -121.375
1532264832445458 -194.688 154 -131.688
1532264832475378 -269.438 152.813 -85.5
1532264832528237 -228.438 149.25 -40.5625
1532264832558157 -177 109.75 5.375
1532264832573116 -158.625 103.438 14.625
1532264832596055 -95.625 57.75 36.125
1532264832617997 -117.375 18.4375 50.5
1532264832662877 -150.5 -2.9375 71.5
1532264832692797 -103.75 7.3125 37.875
1532264832722717 -20.4375 -5 11.3125
1532264832798514 -27.625 -11.125 5.875
1532264832843394 19.375 -20.3125 9.875
1532264832940148 -23.625 -37.125 42.3125
1532264832971053 -1.8125 -47.5 39.4375
1532264833097723 41.8125 -198.25 -86.6875
1532264833158551 118.625 -163.75 -56.4375
1532264833173511 106.75 -153.625 -46.125
1532264833233351 42.9375 -110.25 -40.375
1532264833278232 83.4375 -68.1875 -35
1532264833315143 39.125 -37.875 -36.125
1532264833338071 10.875 -29.5625 -14.4375
1532264833375969 -1.0625 0.875 -11.25
1532264833405890 9.1875 8.6875 -7.5
1532264833457752 -31.4375 37 13.1875
1532264833495650 -36.4375 68.875 35.8125
1532264833518608 -7.5625 98.0625 66.6875
1532264833555490 50.25 159.75 118.375
1532264833585410 71.75 182.5 141.75
1532264833660210 81.125 201.5 190.375
1532264833945447 40.3125 5.75 175.438
1532264834005287 52.875 -118.688 157.75
1532264834096044 9.0625 -195.438 148.938
1532264834147906 89.625 -131.25 65.875
1532264834177826 -10.75 -85.8125 52.1875
1532264834252626 14.9375 -39.0625 -0.0625
1532264834336413 10.8125 -9.9375 -14.375
1532264834358342 -3.5625 2.6875 -19.5
1532264834418183 6.3125 8.5625 -18.0625
1532264834545842 -23.8125 1.6875 -2.9375
1532264834575761 -37.375 -1.0625 6.875
1532264834612663 -61.0625 -15.5625 13.75
1532264834635601 -112.875 -44.75 -6.3125
1532264834665521 -142.938 -82 -28.0625
1532264834680482 -154.563 -105.625 -40.3125
1532264834725362 -161.625 -142.563 -74.8125
1532264834755281 -149.438 -156.25 -95.6875
1532264834793180 -70.875 -151.875 -102.688
1532264834816119 -85.625 -140.5 -101.25
1532264834875959 -51.5 -115.938 -104.875
1532264834912860 -80 -119.75 -111.313
1532264834972700 6.25 -84.875 -67.125
1532264834987659 38.875 -92.9375 -67.0625
1532264835018577 -73.875 -90.125 -17.9375
1532264835063457 -115.875 -7.875 2.5625
1532264835115319 34.3125 -1.3125 -17.125
1532264835153217 -9.6875 -34.1875 -8.9375
1532264835183137 -115.875 -39.375 3.9375
