1532257113409032 -1.25 -0.9375 5.125
1532257113428978 11 0.1875 3.875
1532257113458898 14.125 0.6875 3.0625
1532257113484860 1.0625 3.125 0.1875
1532257113541707 2.9375 2.5625 -0.5625
1532257113559659 3.375 2.375 -0.625
1532257113594566 4.25 1.5 -0.9375
1532257113617520 2.1875 0.4375 0.75
1532257113631467 3.6875 0.4375 2.1875
1532257113656401 6.8125 0.125 2.625
1532257113677344 8.0625 -0.4375 2.1875
1532257113684326 6.9375 -1.375 2
1532257113709259 3.5625 -1.8125 0.625
1532257113732198 -3.1875 -1.25 -1.625
1532257113785057 5.0625 -1.5 -0.8125
1532257113818967 26.25 1.5625 -4.0625
1532257113851878 16 -1.4375 -2.5
1532257113871824 1.875 0.3125 -0.25
1532257113894762 -4.4375 7.125 -1.5
1532257113924683 -0.375 5 -4.4375
1532257113946625 6.1875 4.0625 -7.875
1532257113969563 3.375 3.3125 -6.6875
1532257113984547 1.25 3.375 -4.6875
1532257114021424 -17.25 19.875 -1.1875
1532257114097222 -45.625 93.125 -17.625
1532257114137115 -62.4375 138.313 -29.625
1532257114149083 -82.875 162.125 -30.125
1532257114208922 -48.25 185.313 -8.875
1532257114366501 -87 160.25 -19.9375
1532257114404400 -96.9375 119.125 -25.6875
1532257114419361 -98.625 81.5 -41.3125
1532257114479200 -76.9375 63.9375 -42.8125
1532257114509120 -73.5625 58.625 -44.25
1532257114539040 -64.625 57.0625 -50.75
1532257114583919 -68.9375 43.1875 -43.25
1532257114621819 -45.75 39.3125 -43.3125
1532257114636785 -28.4375 32.625 -39.25
1532257114704603 -16 22.875 -33.25
1532257114741504 -5.4375 19.8125 -24
1532257114764444 4.875 27.75 -16.125
1532257114794364 17.5625 31.625 10.9375
1532257114846239 14.9375 32.25 14.3125
1532257114862203 4.3125 26.3125 16.375
1532257114877156 6.375 22.25 16.25
1532257114899097 1.375 21.25 19.4375
1532257114914058 3.8125 19.25 13.1875
1532257114966916 -1.125 12.3125 13.875
1532257114996836 -4.5625 8.125 16.4375
1532257115018778 -2.9375 6.875 13.125
1532257115041716 5.0625 4.875 8.6875
1532257115064670 3.5 1.8125 7.625
1532257115079615 5.3125 -1.3125 1.875
1532257115109535 11.5 -6.0625 -4.125
1532257115124495 12.75 -9.75 -10.625
1532257115139462 16.125 -13.375 -15.6875
1532257115184335 16.6875 -15.3125 -17.625
1532257115199295 25.125 -16.25 -21.125
1532257115221236 38 -21.3125 -24.875
1532257115282074 70.125 -36.25 -28.1875
1532257115348895 92.1875 -48.0625 -31.625
1532257115393775 115.063 -51.5 -29.3125
1532257115454612 121.313 -70.875 -39.0625
1532257115529411 163.75 -130.625 -25.5
1532257115619172 83.8125 -116.5 4.8125
1532257115672031 89.5625 -104.813 0.0625
1532257115723892 29 -38.5625 1.8125
1532257115761791 -17.25 7.375 0.6875
1532257115806671 -20.3125 4.5 8.4375
1532257115859529 0.4375 -2.375 10.3125
1532257115896430 6.1875 -2.5 12.5
1532257115949289 4.3125 -3.5625 16.625
1532257115964249 7.125 -8.0625 22.1875
1532257116017108 17.5 -5.5 21.375
1532257116061988 -11.6875 -5.375 28.5625
1532257116121828 -32.6875 6 28.4375
1532257116136787 -46.75 13 30
1532257116219567 -62.3125 23.75 39.1875
1532257116294366 -87.8125 35.5 43.875
1532257116429006 -82.5625 30.0625 40.75
1532257116541705 -44 25.875 26.375
1532257116759124 -7.8125 17.3125 41.6875
1532257116797022 11.5 8.5625 41.3125
1532257116841902 26.8125 12.0625 42.5
1532257116856862 17.5625 13.375 38.25
1532257116901760 -3.5 11.5 22.8125
1532257116946622 25.8125 15.5 16.5
1532257116976543 30.5625 16.8125 12.5
1532257117021422 -9.8125 15.1875 -34.25
1532257117066302 -2.9375 -6.8125 -16.5625
1532257117096222 -5.4375 -10.0625 -39.625
1532257117238841 -18.8125 -21.9375 -28.5
1532257117351540 -5.75 -20.1875 -43.75
1532257117374478 -5.5625 -11.875 -42.5
1532257117419358 -15.5 -2.4375 -19.6875
1532257117449278 0 7.5 15.4375
1532257117472234 3.5625 1.8125 11.5
1532257117539037 2.875 -5.3125 0.6875
1532257117576937 1.3125 -5.5 -9.3125
1532257117621817 -2.5 -10.5625 -17.8125
1532257117726537 11.9375 -10.75 -21.9375
1532257117846216 8.0625 -9.4375 -20.25
1532257117884115 -3.4375 -4.4375 -12.4375
1532257117899075 -1.0625 0.0625 3.375
1532257117928995 -8.4375 4.125 11.5
1532257117973875 3.1875 2.125 4.875
1532257118011774 4.0625 -0.4375 1.4375
1532257118026734 5.3125 -1.5 -5.0625
1532257118064633 4.6875 -0.8125 -7.625
1532257118094552 4.5 -2.3125 -14.9375
1532257118199273 5.3125 -2.125 -16.625
1532257118267091 5.5625 -2.125 -16.75
1532257118363833 2.1875 1.875 -0.75
1532257118401742 -2.625 1.125 5.3125
1532257118454590 -0.5625 -2 2.0625
1532257118484510 -5.0625 -1.9375 2.3125
1532257118559309 -4.4375 -2.3125 -0.4375
1532257118693950 7.8125 -2.75 -5.3125
1532257118776728 2.25 -1.6875 -5
1532257119121806 3.8125 -3.9375 -7.0625
1532257119354184 32.25 4.625 -60.5
1532257119571602 56.4375 13.6875 -10.3125
1532257119826920 -8.125 17.6875 16.1875
1532257119848861 -8.5 18.4375 20.3125
1532257119954579 -0.25 26.9375 21
1532257119969539 5.625 34.9375 29.375
1532257120006440 -134.5 -86.0625 -119.063
1532257120029378 -51.8125 -31.375 -80.75
1532257120051321 69.8125 -41.5625 -27.625
1532257120119152 -0.1875 4.6875 15.5
1532257120171997 -16.8125 27.75 25.5
1532257120291686 -28.875 46.3125 43.6875
1532257120396397 -92.125 93.5 104.5
1532257120419336 -91.125 86.375 89.625
1532257120464216 -73.875 64 62.5625
1532257120494136 -79 59.4375 58.3125
1532257120517074 -78.625 48 30.875
1532257120561955 -45.1875 29 8.4375
1532257120606834 -48.0625 14.875 -6.4375
1532257120628776 -39.25 1.3125 -19.3125
1532257120666675 30.0625 -27.0625 -49.5625
1532257120681635 25.6875 -33.4375 -49.1875
1532257120734493 48.1875 -56.125 -44.4375
1532257120749453 63.25 -66.8125 -38.0625
1532257120786354 75.5625 -73.6875 -30.8125
1532257120802312 75.5 -82.9375 -18.4375
1532257120839213 79.0625 -81.6875 -18.625
1532257120869133 68.0625 -70.5 -21.4375
1532257120907033 65.4375 -59.6875 -22.3125
1532257120951912 54.3125 -35.625 -17
1532257120981832 38.625 -9.6875 -11.8125
1532257121018734 21.3125 -2.875 -8.8125
1532257121064611 -0.875 6.125 2.0625
1532257121086552 -12.5625 12.5 9.125
1532257121131432 -12.625 16.875 13.5
1532257121146392 -9.4375 18.0625 20.6875
1532257121222201 -13.625 6.9375 0.875
1532257121289047 -13.625 0.6875 -4.4375
1532257121326945 -7.0625 -1 -9.75
1532257121348887 -7.125 -1.5625 2
1532257121401745 -2.375 0.25 2.5
1532257121439645 -4.5 1.5 1.4375
1532257121484524 6.1875 -0.6875 4.125
1532257121506481 5.5625 -4.0625 8.1875
1532257121536401 9.75 -8.1875 12.0625
1532257121589259 15.5 -12.1875 14.6875
1532257121634139 23.375 -20.0625 17.5
1532257121679020 19.8125 -25.1875 22.5625
1532257121716918 9.5 -67.5625 32.125
1532257121791718 46.1875 -162.25 12
1532257121814657 77.4375 -172.125 10
1532257121844577 82.125 -180 17.125
1532257121904417 14.9375 -157.5 17.875
1532257122032076 96.25 -145.25 -13.3125
1532257122091915 75.5625 -140.25 1.3125
1532257122174694 17.25 -46.5 -7.125
1532257122226556 68.6875 -51 -17.625
1532257122286395 -7.875 32.75 22.3125
1532257122346235 -40.8125 -6.0625 13.375
1532257122361195 -47.125 -1.25 8.25

1532257122384134 -20.1875 -3.5 3.5625
1532257122399094 2.8125 -8.3125 0.8125
1532257122422033 12.0625 -11.25 1.75
1532257122535729 -7.75 -8.125 4
1532257122586593 -14 -6.25 4.5625
1532257122826989 14 -1.75 7.1875
1532257122841949 22.0625 -3.0625 9.6875
1532257122886867 46.5 -1.25 18.75
1532257122924779 52.375 1.75 17.375
1532257122953695 45.875 3.6875 16.75
1532257122976634 27.9375 6 10.625
1532257123089332 18.25 3.6875 2.3125
1532257123119252 9 2.875 -0.4375
1532257123202031 -0.8125 -0.75 -0.125
1532257123231951 -1.625 -0.5 0.1875
1532257123291790 0 -0.625 0.625
1532257123367104 -4.0625 1.625 -0.75
1532257123418966 -8.4375 3.375 -1.5
1532257123508726 -1.75 3.1875 -1.125
1532257123524683 -2.875 2.8125 -1
1532257123569563 -0.5 2.0625 0.25
1532257123621423 2.3125 1.1875 1.125
1532257123682267 -1.75 -1.9375 3.0625
1532257123697225 -0.9375 -3.25 1.9375
1532257123734123 -0.4375 -3.8125 1.1875
1532257123793962 -5.125 -4.75 1.125
1532257123839849 -5.5625 -4.8125 1.3125
1532257123899679 0 -3.0625 1.3125
1532257123974480 1.4375 0.8125 1.1875
1532257124026341 3.4375 0.8125 1.625
1532257124079199 1.1875 -0.1875 0.75
1532257124109120 2.0625 -1.3125 -1.3125
1532257124153999 -0.5625 0.4375 -0.5
1532257124198880 7.1875 2.4375 -0.4375
1532257124228800 7.875 4.6875 1
1532257124243760 5.8125 5.125 0.125
1532257124258720 4.4375 4.9375 -1.1875
1532257124274676 3.3125 5.0625 -1.5
1532257124311579 13.625 7.8125 -9.9375
1532257124341512 2 6.5625 -13.5
1532257124371419 -6.75 8.4375 -16.3125
1532257124409317 -8.5 15 -24.75
1532257124447223 -37.125 14.875 -29.75
1532257124477136 -64.375 20.8125 -38.0625
1532257124528997 -69.25 26.4375 -48.875
1532257124581856 -65.4375 29.25 -68.625
1532257124618757 -76.5 29.625 -77.75
1532257124641696 -38.25 32.875 -94
1532257124724474 -31.5625 29.375 -75.5625
1532257124754394 -54.875 38.625 -51.375
1532257124784314 -86.625 87 -3.9375
1532257124791296 -62.5625 98.5 0.8125
1532257124821216 -41.5625 110.875 4
1532257124852133 -57 131.813 21.9375
1532257124971813 -95.8125 140.125 37.4375
1532257125016692 -95.375 136.875 42.25
1532257125069552 -94.1875 123.5 36
1532257125114432 -55.375 74.8125 5.25
1532257125144351 -59.5625 59.375 -4.5
1532257125197210 -62.1875 46.8125 -7.1875
1532257125219151 -54.5 41.9375 -7.5625
1532257125242090 -37.8125 40.1875 -7.5625
1532257125272010 -30.5625 44.125 -6.8125
1532257125293952 -23.875 38.0625 -9.9375
1532257125331850 -2.3125 23.75 -12.5625
1532257125361770 -3.25 23.25 -9.5
1532257125376730 -2 21.6875 -12.375
1532257125421610 13.75 15.125 -18.5625
1532257125451530 14.3125 10.625 -17.1875
1532257125489434 13.4375 4.75 -14.1875
1532257125579189 18 -9.0625 -32.5
1532257125617087 -5.8125 -8.625 -18.5
1532257125653989 -3.6875 6.0625 3.5625
1532257125683909 -3.0625 17.8125 21.5
1532257125713828 -7.75 21.6875 32.5
1532257125736768 -9.6875 23.5625 37.9375
1532257125766688 5.9375 22.875 26.625
1532257125789626 10.5 19.6875 21.5
1532257125841487 12.125 12.6875 10.5
1532257125864425 19.6875 8.75 -0.5
1532257125909306 38.3125 -7.875 -12.9375
1532257125924266 44.9375 -20.0625 -18.5
1532257125969147 83.25 -51.8125 -27.0625
1532257126028986 94.6875 -67 -30.3125
1532257126186564 77.625 -206.125 -35.375
1532257126974458 -88.4375 51.6875 40.3125
1532257127386356 -0.625 -13.0625 -28.4375
1532257127401340 3.25 -8.875 -18.375
1532257127439215 4.8125 0.4375 -4.3125
1532257127514015 -0.375 10.5 13.625
1532257127573855 0.5625 10.5 19.3125
1532257127588815 -1.125 9.25 22.5625
1532257127679572 -1.875 2.6875 13.125
1532257127746393 -1.4375 0.1875 8.5
1532257127806233 -3.625 -0.625 6.1875
1532257127874052 -0.625 -2.375 -4.8125
1532257127948852 3.5625 1.25 -1.5
1532257128001711 -2.9375 0.5 4.75
1532257128084489 2.25 -4.625 8.3125
1532257128121390 2.875 -5.5 8.625
1532257128376708 -1.1875 -4.5625 2
1532257128572192 2.75 -1.8125 -5.375
1532257128639013 6.75 -4.625 1.5
1532257128751714 4.125 -5.375 0.4375
1532257128804570 3.6875 -9.5625 -4.5
1532257128962149 27.5 -1.5 -24.375
1532257129058890 49.5 37.375 -9.5625
1532257129119728 66.625 33.3125 -9.875
1532257129156629 44.75 25.375 -11.9375
1532257129239407 54.75 2.1875 -25.5
1532257129291275 31.1875 -0.125 -19.9375
1532257129344128 22.1875 -8.8125 -18.1875
1532257129389008 21.125 -10.25 -12.5
1532257129441867 -10.6875 -11.3125 -0.875
1532257129471786 -6.1875 -9.4375 1.9375
1532257129516666 6.9375 -0.125 10.4375
1532257129546586 -7.75 9.75 16.25
1532257129576511 -4.875 22.8125 21.6875
1532257129606426 -7.375 26 19.8125
1532257129651306 -8.5625 29.25 19.5
1532257129689205 -11.8125 27.8125 16.75
1532257129838804 -7.5625 27.5 15.5625
1532257130139002 -9.1875 29.8125 18.625
1532257130228775 -44.5 60.1875 64.6875
1532257130281621 -64.625 52.375 59.9375
1532257130334479 -50.9375 43.75 58.5
1532257130431221 -82.6875 27.25 40.8125
1532257130454160 -42.4375 34.1875 -6.5625
1532257130492058 2.5 28.5625 -30.125
1532257130521978 28.875 19.25 -32.125
1532257130558881 36.125 14.1875 -32.875
1532257130611737 71.5625 3.625 -4.625
1532257130716458 81.0625 -0.8125 51.6875
1532257130746378 73.875 12.75 27.75
1532257130837135 37.4375 -8.375 -5.6875
1532257130888996 12.5625 -12.3125 -2.3125
1532257130933876 -10.6875 -7.9375 -0.25
1532257130971775 -11.5625 -7.5 -3.4375
1532257131001695 -13.9375 -8.875 -6.125
1532257131054554 -6.5625 -22.6875 3.6875
1532257131136335 -1.1875 -59.125 12.6875
1532257131159274 -3.1875 -84.375 19.3125
1532257131181215 -9.75 -183.625 29.9375
1532257131212132 16.875 -234.188 -2.875
1532257131249034 124.063 -223.75 -8
1532257131278954 1 -198.438 60.875
1532257131323833 -50.0625 -185.375 38.5
1532257131338794 -29.125 -175 2.5625
1532257131376692 16.125 -168.25 -10.3125
1532257131466452 53 -138.813 -4.125
1532257131511332 49.875 -114.25 17.5
1532257131556212 53.125 -93.4375 13.375
1532257131624031 37.375 -44.5625 -7.5
1532257131721769 0.625 -9.4375 13.125
1532257131781610 17.875 32.5 -0.6875

1532257131947167 -3.75 6.75 -2.5
1532257131954148 -2.8125 -1.625 -0.9375
1532257131999028 -11.4375 -3.6875 1
1532257132013988 -6.75 -1.25 0.9375
1532257132058868 -2.875 -0.125 3.75
1532257132073829 -0.3125 -0.5 6.3125
1532257132134665 6.0625 -0.75 9.875
1532257132224425 23.25 5.5 -2.4375
1532257132284266 -6.6875 2.3125 1.1875
1532257132403946 -1 0.4375 -1.0625
1532257132463785 10.125 1.5 -3.1875
1532257132569503 -4.375 1.3125 0.9375
1532257132614383 3.0625 1.4375 1.375
1532257132674223 1.6875 0.75 4.0625
1532257132712121 1.4375 0.8125 4.1875
1532257132793920 1.5625 1.125 3.1875
1532257132823839 1.0625 0.5625 2
1532257132838800 -2.125 0.0625 1.4375
1532257132899636 -2.8125 -1.5 0.125
1532257132936538 -3.1875 -2.3125 -0.5625
1532257132966458 -16.6875 -1.5625 -4.75
1532257133072176 -13.4375 -3.4375 -4.125
1532257133168927 -2.9375 -2.5 -2.0625
1532257133191856 -4.8125 0.0625 0.6875
1532257133236736 2.125 -0.625 1.125
1532257133296575 2.25 -0.875 0.8125
1532257133394314 1.6875 1.125 -5.6875
1532257133432213 32.125 10.1875 -6.0625
1532257133528954 -18.5625 67.375 -16.625
1532257133558874 -42.5625 86.875 -19.4375
1532257133604763 -45.1875 98.375 -38.875
1532257133634688 -46.375 101.313 -44
1532257133671589 -73.9375 102.25 -54.5625
1532257133701527 -84.6875 100.875 -50.5625
1532257133754368 -89.5 100.313 -41.8125
1532257133822187 -70.6875 91.875 -24.4375
1532257133852111 -66.8125 90.75 -12.0625
1532257133889008 -65.625 89.875 -10.5625
1532257133963808 -64.875 84.875 -5.0625
1532257134212144 -27.25 34.875 -0.4375
1532257134242064 -25 19.625 -3.125
1532257134293925 -8.4375 18.9375 -3.5625
1532257134353765 0.0625 19.5625 -10.0625
1532257134384697 1.8125 17.8125 -13.6875
1532257134466464 6.3125 26.8125 2.75
1532257134519322 10.125 18.375 2.4375
1532257134557221 17.25 16.75 3.0625
1532257134594123 12.4375 10.125 9.25
1532257134617061 24 -6.0625 0.0625
1532257134653963 28.4375 -10.4375 -1.9375
1532257134713802 27.0625 -14.625 -1.1875
1532257134758682 81.25 -36.4375 -14
1532257134894320 129.688 -118.375 -25.0625
1532257135058879 165.375 -154.438 -1.125
1532257135276298 71.125 -126.063 -1.75
1532257135352096 40.4375 -49.5 37.8125
1532257135441855 4.4375 9.1875 4.875
1532257135554554 15 2.6875 7.875
1532257135606415 14.5 19.625 21.8125
1532257135652293 32.375 34.6875 19.8125
1532257135793914 -103.25 91.9375 -12.875
1532257135853754 -124.125 104.688 -10
1532257135876692 -132.625 104.938 -5.5625
1532257136011332 -130.188 68.75 -7.125
1532257136026292 -121.313 71.125 10.25
1532257136056212 -79.5625 51.4375 9.75
1532257136109071 -65.5 40.8125 2.1875
1532257136161930 -53.375 16.4375 -16.875
1532257136183871 -39.875 4.8125 -35.6875
1532257136213791 -9.1875 -11.0625 -57.75
1532257136229749 -7.5625 -13.3125 -60.6875
1532257136259668 -2.8125 -5.3125 -50.3125
1532257136296570 8.5625 -1.0625 -38.6875
1532257136356410 18.125 3.6875 -25.0625
1532257136484069 9.625 13.1875 22.8125
1532257136543908 -0.6875 4.125 8.5625
1532257136573828 -2.125 -3.125 -11.4375
1532257136671567 0.0625 -4.9375 -19.1875
1532257136724429 4.9375 -3.75 -20.0625
1532257136761327 0.1875 8 4.5625
1532257136784266 -1 8.125 7.5
1532257136888986 -4.125 5.9375 16.5
1532257136956804 2.875 0.1875 16.25
1532257136986724 2 1.25 14.625
1532257137069503 4.5 -6.125 -3.4375
1532257137114383 10.0625 -11.25 -17.0625
1532257137129343 2.625 -8.8125 -15.9375
1532257137174223 9.6875 -2.25 -7.75
1532257137212144 2.125 -1.3125 -0.375
1532257137242064 4.6875 -0.125 0.75
1532257137323845 6.4375 -0.6875 3.25
1532257137542261 5.75 -5.5 10.375
1532257137572181 6.5 -7.5 13.5625
1532257137668924 33.0625 -43.5 -27.6875
1532257137691875 25.4375 -36 -23.4375
1532257137774639 13 -15.375 -25.875
1532257137819519 29.25 -8.1875 -18
1532257137871380 72.375 11.3125 -10.25
1532257137894318 95.6875 -1.5625 -15.125
1532257137939199 73.875 -1.5625 -24.9375
1532257137962138 51.1875 -4.5625 -27.0625
1532257137992058 45 -10.625 -31.3125
1532257138096778 31.5 6.8125 -14.5625
1532257138111738 17.0625 9 -9.125
1532257138149637 20.375 14.5625 -3.4375
1532257138186537 17.375 16.8125 0.125
1532257138224436 7.3125 18.125 3.8125
1532257138284277 5.875 18.1875 6.6875
1532257138344116 -5.625 32.3125 20.6875
1532257138463796 -3.0625 51.25 34.75
1532257138561535 -1.5625 61.1875 36.625
1532257138674234 -198 -152.438 -131.125
1532257138786932 -73.0625 83.25 64
1532257138808874 -74.3125 87 65.625
1532257138838794 -92.75 46.625 38.75
1532257138876692 -90.8125 35.875 54.875
1532257138921573 -78.1875 34.6875 48.5
1532257138951508 -65.6875 34.875 44.25
1532257138989392 -50.5 45.875 25.125
1532257139011332 -40.1875 45.9375 10.25
1532257139049230 -24.625 46.0625 6.3125
1532257139094111 -20.6875 46.0625 -22.875
1532257139117050 -1.25 45.5625 -40.125
1532257139168910 6.5625 27.6875 -41.25
1532257139206810 16.75 25.0625 -44.9375
1532257139236729 25.6875 3.625 21
1532257139259668 5.25 -0.25 33.75
1532257139289588 5.125 -1.8125 21.9375
1532257139334469 -24.9375 -7.5 1.125
1532257139394308 1.375 -12.5625 -8.9375
1532257139424228 3.6875 -17.375 -10.25
1532257139454148 8.9375 -15.3125 -5.4375
1532257139513988 0.6875 -1.0625 -6.4375
1532257139551886 -1.3125 2.3125 -3.8125
1532257139596767 7.875 0.125 3.875
1532257139626686 9.75 -17.5 10.5625
1532257139791246 57.5 -195.25 -24.9375
1532257139837124 81.875 -221.375 -8.75
1532257139852093 77.3125 -220.375 -14
1532257139926884 82.875 -204.375 -0.9375
1532257139948825 79.25 -168.688 1.6875
1532257140054543 101.875 -142.813 3.875
1532257140166244 44.4375 -39.25 5.125
1532257140219103 30.5625 24 19.5

1532257140293903 24.0625 45.75 0.1875
1532257140346760 -29.875 79.0625 5.3125
1532257140406601 -18.625 132.313 -1.25
1532257140436521 -20.875 160.875 0.5
1532257140489121 -43.25 283.438 9.3125
1532257140548962 -72.3125 283.563 7
1532257140609800 -55.5625 225.5 1.25
1532257140638721 -58.6875 131.813 -6.1875
1532257140691581 -9.5625 61.0625 -22.125
1532257140721853 -20.0625 37.5625 -32.875
1532257140775708 1.4375 -2.3125 -10.875
1532257140826573 -6 -6.1875 -2.5625
1532257140849512 -14.875 -9.25 8.375
1532257140886413 -5.3125 7.4375 13.5625
1532257140999111 -4.375 4 -0.9375
1532257141014071 -0.0625 2.9375 2.0625
1532257141044002 -3.3125 2.5 -1.4375
1532257141073911 -12.4375 6.9375 -1.8125
1532257141118792 3.5625 8.5625 -0.0625
1532257141141730 1.9375 8.125 -3.125
1532257141224509 -5.6875 0.9375 3.6875
1532257141254428 -5.4375 1.1875 7
1532257141291343 -6.625 1.9375 3.75
1532257141314268 -7.875 3.5625 3.875
1532257141374109 -2.5625 5.5 0.4375
1532257141418989 -6.375 8.3125 3.25
1532257141433949 -9.6875 9.9375 7.625
1532257141494786 2.75 4.0625 11.1875
1532257141546663 19.8125 -32.125 1.5
1532257141599506 30.3125 -64.0625 -2.625
1532257141614466 33.75 -86.875 -3.1875
1532257141659346 39.25 -117.188 -6.5
1532257141696247 69.0625 -167.688 -14.6875
1532257141764100 83.875 -247.75 -5
1532257141787039 97.6875 -287.5 5.25
1532257141816959 115.375 -299.375 8.625
1532257141831919 113.875 -292.625 4.5
1532257141861839 74.4375 -286.25 5.875
1532257141891759 25.5 -239.813 3
1532257141906719 5.25 -213 -6.25
1532257141929658 -0.6875 -190.75 -13.5
1532257141951600 8.5625 -165.875 -11.6875
1532257141981519 18.125 -143.563 -8.75
1532257142004631 15.0625 -99.375 -7.3125
1532257142026573 -14.3125 -38.625 20.875
1532257142041532 -31.8125 27.9375 26.875
1532257142071452 -23.3125 54.8125 14.6875
1532257142086412 17.6875 34.5625 17.1875
1532257142124311 78.9375 -6.3125 -7.4375
1532257142169214 20.875 -34.1875 25.9375
1532257142199140 -38.5 -19.6875 39.25
1532257142214100 -71.125 2.1875 23.875
1532257142229060 -61.125 10.125 6.125
1532257142258979 9.375 -2.4375 -10.625
1532257142281919 22.9375 -5.8125 -8.8125
1532257142311838 17.5625 -7.375 -1.125
1532257142333781 -4 -5.4375 4.1875
1532257142371679 -24.4375 -0.3125 5.4375
1532257142401605 -16.5625 5.3125 2.75
1532257142454457 9.4375 5.5 -0.0625
1532257142484386 10.3125 2.6875 -0.125
1532257142529257 1.8125 0.3125 3.25
1532257142552215 5.0625 -2.0625 3.75
1532257142567155 7.25 -1.625 4.0625
1532257142589097 6.25 -0.1875 4.875
1532257142626996 1.5625 1.375 5.9375
1532257142648937 0.0625 2.625 6.25
1532257142663896 1.125 4.625 6.0625
1532257142716756 5 8.25 5.6875
1532257142761636 6.625 9.4375 5.4375
1532257142791555 8.125 10.25 5.0625
1532257142821476 17.6875 11.6875 0.125
1532257142874334 6.4375 6.9375 -0.0625
1532257142889294 -5.8125 6.0625 -1.0625
1532257142904254 -6.375 4.6875 -2.125
1532257142942153 0.3125 -0.125 -7.1875
1532257143008975 -2.8125 -5.8125 1.5625
1532257143046873 1.25 -5.3125 3.8125
1532257143121673 21.75 3.125 9.0625
1532257143204525 8.8125 -10.125 19.3125
1532257143279325 26.625 3.6875 26.5
1532257143324211 23.9375 -1.125 28.875
1532257143384088 15.875 -7.875 27.125
1532257143564613 -15.8125 -2.25 -20.8125
1532257143624445 -37.5625 -7.125 -24.25
1532257143654365 -35.9375 -4.0625 -29
1532257143676306 -27.625 -0.8125 -36.25
1532257143759085 -46.6875 -17.0625 -25.625
1532257143833886 -7.3125 -4.125 -13.8125
1532257143871784 6.8125 1.8125 -8.3125
1532257143924657 2.6875 6.6875 11.25
1532257143999442 21.8125 5.5625 20.5
1532257144014403 23.5625 5.5625 23
1532257144097181 20.9375 0.6875 11.25
1532257144149043 14.9375 1.25 7.875
1532257144171981 6.625 4.5625 -1.9375
1532257144216861 9.0625 4.75 -13
1532257144231827 13.5625 11.4375 -13.25
1532257144269720 4.5 13.1875 -15.375
1532257144291661 -19.4375 15.625 -33.3125
1532257144314599 -11.1875 19.0625 -40.6875
1532257144336542 -1.6875 41.5625 -34.625
1532257144359480 -45.125 55.5625 -28.6875
1532257144381421 -86.5 71.5625 -24.4375
1532257144419320 -110.25 84.6875 -26.5625
1532257144434279 -106.438 96.625 -33.625
1532257144479160 -100.375 121.688 -20
1532257144494120 -85.6875 129.875 -15.4375
1532257144509079 -78.5625 133.875 -18
1532257144568922 -81.5625 133.188 -20.0625
1532257144591858 -97.4375 117.063 -15.75
1532257144666658 -94.9375 77.25 -16.5
1532257144734477 -86.6875 76.1875 -14.125
1532257144832216 -82.1875 74.125 -8.1875
1532257144869117 -65.375 78 3.125
1532257144951897 -27.5625 74.3125 14.125
1532257144973837 -17.9375 68.5 7.9375
1532257144988797 -11.4375 67.875 7.8125
1532257145034674 -34 56.5 13.125
1532257145094514 -34.6875 38.75 14.1875
1532257145124434 -13.6875 29.125 -1
1532257145154354 -42 -2.375 -4.75
1532257145237133 23.625 -12.5625 -14.5
1532257145268056 11.875 -16 -10.25
1532257145311932 12.3125 -18.5 1.6875
1532257145341853 42.375 -11 -2.3125
1532257145378754 29.625 -3.6875 4.5625
1532257145394711 20.25 1.8125 15.1875
1532257145416652 28.625 4.9375 19.9375
1532257145439607 18.125 17.6875 17.75
1532257145454551 8.75 17.5 22.4375
1532257145476503 19.9375 14.125 17.3125
1532257145521373 25.75 11.8125 15.875
1532257145536333 23.5625 5.5 7.75
1532257145552305 24.3125 0.4375 -3.5
1532257145589192 24.9375 -16.125 -14.5625
1532257145604151 22.25 -25 -26.125
1532257145657010 44.9375 -48.0625 -45.6875
1532257145678951 50.0625 -59.375 -56.125
1532257145716850 52.1875 -70.25 -69.375
1532257145776690 98.3125 -109.688 -87.3125
1532257145844509 89.9375 -131.125 -104.75
1532257145987127 79.75 -80.375 12
1532257146053948 8.625 -35.125 -12.4375
1532257146098828 -7.5 -19.4375 -17.5625
1532257146166647 -22.125 3.8125 6.5625
1532257146211527 -35.1875 7.75 10.125
1532257146271367 -33.875 14.625 12.5
1532257146394055 -41.625 43.8125 27.75
1532257146451894 -76.1875 82.625 57.25
1532257146549623 -73.625 84.875 63.875
1532257146601486 -64.625 89.3125 73.625
1532257146661324 -92.625 81 76.8125
1532257146684264 -72.625 57.3125 51.375
1532257146714183 -35 -12.3125 -30.125
1532257146782002 -12.8125 -25.1875 -62.75
1532257146841842 -2.25 -32.9375 -66.375
1532257146918636 13.25 -28.875 -73.3125
1532257146976482 19.3125 -6.3125 -30.1875
1532257147029340 12.8125 14.5625 15.25
1532257147119100 13.0625 18.75 23.75
1532257147193900 9.6875 23.0625 33.6875
1532257147231799 -4.375 20 39.0625
1532257147284664 2.3125 8 16.625
1532257147306598 3.375 8.5625 14.125
1532257147344498 -0.625 4.0625 4.5625
1532257147359457 2.9375 -0.625 -3.875
1532257147487116 2.5 0.8125 -6.5
1532257147583858 3.4375 1.5625 9.6875
1532257147621756 1.25 1 10.5625
1532257147696556 -5.875 0.5625 3.75
1532257147877073 8.9375 -11.1875 -11.625
1532257147928934 11.3125 -8.5625 -2.1875
1532257148101479 17.4375 -5.4375 6.1875
1532257148252071 31 -24.75 -26.1875
1532257148303932 41.625 -21.25 -32.625
1532257148416630 62.75 -12.0625 -23.1875
1532257148469503 59.5 -5.5 -21.1875
1532257148506390 56.9375 -1.25 -18.875
1532257148678929 5 13.5625 10.25
1532257149174603 -8.9375 33.25 8.0625
1532257149339163 -50.5 61.3125 29.5625
1532257149362102 -70.0625 73.5625 48.125
1532257149413964 -93.5 89.9375 71.25
1532257149428923 -119.125 83.3125 78.3125
1532257149443884 -117.688 72.1875 71.3125
1532257149466822 -98.8125 62.1875 54.1875
1532257149503723 -47.5625 56.125 33.25
1532257149526662 -55 54.9375 26.4375
1532257149564561 -49.625 39.0625 -10.3125
1532257149594481 -43.1875 31.875 -31.375
1532257149616422 -30.25 25.375 -39.0625
1532257149654321 -16.9375 20.0625 -50.8125
1532257149692219 13.6875 12.8125 -54.125
1532257149737099 5.25 -3.9375 -10.3125
1532257149774001 39.4375 -6.9375 4.875
1532257149796939 36.6875 -10.1875 7.625
1532257149826859 -6.375 -5.125 2.125
1532257149856779 -0.625 -2.8125 -1.8125
1532257149901660 12.75 -1.5625 -1.5
1532257149939558 -6.25 2.125 -1
1532257149969479 -1.3125 2.8125 0.5
1532257149991420 2.8125 2.6875 -0.125
1532257150021339 2.125 2.75 3
1532257150044279 -3.125 3.1875 3.9375
1532257150082176 6.5 1.4375 -2.625
1532257150119078 -0.3125 -0.75 3.25
1532257150148998 2.9375 -2.3125 2.875
1532257150171937 1.6875 -3.9375 5.9375
1532257150193878 1.0625 -9.5 10.3125
1532257150208838 3.625 -14.75 12.875
1532257150246736 14.5625 -25.6875 12.5
1532257150269676 28.5 -37.4375 8.5625
1532257150314555 29.625 -51.25 4.4375
1532257150366416 20.3125 -101.75 13.125
1532257150396339 23.4375 -133.375 13
1532257150419275 55 -161.313 -13.125
1532257150441216 66.3125 -173.688 -21.8125
1532257150479115 9.4375 -161.188 4.0625
1532257150509035 43.75 -162.313 -6.6875
1532257150531974 44 -155.563 -4.0625
1532257150553915 35.8125 -147.25 -1.5
1532257150576854 30.375 -144.188 -10.375
1532257150606774 56.5 -148.375 -27.3125
1532257150651654 61.875 -148.063 -23.4375
1532257150704512 52.75 -137.063 -5.4375
1532257150771334 43.4375 -119.563 -3.625
1532257150943872 53.6875 -59.375 10.25

1532257151041622 -4.6875 22.5 -4.5625
1532257151079509 17.0625 4.875 -2.6875
1532257151222128 4.9375 -9.25 4.3125
1532257151281968 8.125 9.625 1.5625
1532257151326848 -7.125 5.0625 7.3125
1532257151371728 3.5625 4.8125 8.3125
1532257151394667 22.75 2.6875 8.8125
1532257151431568 22.625 4.0625 10.8125
1532257151446528 21 4.8125 10.4375
1532257151491408 16.375 2.125 8.5
1532257151529306 11.3125 1.75 7.1875
1532257151612085 8.1875 6.875 1.625
1532257151663947 -0.5 4.75 -1.5625
1532257151716806 -9 -0.5 -1.5
1532257151753707 -6.75 -2.125 -1.25
1532257151769664 -4.9375 -1.375 -1.3125
1532257151806566 0.375 -4.5 0.0625
1532257151866405 -1 -7.0625 0.4375
1532257151889348 -11.125 7.1875 -3.8125
1532257151972123 -6.4375 3.5625 -4.8125
1532257152038944 -10.25 -4.125 -22.5
1532257152083824 27.3125 8.75 -24.5625
1532257152129701 -47 32.5625 -15.8125
1532257152189541 -62.9375 36.6875 -10.4375
1532257152264341 -11.375 21.8125 -9.625
1532257152384021 17.5 22.125 -9.625
1532257152496720 11.875 22.5625 -10.8125
1532257152594458 7.5625 12.5625 -10.75
1532257152616400 14.75 -27 -1.125
1532257152646320 -11.9375 -4.4375 24.0625
1532257152699179 66.875 -1.6875 27.9375
1532257152781957 71.875 0.75 14.5625
1532257152946517 15.875 6.0625 -9.5
1532257153021317 -107.25 138.313 -10.1875
1532257153036277 -81.5 149.938 -8.5
1532257153059215 -60.9375 158.5 -8.5
1532257153089136 -53.8125 160.813 -9.875
1532257153186874 -72.125 152.875 -12.5625
1532257153224773 -78.8125 150.75 -15.8125
1532257153276634 -97.8125 143.813 5.625
1532257153351435 -83.0625 94.4375 21.125
1532257153374373 -75 82.8125 24.1875
1532257153411274 -47.875 54.5 36.3125
1532257153434236 -26.125 45.625 38.25
1532257153487071 -7.875 34.9375 22.625
1532257153494053 -8 23.3125 10.0625
1532257153523973 18.9375 17.1875 -0.1875
1532257153591791 25.375 0.3125 -9.4375
1532257153644650 1.375 -1.0625 -2.3125
1532257153659619 13.875 2.5625 -8.75
1532257153719450 1.8125 7.8125 -0.0625
1532257153764330 -8.75 5.4375 -0.625
1532257153817190 18.6875 -4.1875 -1.4375
1532257153877029 22.375 -26 -14.5
1532257153891989 30.625 -39.9375 -21.6875
1532257153981748 67 -131.5 -48.125
1532257154094447 66.4375 -155.438 -54.9375
1532257154439524 40.25 -91.125 -11.0625
1532257154506345 19.75 45.125 10.0625
1532257154536266 12.3125 59.3125 20.8125
1532257154589125 -32.1875 68.5 37.375
1532257154612064 -33.75 68.5625 38.4375
1532257154648965 -17.1875 60.0625 40.6875
1532257154701840 -14.75 58.1875 37.125
1532257154836463 -38.25 28.8125 -0.0625
1532257154957140 -50 28.3125 -5.125
1532257154994056 -18.9375 21.125 -47.0625
1532257155023962 -64.9375 1.5 -35.625
1532257155189525 5.625 12.5 -5.5625
1532257155324159 -5.6875 26.5625 12.3125
1532257155369039 -0.125 23.375 14.8125
1532257155443839 -9.5625 -28.9375 -51
1532257155534600 -11.3125 -19 -1.0625
1532257155571498 10.6875 -22.75 4.75
1532257155886655 3.5 -9.75 -3.8125
1532257156000351 -0.375 -13.9375 -12.75
1532257156051215 4.8125 -11.5 -23.75
1532257156156932 9.75 -4.125 1.125
1532257156254671 11.375 -9.8125 6.3125
1532257156359391 2.5625 -6.375 13.8125
1532257156457130 9.4375 -4 1.625
1532257156516969 14 -4.6875 -2.875
1532257156621689 -11.75 8 -14.8125
1532257156689508 -18.6875 7.875 -27.5625
1532257156764307 30.1875 21.25 -30.5
1532257156779268 30.1875 27.3125 -28.0625
1532257156869028 22.1875 30.625 -11.875
1532257156936847 15.625 30.4375 -11.75
1532257156989705 5.6875 14.9375 -3.875
1532257157019625 -3.0625 6.875 1.25
1532257157056526 7.375 2.9375 7.125
1532257157086447 1.6875 1.5 9.75
1532257157124345 7.5625 4.875 8.9375
1532257157154265 7.3125 6.3125 10.1875
1532257157199145 5.375 9.9375 10.0625
1532257157311844 7.875 13.8125 7.125
1532257157469422 -91.5 -120.5 -143.375
1532257157499342 47.1875 -45.875 -62.9375
1532257157663902 -62.0625 66.25 37.3125
1532257157701802 -50.125 73.0625 41.0625
1532257157754659 -76.9375 73.5625 46.6875
1532257157791561 -81.5 73.25 44.625
1532257157844420 -76.25 69.9375 38.3125
1532257157866361 -71.625 66.9375 28.75
1532257157896281 -65.125 52.9375 10.625
1532257157919220 -62.75 47.75 5.25
1532257157964100 -39.375 41.3125 -15.375
1532257157994020 -36.9375 40.6875 -16.875
1532257158016958 -46.5 43.3125 -16.1875
1532257158046878 -13.6875 24.9375 -21.75
1532257158068821 0.8125 15.1875 -12.125
1532257158091758 0.6875 12.125 0.8125
1532257158106718 -5.875 7.3125 10.5
1532257158129674 1.75 2.875 16.375
1532257158159577 10.25 -0.1875 14.6875
1532257158181518 10.375 -1.9375 12.25
1532257158249337 -2.3125 1.125 -3.5
1532257158271278 1.3125 -0.8125 -8.3125
1532257158332116 -1.9375 -1.6875 3.375
1532257158354056 -2.5 -1.1875 1.375
1532257158383977 -0.125 -0.625 0.8125
1532257158421875 5.375 -1.375 0.0625
1532257158443817 11.5625 -2.8125 0.8125
1532257158466756 11.5 -8.5625 0.375
1532257158496675 19.875 -16.375 -6.0625
1532257158587433 26.5625 -29.0625 -10.625
1532257158609374 28.9375 -45.8125 -7.3125
1532257158699134 47.5625 -150.75 -17
1532257158737033 88.3125 -206.625 -15.75
1532257158773934 73 -215.375 -16.5
1532257158879652 50 -195.938 19.4375
1532257158886632 27.3125 -186.313 20.625
1532257158939491 16.5 -125.75 16.625
1532257158984371 50.625 -120.438 10.3125
1532257159052190 36.875 -79.0625 8.75
1532257159171870 22.4375 -64.8125 -0.125
1532257159209785 -12.3125 3.3125 14.875

1532257159284569 -4.25 -13.9375 6
1532257159472074 25.75 1.25 6.8125
1532257159599732 47.625 8.5 19.25
1532257159651593 37.125 16.125 18.25
1532257159711434 27.75 16.3125 9.3125
1532257159802209 29.125 2 -2.6875
1532257159832111 -13.9375 -4.625 -1.125
1532257159921871 -4.8125 17.6875 -1.4375
1532257159974730 17.125 13.1875 -6.8125
1532257160019609 13 -4.9375 3.3125
1532257160041551 -8.375 -11.75 6.5625
1532257160086431 -6.125 -14.8125 5.25
1532257160162237 1 23.4375 -12.375
1532257160214089 4.0625 -3.4375 -1.875
1532257160379647 -14.4375 30.375 -36.1875
1532257160416548 -81.3125 60.6875 -32.0625
1532257160461428 -49.6875 81.8125 -34.3125
1532257160476388 -29.75 90.5625 -41.125
1532257160514287 -38.0625 96.875 -45.5625
1532257160536228 -72.9375 108.563 -46.875
1532257160552185 -64.3125 107.938 -49.4375
1532257160589086 -31.25 101.813 -50.1875
1532257160648926 -34.375 92.375 -38.4375
1532257160739684 -31.375 107.5 -15.3125
1532257160821465 -34 115.188 -4.4375
1532257160859364 -34.5625 118.563 7.3125
1532257160881305 -19.0625 122.688 13.3125
1532257160919207 -40.1875 121.063 13.5625
1532257160957102 -47.5 107.75 7.8125
1532257161038884 -21.5625 76.125 -1
1532257161084768 -36.4375 62.9375 7.5625
1532257161098724 -44.75 55 7.9375
1532257161114681 -30.125 47.8125 -4.4375
1532257161159561 -8.3125 39.75 -11
1532257161181502 -24.5625 22.9375 -4.1875
1532257161204441 -17.0625 13.75 -8.75
1532257161249321 13.6875 -15 -14.25
1532257161309161 4.9375 -10.125 -15.3125
1532257161347059 11.8125 -7.5 -19.3125
1532257161376980 2.1875 -2.5 -3.5
1532257161443801 11.25 -5.375 9.6875
1532257161474719 17.5 -6.4375 6.0625
1532257161504639 12.6875 -8.875 3.75
1532257161549518 16.6875 -23.9375 -12.375
1532257161639278 51 -83 -55.8125
1532257161655252 59.6875 -100.313 -64.75
1532257161722057 61.625 -166.938 -67.4375
1532257161758959 104.313 -211.813 -87.5
1532257162014275 81.1875 -180.5 -22.0625
1532257162216734 -11.75 56.8125 28.875
1532257162261614 -46.3125 76.4375 20.75
1532257162291535 -73 77.25 12.75
1532257162374312 -70.625 67.375 9.6875
1532257162464073 -73.0625 68.9375 10.6875
1532257162599710 -44.1875 31.1875 -2.625
1532257162696451 5.3125 -18.875 -28.375
1532257162712409 10.125 -14.625 -21.1875
1532257162765267 10.625 -0.125 4.3125
1532257162809150 10.5625 6.4375 11.75
1532257162847049 15.625 8.6875 14
1532257163049507 1.6875 2.5625 5.75
1532257163116328 7 -9.0625 -16.6875
1532257163192143 11.875 -3.4375 -9.6875
1532257163251966 1 -1 3.6875
1532257163273907 -4.125 -0.375 6.75
1532257163326765 4.1875 0.6875 10.6875
1532257163506286 -0.625 3.0625 9.6875
1532257163544184 -2.375 1.875 1
1532257163567123 3.625 -7.3125 -8.375
1532257163618985 22.5 -9.375 -8.0625
1532257163648904 -3.9375 -7.3125 -16.25
1532257163678824 3.9375 -3.5625 -10.1875
1532257163724701 10.9375 2.875 -5.5
1532257163746643 3.0625 5.6875 -2.5
1532257163769582 1.0625 1.75 0.0625
1532257163784542 4.75 0.25 -1.625
1532257163821443 -0.625 -2.4375 0.6875
1532257163844381 -7.4375 -2.75 2.625
1532257163897240 -0.25 -2.1875 2.4375
1532257163942120 2.1875 -2.3125 4.4375
1532257164031880 2.6875 -8.375 8
1532257164053821 -1.3125 -11.4375 8.0625
1532257164114659 -2.6875 -10.125 6.1875
1532257164136600 4.875 -5.1875 0.25
1532257164264259 25.875 -1.5 -24.375
1532257164317129 15.8125 -6.375 -33
1532257164376957 27.5 -13.9375 -35.8125
1532257164541518 29.5625 -11 -30.4375
1532257164601357 20.125 -5.875 -28.625
1532257164803816 18.25 4 -1.8125
1532257164856675 12.5625 7.5 10.5625
1532257164954413 14.125 36.4375 24.5625
1532257165044174 9 39.8125 27.5625
1532257165156872 17.5625 58.875 26
1532257165374291 58.6875 33.875 2.4375
1532257165531869 -50.5 64.6875 92.25
1532257165547827 -81.0625 53.9375 90.6875
1532257165591714 -59 58.5 66.0625
1532257165621629 -50 57.875 43.6875
1532257165659528 -40.3125 49.375 25.125
1532257165681468 -22.9375 32.4375 -17.125
1532257165711389 -1 21.9375 -64.125
1532257165734328 9.6875 21.125 -73.9375
1532257165764248 7.25 22.25 -74.875
1532257165794168 -11.8125 21.125 -72.0625
1532257165824088 -16.625 22.625 -70
1532257165861986 14.625 14.25 -42.125
1532257165921826 -17.0625 8.9375 21.3125
1532257165989645 -10.3125 -8.25 -4.6875
1532257166011586 -10.8125 -14.75 -10.4375
1532257166064445 -14.375 -21.75 -10.6875
1532257166101352 -3.1875 -15.3125 -5.5625
1532257166139245 -5.3125 -8.875 -3.1875
1532257166184125 -4.875 -3.8125 1.375
1532257166207064 -4.8125 1.625 4.5
1532257166236984 2.5625 2.8125 7.0625
1532257166273885 18.625 -10.625 3.625
1532257166288844 25.4375 -23.4375 -0.25
1532257166311783 29.1875 -40.0625 -1.875
1532257166379602 30.4375 -63.5625 -3.25
1532257166431463 24.125 -93.4375 -6.6875
1532257166454402 22.0625 -127.125 -11.375
1532257166491303 57.9375 -193.063 -36
1532257166506263 50.5 -213.25 -17.375
1532257166522228 37.125 -213.688 -3.125
1532257166582061 30.25 -203.563 13.5625
1532257166597021 43.125 -188.75 13.25
1532257166678803 64.5 -179.313 1
1532257166693762 55.375 -165.563 16.375
1532257166821420 70.25 -85.1875 14.125
1532257166874279 55.75 -66.6875 26.875
1532257166986978 49.4375 -41.75 6.625

1532257167151538 -19.5625 -9 10.6875
1532257167309154 27.9375 12.0625 7
1532257167324116 30.75 11.875 7.75
1532257167376975 33.8125 10.125 9.125
1532257167466735 26.8125 4.8125 9.6875
1532257167534566 31.6875 3.1875 16.0625
1532257167631294 41.5 -10 15.0625
1532257167751973 -12 -3.8125 3.8125
1532257167849711 -13.0625 -9.625 4.125
1532257167909550 10.5 -3.375 1.125
1532257167969391 4.25 -1.9375 2.3125
1532257168030228 -2.6875 -3.4375 2.0625
1532257168082089 2.3125 -1.75 1.5625
1532257168141936 2.5625 -1 0.3125
1532257168186877 -1.75 -0.5625 0.25
1532257168201841 0.5625 1.375 -0.5
1532257168246717 -6.5 2.125 -1.9375
1532257168299575 -28 -2.8125 -4.875
1532257168359415 2.625 5.4375 -20.625
1532257168426237 -38.375 29.6875 -22.9375
1532257168449175 -64.9375 45.5625 -21.25
1532257168502034 -70.875 60.8125 -25.1875
1532257168538934 -65.6875 84.0625 -33
1532257168606753 -51.5 107.375 -42.8125
1532257168629692 -46.1875 113 -44.625
1532257168644652 -54.0625 127.313 -44.75
1532257168659612 -59.3125 132.063 -42.5625
1532257168681554 -35.625 135.563 -35.25
1532257168726434 -23.25 135.875 -34.5625
1532257168741394 -24.6875 133.125 -31.5625
1532257168794252 -42.375 125.438 -24.0625
1532257168906951 -31.625 115.063 -16.875
1532257168958813 -47.25 85.5625 4.125
1532257168981752 -47.4375 74.5 19.875
1532257169026631 -32.0625 63.125 17.125
1532257169086471 -25.75 60.5625 23.25
1532257169124370 -37.875 49.75 19.875
1532257169139330 -20.5625 50.875 13.5
1532257169169249 -13.9375 49.4375 10.25
1532257169192188 -18.3125 46.375 9
1532257169229090 -38.625 28.9375 17.9375
1532257169259010 -30.6875 21.3125 14.4375
1532257169318850 16.8125 1.5625 -3
1532257169333809 4.8125 -3.375 -3.3125
1532257169349767 -15.625 -3.6875 -4.125
1532257169364726 -2.875 -0.625 -9.5625
1532257169409607 4.875 -3.9375 -13.0625
1532257169446508 -3.1875 -4.125 -14.625
1532257169484407 18.1875 2.5625 -20.4375
1532257169499367 12.5 4.625 -12.9375
1532257169544247 -4.75 14.5625 3.5
1532257169582146 0.4375 10.1875 5.0625
1532257169619047 7.5 5.9375 9.8125
1532257169708807 12.9375 -15.9375 -7.1875
1532257169776626 18.875 -34.0625 -24.8125
1532257169799564 34.1875 -42.875 -31.5
1532257169836466 47.4375 -62.4375 -37.5
1532257169904284 46.3125 -74.625 -48.375
1532257170038924 112.125 -162.938 -86.5625
1532257170226423 20.125 -20.0625 -6.75
1532257170347100 -33.8125 -7.0625 13.875
1532257170556540 -81.875 58.75 26.9375
1532257170594439 -102.563 50.4375 42.8125
1532257170631340 -82.5 54.9375 49.875
1532257170707137 -78.8125 44.8125 41.8125
1532257170796897 -68.6875 39.3125 35.375
1532257170871697 -5.75 -20.3125 -37.1875
1532257170909596 7.25 -16.625 -40.75
1532257170946497 20.0625 -5.625 -23.6875
1532257170969436 15 0.3125 -6.5
1532257170991377 10.6875 0.1875 -0.8125
1532257171014316 19.0625 6.375 7
1532257171036258 11.9375 8.6875 10.375
1532257171097094 2.9375 8.4375 16.125
1532257171254673 2.8125 9.5625 19.1875
1532257171457132 5.75 -7.625 -24.6875
1532257171516972 7.125 5.625 -1.6875
1532257171568832 -1.0625 3.1875 4.5
1532257171606732 -3.375 2.6875 5.1875
1532257171689510 -8.1875 2.0625 9.9375
1532257171794230 5.5 -8.75 6.5625
1532257171891969 17.8125 -8.5625 -8.3125
1532257171921889 20.875 -7.5 -8.9375
1532257172026609 43.625 -17.0625 -29.375
1532257172057526 18.0625 -5 -43.25
1532257172146289 23.3125 -15.25 -52.6875
1532257172178203 38.8125 -10.6875 -50.6875
1532257172252016 49.9375 0.0625 -21.3125
1532257172281926 54.375 1.1875 -15.6875
1532257172303868 24.1875 -0.75 -10.3125
1532257172326807 31.625 -1.9375 -6
1532257172357724 30.25 -0.8125 0
1532257172424545 -1.625 4.4375 7.5
1532257172521286 14 10.1875 21.9375
1532257172544225 -0.4375 15.25 24.0625
1532257172589105 0.0625 31.3125 24.375
1532257172648945 1.9375 34.125 23.8125
1532257172663904 5 39 22.1875
1532257172851416 7.8125 66.0625 20.6875
1532257172927210 31.875 8.6875 13.5625
1532257173038902 -29.9375 16.25 9.8125
1532257173061841 -30.3125 18.375 10
1532257173129659 -29.5625 32.875 15.25
1532257173241361 -25.9375 82 90.375
1532257173332118 -92.25 68.875 83.9375
1532257173369019 -76.75 56.625 55.8125
1532257173428859 -45.375 44.625 -25.875
1532257173474752 -31.1875 47.5 -35.25
1532257173534577 0 43.1875 -72.4375
1532257173556518 -1.3125 46.1875 -69.625
1532257173579456 3.5 41.3125 -61.4375
1532257173594416 17.125 46.6875 -56.3125
1532257173616358 25.8125 30.5 -45.0625
1532257173631318 16.6875 27.0625 -8.5
1532257173661237 9.8125 -2.375 24.875
1532257173684177 20.75 -4.8125 11.375
1532257173729056 3 3.5 10.5625
1532257173781915 -5.875 -4.6875 -11.75
1532257173811835 -1.0625 -6.9375 -7.1875
1532257173856715 0.3125 -7.6875 -4.3125
1532257173871675 -5.875 -7.8125 -4.4375
1532257173894614 -3.5 -7.9375 -2.125
1532257173909574 1.8125 -1.4375 0.625
1532257173961435 -1.75 -0.5625 1.125
1532257173991355 5 1.8125 1.9375
1532257174022275 13.5 -14.75 3.875
1532257174059196 21.6875 -29.25 0.9375
1532257174089094 28.4375 -49.4375 1.125
1532257174178854 29 -100.625 6.75
1532257174224731 32.3125 -133.563 2.0625
1532257174269611 31.6875 -200.25 -16.5
1532257174344411 61.3125 -218.063 -4
1532257174396272 63.75 -217.625 -1.625
1532257174472070 40.5625 -167.813 -0.25
1532257174531909 53.1875 -82.75 0.75
1532257174591750 59.5625 -73 1.4375

1532257174779248 39.3125 -41.625 -2.125
1532257174989686 10.75 3.4375 4.1875
1532257175094405 10.8125 -0.25 9.125
1532257175184165 37.0625 6.5 12.4375
1532257175259316 36.3125 3 11.25
1532257175334116 32.3125 4.1875 7.625
1532257175372015 12.0625 -3.4375 5
1532257175408918 4.4375 -4.875 4.4375
1532257175529593 -4.5625 -11.4375 2.8125
1532257175581454 2.8125 6.25 -2.625
1532257175649273 14.5625 -6.3125 0.5
1532257175753993 -10.1875 3.375 1.9375
1532257175851733 1.5 -2.625 -0.5
1532257175904591 -4.8125 -2.4375 -0.875
1532257175994351 -18.3125 1.125 -9.6875
1532257176062169 8.0625 3.5 -4.125
1532257176143960 -1.1875 36.3125 -11.625
1532257176181849 -50.625 63.1875 -23.5
1532257176234708 -19.625 94 -34.3125
1532257176279588 -45.1875 114.125 -37.375
1532257176294548 -33 128.625 -39.3125
1532257176354389 -26.625 134.375 -40.25
1532257176406249 -22.4375 136.375 -28.25
1532257176482049 1.3125 124.5 -30.25
1532257176684505 -31.3125 89.625 -29.5625
1532257176699465 -44.125 82.8125 -23.625
1532257176751327 -46.375 82.5625 -23.5
1532257176789225 -50.625 78.4375 -8.3125
1532257176834105 -63.375 45.3125 -19.5625
1532257176893945 -40.6875 31.5625 -33.3125
1532257176923865 -50.3125 32.125 -34
1532257176961764 -25 25.5625 -40.75
1532257176991684 -15.875 28.5625 -34.0625
1532257177036564 -12.625 30.875 -9.5625
1532257177059502 -6.4375 33.4375 -5.6875
1532257177104382 -2.9375 29.875 12.25
1532257177141284 9.375 12.375 6.4375
1532257177164222 4.625 8.25 8.3125
1532257177202121 1.6875 -3.5625 7
1532257177239022 11.375 -8.6875 3.625
1532257177276921 21.375 -12.4375 1.75
1532257177298862 26.25 -15 4.25
1532257177329780 25.25 -21.875 6.625
1532257177366680 29.375 -29.9375 -0.125
1532257177404593 50.5625 -52 -8.4375
1532257177479380 42.875 -87.5 -50.125
1532257177584099 78.125 -156.375 -67.375
1532257177592078 81.25 -183.313 -79.5
1532257177673859 134.813 -214.125 -82.25
1532257178184506 -10.1875 35.6875 -9.4375
1532257178229374 -60.3125 53 12.8125
1532257178251316 -51.625 60.5 11.5
1532257178304173 -54 66.8125 5.375
1532257178327113 -62.4375 53.75 8.375
1532257178364014 -67 55.125 9.125
1532257178386952 -42.8125 54.8125 21.625
1532257178438814 -45.5 46.8125 18.1875
1532257178499654 -35.9375 31.875 11.8125
1532257178514611 -25.375 24.875 9.125
1532257178566473 -29.8125 -1.5 -4.75
1532257178581433 -13.625 -8.3125 -5
1532257178604371 -5.5625 -11.125 -9.625
1532257178641273 -2.5625 -10 -12.125
1532257178656233 -0.6875 -7.3125 -8.8125
1532257178717070 8.625 7.0625 1.875
1532257178783891 2.5 15.9375 12.375
1532257178798851 1.6875 18.8125 17.4375
1532257178904568 3.4375 16.9375 20.8125
1532257178956430 0.25 14.9375 19.125
1532257179024248 -1.75 10.4375 16.125
1532257179069130 -2 -13.4375 -12.125
1532257179092067 8.8125 -16.5625 -25.3125
1532257179143928 15.4375 -4.9375 -14
1532257179173848 14.5 -2.3125 -8.5
1532257179211747 2.1875 1.875 1.6875
1532257179226707 4.8125 1.5 2.625
1532257179256627 5.5 1.8125 6.4375
1532257179346387 -0.6875 1 8.5
1532257179400243 -3.75 2.25 10.9375
1532257179511944 -3 -7.1875 -10.5625
1532257179556824 2.1875 -8.8125 -20.5
1532257179578766 3.375 -1.1875 -12.5
1532257179601707 6.25 2.1875 -3.75
1532257179639603 9.875 2.375 4.8125
1532257179691471 6 2.875 6.6875
1532257179789203 6.25 2.6875 7.125
1532257179804163 5.875 2.875 9.625
1532257179842061 4.5625 2.875 9.3125
1532257179893923 0.3125 3.375 9.4375
1532257179954760 -4.5 -9.8125 6.0625
1532257180029559 -5.9375 -15.625 1.625
1532257180051502 2.9375 -13.1875 -5.4375
1532257180081422 10 -11.5 -7.25
1532257180104360 21.5625 -11.5625 -5.5625
1532257180179160 21.5625 -6.75 -20.5
1532257180344717 28.4375 10 -27.5
1532257180396579 43.875 7.5 -26.75
1532257180494317 -2.6875 25.375 -1.25
1532257180524254 -1.625 9.8125 5
1532257180547176 -2.4375 6.375 6.125
1532257180584078 -6.625 4 10.0625
1532257180628957 -1.125 1.4375 3.5
1532257180658877 1.6875 1.3125 5.3125
1532257180681816 1.25 4.0625 6.8125
1532257180734675 5.625 6.25 7.1875
1532257180779555 12.5 20.25 10.6875
1532257180899234 16.875 60.875 11.5
1532257180922173 0.3125 78.75 2.25
1532257180967053 -73.3125 -29.625 5.5
1532257181003955 53.4375 3.6875 31.125
1532257181026893 43.5625 5.875 2.0625
1532257181139592 -3.5 20.375 31.1875
1532257181251299 -8.75 26.75 24.75
1532257181551490 -64.375 55.1875 1.125
1532257181604349 -23.4375 58.8125 -32.625
1532257181634269 -1.8125 40.875 -74.625
1532257181664188 -7.125 25.1875 -60.875
1532257181687127 7.4375 27 -54.0625
1532257181702088 24.75 18 -46.9375
1532257181738989 48.5 12.0625 -14
1532257181768909 43.0625 21.75 34.125
1532257181798829 -3.1875 8.5625 34.6875
1532257181814786 -0.5 3.5625 20.125
1532257181844706 4.375 -3.1875 5.1875
1532257181866648 -2.125 -6.75 -5.125
1532257181889586 -7.75 -7.5 -6.5
1532257181904546 -4.6875 -7.875 -6.25
1532257181941448 -5.125 -8.5 -6.8125
1532257181964386 0.9375 -6.5625 -1.625
1532257181994306 -2.6875 -3.875 3.375
1532257182024226 -6.875 -0.5 4.875
1532257182047165 1.6875 -0.6875 3.4375
1532257182069113 0.6875 -0.5625 1
1532257182121965 3.6875 -3.375 6.3125
1532257182143906 8.625 -8.75 4.625
1532257182173826 14.9375 -16.5625 2.625
1532257182286525 9.25 -50.4375 1.25
1532257182309464 4.25 -70.9375 -0.75
1532257182437122 71.4375 -195.313 -10.8125
1532257182579757 81.375 -212.625 19.0625
1532257182804141 82.375 -104.188 3.875
1532257182916839 -28.0625 -19.125 8.875
1532257183014578 -25.375 0.9375 6.125

1532257183074417 -1.875 6.875 0.6875
1532257183359655 14.5625 2.3125 6.25
1532257183396557 12.4375 1.25 11.8125
1532257183509255 31.5 2.875 14.25
1532257183584055 38.5 3.3125 15.9375
1532257183666834 34.625 2.6875 16.5
1532257183696754 5.4375 -2 3.6875
1532257183726674 4.1875 -2.625 2.8125
1532257183749612 3.3125 -3 1.8125
1532257183801478 3.375 -2.125 1.5625
1532257183854333 4.1875 1 1.4375
1532257183899212 1.9375 5.125 2.5625
1532257183952071 3.9375 8.25 4.125
1532257184079730 16.1875 -1.25 -6.375
1532257184169490 -9.125 -14.25 6.625
1532257184282188 -7.6875 14.0625 -4.125
1532257184356989 2 -10.6875 2.5
1532257184455725 2.375 3.8125 0.625
1532257184529527 -7.3125 1.0625 -0.4375
1532257184566428 -10.625 -4.1875 5.875
1532257184746950 1.375 11.1875 2.625
1532257184911505 -0.6875 -1.0625 -5.0625
1532257184941425 -1.125 -0.8125 -3.9375
1532257185062103 0.625 -16.4375 -8.0625
1532257185113964 -5.0625 -0.1875 -18.5
1532257185158844 -54.3125 22.0625 -13.125
1532257185211703 -40.25 52.625 -36.9375
1532257185249601 -37.375 96.4375 -38.4375
1532257185301464 -26.75 112.75 -48.25
1532257185452060 -53.75 142.438 -42.6875
1532257185579719 -51.0625 122.438 -56.75
1532257185609638 -69.5 120.063 -58
1532257185691420 -55.375 70.875 -36.5625
1532257185736299 -67.8125 43.375 -22.3125
1532257185789158 -46.0625 35.1875 -27.625
1532257185827057 -42 32.9375 -24.0625
1532257185856977 -40.625 24.4375 -19.0625
1532257185893879 -31.6875 24.8125 -11.25
1532257185916817 -29.875 24.3125 -6.25
1532257185999596 -16.5 22.75 12.1875
1532257186051459 -12.1875 24.1875 13.9375
1532257186090353 1.0625 19.0625 0.625
1532257186112294 5.625 17.0625 -5.8125
1532257186149196 1.75 15.375 -1.875
1532257186172134 6.125 7.1875 -0.6875
1532257186194076 18.9375 -6.1875 -3.5
1532257186253916 44.1875 -17.875 4.875
1532257186321734 48 -43.6875 -28.4375
1532257186336695 70.3125 -58.1875 -30.3125
1532257186352652 89.75 -71.3125 -34.6875
1532257186449393 101.688 -97.125 -49.0625
1532257186471334 109.625 -110.813 -49.625
1532257186547132 119.438 -154 -86.875
1532257186569077 109.563 -166.438 -58.6875
1532257186599009 77.1875 -111.5 -10
1532257186681772 36.8125 -70.625 6.375
1532257186696732 55.25 -46.1875 4
1532257186786491 3.4375 8.875 -4.375
1532257186809430 7.125 8.75 -4.3125
1532257186824390 -9.6875 5.8125 1.3125
1532257186861291 -9.9375 3.5625 4.0625
1532257186884230 -4.1875 2.375 4.8125
1532257186907168 -1.1875 4.4375 8.8125
1532257186937089 1.625 10.5625 18.125
1532257186973990 8.875 12.0625 20.9375
1532257186988950 11 11.0625 19.375
1532257187048790 10.8125 9.875 7.8125
1532257187109627 -6.1875 12.375 15.3125
1532257187124587 -12.0625 13.9375 24.125
1532257187139547 -20 17.0625 27.125
1532257187169472 -30.75 27.875 22.6875
1532257187191420 -28.5 34.125 19.5625
1532257187236289 -26.75 37.8125 24.5625
1532257187267205 -31.25 39.9375 29.3125
1532257187289147 -37.8125 41.75 27.25
1532257187304107 -41.875 38.9375 19.5625
1532257187371931 -43.5 33.9375 13.1875
1532257187408827 -41.375 26.0625 9.3125
1532257187446726 -41.125 19.125 6.375
1532257187469664 -44.625 13.75 0.125
1532257187521526 -29.625 -8 -10.25
1532257187581366 -3.25 -8.0625 -5.6875
1532257187619265 22.75 2.9375 0.875
1532257187738944 9.9375 10.0625 10.5
1532257187798785 7.875 13.9375 15.8125
1532257187836683 0.0625 16.9375 21.1875
1532257187859622 -5 -2.3125 6.375
1532257187949381 -5.25 -8.125 -1.625
1532257188032161 -0.9375 -5.8125 -8.125
1532257188106960 1.3125 -3.4375 -1.875
1532257188143862 7.75 -4.9375 3.125
1532257188204699 -0.75 -1.5 5.5625
1532257188256560 -0.625 1.625 7.625
1532257188309419 -2.875 5.5 14.1875
1532257188407166 -2.1875 -3.875 16.375
1532257188556765 7.75 -13.4375 -15.9375
1532257188616605 6.25 -11.1875 -14.5625
1532257188684424 6.4375 -1.375 -4.6875
1532257188834024 -7.4375 1.8125 3.5
1532257188908824 -0.875 5.0625 3.375
1532257188999582 3.9375 15.8125 -15.375
1532257189112280 4.9375 18.875 -13.8125
1532257189246919 -3.9375 13.0625 -8.25
1532257189464339 -1.75 1.0625 -19.8125
1532257189479299 -5.625 0 -20.3125
1532257189598979 5.4375 1.875 3.875
1532257189667795 -0.3125 16 17.875
1532257189726637 4.125 40.3125 30.25
1532257189968990 75 -20.375 11.5625
1532257190018868 -158.563 -150.75 -30.625
1532257190071714 -22.375 4.75 0.1875
1532257190133549 -38.375 61 30.3125
1532257190237272 -51.375 84.4375 50.3125
1532257190282152 -44.8125 90.4375 74.125
1532257190386872 -21.0625 67.75 37.6875
1532257190401831 -34.6875 66.8125 21.8125
1532257190416792 -33.8125 49.0625 -5.6875
1532257190461672 2.625 28.3125 -39.875
1532257190476632 4.4375 23.4375 -36
1532257190536471 10.1875 21.875 -35.375
1532257190581352 18.9375 20.3125 -36.625
1532257190596312 17 17.5625 -33.125
1532257190611272 23.0625 13.9375 -25.5625
1532257190634211 34.5 7.5 -29.3125
1532257190664130 22.625 -2.4375 -35.25
1532257190687069 25.4375 -5.0625 -12.9375
1532257190738931 26.0625 -5.75 -8.4375
1532257190777826 10.6875 -8.5625 -0.5
1532257190821709 -1 -14.6875 -3.625
1532257190836669 1.9375 -13.3125 -6
1532257190874567 -3.3125 -11.25 -7.875
1532257190889528 -8.5625 -7.5 -5.75
1532257190919448 -8.3125 -5.8125 -5.8125
1532257190926433 -5.875 -3.625 -6.9375
1532257190964328 -4.5625 1.25 2
1532257191017186 -1.1875 1.9375 2.5625
1532257191032146 -0.9375 1.625 1.1875
1532257191069052 -1.8125 1.1875 2.4375
1532257191098968 2 -4.5625 8.1875
1532257191121906 5.625 -9.9375 10.8125
1532257191136866 11.25 -19.625 9.6875
1532257191158807 17.125 -29.6875 8.4375
1532257191189725 17.25 -44.5625 12.1875
1532257191271506 -2.25 -94.875 28.9375
1532257191316386 -17.1875 -124.563 24.1875
1532257191407143 44.375 -202.5 25.125
1532257191437063 43.75 -205.125 28.4375
1532257191631544 11.6875 -194.563 52.5625
1532257191684402 7.375 -180.563 42.25
1532257191782141 72 -168.125 11.3125
1532257191789122 72.375 -157.875 27
1532257191886861 37.9375 -53.5625 -10.0625
1532257191954679 10.5625 -17.75 2.1875
1532257192014519 -26.1875 -6.25 8.9375
1532257192021501 8.25 2.125 -0.3125

1532257192074368 14.3125 -0.8125 -0.4375
1532257192111260 -5.875 -6.8125 6.125
1532257192216978 10.25 1.5 3.375
1532257192404699 50.4375 21.1875 9.625
1532257192554299 24.3125 19.3125 6.4375
1532257192718859 -8.0625 -2.625 -4.5625
1532257192771717 -3.5 -5.25 -0.3125
1532257192854496 7.1875 -8.5625 6
1532257192899376 5.4375 -5.9375 4
1532257192952235 2.375 -4.9375 3.5
1532257193019056 0.5625 -11.5625 3.875
1532257193056955 3.5625 -13.0625 10.1875
1532257193071914 10.3125 -14.25 11.125
1532257193169653 -3.25 -13.875 1.625
1532257193206555 1.6875 -15.8125 -3.4375
1532257193259415 22.5 8.125 -4.5
1532257193281354 9.75 31.8125 -4.6875
1532257193334213 -57.1875 66.4375 -37.5625
1532257193409013 -34.75 71.25 -56.125
1532257193431952 -31.375 66.4375 -67.75
1532257193468870 -48.625 42.9375 -83.9375
1532257193551650 -42.3125 24.6875 -81
1532257193589532 -24.625 19.75 -66.0625
1532257193866789 53.625 -12.625 -6.25
1532257193919647 -15.375 11 -12.875
1532257194016389 -81.5625 121.25 -15.625
1532257194144047 -69.3125 129.313 -17.75
1532257194159007 -80.5625 140 -20.4375
1532257194264726 -57.5 79.625 -0.3125
1532257194286666 -36.0625 54.4375 -20.0625
1532257194324565 -40.1875 30.375 -10.75
1532257194346506 -37.25 14.3125 -16.8125
1532257194361466 -17.5625 3.25 -28.875
1532257194406346 23.4375 -10.125 -41.375
1532257194459204 1.9375 -12.5 -38
1532257194489125 -5.8125 -18.3125 -23.125
1532257194519052 -12.375 -19.5625 -15.625
1532257194571903 -4.9375 -12.125 -2.25
1532257194625760 -8.125 0.0625 12.5625
1532257194654696 7.5625 6.25 28.625
1532257194684617 6.375 14.625 35.25
1532257194736463 11.75 13.4375 28.1875
1532257194796303 24.6875 3.625 14.375
1532257194849162 28.625 -28.0625 -19.75
1532257194984814 77 -87.875 -50.875
1532257195044639 109.375 -155.188 -28.0625
1532257195119439 131.125 -203.5 -20.9375
1532257195149359 137.688 -170.063 2.5
1532257195202219 48.25 -105.313 45.375
1532257195232138 110.25 -67.9375 42.5
1532257195262058 89 -40.5625 33
1532257195486458 -66.9375 58.3125 -24.4375
1532257195592175 -86.375 87.4375 14.75
1532257195666974 -96.125 92.9375 15.8125
1532257195711855 -97 90.375 14.4375
1532257195771695 -86.625 86.875 7.5
1532257195831534 -91.4375 77.875 15.8125
1532257195997096 -58.625 46.3125 1.875
1532257196056932 -39.4375 12.625 -16.25
1532257196108794 -9.3125 -16.625 -41
1532257196176612 9.875 7.125 3.375
1532257196619428 -5.9375 6.75 11.5
1532257196724148 -5.5 2.75 17.25
1532257197107124 -2.6875 -0.25 11.625
1532257197474142 -0.3125 -0.125 7.6875
1532257197533982 21.25 -26.75 -63.8125
1532257197548942 20.0625 -28.8125 -61.1875
1532257197571880 6.875 -20 -62.5
1532257197646681 1 -13.9375 -53.0625
1532257197736441 19.6875 8.125 -7.375
1532257197789300 60.875 7.0625 -15.1875
1532257197864100 47.75 10.25 -12.625
1532257197894020 22.875 4.5 -6.5
1532257198014696 22.0625 4 -12
1532257198059577 10.5625 21.25 14.0625
1532257198096478 14.4375 39.75 37.25
1532257198194216 -7 51.5625 41.6875
1532257198254056 -14.1875 55.875 33
1532257198291955 -15.8125 56.1875 30.25
1532257198343817 32.6875 -38.1875 -3.5
1532257198404654 -33.5625 12.375 5.875
1532257198456516 -42.125 12.375 12.0625
1532257198554254 -39.5 52.9375 48.875
1532257198569215 -55.875 47.25 62.125
1532257198607112 -53.1875 43.375 76.5625
1532257198614094 -30.5 39.25 84.875
1532257198666953 -30.625 36.125 77
1532257198696873 -75.0625 28.875 77.9375
1532257198749731 -32.6875 54.875 59.75
1532257198786644 -22.9375 58.3125 49.9375
1532257198846473 -31.375 62.625 27.6875
1532257198869411 -26.6875 62.4375 18.4375
1532257198937229 8.3125 33.6875 -34.6875
1532257198974132 12.3125 26.0625 -36.9375
1532257199048932 35.75 4.6875 -46.6875
1532257199078851 19.375 -0.75 -42.1875
1532257199184591 4.75 4.3125 18.6875
1532257199214489 4.4375 -1.4375 -0.4375
1532257199251402 2.5625 -2 -1.875
1532257199296270 -9.6875 -3.5625 0.5625
1532257199401987 8 -14.625 14.8125
1532257199453848 0 -53.125 12.625
1532257199514686 -11.0625 -85 14
1532257199604445 19.6875 -128.813 -4.5
1532257199656307 63 -235.688 -26.5625
1532257199709166 66 -228 18.0625
1532257199791944 67.125 -173.188 22.375
1532257200001384 70.75 -121.25 15
1532257200069203 24 -6.5 5.375
1532257200158963 29 -10 -2.6875
1532257200173923 11.75 -14 1.625

1532257200218803 7.625 -2.3125 8.375
1532257200234761 10.125 4.4375 7.8125
1532257200286622 17.625 4.375 9.1875
1532257200339480 0.5 4.625 -2.0625
1532257200437244 -1.9375 10.6875 -1.4375
1532257200489105 22.875 12.125 4.3125
1532257200548945 40.8125 14.1875 17.375
1532257200593860 45.9375 17.1875 22.4375
1532257200729497 -0.5 29.1875 -1.5625
1532257200789337 -4.25 17.25 -5.5625
1532257200834217 -4.5625 -5.75 -5.375
1532257200887076 -5.375 -2.1875 1
1532257200902037 15.5625 2.875 1.75
1532257200931955 21.375 3.1875 -0.5625
1532257200953896 11.25 3.75 1.25
1532257201044655 1.875 1.8125 1.6875
1532257201179307 -2.9375 -8.6875 -3.875
1532257201209214 -2.75 -10.0625 -3.6875
1532257201224174 -5.4375 1.0625 -4.8125
1532257201277033 -5.6875 -4.625 -11.625
1532257201298974 -9.8125 -2.4375 -8.4375
1532257201343854 -9.375 3.0625 -5.8125
1532257201381753 -1.375 5.5625 -3.5
1532257201426633 -8.75 1.375 0.125
1532257201449571 -2.6875 0.4375 0.25
1532257201486473 3.75 -2.625 -2.875
1532257201501433 -0.4375 -5.3125 0.0625
1532257201539331 -6.8125 -5.4375 0.5
1532257201652030 -6.8125 -4.8125 1.125
1532257201711872 -1.375 -5.0625 2.1875
1532257201944248 -6.25 -8.25 7.8125
1532257202004088 -8.0625 -1.75 2.9375
1532257202139726 -4.5 -1 1.1875
1532257202154686 7 3.75 -0.875
1532257202176627 -45.8125 11.75 -30.8125
1532257202206547 11.0625 68.125 -62.0625
1532257202229486 -76.875 143.5 -33.5
1532257202289326 -81.4375 178.625 -36.125
1532257202394046 -74.1875 169.563 -39.0625
1532257202492782 -81.9375 161.5 -41.8125
1532257202506761 -94.0625 152.938 -40.75
1532257202559603 -83.125 119.063 -32.1875
1532257202604489 -72.1875 74.5 -14.5625
1532257202619452 -44.5 50.5 -10.25
1532257202641384 -38.0625 39.4375 -7.625
1532257202664323 -17.8125 29.375 1.3125
1532257202694242 -15.1875 26.5 2.75
1532257202718180 -17.25 25.5625 5.3125
1532257202739123 -13.625 21.5625 10.625
1532257202769051 -9.75 15.0625 7.75
1532257202784003 -0.8125 17.6875 4.0625
1532257202821902 -1.875 16.0625 5
1532257202858812 -10.8125 12.9375 5.4375
1532257202911661 3.125 3.75 1.625
1532257202934600 10.75 0.8125 1.5625
1532257202986462 4.5 -0.3125 4.4375
1532257203001421 3.375 -2 5.5625
1532257203031342 16.75 -9.4375 2.4375
1532257203046302 14.375 -13.3125 2.375
1532257203084200 13.125 -15.4375 3.0625
1532257203114120 11.1875 -17.5 3.5
1532257203129080 12.5625 -21.9375 -2.875
1532257203173960 41.5 -37.6875 -18.5625
1532257203286659 37.875 -53.5 -35.9375
1532257203339517 67.5 -65.9375 -43.5
1532257203421299 153.125 -155.25 -36.875
1532257203601816 115.063 -189.938 -22.125
1532257203729475 -4.875 -37 6.3125
1532257204096493 -35.125 41.25 4.8125
1532257204119431 -41.3125 46.8125 0.6875
1532257204171293 -71.125 58.125 7.9375
1532257204186253 -77.8125 61.25 9.75
1532257204224152 -84.875 62.875 15.9375
1532257204247091 -83.0625 65.75 18.5
1532257204322901 -76.25 77 21.125
1532257204396691 -90.8125 75.5625 34.1875
1532257204449548 -60.5 69.8125 26.4375
1532257204607128 -36.8125 39.1875 -6.75
1532257204644029 -18.6875 19.5 -11.6875
1532257204673949 -2.6875 10 -17.6875
1532257204726808 5.5625 8.1875 -0.625
1532257204891368 -7.625 3.375 15.4375
1532257204952205 -6.5 -1.6875 14.5
1532257205063906 -1.0625 -0.1875 -12.0625
1532257205131725 4.125 2.4375 7.25
1532257205169624 -1.0625 1.5625 8.1875
1532257205342162 -7 0.4375 15.125
1532257205394024 -5.75 -0.5625 17.125
1532257205506722 7.75 -5.5625 -13.4375
1532257205529661 9.1875 -2.25 -9.8125
1532257205611442 8.5625 1.75 -1.5625
1532257205649341 1.75 0.3125 -0.3125
1532257205836839 -1.875 -0.25 4.375
1532257205941559 -0.6875 -0.125 5
1532257205988435 -7.625 -10.3125 -11.3125
1532257205994417 -0.9375 -6.75 -0.875
1532257206039298 15.6875 -14.375 -5.25
1532257206114098 27.3125 -12.0625 -11.125
1532257206188898 26.375 -7.9375 -15.9375
1532257206265693 56.375 -0.0625 -12.4375
1532257206489095 34.6875 -30.3125 -38
1532257206819213 1.8125 18.25 16.75
1532257206916951 5.1875 40.125 9.75
1532257206984770 8.4375 44.6875 9.875
1532257207111431 1.875 43.125 9.3125
1532257207449527 -43.875 71.4375 29.75
1532257207501395 -56.625 124.75 55.9375
1532257207539287 -62.1875 128.25 64.375
1532257207562231 -34.3125 130.25 68.5
1532257207592146 -66.3125 123.063 57.0625
1532257207629047 -57.375 98 31
1532257207666945 -59.75 68.3125 0.375
1532257207726785 -61.9375 53.25 -8.5625
1532257207771665 -42.625 23.625 -25.625
1532257207839484 -10.8125 -25.75 -43.0625
1532257207869404 -1.5 -31.5 -47
1532257207937223 26.125 -34.6875 -55.875
1532257207989085 6.6875 -27.375 -53.1875
1532257208026983 14.625 -25.125 -50.3125
1532257208033964 40.4375 -30.3125 -51.5625
1532257208086823 17.5625 -25.6875 -30.6875
1532257208139681 15 -17.625 -12.4375
1532257208154641 17.625 -11.1875 -5.3125
1532257208191543 0.75 -5.8125 1.5625
1532257208259361 2.25 1.6875 -3
1532257208311223 -11 3.75 4.0625
1532257208357100 -4.75 1.3125 2.9375
1532257208372060 -7.625 0.4375 5.4375
1532257208423921 -2.8125 -10 10.75
1532257208477777 13.1875 -25 8.75
1532257208611420 -20.6875 -64.75 11.9375
1532257208702177 17.5625 -180.625 24.5625
1532257208732097 18.4375 -167.375 30.1875
1532257208754038 33.5 -161.188 24.8125
1532257208769001 55.5 -158 16.4375
1532257208821857 52.5625 -142.625 20
1532257208919598 62.3125 -105 11.5
1532257208949515 52.125 -94.1875 17.4375
1532257208986417 35.625 -71.4375 11.5625
1532257209024316 58.125 -70.875 3.0625
1532257209114075 35 -57.4375 10.9375
1532257209218804 45.25 -44.875 10.625
1532257209279633 62 7.875 13.375

1532257209324528 29.375 -7.6875 15.5
1532257209391334 25.9375 6 9.375
1532257209482092 35.4375 4.75 7.625
1532257209504033 26.875 7.5625 8.75
1532257209556891 38.625 10.125 8.8125
1532257209601789 32.75 10.75 9.0625
1532257209631691 27.1875 10.5625 5.3125
1532257209759350 14.9375 8.5 -1.5625
1532257209827169 13.125 7.25 2.5625
1532257209923910 19.75 7.75 2.5
1532257209977765 9.8125 4.8125 3
1532257209999708 9 1.875 1.5625
1532257210051572 5 -1.0625 0.875
1532257210164267 -3.6875 0.6875 1.9375
1532257210254028 3.625 -0.1875 3.5
1532257210494385 -0.0625 0.5625 1.125
1532257210546246 -2.0625 -2.875 0.0625
1532257210614076 0.5 -4.75 0.6875
1532257210658957 0.1875 -4.9375 0.6875
1532257210756695 -0.875 1.3125 4.875
1532257210816535 2.5 4.125 -1.0625
1532257210831495 1.9375 3 -1.375
1532257210982093 0.25 0.875 -0.3125
1532257211146664 8 8.1875 -13
1532257211236423 -17.375 -5.125 7.4375
1532257211251398 16.25 0.25 -0.6875
1532257211304242 -5.875 -4 -13.1875
1532257211342141 11.0625 10.3125 -25.0625
1532257211364082 -48.875 46.9375 -26.3125
1532257211394002 -25.1875 59.25 -35.3125
1532257211416941 -20.8125 63.0625 -37.25
1532257211499719 -28.0625 59.1875 -50.375
1532257211521660 -30.5625 46.125 -71.25
1532257211574520 -28.625 13.0625 -82.875
1532257211589479 -34.0625 2.625 -83.6875
1532257211634360 -39.75 -6.5 -79.5
1532257211717138 -43.625 -8.875 -72.8125
1532257211762018 -17.6875 -10.125 -72.625
1532257211798919 5.75 -3.875 -70.375
1532257211851777 -28.25 41.1875 -38.0625
1532257211866738 -28.625 69.75 -30.75
1532257211911618 -67.375 118.625 -10.6875
1532257211934556 -72.75 121.25 -8.4375
1532257211956498 -72.875 124.625 -5.9375
1532257212001378 -79.9375 126.375 -3.6875
1532257212107096 -88.1875 125.813 2.75
1532257212151975 -90.625 124.688 7.375
1532257212196855 -104.313 106.625 17.1875
1532257212218811 -90.6875 51.625 5.875
1532257212256695 -59.5625 39.3125 -8.625
1532257212279634 -63.125 34.9375 -8.125
1532257212309554 -70.5 24.3125 -8.3125
1532257212331495 -64.25 21.0625 -8.9375
1532257212361415 -58.3125 18.5625 -4.375
1532257212421255 -36.6875 11.3125 -0.3125
1532257212437213 -18.625 9.9375 0.8125
1532257212518997 21.75 -2.125 5.4375
1532257212548914 30.5625 -5.4375 6
1532257212594791 31.75 -3.4375 -23.875
1532257212624711 14.5625 5.3125 -13.375
1532257212646652 7.125 9.0625 -11.0625
1532257212691533 19.75 11.3125 -0.6875
1532257212714471 20.3125 10.75 8.0625
1532257212736413 19.4375 9.375 16.4375
1532257212774311 25.9375 5.5625 13.5
1532257212879031 58.125 -50.6875 11.1875
1532257212916930 69.25 -69.75 -11.9375
1532257212953831 103.125 -109.063 -45.5
1532257213021650 113.75 -131.75 -55.5625
1532257213036610 103.313 -171.063 -64.8125
1532257213328828 117.75 -180.625 9.625
1532257213629026 16 12.4375 14.3125
1532257213658945 -12.75 27.8125 -10.125
1532257213688865 -71.1875 53.8125 -14.5
1532257213741724 -99.875 77.1875 -23.0625
1532257213771644 -112.563 102.688 -33.3125
1532257213944183 -144.438 107.25 -27.25
1532257214048903 -134.688 105.063 -24.0625
1532257214221441 -12.0625 36.9375 3.75
1532257214476758 -6.25 -21.9375 -9.4375
1532257214514657 -4.75 -18.5 -19.3125
1532257214657276 -4.0625 8.625 7.125
1532257214806876 -12.375 -1.3125 11.1875
1532257214919574 -19.25 -10.6875 5.8125
1532257214971436 -14.9375 -6.8125 3.3125
1532257215024294 -4.75 -0.5 0.8125
1532257215084134 3.4375 1.6875 -6.6875
1532257215107073 10.25 -1.4375 -10.0625
1532257215129015 17.3125 -3.4375 -11.375
1532257215136993 14 -4 -9.5
1532257215218774 9.75 -9.25 -13.1875
1532257215264652 7.625 -8.375 -13
1532257215324492 20.625 -11.3125 -19.8125
1532257215369371 10.375 -1.6875 -26.6875
1532257215422230 21.0625 9.5625 -22.875
1532257215483068 -3.0625 19.625 -9.8125
1532257215541910 27.1875 18.375 -0.875
1532257215586790 16.5625 15 -1.75
1532257215654609 35.0625 9.1875 -11.875
1532257215684529 -2.375 1.375 -1.8125
1532257215759329 36.25 -14.5 -21.0625
1532257215789248 16.875 -14.375 -11.375
1532257215849089 7.4375 -10.375 -7.25
1532257215864049 11.1875 -6.5625 -4.625
1532257215886987 15.75 -3.9375 -4.1875
1532257215938849 9.9375 4.5625 4.375
1532257215961787 10.0625 9.25 3.875
1532257215976747 10.9375 13.125 8.6875
1532257216209126 -1.5625 23.4375 10.125
1532257216261985 -1.75 24.25 20.8125
1532257216458459 -54.375 85.5 65
1532257216547222 -34.625 76.75 52.75
1532257216592102 -61.8125 58.8125 51.375
1532257216629003 -28.5625 51 23.375
1532257216658922 -21.0625 31.75 0
1532257216681878 -27.25 22.875 -11.0625
1532257216718763 -33.125 9.1875 -28.625
1532257216741702 -24.5 -0.5 -45.25
1532257216786582 9.9375 -11.25 -51
1532257216824480 24.75 -12.5 -51.4375
1532257216861382 25.25 -2.875 -32.625
1532257216884320 15.5625 -9.5625 -24.875
1532257216914240 24.75 -7.1875 -18
1532257216937179 7.125 -7.0625 -11.9375
1532257216967099 7.5625 -5 -7.4375
1532257216997019 1.125 0.125 -7.75
1532257217033920 4.75 1.625 -5.3125
1532257217086779 -5.4375 2.3125 0.3125
1532257217154598 -7.5 3.75 -2.375
1532257217176539 -2.6875 4 -1.0625
1532257217282256 6.375 -11.3125 3.8125
1532257217304198 2.875 -18.8125 2.8125
1532257217327136 9.6875 -30.0625 -0.9375
1532257217431856 -7.8125 -105.188 24.6875
1532257217469755 20.25 -169 -3.8125
1532257217491696 83.8125 -194.875 1.6875
1532257217521615 51.375 -194 17.625
1532257217551536 12.4375 -192 32.625
1532257217581456 -9.75 -192.563 28
1532257217649275 39 -175.188 5.875
1532257217687174 64.625 -162.563 -8.8125
1532257217702134 66.625 -152.875 -1.625
1532257217739035 41.1875 -111.438 12.8125
1532257217761973 69.375 -92.0625 -12.8125
1532257217798875 64 -85.125 -2.1875
1532257217821814 30.25 -48.5625 -0.875
1532257217971413 42.4375 -35.75 -5.5

1532257218107051 20.1875 7.3125 2.8125
1532257218158912 4.0625 -7.5625 10.25
1532257218361371 20.125 6.875 7.125
1532257218526928 63.625 15.1875 29.6875
1532257218579786 59.5 11.9375 20.375
1532257218601727 46.5625 12.6875 15.75
1532257218661568 33.3125 9.5625 5.9375
1532257218744346 6 4.0625 1.8125
1532257218804186 1.875 -0.875 -2.9375
1532257218916885 -0.625 -4.25 0.5625
1532257218976725 2.5 -1.8125 2.1875
1532257219029584 3.375 -0.375 1.9375
1532257219096405 0.8125 1.125 2.375
1532257219194144 1.75 -3.0625 1.5625
1532257219225061 1.1875 -1.0625 -0.875
1532257219268943 -4 2.625 -13.8125
1532257219298864 -18.25 -0.1875 -18.5625
1532257219351722 -0.6875 10.0625 -16.875
1532257219366683 -20.1875 12.1875 -19.3125
1532257219411562 -44.9375 16.25 -35.9375
1532257219434510 -51.5625 23.1875 -40.9375
1532257219456442 -53.4375 26.3125 -42.9375
1532257219471402 -46.375 34.125 -40.9375
1532257219494341 -44.375 42.25 -38.625
1532257219517281 -44.0625 48.5 -33.3125
1532257219532239 -35.9375 54.1875 -25.625
1532257219562160 -5.75 68.4375 -30.25
1532257219584101 6.0625 67.5625 -47.0625
1532257219614021 0.25 73.4375 -55.375
1532257219636960 -18.375 77.75 -53.0625
1532257219666880 -38.3125 81.625 -50.8125
1532257219681839 -62.5 85.3125 -56.875
1532257219719738 -71.25 94.625 -53.5625
1532257219741683 -69.375 104.313 -46.6875
1532257219771600 -68.5625 107.875 -46.6875
1532257219816479 -72.75 103.5 -35.1875
1532257219846400 -74.375 100.125 -25.75
1532257219914218 -71.125 98.1875 -22.0625
1532257220033899 -74.75 97.5 -12.1875
1532257220078778 -86.6875 90.875 -2
1532257220116677 -87.125 76.8125 4.3125
1532257220139615 -79.3125 70.8125 7.9375
1532257220199455 -37.8125 36.25 7.1875
1532257220251334 -33.5 32.875 7.4375
1532257220304175 -38.625 29.75 10.75
1532257220327114 -35.6875 26.5625 14.75
1532257220342074 -26.5 21.4375 16.1875
1532257220401914 21.0625 -2.1875 3.75
1532257220423855 33.3125 -8.1875 7.1875
1532257220453775 25.375 -12.5625 17.5
1532257220476714 16.125 -8.6875 -0.75
1532257220506634 19.5625 -10.375 -6.9375
1532257220544533 12.875 -4.8125 -7
1532257220596394 14.6875 -1.8125 -0.5
1532257220619333 18.9375 -3.125 4.25
1532257220672191 11.875 -8.75 8.25
1532257220724052 26.4375 -30.9375 -1.875
1532257220746991 29.3125 -40.9375 -7.375
1532257220792869 38.625 -55.5625 -10.375
1532257220813813 42.9375 -64.625 -4.125
1532257220859713 86.75 -101.813 -18.4375
1532257221009313 154.688 -170.375 -53.8125
1532257221092108 117.5 -167 -31.8125
1532257221151931 87.0625 -168.313 -28.5
1532257221324470 10.5625 8.125 29.5
1532257221346411 17.5625 14.125 17.4375
1532257221376331 2.375 10.375 8.25
1532257221526929 -65.8125 79.125 3.875
1532257221586769 -69.1875 102.188 25.625
1532257221654587 -73.625 114.563 13.75
1532257221767286 -78.1875 98.4375 38.3125
1532257221819146 -61.25 83.375 27.625
1532257221864027 -43.9375 49.75 6.9375
1532257221969747 -12.25 20.1875 -11.25
1532257222127323 12 -9.9375 -11.25
1532257222149264 9.5625 -4.0625 -1.875
1532257222209103 -2.625 3.9375 10.125
1532257222261968 -3 7.5 16.0625
1532257222306843 2 10.1875 20.3125
1532257222366683 -7.5 -3.25 15.4375
1532257222389622 -9.0625 -8.75 3.875
1532257222456458 0.1875 -10.125 -5.0625
1532257222486363 7.3125 -8.1875 -11.0625
1532257222516282 4.6875 -5.8125 -14.3125
1532257222562160 11.75 2 -14.125
1532257222584101 1 6.0625 -5.5
1532257222622000 -1.8125 5.9375 -0.5
1532257222651929 2.25 5.5 2.9375
1532257222696800 -3.25 0.4375 12
1532257222749659 -3.25 -2.375 15.75
1532257222786560 -1.9375 -4.8125 15
1532257222824458 -1.0625 -6.4375 14.6875
1532257223011957 -1.5 -7.8125 6.3125
1532257223078778 4.5625 -7.875 -22.3125
1532257223124656 -0.25 10.4375 -3.5625
1532257223154575 0.5625 10.1875 -1.125
1532257223312155 -0.25 2.6875 6.4375
1532257223626315 3.0625 -2 2.875
1532257223657244 -3.3125 -6.375 -3.6875
1532257223739012 7.375 4.375 -17.5625
1532257223866672 20.75 -14 -31.875
1532257223889610 42.75 -23.6875 -35.6875
1532257223911552 42.625 -36.25 -31.125
1532257224001313 34.4375 -44.375 -41.125
1532257224062149 48.125 -47.125 -40.5
1532257224241669 7.8125 -36.8125 -15.75
1532257224301517 3.3125 12.125 3.3125
1532257224369327 4.4375 51.125 33.375
1532257224423184 8.0625 52.25 38.3125
1532257224467065 6.8125 48.5 40.1875
1532257224654565 16.0625 27.1875 24.5625
1532257224842064 110.438 -31.75 -18.8125
1532257224908884 -22.75 9.625 10.75
1532257225059482 -95.125 84.0625 78.875
1532257225119322 -28.25 63.875 19.1875
1532257225187141 13.375 41.25 -15
1532257225202101 19 35.0625 -25.3125
1532257225232021 17.125 28.0625 -38.3125
1532257225261941 27.25 9.5 -49
1532257225298842 24.5625 8.4375 -46.5
1532257225351701 25.375 -0.0625 -14.125
1532257225374639 6.125 0.5 2.75
1532257225389599 6 -1.125 7.625
1532257225426501 8.4375 -1.9375 5.0625
1532257225449438 -7.1875 -0.5 -1.0625
1532257225464399 -3.875 -1.125 -4.125
1532257225494319 -0.625 -4.5625 -3.875
1532257225509279 -3.75 -8.6875 -0.75
1532257225539199 -11.3125 -11.9375 1.25
1532257225562138 -16.875 -10.375 4.875
1532257225607018 -10.5625 -5.6875 3.1875
1532257225621978 -2.1875 -3.125 1.5625
1532257225636938 1.25 -0.375 3.8125
1532257225688799 -5.3125 2.875 3.0625
1532257225703759 5.75 3.75 -2.8125
1532257225726698 7.9375 3.8125 -1.25
1532257225749636 -0.6875 2.9375 1.375
1532257225764597 -3.125 1.0625 2.5625
1532257225786538 5.125 -3.1875 1.5
1532257225809477 18.625 -12.0625 -0.875
1532257225846377 38.375 -61.375 -9.0625
1532257225892255 29 -101.438 -12.5625
1532257225914196 4.1875 -134.875 3.25
1532257225929156 -22.6875 -164.25 13.4375
1532257225967055 2.6875 -229.25 -19.5
1532257226011935 26.125 -240.125 -30.0625
1532257226033876 32.875 -238.188 -36.9375
1532257226063797 42.4375 -233.313 -35.125
1532257226094716 -4.8125 -220 -11.3125
1532257226131614 -24.875 -202.813 -12.4375
1532257226154554 37.1875 -176.813 -33.75
1532257226206415 41.4375 -121.875 -5.0625
1532257226236335 54.375 -107.063 -11.1875
1532257226259274 97.875 -112.188 -19.4375
1532257226312132 24.5625 -77.0625 10.375
1532257226349034 102.125 -63.625 19.8125
1532257226371972 69.5 -45.875 26.75
1532257226393914 56.6875 -27.125 23.0625
1532257226408890 77.5 -16.75 15.4375
1532257226446772 113.125 -20.375 11.625
1532257226484671 57.6875 -12.75 15.4375

1532257226529551 21.5625 -7 9.8125
1532257226566452 21.6875 -5.8125 1.375
1532257226596372 33.125 -6.3125 -4.0625
1532257226761930 3.1875 17.75 -4.875
1532257227017256 24 7.4375 13.0625
1532257227084067 22.5 5.625 7.5
1532257227316767 7.875 2.1875 4.9375
1532257227354665 8.3125 -0.5625 5
1532257227504266 -3.6875 -3.0625 -0.125
1532257227564106 -33.5 7.3125 -10.6875
1532257227616964 24.8125 28.5 -6.4375
1532257227646884 8.5 32.375 -7.625
1532257227706724 -26.3125 34.75 -22.0625
1532257227781524 -22.5 28.0625 -29.5625
1532257227819423 -22.125 22.0625 -32.5
1532257227849343 -36 9.8125 -37.0625
1532257227924143 12.5 10.9375 -0.875
1532257227954063 18.375 8.875 2.375
1532257228036842 23.125 3.0625 9.5
1532257228096682 -7.6875 12 4.9375
1532257228111641 1.1875 9.75 -3.875
1532257228171482 -1.4375 48.3125 -6.3125
1532257228224349 4.4375 59.4375 -6.0625
1532257228314100 -62.8125 145.75 0.5
1532257228366959 -53.625 155.125 -15.0625
1532257228509578 -72.75 154.75 -15.6875
1532257228539497 -83.125 149.813 -23.5
1532257228682116 -26.8125 61.9375 -14.6875
1532257228763897 -4.5 45.375 -12.625
1532257228869615 11.25 3.8125 -11.75
1532257228944415 9.8125 -6.25 8.5625
1532257229004255 25.375 -15.125 30.625
1532257229094015 38.5625 -38.4375 37.125
1532257229536831 63.25 -90.125 24.5625
1532257229701390 8.0625 8.9375 13.6875
1532257229851988 -56.125 85.625 -12.4375
1532257229866948 -61.625 93.3125 -12.25
1532257229903849 -73.625 98.5 2.625
1532257229964686 -84.875 108.438 -1.0625
1532257229979646 -96.0625 103.563 -1.25
1532257230039486 -113.125 98.5 16.3125
1532257230099327 -93.75 85.125 18.625
1532257230144206 -65.5 56.5625 24.125
1532257230182104 -57.125 22.375 -0.125
1532257230233966 -25.0625 -3.25 -23.125
1532257230324724 -5.75 -19.1875 -45.9375
1532257230346665 -0.3125 -19.875 -46
1532257230376585 9.375 -15.0625 -35
1532257230406505 4.5625 9 -0.875
1532257230436424 0.5625 23.1875 11.25
1532257230483300 -0.375 24.4375 19.625
1532257230519203 -9.1875 22.75 21.25
1532257230534163 -11 20.875 21.0625
1532257230572062 -3.9375 19.25 19.8125
1532257230608964 -5 13 22.25
1532257230661822 -2.9375 5.5 14.4375
1532257230721665 0.375 -1.3125 2.25
1532257230752579 -3.6875 -1.25 -4.8125
1532257230796462 2.3125 0.3125 -16.0625
1532257230864281 5.6875 6.3125 -15.25
1532257230879241 11.1875 10.3125 -4.9375
1532257230939081 2.4375 4.125 11.375
1532257230977986 -4.8125 2.0625 13.5625
1532257230998921 -7 1.125 15.4375
1532257231028846 -6.125 0 12.875
1532257231074736 -3.1875 -2.125 12.125
1532257231096659 -5.75 -6.125 11.125
1532257231134558 2.6875 -3.5625 5.6875
1532257231201392 -2.875 0.8125 -0.5
1532257231231299 -2.0625 1 -4.75
1532257231254238 5.5625 0.375 -11
1532257231284157 10.125 2.4375 -12.1875
1532257231329038 6.125 4.8125 -2.9375
1532257231358958 14 4.9375 1
1532257231396857 16.0625 3.6875 3.6875
1532257231441736 6.8125 -1.5625 6.25
1532257231464675 6.625 -4.1875 4
1532257231501577 3.5625 -6.125 6.875
1532257231531497 -1.3125 -6.25 8.1875
1532257231561417 -0.75 -6 9.3125
1532257231682093 0.6875 -8.75 8.625
1532257231704036 2.25 -8.125 4
1532257231756894 2.5 -7.6875 -7.3125
1532257231846654 10.5625 -13.8125 -16.6875
1532257231869592 17 -20.1875 -18.75
1532257231981294 32.6875 -29.5 -52.75
1532257232027171 9.9375 -24.6875 -41
1532257232131890 36.5 -18.25 -37.625
1532257232236611 29.75 -9.4375 -27.875
1532257232326371 11.625 1.25 -1.5
1532257232402169 2.4375 1.5 3.8125
1532257232528830 19.4375 42.625 33.0625
1532257232551772 17.5 44.5625 39.875
1532257232611608 23.0625 64.0625 44.6875
1532257232634547 10.875 63.875 43.625
1532257232679426 -4.3125 61.4375 33.5625
1532257232739267 91 -115.813 -81.125
1532257232851966 -47.125 19.25 25.625
1532257232941726 -6.375 5.5625 9.25
1532257233054424 -47.4375 108.438 74
1532257233091325 -54.125 100.188 70.125
1532257233114263 -55.25 105.625 58.5625
1532257233144184 -51 113.188 19.3125
1532257233174104 -24.9375 95.125 1.8125
1532257233218984 -40.125 76.875 -7.75
1532257233241924 -36.1875 56.5 -25.625
1532257233278825 -25.6875 42.6875 -30.0625
1532257233339661 34.375 8.3125 -39.625
1532257233391523 17.5 -1 -28.9375
1532257233421443 38.3125 -23 -31.0625
1532257233460352 21.8125 -34.5 -36.0625
1532257233519181 38.625 -49 -14.6875
1532257233542120 33.4375 -59.9375 -16.25
1532257233593981 30.0625 -63.4375 -39.375
1532257233608942 22.75 -54 -31.75
1532257233638862 10.0625 -37.25 -20.5
1532257233676759 13.875 -33.125 -14.625
1532257233699698 7.1875 -29.1875 -10.8125
1532257233729618 -0.625 -24.3125 -6.5625
1532257233745576 -5.0625 -20.4375 -2.5
1532257233774499 -9.875 -7.5 2.125
1532257233796440 -8.1875 -2.125 2.5625
1532257233811400 -7.9375 2.3125 3.6875
1532257233834338 -14.5625 6 5
1532257233856287 -13.25 8.6875 6.3125
1532257233887197 -11.875 10.625 8.9375
1532257233924110 -9.375 11.875 7.0625
1532257233939059 -10 11.3125 2.375
1532257233998898 -18.1875 -0.875 -1
1532257234013858 -18.0625 -3.875 -0.625
1532257234036804 -9.0625 -9.625 -2.3125
1532257234058739 -5.5625 -20.25 0.125
1532257234089656 -11.4375 -26.6875 0.8125
1532257234142515 -9.1875 -36.9375 3.125
1532257234179415 3.1875 -51.8125 2.875
1532257234299096 9.875 -208.25 -5
1532257234329017 28 -228.875 -11
1532257234351956 83.625 -233.188 -9.625
1532257234366914 130 -222.875 0.3125
1532257234411794 61.375 -205 53.25
1532257234464653 53 -190.875 51
1532257234509533 107.563 -160.563 24.8125
1532257234561394 94.875 -104.125 4.875
1532257234756871 56.4375 -85.875 16

1532257234884530 26.875 -66.25 12
1532257235027149 52.375 -35.75 4.5
1532257235034130 22.875 19.75 9
1532257235199705 15.1875 1.9375 7.1875
1532257235311388 69.375 12.1875 23.9375
1532257235506866 -6.75 0.3125 -6.6875
1532257235619565 -5.0625 1.625 -3.875
1532257235679405 -0.375 1.6875 0.75
1532257235732269 -1.25 2.875 2.25
1532257235754205 1.5 -1.125 1.625
1532257235814044 -0.6875 -2.9375 0.625
1532257235881863 1.9375 19.25 -10.6875
1532257235903804 -3.9375 34.5 -10.8125
1532257235994566 -37.875 39.1875 -19.4375
1532257236024481 -58.1875 28.9375 -24.9375
1532257236159135 -39.375 18 -46.4375
1532257236354599 -13 8.125 -4.25
1532257236466300 3.25 36.5 -24.0625
1532257236497218 -13.875 53.3125 -20.5625
1532257236527138 -37.375 104.625 -25.375
1532257236564039 -94 150.063 -20.6875
1532257236601951 -116.188 159.813 -10.75
1532257236638839 -119.313 154.813 -10.0625
1532257236766497 -81.125 136 12.125
1532257236819356 -42.125 120.813 13.3125
1532257236842297 -29.4375 111 20.375
1532257236864236 -37.75 110.75 23.5625
1532257236879197 -44.4375 109 27.9375
1532257236894160 -44.125 98.0625 35.5625
1532257236917094 -40.5625 92.1875 35.4375
1532257236939037 -25 88.4375 36.9375
1532257236953997 -17.6875 77.3125 39.5
1532257236998876 -8.5625 49.125 19.8125
1532257237021815 -0.875 40.6875 4
1532257237051735 12.1875 31.8125 -14.5625
1532257237074674 11.625 24.25 -25.75
1532257237089634 4.6875 14.5 -26.375
1532257237111575 -8.6875 1.4375 -27.5
1532257237149473 6.5625 -11.125 -56.25
1532257237164434 -4.3125 -13.5 -48.125
1532257237179394 -12.8125 -15.5625 -47.5
1532257237194354 -0.6875 -12.75 -44.6875
1532257237216295 6 -11 -36
1532257237254193 1.9375 -6.625 -23.4375
1532257237322012 -8.4375 -0.125 -5.25
1532257237411772 14.1875 -15.1875 9.3125
1532257237441692 22.5 -34.9375 -8.3125
1532257237471612 24.6875 -46.625 -15.375
1532257237501532 33.9375 -59.75 -18.1875
1532257237561372 59.75 -98.8125 -4.125
1532257237607249 66.6875 -118.563 -19.3125
1532257237637169 94.625 -141.375 -31.3125
1532257237652130 126.563 -171.813 -37.4375
1532257237689030 121.938 -234.688 -49.6875
1532257237733911 94.6875 -215.938 -37.6875
1532257237778791 75.875 -188.813 -28.125
1532257237809708 111.188 -143.188 -21.25
1532257237854588 34.6875 -85.25 15.25
1532257237899468 36.625 -52.625 18.25
1532257237966289 19.9375 -6.75 23.875
1532257237989228 10.9375 23.875 28.25
1532257238101927 -0.6875 11.0625 -4.8125
1532257238116887 -4.9375 16.0625 -0.625
1532257238169745 -29.8125 46.375 18.375
1532257238229585 2.0625 82.4375 8.6875
1532257238364225 -63.125 103.938 16.25
1532257238468945 -112.688 127.438 23.75
1532257238551723 -93.3125 128 14.5
1532257238664422 -116.625 84.375 1.9375
1532257238709303 -73.375 53.5625 -7.5625
1532257238732241 -48.8125 27.375 -20.4375
1532257238822000 9.25 9 0.25
1532257238881841 3.5625 9.0625 25.3125
1532257238911761 5.8125 7.125 27.6875
1532257238919740 5.625 4.75 32.375
1532257238941681 -3.375 1.4375 27.1875
1532257238971601 0.875 0.3125 19.375
1532257239031441 -5.875 -3.4375 -4.375
1532257239084300 8.0625 -5.4375 -22.875
1532257239122197 12 -4.4375 -24.9375
1532257239196999 2.125 -5 -26.4375
1532257239233900 6.5625 -4.5 -20.75
1532257239301719 1.5 2.25 -1.125
1532257239331638 -2.8125 3 7.4375
1532257239363553 -3.9375 2.1875 9.625
1532257239384497 -7.0625 0.5 9.625
1532257239452317 -6 -0.9375 10.8125
1532257239474257 -3.9375 -1.8125 9.875
1532257239504177 -2.6875 -3.8125 7.625
1532257239527115 -0.125 -4.9375 5.0625
1532257239601915 9.5 -4.875 -1.625
1532257239623857 10.4375 -6.875 -2.4375
1532257239744535 7.125 -22.875 -13.625
1532257239842274 45.375 -40.6875 -46.0625
1532257239939014 11.4375 -30.875 -41.625
1532257240269132 -2 26.8125 29.6875
1532257240307030 -7.3125 51.375 47.25
1532257240411749 -7.125 62.0625 32.25
1532257240464609 -11.5 63.125 29.75
1532257240524449 -6.25 80.25 21.1875
1532257240554369 -187.125 -147.25 -157.063
1532257240584288 -52.6875 23 6.125
1532257240659089 43.0625 -5.0625 -9.0625
1532257240711947 25.25 11.1875 -3.625
1532257240763809 -20.75 82.3125 69.4375
1532257240816666 -37.125 98.1875 102.125
1532257240929366 -48.3125 87.3125 115.813
1532257240944325 -64.875 86.9375 94.4375
1532257241019126 -44.9375 42.25 6.9375
1532257241101905 19.375 -48.4375 -108.938
1532257241131824 15.75 -48 -103.688
1532257241191665 -15.4375 -48.9375 -110.125
1532257241266464 12.4375 -51.5 -97.875
1532257241296384 24.5 -61 -83.375
1532257241357232 -5.0625 -56.0625 -45.75
1532257241372182 2 -35.9375 -19.6875
1532257241498842 -0.0625 -3.1875 -7.3125
1532257241611542 -5.1875 5.875 5.375
1532257241634480 -2.0625 5.0625 6.9375
1532257241686342 3.1875 -2.75 -1.1875
1532257241724240 8.8125 -14 -1.8125
1532257241843920 30.9375 -43.625 -11.5625
1532257241896779 38.5 -51.4375 -3.9375
1532257241911739 31.375 -59.25 -0.375
1532257241956619 68.125 -189.5 22.375
1532257241979557 73.9375 -176.563 37.5625
1532257242001506 48.875 -172.5 33.8125
1532257242054357 130.813 -177.75 26.25
1532257242122176 112.25 -155.125 43
1532257242159078 80.4375 -109.063 37.75
1532257242174037 123.75 -100.875 16.875
1532257242241856 15.9375 -31.3125 2.375
1532257242301697 22.4375 -27.8125 -9.1875
1532257242331616 -16.3125 -17.25 -7.8125
1532257242414395 27.375 2.3125 6.375
1532257242451300 22.125 3.375 9.625
