1532257276459052 -0.124254 -0.302344 2.30527
1532257276468028 -0.123485 -0.300184 2.30571
1532257276524875 -0.122285 -0.295754 2.30452
1532257276546816 -0.127316 -0.293238 2.30213
1532257276593691 -0.127756 -0.285697 2.2973
1532257276651536 -0.122704 -0.276812 2.29364
1532257276697414 -0.122932 -0.271112 2.29369
1532257276764235 -0.115872 -0.258215 2.2921
1532257276779195 -0.109184 -0.250633 2.29044
1532257276809115 -0.0954262 -0.234391 2.28318
1532257276839035 -0.0720458 -0.202945 2.2657
1532257276869952 -0.0655453 -0.19104 2.26111
1532257276928835 -0.0596174 -0.162263 2.25483
1532257276959752 -0.059264 -0.145465 2.25218
1532257277019592 -0.0592985 -0.109334 2.24462
1532257277094429 -0.0662906 -0.00773342 2.21502
1532257277139309 -0.0637291 0.0231767 2.20458
1532257277177207 -0.0631768 0.0526587 2.19869
1532257277222088 -0.0647721 0.066639 2.19704
1532257277409586 -0.0672919 0.113133 2.18803
1532257277454466 -0.0713639 0.124562 2.1922
1532257277791564 -0.0693049 0.150499 2.2103
1532257277859383 -0.0693139 0.151019 2.21593
1532257277957122 -0.0681505 0.155986 2.217
1532257278129660 -0.0654017 0.162149 2.21649
1532257278174552 -0.0640419 0.163384 2.21578
1532257278196482 -0.0617876 0.168652 2.21272
1532257278354061 -0.120494 0.227089 2.25921
1532257278490695 -0.143815 0.243072 2.28063
1532257278541559 -0.243816 0.306308 2.38004
1532257278729057 -0.310791 0.262531 2.59882
1532257278773938 -0.325628 0.207726 2.57371
1532257278826796 -0.34184 0.160356 2.42509
1532257278864695 -0.34273 0.150638 2.33086
1532257278894615 -0.338195 0.148522 2.29793
1532257278946476 -0.33645 0.143696 2.23056
1532257278984375 -0.335992 0.141264 2.15937
1532257279022273 -0.335706 0.140516 2.12225
1532257279133975 -0.33935 0.139066 2.00731
1532257279261633 -0.390682 0.155462 1.64479
1532257279336434 -0.427767 0.102603 1.50994
1532257279382311 -0.42427 0.0913168 1.49081
1532257279412231 -0.42652 0.0918233 1.48729
1532257279449132 -0.413374 0.0927278 1.52276
1532257279523931 -0.397495 0.0955814 1.61628
1532257279629649 -0.397081 0.100608 1.81754
1532257279681511 -0.388074 0.113592 1.89408
1532257279734370 -0.383492 0.123809 1.92541
1532257279787228 -0.379183 0.172433 1.98464
1532257279839089 -0.385325 0.204986 1.98903
1532257279862028 -0.388777 0.221658 1.9863
1532257279891948 -0.391549 0.22637 1.9872
1532257279928850 -0.395749 0.225717 1.99117
1532257279951787 -0.391094 0.224019 1.99621
1532257279989686 -0.383003 0.221581 2.0012
1532257280064486 -0.358882 0.173921 2.02352
1532257280109367 -0.340066 0.0940042 2.04801
1532257280162225 -0.270746 0.00481901 2.08012
1532257280266945 -0.238976 -0.100632 2.1247
1532257280319804 -0.209357 -0.166401 2.14866
1532257280709761 -0.0952608 -0.325478 2.29024
1532257281016940 -0.0679677 -0.320938 2.29569
1532257281069798 -0.0631507 -0.323952 2.29884
1532257281151580 -0.0569699 -0.328484 2.31859
1532257281743995 -0.0503039 -0.313002 2.29475
1532257281811814 -0.0522424 -0.312659 2.29767
1532257281924512 -0.0636972 -0.316029 2.29147
1532257281984352 -0.0652748 -0.318136 2.29011
1532257282006294 -0.0646637 -0.318222 2.29179
1532257282059153 -0.0574898 -0.317639 2.30132
1532257282118992 -0.0561921 -0.316309 2.30601
1532257282148913 -0.0540606 -0.316386 2.3065
1532257282246651 -0.0472066 -0.316564 2.30379
1532257282351371 -0.0446102 -0.316296 2.30286
1532257282464070 -0.0434346 -0.312844 2.2965
1532257282591728 -0.0279112 -0.305993 2.29921
1532257282764274 -0.0371499 -0.301055 2.28874
1532257282809154 -0.0431735 -0.302841 2.28901
1532257282854033 -0.0499371 -0.307137 2.28904
1532257282876972 -0.054806 -0.308455 2.29016
1532257282928834 -0.0548097 -0.303055 2.29417
1532257282944791 -0.0462829 -0.302916 2.29772
1532257282974711 -0.0321913 -0.300022 2.30478
1532257283019591 -0.0313768 -0.297865 2.30377
1532257283147249 -0.0443791 -0.295473 2.29135
1532257283192129 -0.0476088 -0.294847 2.2891
1532257283237010 -0.0474625 -0.294481 2.28782
1532257283251970 -0.0538801 -0.299102 2.28449
1532257283409548 -0.0449927 -0.297517 2.2926
1532257283633988 -0.0359957 -0.287569 2.28832
1532257283814505 -0.0425435 -0.289408 2.28771
1532257283851407 -0.0465725 -0.290815 2.28807
1532257283881326 -0.0434925 -0.291616 2.292
1532257283964105 -0.0548785 -0.296358 2.30249
1532257284031924 -0.0589432 -0.298604 2.30381
1532257284076803 -0.0617294 -0.300535 2.30367
1532257284129662 -0.062821 -0.301432 2.30365
1532257284181523 -0.0671922 -0.305752 2.30298
1532257284189501 -0.0710432 -0.307895 2.3043
1532257284309182 -0.0745176 -0.310306 2.30763
1532257284406927 -0.0731509 -0.308307 2.31583

1532257284466767 -0.0749065 -0.309286 2.31497
1532257284692077 -0.0629016 -0.315432 2.30567
1532257284736957 -0.0616849 -0.315354 2.29987
1532257284796797 -0.0627121 -0.315831 2.29438
1532257284849656 -0.0641875 -0.31481 2.29108
1532257285082034 -0.0692694 -0.308785 2.29446
1532257285141874 -0.072444 -0.309444 2.29301
1532257285516910 -0.0765312 -0.316086 2.28905
1532257285636623 -0.0776822 -0.316669 2.28845
1532257285696480 -0.0781333 -0.316598 2.28853
1532257285809174 -0.0780002 -0.316558 2.28842
1532257285913881 -0.0784968 -0.316478 2.28878
1532257285966741 -0.0787567 -0.316405 2.29039
1532257286041540 -0.0792713 -0.313114 2.28548
1532257286162218 -0.0545201 -0.254424 2.28023
1532257286251978 -0.061737 -0.118116 2.2445
1532257286281897 -0.0684535 -0.0611494 2.22513
1532257286334757 -0.0749406 -0.0325083 2.22167
1532257286364676 -0.0784661 0.0209679 2.20984
1532257286424517 -0.0860691 0.109171 2.17295
1532257286461418 -0.108183 0.156306 2.14472
1532257286514276 -0.12196 0.178066 2.12727
1532257286559156 -0.126598 0.186803 2.11715
1532257286671854 -0.144973 0.204132 2.0947
1532257286776575 -0.149747 0.200306 2.08923
1532257286806494 -0.146247 0.190612 2.09712
1532257286912213 -0.132729 0.190615 2.10732
1532257286942132 -0.129107 0.192944 2.10751
1532257287016933 -0.132643 0.193417 2.11159
1532257287069791 -0.132255 0.194059 2.11194
1532257287234351 -0.137835 0.193349 2.11245
1532257287354030 -0.148599 0.190551 2.11155
1532257287497646 -0.148276 0.195358 2.11547
1532257287788868 -0.328514 0.351532 2.39593
1532257287811806 -0.328994 0.390683 2.47308
1532257287864665 -0.313921 0.375473 2.51576
1532257287901580 -0.293524 0.311436 2.56344
1532257287976367 -0.312024 0.176912 2.52478
1532257287999305 -0.317618 0.167138 2.50258
1532257288037203 -0.323959 0.162717 2.4763
1532257288067124 -0.330157 0.163229 2.4141
1532257288112003 -0.348772 0.167757 2.31077
1532257288141923 -0.353421 0.1664 2.27751
1532257288178831 -0.349928 0.161097 2.21267
1532257288224703 -0.346918 0.158449 2.17797
1532257288246643 -0.345856 0.156326 2.14308
1532257288366323 -0.351524 0.156796 2.03582
1532257288501961 -0.358456 0.16043 1.8966
1532257288591721 -0.311357 0.191982 1.71425
1532257288614660 -0.303507 0.194513 1.72721
1532257288758276 -0.283282 0.230944 1.84728
1532257288824100 -0.312626 0.252833 1.94737
1532257288898899 -0.360225 0.285046 2.11651
1532257288921838 -0.36058 0.294502 2.12814
1532257288966719 -0.352798 0.305496 2.15233
1532257289011598 -0.342757 0.305261 2.16532
1532257289056479 -0.311265 0.295435 2.19026
1532257289086398 -0.292481 0.284642 2.19985
1532257289147253 -0.20215 0.223657 2.23136
1532257289162195 -0.168605 0.192483 2.24458
1532257289184137 -0.124972 0.1229 2.26742
1532257289207075 -0.109789 0.0846446 2.27603
1532257289319774 -0.0680472 0.00395238 2.28871
1532257289349693 -0.050941 -0.0355228 2.2917
1532257289424494 -0.0176597 -0.273954 2.29564
1532257289491315 -0.0328735 -0.311056 2.29947
1532257289626952 -0.0405867 -0.301102 2.30154
1532257289648894 -0.0403915 -0.297928 2.30263
1532257290129609 -0.0439235 -0.314255 2.32306
1532257290398889 -0.0503055 -0.307208 2.31162
1532257290511587 -0.0534927 -0.313393 2.31121
1532257290571427 -0.052821 -0.31902 2.32225
1532257290632264 -0.0495453 -0.318691 2.32648
1532257290856665 -0.0220893 -0.295462 2.31074
1532257290961384 -0.0235085 -0.295687 2.29687
1532257291022221 -0.0258963 -0.298586 2.29614
1532257291037181 -0.025392 -0.299711 2.29614
1532257291186781 -0.0180918 -0.297333 2.30008
1532257291194760 -0.0129281 -0.29186 2.30642
1532257291246622 -0.00797189 -0.287561 2.31129
1532257291261582 0.00626456 -0.281339 2.31509
1532257291516899 -0.00727333 -0.296292 2.25826
1532257291569774 -0.00550993 -0.299638 2.2479
1532257291734318 0.00383785 -0.29107 2.25783
1532257291847016 0.0293372 -0.279743 2.28423
1532257291966696 -0.0103165 -0.304555 2.26897
1532257292071415 -0.0064576 -0.295491 2.29634
1532257292101347 -0.0053585 -0.296347 2.30612
1532257292236973 -0.0213413 -0.300023 2.29625
1532257292311773 -0.0263362 -0.306436 2.29359
1532257292401534 -0.0390655 -0.310652 2.29428
1532257292514232 -0.057621 -0.321923 2.30489

1532257292694753 -0.0674884 -0.33628 2.29455
1532257292754589 -0.070958 -0.334328 2.29462
1532257292852377 -0.0749357 -0.331934 2.29584
1532257292904238 -0.0800363 -0.329673 2.29681
1532257292971648 -0.0888285 -0.330871 2.29537
1532257293031487 -0.0910794 -0.331996 2.2946
1532257293076367 -0.0933606 -0.334034 2.2931
1532257293091328 -0.0933595 -0.33524 2.29211
1532257293174106 -0.0932203 -0.334634 2.29211
1532257293248906 -0.093338 -0.334688 2.29215
1532257293309744 -0.0920922 -0.334388 2.29205
1532257293361611 -0.0948692 -0.329533 2.29344
1532257293406491 -0.0973582 -0.32711 2.29472
1532257293429430 -0.0988481 -0.325282 2.2966
1532257293466330 -0.0997574 -0.324495 2.29863
1532257293512208 -0.100046 -0.325534 2.30102
1532257293534176 -0.100981 -0.32512 2.30248
1532257293594016 -0.100584 -0.325345 2.3023
1532257293638895 -0.0984917 -0.327371 2.30246
1532257293684792 -0.0972258 -0.327938 2.30201
1532257293706714 -0.0943183 -0.326001 2.30143
1532257293796474 -0.0942469 -0.325613 2.30448
1532257293849333 -0.0948719 -0.328807 2.30719
1532257294022903 -0.089296 -0.337265 2.30374
1532257294074749 -0.0889853 -0.339163 2.3036
1532257294179468 -0.0784881 -0.323809 2.28139
1532257294209388 -0.0900758 -0.319609 2.28321
1532257294254268 -0.0454438 -0.26703 2.30265
1532257294277207 -0.0305934 -0.221717 2.31374
1532257294358988 -0.0544686 -0.136469 2.32474
1532257294396887 -0.0599044 -0.104801 2.32589
1532257294449745 -0.0633937 -0.072188 2.32414
1532257294494625 -0.0677555 -0.0392576 2.31982
1532257294629265 -0.115811 0.186353 2.2404
1532257294682124 -0.128151 0.219671 2.20354
1532257294793825 -0.141795 0.251475 2.16809
1532257294831724 -0.14519 0.261185 2.15583
1532257294854676 -0.143607 0.26625 2.14697
1532257294944423 -0.139466 0.264386 2.14477
1532257294959383 -0.133749 0.261673 2.14153
1532257295012241 -0.128771 0.260009 2.1399
1532257295079062 -0.127795 0.261214 2.14128
1532257295123943 -0.129151 0.262171 2.14221
1532257295184780 -0.124028 0.260955 2.14546
1532257295229659 -0.127624 0.260443 2.14576
1532257295289500 -0.132215 0.26175 2.14842
1532257295349340 -0.129318 0.258658 2.14812
1532257295402199 -0.132198 0.248808 2.14793
1532257295513899 -0.127498 0.250473 2.14983
1532257295671478 -0.130832 0.255562 2.15496
1532257295799137 -0.202243 0.358481 2.32034
1532257295858977 -0.226867 0.409504 2.37812
1532257295911836 -0.240011 0.43591 2.43668
1532257296001596 -0.220287 0.383098 2.49303
1532257296031515 -0.205428 0.340257 2.47833
1532257296076396 -0.232301 0.284506 2.42643
1532257296114294 -0.238044 0.268146 2.40077
1532257296174134 -0.231812 0.252018 2.34101
1532257296233975 -0.223865 0.237158 2.21278
1532257296248934 -0.228381 0.239566 2.17642
1532257296286832 -0.237622 0.246156 2.10383
1532257296354652 -0.240663 0.246774 2.06615
1532257296414491 -0.245219 0.252066 1.99624
1532257296444412 -0.247215 0.255414 1.96258
1532257296579052 -0.275508 0.240309 1.76141
1532257296631911 -0.274401 0.23239 1.74509
1532257296691750 -0.276999 0.198469 1.74325
1532257296766550 -0.241485 0.194898 1.89589
1532257296796470 -0.240267 0.203794 2.01496
1532257296849328 -0.255191 0.244281 2.11702
1532257296902201 -0.259878 0.256812 2.15338
1532257296932107 -0.26296 0.256512 2.16947
1532257296998928 -0.265994 0.252502 2.18347
1532257297051788 -0.245908 0.231166 2.20763
1532257297111628 -0.173038 0.098314 2.26359
1532257297156507 -0.159984 0.0628009 2.27449
1532257297194406 -0.138544 -0.0594205 2.30632
1532257297247264 -0.122732 -0.137931 2.32318
1532257297269206 -0.103061 -0.21189 2.33637
1532257297329046 -0.0821245 -0.310832 2.34908
1532257297351985 -0.0776984 -0.326406 2.35353
1532257297382902 -0.0671626 -0.34847 2.36102
1532257297419804 -0.0648348 -0.352608 2.36606
1532257297531504 -0.0660657 -0.340082 2.38757
1532257297607302 -0.0652273 -0.342149 2.39155
1532257297719018 -0.0798773 -0.344488 2.39448
1532257297771861 -0.0817298 -0.344417 2.39588
1532257297869600 -0.0322402 -0.350146 2.42205
1532257297891542 -0.0600326 -0.341097 2.40565
1532257297936422 -0.0615789 -0.341366 2.401
1532257297966342 -0.0486949 -0.332605 2.38919
1532257298049120 -0.0477101 -0.33155 2.39215
1532257298116938 -0.0499542 -0.33642 2.38471
1532257298176779 -0.0618368 -0.335726 2.38889
1532257298251580 -0.0706147 -0.335993 2.39875
1532257298319397 -0.0619892 -0.338732 2.40642
1532257298349318 -0.057822 -0.344602 2.40436
1532257298402176 -0.0601481 -0.343128 2.40292
1532257298506896 -0.0603906 -0.341364 2.39609
1532257298566736 -0.0547352 -0.337064 2.397
1532257298589674 -0.0421829 -0.335577 2.39241
1532257298656496 -0.0338766 -0.335784 2.3918
1532257298686416 -0.0213078 -0.334086 2.3923
1532257298709355 -0.0161789 -0.332916 2.39151
1532257298769195 -0.030774 -0.330229 2.38135
1532257298799115 -0.0370803 -0.330657 2.38094
1532257298843995 -0.0499081 -0.332298 2.38175
1532257298858955 -0.0574845 -0.333228 2.383
1532257298994592 -0.0385419 -0.333109 2.39028
1532257299069391 -0.00221242 -0.325851 2.39733
1532257299076373 0.00196323 -0.324267 2.39642
1532257299197051 -0.0164921 -0.319055 2.37925
1532257299233952 -0.0422009 -0.311297 2.36995
1532257299263872 -0.0427518 -0.317277 2.35418
1532257299451372 -0.0473077 -0.320602 2.35348
1532257299616928 -0.00863868 -0.322687 2.39079
1532257299638870 -0.0274128 -0.321792 2.3853
1532257299954027 -0.0670579 -0.344329 2.36579
1532257300119583 -0.0985955 -0.361558 2.37327
1532257300186405 -0.0989787 -0.363986 2.37328
1532257300224318 -0.0992795 -0.36399 2.3743
1532257300284144 -0.0992036 -0.363778 2.37578
1532257300449700 -0.108187 -0.36226 2.38104
1532257300524501 -0.107463 -0.361537 2.37813

1532257300584341 -0.105615 -0.360549 2.37677
1532257300689062 -0.0976352 -0.357307 2.37436
1532257300741920 -0.0966053 -0.355981 2.37305
1532257300794194 -0.0984373 -0.352692 2.37213
1532257300839074 -0.0966045 -0.353037 2.37077
1532257300906893 -0.0985193 -0.349638 2.37006
1532257300967730 -0.0980264 -0.346969 2.36955
1532257301004632 -0.0980484 -0.343998 2.36985
1532257301019592 -0.0980562 -0.343156 2.37033
1532257301071453 -0.0982419 -0.344352 2.37201
1532257301094391 -0.0981968 -0.34447 2.37202
1532257301124312 -0.0981968 -0.34447 2.37202
1532257301139272 -0.0980767 -0.344421 2.37199
1532257301192130 -0.0975858 -0.344067 2.37224
1532257301229032 -0.0964924 -0.343749 2.37217
1532257301258952 -0.0955759 -0.343661 2.3721
1532257301281890 -0.0960715 -0.343454 2.37216
1532257301303832 -0.0955644 -0.343362 2.37213
1532257301364668 -0.0944879 -0.343451 2.37233
1532257301409549 -0.0949768 -0.343054 2.37274
1532257301507242 -0.0944403 -0.343044 2.37445
1532257301597002 -0.0941016 -0.342017 2.37397
1532257301671802 -0.0920752 -0.343192 2.37515
1532257301791482 -0.0900175 -0.343927 2.37759
1532257301836362 -0.090777 -0.3445 2.37875
1532257301897199 -0.0914407 -0.34461 2.37899
1532257301949060 -0.0914423 -0.34433 2.37915
1532257301972020 -0.0913238 -0.344002 2.37928
1532257302008928 -0.0921539 -0.343763 2.3797
1532257302053800 -0.100388 -0.342721 2.38089
1532257302069760 -0.10293 -0.341455 2.38111
1532257302114637 -0.116036 -0.330072 2.37972
1532257302129598 -0.119992 -0.319601 2.37762
1532257302174477 -0.12871 -0.279222 2.36982
1532257302196419 -0.137796 -0.261845 2.36875
1532257302264238 -0.144633 -0.219727 2.36072
1532257302332056 -0.14519 -0.195145 2.35385
1532257302353998 -0.147139 -0.139419 2.33343
1532257302391897 -0.171527 -0.0524216 2.28716
1532257302444763 -0.18946 0.0014789 2.2559
1532257302549475 -0.206163 0.0513843 2.22664
1532257302617307 -0.219312 0.122366 2.18805
1532257302684115 -0.235262 0.220182 2.13186
1532257302758915 -0.237718 0.24899 2.11326
1532257302841694 -0.245519 0.268319 2.10258
1532257302871614 -0.249624 0.271557 2.10354
1532257302963368 -0.246424 0.268438 2.10962
1532257303014233 -0.245101 0.266986 2.1154
1532257303164830 -0.218875 0.263578 2.17932
1532257303201741 -0.217762 0.274033 2.20888
1532257303239630 -0.229058 0.290279 2.24626
1532257303284509 -0.243589 0.313934 2.29045
1532257303321411 -0.253518 0.323166 2.30639
1532257303351335 -0.269899 0.33981 2.34041
1532257303389229 -0.279754 0.348708 2.35427
1532257303449069 -0.301937 0.369536 2.37968
1532257303458045 -0.312356 0.382938 2.39015
1532257303486968 -0.323176 0.398605 2.39852
1532257303554787 -0.331822 0.413362 2.40813
1532257303621608 -0.344424 0.446299 2.43749
1532257303681448 -0.326313 0.458703 2.46688
1532257303719346 -0.28656 0.437723 2.48486
1532257303788163 -0.299473 0.324169 2.45173
1532257303809107 -0.30647 0.286952 2.42244
1532257303847005 -0.293014 0.274282 2.36038
1532257303868947 -0.286594 0.270195 2.33287
1532257303996609 -0.288292 0.234302 2.17366
1532257304041485 -0.300907 0.219546 2.09981
1532257304056445 -0.309914 0.2146 2.06235
1532257304071406 -0.336169 0.210243 1.98372
1532257304109304 -0.348531 0.210493 1.94468
1532257304319741 -0.378914 0.215249 1.86896
1532257304439420 -0.415267 0.313753 1.67904
1532257304454381 -0.40754 0.322137 1.71795
1532257304514221 -0.395664 0.32572 1.91093
1532257304544141 -0.391426 0.320926 1.94172
1532257304574061 -0.383721 0.308307 1.99666
1532257304611960 -0.378438 0.300208 2.022
1532257304648861 -0.371786 0.290121 2.04512
1532257304679778 -0.361805 0.277317 2.06531
1532257304776519 -0.309324 0.216808 2.13856
1532257304821400 -0.261662 0.124055 2.21245
1532257304874258 -0.189119 -0.0394621 2.28195
1532257304904178 -0.146 -0.151557 2.33614
1532257304942077 -0.113251 -0.240482 2.37842
1532257305039815 -0.0840944 -0.278758 2.39116
1532257305076717 -0.0754627 -0.294481 2.3972
1532257305234296 -0.0609402 -0.330099 2.40933
1532257305279175 -0.06448 -0.342361 2.41724
1532257305347992 -0.0844075 -0.333609 2.43233
1532257305383895 -0.0712482 -0.330495 2.43667
1532257305444739 -0.0702357 -0.330289 2.45274
1532257305451714 -0.0685314 -0.331847 2.45889
1532257305511554 -0.0587989 -0.321724 2.4719
1532257305647203 -0.0504063 -0.316858 2.45822
1532257305841687 -0.0414788 -0.311383 2.44007
1532257305887549 -0.0383683 -0.298232 2.43743
1532257305954383 -0.0504175 -0.29979 2.43258
1532257305999281 -0.0547236 -0.302189 2.43102
1532257306111979 -0.0650594 -0.317611 2.43291
1532257306201740 -0.0650072 -0.322856 2.43999
1532257306308455 -0.055996 -0.320517 2.44375
1532257306367310 -0.0495795 -0.317744 2.44092
1532257306538845 -0.0353407 -0.305524 2.42511
1532257307034513 -0.0357904 -0.318753 2.42309
1532257307341692 -0.0439272 -0.315637 2.42813
1532257307679788 -0.0511545 -0.325418 2.41957
1532257307724668 -0.0574188 -0.327125 2.42565
1532257307791489 -0.0657264 -0.329433 2.43181
1532257307866289 -0.0701072 -0.331337 2.4304
1532257307897206 -0.0715886 -0.331854 2.43093
1532257307942087 -0.0724506 -0.331851 2.43136
1532257308008908 -0.0745576 -0.332575 2.43472
1532257308106646 -0.0756318 -0.334999 2.43963
1532257308121606 -0.0750369 -0.335712 2.44085
1532257308272203 -0.0795444 -0.33782 2.44154

1532257308339024 -0.0787063 -0.337789 2.44034
1532257308413840 -0.0756268 -0.338821 2.43575
1532257308483666 -0.0702258 -0.335051 2.43055
1532257308519558 -0.0747187 -0.335221 2.42747
1532257308623871 -0.0794231 -0.334273 2.42563
1532257308691689 -0.0799853 -0.333052 2.4255
1532257308789428 -0.0920356 -0.327343 2.41836
1532257308849268 -0.0953077 -0.330609 2.41905
1532257308887171 -0.0965178 -0.331516 2.41873
1532257308961966 -0.0987423 -0.330582 2.41348
1532257309013827 -0.0951594 -0.328076 2.41528
1532257309111567 -0.0913181 -0.330551 2.41887
1532257309141486 -0.0916578 -0.331992 2.42027
1532257309179385 -0.0893897 -0.334255 2.42309
1532257309292084 -0.0880963 -0.331543 2.42021
1532257309343945 -0.0877845 -0.331959 2.4253
1532257309419743 -0.0848499 -0.331643 2.4253
1532257309471604 -0.0876399 -0.331135 2.42497
1532257309501524 -0.0888814 -0.330885 2.42556
1532257309592281 -0.0912082 -0.334469 2.42509
1532257309614222 -0.0920349 -0.335543 2.42527
1532257309644142 -0.0915116 -0.337045 2.42546
1532257309718954 -0.0918261 -0.336342 2.42582
1532257309741881 -0.0918681 -0.336223 2.42581
1532257309779779 -0.09252 -0.33661 2.4258
1532257309854580 -0.0924862 -0.336878 2.42448
1532257309884500 -0.0928415 -0.336904 2.42427
1532257309921401 -0.0927994 -0.337023 2.42428
1532257309952319 -0.0923526 -0.337124 2.4242
1532257310064020 -0.092299 -0.337428 2.42459
1532257310123859 -0.0920312 -0.339282 2.42383
1532257310146799 -0.0932201 -0.340163 2.42245
1532257310191678 -0.0946108 -0.3354 2.41302
1532257310229577 -0.0945835 -0.31628 2.41108
1532257310244537 -0.0950474 -0.300902 2.411
1532257310274456 -0.0870752 -0.260335 2.41142
1532257310289417 -0.0856415 -0.238187 2.40996
1532257310358232 -0.0857112 -0.213345 2.40729
1532257310372195 -0.0851225 -0.18638 2.40317
1532257310424057 -0.0950701 -0.0924447 2.38007
1532257310439016 -0.101017 -0.0581273 2.36919
1532257310483897 -0.105179 0.0104721 2.34234
1532257310498857 -0.103228 0.0431601 2.32681
1532257310604574 -0.111582 0.125157 2.27652
1532257310649454 -0.111477 0.147463 2.26126
1532257310709294 -0.115858 0.229589 2.19052
1532257310777113 -0.114382 0.254429 2.15994
1532257310881833 -0.117887 0.265524 2.14713
1532257310941673 -0.112754 0.267229 2.14144
1532257311031433 -0.108152 0.251946 2.14207
1532257311203972 -0.107122 0.236546 2.15882
1532257311316670 -0.0882213 0.238024 2.18954
1532257311369529 -0.0863776 0.238164 2.18849
1532257311421390 -0.088412 0.238671 2.18668
1532257311482227 -0.0835054 0.238768 2.18261
1532257311542067 -0.0806142 0.236314 2.19219
1532257311729565 -0.0735513 0.236667 2.20074
1532257311864206 -0.0811683 0.243674 2.21113
1532257311932024 -0.181871 0.381739 2.40134
1532257311976917 -0.173618 0.344483 2.43371
1532257312028766 -0.177408 0.285582 2.43104
1532257312051705 -0.193832 0.20836 2.42507
1532257312096584 -0.21233 0.10561 2.35127
1532257312134482 -0.216238 0.0977839 2.31999
1532257312179363 -0.221728 0.104018 2.24573
1532257312209283 -0.245844 0.124398 2.12773
1532257312314003 -0.259853 0.132086 2.05134
1532257312336942 -0.259221 0.135916 2.01485
1532257312388803 -0.277881 0.135604 1.85242
1532257312479560 -0.240085 0.125776 1.82844
1532257312531421 -0.163286 0.121773 1.91164
1532257312561342 -0.123083 0.10969 1.99959
1532257312599240 -0.107369 0.104797 2.04401
1532257312674040 -0.0969991 0.105668 2.12457
1532257312786739 -0.0992165 0.141279 2.2182
1532257312831619 -0.106523 0.180457 2.271
1532257312921379 -0.102631 0.16581 2.31663
1532257312929357 -0.0930692 0.143073 2.32029
1532257312974238 -0.0790313 0.0508002 2.32268
1532257313027112 -0.101696 -0.0974922 2.32961
1532257313071976 -0.107874 -0.165069 2.33938
1532257313123837 -0.0926093 -0.224304 2.34505
1532257313214595 -0.09377 -0.30704 2.3639
1532257313379154 -0.0793016 -0.365896 2.37591
1532257313417053 -0.0867567 -0.351873 2.37935
1532257313468915 -0.0773641 -0.348765 2.38
1532257313521773 -0.0762122 -0.346113 2.38301
1532257313626494 -0.0711517 -0.35066 2.39246
1532257313747171 -0.0566269 -0.349223 2.42622
1532257314061330 -0.0321272 -0.345591 2.45361
1532257314309667 -0.0739766 -0.340317 2.37643
1532257314361527 -0.0797255 -0.33893 2.37022
1532257314601896 -0.0739699 -0.335969 2.37216
1532257314744503 -0.0571341 -0.334376 2.37517
1532257314894104 -0.0207196 -0.328358 2.37395
1532257314909064 -0.0115139 -0.326063 2.3724
1532257314961922 -0.00981048 -0.325471 2.37113
1532257315029741 -0.0321597 -0.326354 2.36096
1532257315066642 -0.0392702 -0.327228 2.36158
1532257315179341 -0.0165533 -0.327421 2.3764
1532257315194300 -0.011331 -0.327011 2.37692
1532257315247159 -0.0092193 -0.326105 2.37563
1532257315456599 -0.0568301 -0.325833 2.36138
1532257315569298 -0.0554794 -0.34127 2.36037
1532257315637117 -0.0482655 -0.336377 2.37073
1532257315696957 -0.029243 -0.337352 2.37789
1532257315733858 -0.0240393 -0.336436 2.37975
1532257315779735 -0.0257098 -0.333687 2.37591
1532257315899414 -0.0620196 -0.3355 2.35712
1532257315974216 -0.0632553 -0.339018 2.35535
1532257316049015 -0.0731903 -0.345578 2.35184
1532257316078935 -0.0746833 -0.345781 2.35328
1532257316123815 -0.0741086 -0.346304 2.36951
1532257316169693 -0.0809341 -0.347535 2.37666
1532257316221554 -0.0858012 -0.351596 2.36771
1532257316468893 -0.0939298 -0.35597 2.37393
1532257316656391 -0.0998416 -0.36012 2.37495
1532257316718252 -0.0951226 -0.36087 2.37174

1532257316889766 -0.0995159 -0.364351 2.36679
1532257316949606 -0.102537 -0.365414 2.36726
1532257317062306 -0.102426 -0.357281 2.36896
1532257317226865 -0.0997294 -0.356756 2.36511
1532257317286706 -0.0986165 -0.355776 2.36496
1532257317301666 -0.0969129 -0.353317 2.36497
1532257317354524 -0.0952554 -0.351081 2.36582
1532257317429355 -0.093719 -0.349699 2.36535
1532257317542053 -0.0948747 -0.346994 2.36494
1532257317669713 -0.0948193 -0.344673 2.36636
1532257317781414 -0.0923479 -0.34222 2.36835
1532257317827291 -0.0922355 -0.341999 2.36878
1532257317894112 -0.0931471 -0.342731 2.36789
1532257317917050 -0.0936963 -0.342986 2.36775
1532257317938991 -0.0941163 -0.343282 2.36776
1532257317961931 -0.0940709 -0.343399 2.36777
1532257317991851 -0.0940709 -0.343399 2.36777
1532257318006811 -0.0940709 -0.343399 2.36777
1532257318021786 -0.0944439 -0.343425 2.36765
1532257318059669 -0.0950567 -0.343548 2.36759
1532257318119509 -0.0950567 -0.343548 2.36759
1532257318179349 -0.0950567 -0.343548 2.36759
1532257318224229 -0.0950676 -0.343847 2.36756
1532257318269120 -0.0968093 -0.345015 2.36707
1532257318321968 -0.0985532 -0.345999 2.36178
1532257318358869 -0.0988646 -0.329071 2.3613
1532257318419707 -0.0942293 -0.28786 2.36453
1532257318449626 -0.0960902 -0.270688 2.36574
1532257318471569 -0.101163 -0.229749 2.36324
1532257318501488 -0.100871 -0.20571 2.36101
1532257318546379 -0.107479 -0.150881 2.35264
1532257318584267 -0.119684 -0.0898647 2.33924
1532257318637125 -0.133625 -0.0277404 2.31804
1532257318696964 -0.150089 0.0300226 2.28934
1532257318771765 -0.171089 0.105789 2.23969
1532257318816645 -0.173162 0.12621 2.22422
1532257318884464 -0.183938 0.161405 2.19568
1532257318937325 -0.201586 0.197936 2.16209
1532257319042042 -0.198752 0.247585 2.14126
1532257319116843 -0.188662 0.24688 2.14477
1532257319161722 -0.184304 0.247659 2.14495
1532257319206602 -0.18144 0.252049 2.14566
1532257319259461 -0.17573 0.26296 2.14164
1532257319334260 -0.175271 0.286482 2.12296
1532257319372160 -0.172459 0.286004 2.12217
1532257319409060 -0.171038 0.287546 2.12834
1532257319461920 -0.171922 0.288655 2.13355
1532257319521759 -0.168282 0.292541 2.14632
1532257319604538 -0.166749 0.30191 2.20042
1532257319671359 -0.169754 0.311656 2.24405
1532257319702277 -0.176558 0.324519 2.2785
1532257319777077 -0.212291 0.34942 2.32409
1532257319799018 -0.224655 0.355529 2.33224
1532257319813978 -0.234819 0.360724 2.34024
1532257319875812 -0.245623 0.366697 2.34783
1532257319926677 -0.256648 0.374085 2.35574
1532257319949615 -0.276898 0.39313 2.37377
1532257320031397 -0.28592 0.439285 2.42237
1532257320092249 -0.25095 0.445162 2.4667
1532257320145093 -0.218388 0.411602 2.47734
1532257320167034 -0.220737 0.37531 2.45913
1532257320188975 -0.267172 0.30867 2.37939
1532257320218896 -0.280146 0.296778 2.35222
1532257320241834 -0.286874 0.288249 2.32283
1532257320271754 -0.290442 0.285302 2.29048
1532257320340570 -0.313471 0.287433 2.14414
1532257320399413 -0.325739 0.286403 2.06876
1532257320444293 -0.330761 0.284422 2.03265
1532257320497165 -0.348459 0.276338 1.92364
1532257320542031 -0.357216 0.266365 1.85211
1532257320608853 -0.378804 0.235544 1.71892
1532257320639770 -0.386009 0.229656 1.68824
1532257320654729 -0.387958 0.217006 1.63781
1532257320669690 -0.392267 0.211702 1.61783
1532257320797363 -0.379056 0.194246 1.61691
1532257320849210 -0.346194 0.191846 1.70198
1532257320909051 -0.349192 0.209672 1.88279
1532257320999807 -0.373489 0.219605 2.03103
1532257321089567 -0.366372 0.218057 2.08788
1532257321134447 -0.365225 0.219291 2.10925
1532257321149407 -0.363965 0.22925 2.14461
1532257321224207 -0.346917 0.240953 2.15572
1532257321277068 -0.35033 0.243529 2.15494
1532257321328926 -0.357031 0.236844 2.14494
1532257321426665 -0.378185 0.186171 2.13824
1532257321592223 -0.294222 0.0110833 2.18222
1532257321688964 -0.137203 -0.339593 2.31985
1532257321735839 -0.114321 -0.381028 2.33976
1532257321779722 -0.106379 -0.393555 2.34804
1532257321854522 -0.0973077 -0.385037 2.35911
1532257321997140 -0.0471254 -0.346308 2.44386
1532257322042019 -0.0402902 -0.340745 2.47341
1532257322095876 -0.00913939 -0.338254 2.50513
1532257322184652 -0.0165954 -0.317524 2.49016
1532257322259439 -0.0391571 -0.329431 2.46741
1532257322357178 -0.0262559 -0.325664 2.45814
1532257322409039 -0.0271018 -0.31997 2.46492
1532257322596537 -0.0418913 -0.331993 2.46708
1532257322619476 -0.0512072 -0.337663 2.46372
1532257322656378 -0.0543639 -0.334705 2.45808
1532257322671337 -0.0558838 -0.332938 2.45294
1532257322717215 -0.0573977 -0.328678 2.44195
1532257322739156 -0.0561785 -0.324907 2.43633
1532257322798996 -0.0583484 -0.317035 2.42459
1532257322881775 -0.0690764 -0.314451 2.41536
1532257322964553 -0.0876888 -0.343516 2.40016
1532257323001455 -0.0909336 -0.353856 2.40089
1532257323032381 -0.0916838 -0.358139 2.4032
1532257323069285 -0.0920254 -0.362375 2.41252
1532257323084233 -0.0899517 -0.362348 2.41843
1532257323152052 -0.0813307 -0.360751 2.43178
1532257323167017 -0.0775206 -0.359354 2.43769
1532257323226851 -0.0717482 -0.35267 2.44587
1532257323241811 -0.0707934 -0.35012 2.44579
1532257323294671 -0.0682691 -0.34607 2.44251
1532257323331572 -0.0639254 -0.343653 2.43727
1532257323391412 -0.0559755 -0.340185 2.42694
1532257323437289 -0.0484915 -0.335692 2.42031
1532257323467209 -0.0457246 -0.333696 2.41741
1532257323482169 -0.0408563 -0.329034 2.41161
1532257323512089 -0.0363364 -0.325017 2.40691
1532257323548991 -0.0364896 -0.323193 2.40258
1532257323571932 -0.0379185 -0.323611 2.40084
1532257323601849 -0.0394092 -0.325107 2.39963
1532257323639748 -0.0407839 -0.332726 2.39752
1532257323661689 -0.0419148 -0.336581 2.39647
1532257323714548 -0.0461433 -0.341772 2.39552
1532257323736501 -0.0482818 -0.343364 2.39607
1532257323766409 -0.0492059 -0.34363 2.39989
1532257323782381 -0.049143 -0.341496 2.40262
1532257323797326 -0.0483193 -0.338886 2.40615
1532257323819268 -0.0451495 -0.336298 2.41086
1532257323887086 -0.0398933 -0.333833 2.4161
1532257323909028 -0.0338999 -0.331539 2.42127
1532257323953908 -0.0357233 -0.328511 2.42975
1532257324021726 -0.0459742 -0.331755 2.42273
1532257324074585 -0.0500695 -0.333489 2.41923
1532257324187284 -0.0620169 -0.339693 2.41304
1532257324239145 -0.0557349 -0.340507 2.41388
1532257324456563 -0.0744725 -0.333915 2.43304
1532257324539342 -0.090134 -0.34858 2.41924
1532257324577241 -0.0881867 -0.349241 2.42191
1532257324599182 -0.0865271 -0.347411 2.42808
1532257324629102 -0.0862908 -0.34639 2.43175
1532257324703902 -0.0895908 -0.345332 2.43843
1532257324779699 -0.104501 -0.348582 2.44034
1532257324824579 -0.114289 -0.352677 2.4368
1532257324869460 -0.132714 -0.363338 2.4287
1532257324884420 -0.138346 -0.366937 2.427
1532257324921321 -0.145942 -0.374911 2.42575
1532257324944259 -0.148628 -0.382992 2.4265
1532257324974179 -0.152628 -0.38869 2.42903
1532257324997117 -0.154777 -0.390581 2.4307
1532257325019060 -0.156175 -0.392026 2.43252
1532257325041998 -0.157234 -0.393047 2.43458
1532257325056958 -0.157939 -0.393741 2.43622
1532257325103833 -0.159457 -0.394329 2.43772
1532257325131757 -0.161315 -0.394884 2.43797

1532257325184617 -0.165482 -0.395155 2.43707
1532257325251446 -0.167774 -0.394404 2.43401
1532257325296318 -0.164374 -0.39352 2.42872
1532257325319273 -0.164263 -0.393555 2.42735
1532257325364136 -0.164797 -0.393399 2.42542
1532257325402038 -0.16414 -0.393283 2.42447
1532257325438936 -0.163981 -0.39356 2.42411
1532257325514734 -0.163843 -0.386593 2.4251
1532257325604494 -0.159233 -0.375524 2.42075
1532257325619454 -0.158031 -0.373114 2.41864
1532257325702237 -0.159516 -0.365754 2.41778
1532257325739134 -0.162474 -0.36523 2.41662
1532257325821978 -0.166754 -0.362398 2.40799
1532257325934678 -0.16297 -0.357902 2.40833
1532257325986538 -0.154083 -0.361807 2.41921
1532257326031418 -0.157678 -0.356711 2.41208
1532257326046378 -0.158175 -0.353022 2.40712
1532257326077294 -0.157931 -0.350596 2.4039
1532257326167055 -0.156894 -0.349503 2.40955
1532257326256821 -0.150587 -0.35441 2.41798
1532257326286742 -0.147416 -0.359862 2.41384
1532257326324640 -0.151401 -0.35032 2.40164
1532257326376502 -0.147604 -0.347858 2.41225
1532257326406421 -0.144938 -0.35334 2.42218
1532257326482219 -0.143604 -0.357564 2.42524
1532257326572009 -0.14693 -0.355914 2.40374
1532257326623871 -0.144126 -0.351641 2.41888
1532257326714628 -0.139377 -0.35673 2.42528
1532257326774468 -0.140942 -0.358978 2.41914
1532257326819349 -0.144043 -0.353233 2.40542
1532257326887166 -0.135631 -0.348683 2.4182
1532257326909108 -0.136596 -0.352266 2.41914
1532257326939028 -0.142688 -0.359064 2.41856
1532257326991886 -0.14933 -0.360986 2.4194
1532257327059705 -0.143335 -0.355328 2.42254
1532257327089625 -0.134291 -0.347068 2.42748
1532257327104585 -0.133699 -0.333778 2.43052
1532257327134504 -0.124213 -0.300632 2.42429
1532257327194345 -0.122365 -0.247609 2.41219
1532257327247204 -0.117525 -0.204528 2.39691
1532257327307044 -0.132276 -0.133156 2.36419
1532257327343945 -0.138878 -0.108242 2.35121
1532257327381844 -0.139713 -0.0576182 2.32145
1532257327471604 -0.143409 0.0179582 2.273
1532257327659102 -0.15559 0.092906 2.22489
1532257327697001 -0.15664 0.115866 2.20921
1532257327718956 -0.163838 0.158353 2.1771
1532257327771801 -0.195723 0.259338 2.09789
1532257327861561 -0.214544 0.286857 2.0721
1532257327989220 -0.190923 0.278981 2.08458
1532257328131838 -0.175178 0.26973 2.10233
1532257328244537 -0.169773 0.274687 2.10809
1532257328274457 -0.168959 0.2756 2.11153
1532257328453977 -0.162102 0.282314 2.12654
1532257328604574 -0.219944 0.371694 2.28054
1532257328979571 -0.260379 0.218328 2.1933
1532257329039411 -0.290997 0.211471 2.09052
1532257329084291 -0.315226 0.20766 1.97573
1532257329233891 -0.31696 0.200189 1.85811
1532257329301710 -0.325648 0.199758 1.74861
1532257329586947 -0.223883 0.190981 1.93468
1532257329639814 -0.226941 0.190012 2.09349
1532257329953965 -0.194269 -0.100477 2.3492
1532257329991864 -0.136309 -0.227091 2.35298
1532257330111544 -0.145097 -0.310963 2.36709
1532257330224243 -0.083112 -0.370317 2.37779
1532257330269122 -0.113223 -0.365659 2.3656
1532257330390798 -0.0951979 -0.366106 2.36612
1532257330449641 -0.0919991 -0.363072 2.3671
1532257330561341 -0.0653091 -0.365461 2.36537
1532257330622179 -0.0554577 -0.359994 2.37501
1532257330959277 -0.011505 -0.320988 2.35782
1532257331057015 -0.0248466 -0.318993 2.34964
1532257331123846 -0.029447 -0.319197 2.34959
1532257331169715 -0.0544008 -0.322257 2.35608
1532257331191661 -0.0687368 -0.319856 2.36107
1532257331214595 -0.0684482 -0.319525 2.36184
1532257331266456 -0.0665784 -0.31947 2.36264
1532257331364195 -0.0628508 -0.320801 2.36194
1532257331476893 -0.0687445 -0.325691 2.35639
1532257331566653 -0.0606417 -0.321813 2.35711
1532257331619512 -0.059534 -0.320781 2.35496
1532257331656413 -0.0562323 -0.318385 2.3514
1532257331694312 -0.0559699 -0.318739 2.35062
1532257331971570 -0.0580927 -0.325879 2.35133
1532257332039389 -0.0344757 -0.325507 2.36154
1532257332092247 -0.0117487 -0.321095 2.36295
1532257332152103 -0.0136687 -0.319548 2.35673
1532257332167047 -0.016793 -0.319154 2.35259
1532257332203949 -0.0274775 -0.31984 2.34469
1532257332309666 -0.0509307 -0.32098 2.3412
1532257332369518 -0.0525372 -0.321768 2.34155
1532257332474226 -0.0291251 -0.325858 2.35319
1532257332593906 -0.0796508 -0.327657 2.35204
1532257332654743 -0.0859069 -0.330388 2.35008
1532257332706605 -0.086478 -0.333574 2.35007
1532257332789383 -0.0795738 -0.334289 2.34735
1532257332819304 -0.0710751 -0.334278 2.34637
1532257332879144 -0.0592518 -0.335294 2.34751
1532257332917042 -0.0594955 -0.336162 2.34793
1532257332983863 -0.0628874 -0.335778 2.3488
1532257333014781 -0.0654707 -0.336337 2.35131
1532257333044701 -0.0658458 -0.336623 2.35274
1532257333096562 -0.0658789 -0.338695 2.36261
1532257333111522 -0.068666 -0.339065 2.36506
1532257333141442 -0.0723065 -0.340113 2.367
1532257333194301 -0.0862891 -0.343385 2.36781
1532257333232207 -0.0933453 -0.346652 2.3706
1532257333313980 -0.0997669 -0.349956 2.37282
1532257333381799 -0.105907 -0.350963 2.37424

1532257333449618 -0.114203 -0.355283 2.37459
1532257333501478 -0.118124 -0.356486 2.37259
1532257333614178 -0.107736 -0.355236 2.36247
1532257333652077 -0.106333 -0.354113 2.36012
1532257333688978 -0.107826 -0.353961 2.35806
1532257333748818 -0.109258 -0.35354 2.35751
1532257333786716 -0.110038 -0.353601 2.35749
1532257333816636 -0.11041 -0.353575 2.35806
1532257333861516 -0.106235 -0.353748 2.35855
1532257333914375 -0.0999818 -0.352386 2.35902
1532257333989175 -0.102269 -0.350579 2.35775
1532257334027074 -0.103245 -0.349886 2.35702
1532257334049015 -0.10637 -0.348967 2.35562
1532257334101876 -0.110957 -0.348815 2.35611
1532257334139772 -0.110345 -0.349073 2.35632
1532257334154732 -0.109424 -0.349646 2.35622
1532257334176673 -0.107329 -0.350003 2.35584
1532257334229589 -0.105686 -0.349976 2.35474
1532257334266490 -0.10552 -0.350044 2.35472
1532257334289429 -0.105515 -0.349938 2.35441
1532257334342287 -0.105049 -0.349455 2.35362
1532257334416751 -0.103683 -0.344504 2.34999
1532257334431711 -0.103653 -0.343057 2.34412
1532257334581311 -0.103446 -0.340279 2.34227
1532257334657108 -0.103909 -0.334658 2.33601
1532257334716949 -0.104002 -0.340657 2.33893
1532257334753850 -0.102769 -0.341108 2.34723
1532257334814687 -0.10017 -0.33615 2.34143
1532257334859567 -0.09773 -0.331281 2.33861
1532257334934390 -0.0970456 -0.335415 2.33745
1532257335025575 -0.0991859 -0.33866 2.33824
1532257335091399 -0.10127 -0.341516 2.34736
1532257335152237 -0.102972 -0.333629 2.34232
1532257335197117 -0.106012 -0.333635 2.34834
1532257335263938 -0.102269 -0.330336 2.3448
1532257335429495 -0.0941655 -0.332035 2.34404
1532257335653894 -0.0875249 -0.33464 2.34473
1532257335744652 -0.0991491 -0.338522 2.35017
1532257335781554 -0.0921031 -0.323627 2.34667
1532257335932151 -0.0946111 -0.330159 2.34818
1532257336006951 -0.0933307 -0.332756 2.34768
1532257336149575 -0.105791 -0.341599 2.35249
1532257336247319 -0.101953 -0.339244 2.35732
1532257336307154 -0.110295 -0.340117 2.35601
1532257336359015 -0.105202 -0.338111 2.35705
1532257336411874 -0.100379 -0.339096 2.35541
1532257336501646 -0.105748 -0.338617 2.35486
1532257336576434 -0.111549 -0.335568 2.35929
1532257336637271 -0.114922 -0.334827 2.36373
1532257336659213 -0.115573 -0.33543 2.36525
1532257336712071 -0.11734 -0.335095 2.3663
1532257336756950 -0.122633 -0.335764 2.36475
1532257336831751 -0.119116 -0.342642 2.34785
1532257336861671 -0.11214 -0.336476 2.34564
1532257336891591 -0.117586 -0.330076 2.34163
1532257336921511 -0.117148 -0.328345 2.34207
1532257336951431 -0.115124 -0.32069 2.33962
1532257336989330 -0.110601 -0.304541 2.33406
1532257337042188 -0.112045 -0.278179 2.32304
1532257337072108 -0.115773 -0.262 2.31719
1532257337116998 -0.114676 -0.224554 2.30185
1532257337229688 -0.152481 -0.0780369 2.2382
1532257337244647 -0.159011 -0.0515484 2.2281
1532257337296508 -0.168024 0.000490844 2.20524
1532257337394261 -0.173883 0.104332 2.17446
1532257337424167 -0.16946 0.15366 2.16843
1532257337469065 -0.177387 0.209643 2.16083
1532257337581746 -0.177848 0.233744 2.15622
1532257337634604 -0.177365 0.241708 2.15497
1532257337701426 -0.175792 0.252698 2.1552
1532257337837062 -0.165989 0.255606 2.21251
1532257337859004 -0.160587 0.254359 2.22707
1532257337949761 -0.161177 0.261379 2.24985
1532257338024561 -0.164833 0.271157 2.2679
1532257338129281 -0.167854 0.2789 2.27917
1532257338189122 -0.197872 0.330312 2.3342
1532257338263921 -0.198357 0.514048 2.48237
1532257338369654 -0.15246 0.364883 2.52077
1532257338391580 -0.159895 0.330559 2.50981
1532257338414519 -0.176128 0.276665 2.47321
1532257338474359 -0.203739 0.231988 2.3537
1532257338504279 -0.212605 0.227495 2.28082
1532257338527217 -0.218265 0.22996 2.24288
1532257338542177 -0.224412 0.231985 2.2046
1532257338579079 -0.229339 0.233716 2.16583
1532257338631938 -0.233913 0.236253 2.12564
1532257338646898 -0.240009 0.24023 2.08477
1532257338744637 -0.292231 0.265188 1.87713
1532257338796497 -0.307495 0.263653 1.83715
1532257338909196 -0.39268 0.241911 1.53634
1532257338962055 -0.407298 0.215083 1.47147
1532257339021895 -0.408987 0.207435 1.45272
1532257339043837 -0.392851 0.204393 1.46547
1532257339111654 -0.374404 0.218206 1.54268
1532257339126614 -0.37798 0.222846 1.57108
1532257339179473 -0.398952 0.226597 1.67486
1532257339231340 -0.405377 0.229338 1.71099
1532257339314113 -0.419737 0.232444 1.7919
1532257339418833 -0.435882 0.234223 1.91547
1532257339524550 -0.438307 0.295332 2.03406
1532257339584410 -0.431686 0.303536 2.02448
1532257339614310 -0.430274 0.302982 2.01688
1532257339637249 -0.426369 0.301662 2.00906
1532257339667169 -0.424563 0.300591 2.00621
1532257339704070 -0.423581 0.297901 2.0018
1532257339786848 -0.422916 0.293257 1.99541
1532257339817767 -0.423464 0.289944 1.99385
1532257339854668 -0.425912 0.28669 1.99594
1532257339921489 -0.427278 0.284032 1.99741
1532257339944428 -0.427241 0.280963 1.99967
1532257339959396 -0.426812 0.276989 2.00349
1532257340004267 -0.434375 0.256054 2.01909
1532257340058124 -0.4213 0.215833 2.03589
1532257340131926 -0.386548 0.153758 2.07645
1532257340206726 -0.328264 0.0643766 2.13043
1532257340281526 -0.296729 -0.00971734 2.16742
1532257340387244 -0.209448 -0.253314 2.27862
1532257340402215 -0.180626 -0.322457 2.30916
1532257340483985 -0.136012 -0.413004 2.34896
1532257340536843 -0.115158 -0.426204 2.35704
1532257340568758 -0.103844 -0.428678 2.36269
1532257340641564 -0.107739 -0.418891 2.37033
1532257340679462 -0.105088 -0.418489 2.37193
1532257340777201 -0.0987925 -0.422407 2.36844
1532257340890897 -0.0814345 -0.415427 2.39143
1532257340919819 -0.0733109 -0.415261 2.39906
1532257340979659 -0.0535648 -0.415722 2.4179
1532257341009579 -0.0488653 -0.412515 2.42382
1532257341107318 -0.0568593 -0.407416 2.40321
1532257341226998 -0.0502888 -0.40269 2.39182
1532257341346678 -0.0518861 -0.402203 2.40871
1532257341384577 -0.057913 -0.407821 2.40799
1532257341491291 -0.0706593 -0.412916 2.41039
1532257341536172 -0.0715693 -0.414163 2.40855
1532257341572075 -0.0814459 -0.414752 2.39912
1532257341616970 -0.084134 -0.414919 2.39668
1532257341669822 -0.0863886 -0.415114 2.39482
1532257341684807 -0.0888013 -0.4159 2.39424
1532257341706715 -0.0913626 -0.416967 2.39498
1532257341736635 -0.0925069 -0.417766 2.40795
1532257341834381 -0.091185 -0.416533 2.41257
1532257341887232 -0.0885436 -0.417299 2.41631
1532257341902192 -0.0877578 -0.417358 2.41651
1532257341939094 -0.0868444 -0.416613 2.41522
1532257341983974 -0.0833344 -0.412532 2.41348
1532257342006912 -0.0749488 -0.408772 2.41342
1532257342043814 -0.061025 -0.405275 2.41078
1532257342111632 -0.0457188 -0.388082 2.39928
1532257342156512 -0.0431658 -0.38681 2.3966
1532257342171472 -0.0428208 -0.385622 2.39517
1532257342247270 -0.0426315 -0.385098 2.39307
1532257342284170 -0.0453057 -0.385865 2.39321
1532257342307110 -0.0458208 -0.385585 2.39395
1532257342329050 -0.0450266 -0.384921 2.39477
1532257342373931 -0.036148 -0.383061 2.39708
1532257342396869 -0.0205727 -0.380063 2.39974
1532257342418818 -0.0122131 -0.378224 2.40186
1532257342471669 -0.000653532 -0.376255 2.40927
1532257342501590 -0.00523773 -0.377343 2.41457
1532257342584368 -0.0520648 -0.383893 2.39449
1532257342607307 -0.0402448 -0.383129 2.38691
1532257342659182 -0.0277363 -0.38788 2.3754
1532257342748928 -0.0350036 -0.380953 2.3779
1532257342763888 -0.0271831 -0.374232 2.38641
1532257342944406 -0.0404669 -0.374177 2.39237
1532257342966347 -0.0423052 -0.376512 2.39055
1532257343004246 -0.0425797 -0.381355 2.38997
1532257343049125 -0.0534665 -0.385582 2.39112
1532257343131907 -0.0558612 -0.38813 2.38628
1532257343168806 -0.0566485 -0.390309 2.39003
1532257343199722 -0.0522202 -0.391771 2.39233
1532257343214683 -0.041715 -0.392368 2.39537
1532257343274523 -0.0596198 -0.388158 2.40008
1532257343311424 -0.0788245 -0.392726 2.40403
1532257343334363 -0.0882209 -0.394801 2.40549
1532257343387221 -0.1015 -0.400887 2.40704
1532257343417141 -0.106984 -0.405961 2.40708
1532257343469003 -0.113523 -0.416327 2.40677
1532257343664480 -0.13871 -0.456264 2.41327
1532257343716341 -0.141336 -0.457829 2.415

1532257343979636 -0.144498 -0.454007 2.40908
1532257344016538 -0.139262 -0.442878 2.40968
1532257344054437 -0.133155 -0.432165 2.40994
1532257344076378 -0.131088 -0.429895 2.40886
1532257344107296 -0.126152 -0.427386 2.4064
1532257344129237 -0.126007 -0.4253 2.40651
1532257344174117 -0.12029 -0.424444 2.40595
1532257344212016 -0.120234 -0.423742 2.40709
1532257344279844 -0.120094 -0.4231 2.40722
1532257344331695 -0.113174 -0.420816 2.406
1532257344399553 -0.093361 -0.40665 2.39601
1532257344414513 -0.097622 -0.4019 2.39759
1532257344489312 -0.0971137 -0.393589 2.39729
1532257344594032 -0.120074 -0.379028 2.4065
1532257344624077 -0.123737 -0.375059 2.4091
1532257344668957 -0.148401 -0.352143 2.42897
1532257344706855 -0.142263 -0.363246 2.40177
1532257344721825 -0.132121 -0.358007 2.39197
1532257344774674 -0.132155 -0.359339 2.38341
1532257344811575 -0.141175 -0.359836 2.37597
1532257344864434 -0.145806 -0.357973 2.36348
1532257344894354 -0.166224 -0.355784 2.33511
1532257344924273 -0.184675 -0.351352 2.27411
1532257344977139 -0.152912 -0.342341 2.22087
1532257345073880 -0.11661 -0.338511 2.2073
1532257345126739 -0.110119 -0.337173 2.20411
1532257345164638 -0.0970275 -0.330395 2.19817
1532257345179597 -0.089142 -0.331307 2.19511
1532257345239437 -0.0814836 -0.332086 2.19037
1532257345307255 -0.0666651 -0.338677 2.17225
1532257345359117 -0.0516967 -0.337712 2.16402
1532257345464844 -0.0371372 -0.335408 2.15235
1532257345516696 -0.0306142 -0.331943 2.14745
1532257345793955 -0.00205306 -0.284715 2.16521
1532257345846813 -0.00312611 -0.276997 2.18263
1532257345981453 0.00246376 -0.272062 2.18797
1532257346124072 -0.0066012 -0.20669 2.21025
1532257346236771 -0.0340375 0.00921183 2.19733
1532257346289629 -0.0777392 0.18806 2.15582
1532257346311570 -0.090139 0.212309 2.14405
1532257346364429 -0.0992813 0.231707 2.13109
1532257346409309 -0.104069 0.259459 2.10998
1532257346462168 -0.111028 0.278552 2.09512
1532257346522008 -0.109466 0.290596 2.08182
1532257346589826 -0.106884 0.28291 2.0812
1532257346619747 -0.10583 0.277124 2.08408
1532257346641687 -0.105488 0.274144 2.085
1532257346739426 -0.106244 0.265352 2.08612
1532257346867085 -0.101725 0.273186 2.08879
1532257347069544 -0.138795 0.317445 2.24133
1532257347078520 -0.175246 0.365077 2.35207
1532257347174263 -0.196452 0.426038 2.42401
1532257347249063 -0.194361 0.439803 2.45114
1532257347376722 -0.111305 0.375733 2.53064
1532257347429581 -0.141491 0.300496 2.46928
1532257347527319 -0.202661 0.246812 2.27643
1532257347565218 -0.203269 0.254224 2.23706
1532257347924258 -0.236161 0.286385 1.68149
1532257347947196 -0.235579 0.289671 1.67652
1532257347977117 -0.189631 0.300498 1.72116
1532257348028977 -0.13179 0.314967 1.8144
1532257348141677 -0.123869 0.332394 1.91305
1532257348382034 -0.120269 0.329939 2.16306
1532257348569532 -0.0814873 -0.14291 2.1901
1532257348801926 -0.0296369 -0.278167 2.17323
1532257349005367 -0.0226439 -0.291711 2.1829
1532257349296588 -0.0130656 -0.299093 2.20617
1532257349341468 -0.0138483 -0.297864 2.20258
1532257349507025 -0.024198 -0.295329 2.17964
1532257349551917 -0.0253844 -0.294578 2.1764
1532257349694524 -0.0280838 -0.295559 2.19802
1532257349784284 -0.0410733 -0.30376 2.19763
1532257349986743 -0.0373953 -0.302175 2.20318
1532257350061543 -0.0383627 -0.29741 2.20183
1532257350167260 -0.0396904 -0.29912 2.19967
1532257350384678 -0.0415695 -0.301324 2.19828
1532257350504358 -0.0101264 -0.273923 2.20502
1532257350564198 -0.0152535 -0.281734 2.19867
1532257350886337 -0.0216737 -0.280454 2.20037
1532257350924236 -0.0233591 -0.285107 2.19958
1532257350939196 -0.0239609 -0.287281 2.19891
1532257350999035 -0.0271667 -0.293024 2.19612
1532257351074843 -0.0280085 -0.296129 2.19561
1532257351254353 -0.0657024 -0.308208 2.21399
1532257351329152 -0.0738778 -0.315395 2.21369
1532257351344113 -0.0770752 -0.318893 2.21422
1532257351458806 -0.0913311 -0.33346 2.2223
1532257351494710 -0.0931418 -0.334833 2.22408
1532257351509671 -0.0950716 -0.336428 2.22551
1532257351561532 -0.101531 -0.342087 2.22585
1532257351584470 -0.105694 -0.345627 2.22337
1532257351636332 -0.114347 -0.351859 2.21687

1532257351674229 -0.11689 -0.354474 2.21263
1532257351689190 -0.115266 -0.355172 2.20786
1532257351734070 -0.133081 -0.346545 2.1948
1532257351763990 -0.137961 -0.331742 2.19125
1532257351786929 -0.137517 -0.304577 2.18499
1532257351816849 -0.130695 -0.267397 2.17722
1532257351839787 -0.126865 -0.220613 2.17042
1532257351861729 -0.131296 -0.164305 2.16598
1532257351884667 -0.138982 -0.0995267 2.16228
1532257351906609 -0.143602 0.0456058 2.1471
1532257351959467 -0.140462 0.12094 2.13381
1532257352019309 -0.175173 0.344915 2.07128
1532257352079147 -0.313932 0.647092 1.91559
1532257352153947 -0.365842 0.731332 1.84192
1532257352191846 -0.39175 0.766496 1.80369
1532257352244705 -0.471935 0.846598 1.67429
1532257352289585 -0.516114 0.869835 1.59739
1532257352326486 -0.537668 0.876734 1.56351
1532257352341446 -0.534652 0.873844 1.56652
1532257352387323 -0.526711 0.872076 1.57828
1532257352409264 -0.515506 0.873225 1.59198
1532257352454145 -0.497365 0.879044 1.6125
1532257352521963 -0.493986 0.885015 1.61241
1532257352543904 -0.491651 0.883838 1.61402
1532257352589782 -0.487936 0.878984 1.6177
1532257352604741 -0.486111 0.877471 1.61932
1532257352626683 -0.483254 0.876858 1.62075
1532257352649622 -0.47854 0.878069 1.62268
1532257352694502 -0.474619 0.876771 1.6244
1532257352731403 -0.472725 0.875114 1.62851
1532257352769309 -0.471001 0.874691 1.63202
1532257352814182 -0.466482 0.880737 1.64693
1532257352888982 -0.463741 0.887836 1.65613
1532257352934109 -0.462087 0.886617 1.66717
1532257352957047 -0.460568 0.883612 1.67245
1532257353008909 -0.446731 0.867836 1.69576
1532257353054785 -0.431366 0.850366 1.72129
1532257353076727 -0.409765 0.82646 1.76049
1532257353114626 -0.36688 0.76531 1.8633
1532257353204386 -0.288798 0.417341 2.11754
1532257353219346 -0.253753 0.31775 2.15113
1532257353242285 -0.20217 0.1249 2.19023
1532257353272205 -0.210526 -0.0543939 2.22962
1532257353294146 -0.218997 -0.12865 2.24404
1532257353317085 -0.220465 -0.189997 2.25611
1532257353361964 -0.216599 -0.276322 2.2731
1532257353376925 -0.211146 -0.302323 2.27654
1532257353391884 -0.199497 -0.322614 2.27957
1532257353421805 -0.185065 -0.339178 2.27957
1532257353451725 -0.172808 -0.352896 2.27428
1532257353541485 -0.186233 -0.356054 2.27566
1532257353579383 -0.160617 -0.350762 2.28962
1532257353602322 -0.146854 -0.354336 2.29555
1532257353639223 -0.138577 -0.35643 2.30594
1532257353692082 -0.132643 -0.352126 2.30864
1532257353728983 -0.128108 -0.349757 2.30982
1532257353743943 -0.125409 -0.347773 2.31158
1532257353781841 -0.125132 -0.344109 2.31656
1532257353819741 -0.123427 -0.341288 2.32271
1532257353856641 -0.120161 -0.339567 2.32788
1532257353886562 -0.120377 -0.339231 2.33211
1532257353909501 -0.120167 -0.337618 2.33346
1532257353962362 -0.118474 -0.336743 2.33235
1532257353984301 -0.116367 -0.336042 2.33073
1532257353999261 -0.114569 -0.335404 2.32863
1532257354044141 -0.112291 -0.331971 2.32344
1532257354082039 -0.112037 -0.331883 2.3233
1532257354111959 -0.111799 -0.331779 2.32323
1532257354171799 -0.112327 -0.33192 2.32825
1532257354216679 -0.111522 -0.330824 2.33075
1532257354239618 -0.112102 -0.329308 2.33222
1532257354276519 -0.112915 -0.32852 2.33274
1532257354299457 -0.113073 -0.328259 2.3331
1532257354374257 -0.11337 -0.328821 2.33398
1532257354404178 -0.11365 -0.329295 2.33449
1532257354449058 -0.112339 -0.331215 2.3338
1532257354508898 -0.114435 -0.334072 2.32381
1532257354523858 -0.119885 -0.333839 2.31754
1532257354554775 -0.13277 -0.317332 2.28607
1532257354591676 -0.146204 -0.275437 2.26402
1532257354614615 -0.14434 -0.244497 2.25181
1532257354674455 -0.138813 -0.20937 2.24235
1532257354704375 -0.135235 -0.173054 2.23516
1532257354757234 -0.142725 -0.0245455 2.20024
1532257354794135 -0.142688 0.0435369 2.1855
1532257354854973 -0.142567 0.0738353 2.18025
1532257354936754 -0.1301 0.154343 2.17199
1532257354966673 -0.124111 0.227268 2.16348
1532257355011554 -0.122172 0.238221 2.16372
1532257355064412 -0.1178 0.259036 2.16367
1532257355132230 -0.114399 0.268549 2.16296
1532257355192075 -0.112692 0.284303 2.16468
1532257355243932 -0.115089 0.297707 2.16275
1532257355349650 -0.113996 0.303297 2.15926
1532257355446391 -0.11084 0.304066 2.17196
1532257355507228 -0.110387 0.307434 2.18119
1532257355906162 -0.241689 0.500433 2.46524
1532257355957025 -0.25282 0.538698 2.48836
1532257356008887 -0.198624 0.511484 2.53633
1532257356054765 -0.157384 0.425536 2.55069
1532257356099644 -0.163268 0.350604 2.5081
1532257356151509 -0.165452 0.306718 2.45915
1532257356234284 -0.147896 0.223448 2.31694
1532257356279164 -0.131548 0.209077 2.21139
1532257356317062 -0.136945 0.215329 2.13595
1532257356339004 -0.139431 0.224309 2.09769
1532257356376903 -0.149562 0.232747 2.02307
1532257356406823 -0.153525 0.239792 1.98625
1532257356481623 -0.170017 0.262585 1.89251
1532257356511543 -0.180214 0.27024 1.84263
1532257356662140 -0.157746 0.274374 1.80306
1532257356721980 -0.135029 0.277699 1.8439
1532257356736940 -0.0824136 0.282853 1.95337
1532257356781820 -0.062764 0.278593 2.04563
1532257356879559 -0.0609692 0.272517 2.17287
1532257357022177 -0.0792465 0.294747 2.26008
1532257357269516 -0.0370706 -0.244112 2.28682
1532257357352295 -0.0227496 -0.293813 2.2647
1532257357367254 -0.0307471 -0.289473 2.26743
1532257357404156 -0.060132 -0.276038 2.28234
1532257357427094 -0.0630207 -0.273577 2.28676
1532257357495910 -0.054209 -0.286041 2.29972
1532257357666456 -0.074675 -0.300671 2.27943
1532257357689393 -0.0799202 -0.302389 2.27861
1532257357772172 -0.0795854 -0.301979 2.30207
1532257357809073 -0.0742629 -0.301185 2.31523
1532257357832011 -0.0726227 -0.299971 2.32119
1532257357944710 -0.0767506 -0.294294 2.32883
1532257358004550 -0.0763507 -0.297725 2.30441
1532257358049429 -0.0773663 -0.299937 2.29294
1532257358079350 -0.0764878 -0.300801 2.28726
1532257358117248 -0.0745397 -0.300407 2.27753
1532257358177088 -0.0755316 -0.297214 2.26989
1532257358207009 -0.076297 -0.296654 2.26959
1532257358386530 -0.0809292 -0.299362 2.31972
1532257358484267 -0.0902715 -0.296298 2.33359
1532257358522166 -0.0953518 -0.297529 2.32792
1532257358567046 -0.0919385 -0.299474 2.31642
1532257358611930 -0.0879794 -0.299833 2.30811
1532257358701686 -0.0817548 -0.296448 2.30618
1532257358716646 -0.0797577 -0.295165 2.30732
1532257358746566 -0.0751567 -0.291429 2.30932
1532257358761526 -0.0726911 -0.289284 2.31019
1532257358791446 -0.0705678 -0.287031 2.31125
1532257358821366 -0.0666965 -0.282171 2.313
1532257358852298 -0.0635397 -0.279653 2.31352
1532257358874225 -0.0593322 -0.277149 2.31324
1532257358927083 -0.0540089 -0.272792 2.30834
1532257358949024 -0.0560478 -0.272973 2.30584
1532257358963984 -0.0592597 -0.274125 2.30317
1532257359016843 -0.0666155 -0.279619 2.29709
1532257359061723 -0.0692163 -0.283926 2.29426
1532257359129542 -0.0725308 -0.291547 2.28857
1532257359181403 -0.0776231 -0.297349 2.28409
1532257359219309 -0.077237 -0.294162 2.28677
1532257359264182 -0.0628499 -0.282569 2.30648
1532257359294102 -0.0621635 -0.279515 2.31284
1532257359346960 -0.0646774 -0.276374 2.31658
1532257359361920 -0.0713987 -0.274919 2.31784
1532257359398822 -0.0834241 -0.282214 2.29873
1532257359429739 -0.088279 -0.285752 2.29257
1532257359444716 -0.093864 -0.289726 2.28729
1532257359466640 -0.0985962 -0.293854 2.28228
1532257359489579 -0.102406 -0.297849 2.27819
1532257359511520 -0.104917 -0.301886 2.27478
1532257359541441 -0.106463 -0.304973 2.27225
1532257359556401 -0.107006 -0.306735 2.27104
1532257359571360 -0.106607 -0.307519 2.27076
1532257359602292 -0.104838 -0.306955 2.27199
1532257359624219 -0.10148 -0.30517 2.27462
1532257359647157 -0.0964709 -0.30197 2.27846
1532257359662117 -0.0909029 -0.297691 2.28368
1532257359684059 -0.0801786 -0.287635 2.29744
1532257359713978 -0.0762821 -0.283406 2.30435
1532257359759868 -0.0729343 -0.279998 2.30994
1532257359781811 -0.0724019 -0.276226 2.31306
1532257359796758 -0.0721938 -0.273981 2.31441
1532257359849616 -0.0879807 -0.28019 2.30539
1532257359894496 -0.0895273 -0.284803 2.29922
1532257359931397 -0.0947935 -0.292458 2.28714
1532257359946357 -0.0993631 -0.295808 2.2824
1532257359977275 -0.108912 -0.303908 2.27366
1532257359992235 -0.110644 -0.305987 2.27325
1532257360014176 -0.111656 -0.307506 2.27371
1532257360059056 -0.109813 -0.307798 2.27741
1532257360088976 -0.107603 -0.307388 2.28106
1532257360118911 -0.103934 -0.30447 2.29099
1532257360149813 -0.102425 -0.302912 2.29708
1532257360171754 -0.10175 -0.30162 2.30318
1532257360201675 -0.102065 -0.301351 2.30889
1532257360224613 -0.103843 -0.301458 2.31461
1532257360329333 -0.120252 -0.30441 2.32886
1532257360404133 -0.129931 -0.327148 2.33708
1532257360434053 -0.132551 -0.329829 2.34058
1532257360456992 -0.134504 -0.331533 2.34411
1532257360478933 -0.135214 -0.332395 2.34786
1532257360509866 -0.134142 -0.33378 2.35386
1532257360539771 -0.133598 -0.334206 2.356
1532257360569691 -0.137502 -0.333859 2.35878
1532257360606592 -0.142467 -0.333951 2.35789
1532257360653466 -0.146348 -0.334871 2.35643
1532257360666432 -0.147986 -0.335844 2.35548

1532257360697348 -0.148436 -0.337002 2.35432
1532257360734251 -0.146257 -0.33826 2.35112
1532257360788145 -0.143591 -0.338958 2.34862
1532257360809089 -0.14335 -0.340296 2.34791
1532257360839009 -0.144993 -0.342213 2.34691
1532257360936747 -0.142769 -0.345279 2.34678
1532257360951708 -0.141386 -0.344218 2.34731
1532257361011547 -0.133918 -0.336249 2.34794
1532257361064406 -0.137806 -0.337164 2.3475
1532257361094326 -0.142158 -0.338587 2.34697
1532257361154172 -0.144218 -0.34042 2.34677
1532257361199052 -0.145545 -0.342097 2.34758
1532257361228973 -0.145543 -0.342763 2.34852
1532257361243932 -0.145119 -0.342357 2.34913
1532257361311751 -0.144039 -0.339541 2.35059
1532257361349650 -0.143491 -0.338318 2.35086
1532257361386551 -0.143454 -0.338252 2.35039
1532257361424450 -0.142904 -0.338368 2.34972
1532257361449383 -0.141907 -0.338667 2.34833
1532257361462348 -0.141012 -0.338648 2.34768
1532257361499250 -0.138782 -0.337836 2.34676
1532257361537149 -0.137879 -0.33723 2.3463
1532257361567068 -0.136424 -0.336773 2.34615
1532257361589010 -0.136304 -0.336722 2.34611
1532257361603970 -0.136304 -0.336722 2.34611
1532257361618939 -0.137029 -0.336709 2.34643
1532257361656828 -0.138868 -0.337502 2.34738
1532257361679767 -0.139527 -0.337906 2.34747
1532257361731628 -0.140518 -0.338562 2.34776
1532257361776508 -0.14005 -0.338276 2.34744
1532257361814407 -0.139296 -0.338005 2.34707
1532257361852306 -0.139412 -0.337956 2.3468
1532257361897186 -0.139412 -0.337956 2.3468
1532257361934087 -0.139246 -0.338022 2.34677
1532257361978967 -0.139246 -0.338022 2.34677
1532257362039804 -0.139172 -0.337855 2.34673
1532257362076706 -0.139051 -0.337804 2.34669
1532257362129564 -0.139461 -0.337555 2.34694
1532257362196385 -0.139731 -0.337556 2.34692
1532257362324044 -0.139292 -0.337137 2.34646
1532257362383884 -0.140567 -0.338161 2.3479
1532257362481623 -0.155039 -0.344151 2.34498
1532257362519522 -0.165003 -0.343515 2.33871
1532257362571383 -0.134168 -0.315046 2.31425
1532257362587341 -0.123463 -0.298394 2.30801
1532257362632220 -0.131177 -0.227004 2.29869
1532257362654161 -0.126307 -0.171286 2.2898
1532257362736940 -0.122356 -0.139773 2.28255
1532257362766860 -0.124858 -0.0706893 2.269
1532257362826700 -0.109362 0.0987384 2.22351
1532257362871580 -0.105375 0.153851 2.20753
1532257362931420 -0.10161 0.221087 2.18271
1532257362954359 -0.105385 0.254405 2.1693
1532257362984279 -0.107023 0.267387 2.16343
1532257363014199 -0.107775 0.28688 2.15273
1532257363044119 -0.108286 0.294334 2.14829
1532257363118919 -0.114979 0.307747 2.13676
1532257363149850 -0.11578 0.309799 2.13406
1532257363224636 -0.108504 0.312052 2.13004
1532257363276497 -0.101866 0.309724 2.13843
1532257363329356 -0.0973465 0.308377 2.14526
1532257363404156 -0.0953007 0.311279 2.14982
1532257363457014 -0.0942291 0.3143 2.15246
1532257363569714 -0.0866291 0.308042 2.16342
1532257363659473 -0.0878131 0.310069 2.16757
1532257363681414 -0.0885466 0.31224 2.17377
1532257363734273 -0.0860071 0.316018 2.18274
1532257363787132 -0.0861196 0.319218 2.18523
1532257363951692 -0.142052 0.3862 2.29433
1532257363981611 -0.15406 0.398567 2.31559
1532257364011532 -0.186199 0.45801 2.39519
1532257364064390 -0.191832 0.477667 2.41358
1532257364109271 -0.189578 0.50101 2.4473
1532257364184070 -0.157725 0.474703 2.51359
1532257364281809 -0.143592 0.317368 2.48152
1532257364334680 -0.153755 0.2879 2.43159
1532257364394507 -0.187447 0.264928 2.33862
1532257364431409 -0.197411 0.263088 2.24082
1532257364507206 -0.207687 0.271939 2.14195
1532257364529147 -0.208622 0.274816 2.11001
1532257364567046 -0.205114 0.279869 2.05035
1532257364626886 -0.2027 0.284595 2.02212
1532257364844304 -0.137696 0.349027 1.98828
1532257364927083 -0.0943043 0.360222 2.14147
1532257365001884 -0.10681 0.337762 2.22327
1532257365106603 -0.105918 0.292328 2.27728
1532257365204342 -0.0653276 -0.0910186 2.33911
1532257365272161 -0.0746861 -0.190845 2.33373
1532257365294102 -0.0655955 -0.236014 2.3226
1532257365332009 -0.0592255 -0.328147 2.3067
1532257365399819 -0.0985748 -0.341831 2.30269
1532257365451681 -0.0872026 -0.331512 2.32388
1532257365489579 -0.0703831 -0.3349 2.33395
1532257365526481 -0.0724709 -0.334951 2.338
1532257365572358 -0.0845739 -0.332659 2.33668
1532257365766838 -0.0971113 -0.33141 2.3274
1532257365864576 -0.0961796 -0.327415 2.34285
1532257365954336 -0.102987 -0.331416 2.35736
1532257366029136 -0.0943378 -0.334715 2.3562
1532257366074016 -0.0914268 -0.328271 2.34689
1532257366096955 -0.0886515 -0.326671 2.34459
1532257366119894 -0.0853382 -0.32549 2.34254
1532257366164773 -0.0808898 -0.32299 2.33818
1532257366179734 -0.0798371 -0.321389 2.33652
1532257366216635 -0.0775098 -0.316935 2.33356
1532257366254534 -0.0738242 -0.309301 2.33235
1532257366284454 -0.0730046 -0.307069 2.33227
1532257366329334 -0.0722383 -0.30567 2.33218
1532257366367232 -0.0732677 -0.305547 2.33243
1532257366382192 -0.075433 -0.306311 2.33288
1532257366427072 -0.0821639 -0.31174 2.33572
1532257366456992 -0.0847035 -0.314494 2.339
1532257366486912 -0.0853101 -0.315784 2.34044
1532257366508871 -0.0858678 -0.316538 2.34184
1532257366539771 -0.0859579 -0.316626 2.34273
1532257366584662 -0.0882067 -0.315934 2.34326
1532257366621552 -0.0848539 -0.314106 2.34179
1532257366659451 -0.0830888 -0.313572 2.34106
1532257366681392 -0.0822796 -0.313023 2.34038
1532257366749211 -0.0785026 -0.313028 2.33654
1532257366764171 -0.0774512 -0.312762 2.33594
1532257366787110 -0.076152 -0.312237 2.33567
1532257366802069 -0.0746093 -0.311424 2.33568
1532257366824011 -0.072637 -0.310432 2.33593
1532257366853931 -0.0701103 -0.309166 2.3362
1532257366883851 -0.0650813 -0.305617 2.33671
1532257366899808 -0.0626856 -0.303368 2.33686
1532257366951674 -0.0606422 -0.300785 2.33658
1532257366974608 -0.0586811 -0.298148 2.33575
1532257367049408 -0.0533365 -0.292119 2.33109
1532257367162106 -0.0536782 -0.289886 2.32155
1532257367206986 -0.0633118 -0.296454 2.31402
1532257367228928 -0.0718283 -0.303708 2.3104
1532257367281787 -0.0813152 -0.314631 2.30963
1532257367296746 -0.0805034 -0.314517 2.31218
1532257367326667 -0.0778479 -0.312974 2.31549
1532257367341626 -0.0735569 -0.310785 2.31961
1532257367364565 -0.0691117 -0.308211 2.32432
1532257367416427 -0.0610588 -0.302313 2.33358
1532257367454325 -0.0591328 -0.299414 2.33704
1532257367507184 -0.0646329 -0.295327 2.34011
1532257367544085 -0.0761297 -0.297736 2.33713
1532257367679722 -0.101501 -0.330149 2.30723
1532257367701665 -0.107751 -0.335095 2.30327
1532257367761504 -0.108925 -0.337717 2.30608
1532257367829322 -0.0967824 -0.332728 2.31517
1532257367867221 -0.0889284 -0.327507 2.32768
1532257367904123 -0.0823608 -0.325471 2.34332
1532257367942021 -0.0880826 -0.326557 2.3459
1532257367956981 -0.093021 -0.32872 2.34432
1532257367993882 -0.100851 -0.334369 2.33645
1532257368016821 -0.103761 -0.336921 2.33136
1532257368046741 -0.107282 -0.339455 2.3267
1532257368069680 -0.111771 -0.341832 2.32261
1532257368092627 -0.116614 -0.343712 2.31945
1532257368114560 -0.122967 -0.345893 2.31629
1532257368144480 -0.122021 -0.345876 2.31629
1532257368159440 -0.118933 -0.34526 2.31756
1532257368174400 -0.115009 -0.34423 2.32022
1532257368219294 -0.107974 -0.342434 2.32888
1532257368234240 -0.1052 -0.341606 2.33426
1532257368294080 -0.100793 -0.340041 2.34464
1532257368317018 -0.100245 -0.339025 2.34896
1532257368346938 -0.106416 -0.337083 2.35878
1532257368384841 -0.111212 -0.337055 2.36017
1532257368399797 -0.11529 -0.337768 2.36056
1532257368421738 -0.118625 -0.339851 2.36054
1532257368451659 -0.123708 -0.345134 2.36008
1532257368481578 -0.125213 -0.349866 2.36035
1532257368513493 -0.125255 -0.351277 2.36082
1532257368534451 -0.124834 -0.352224 2.36143
1532257368556378 -0.124188 -0.352995 2.36275
1532257368617215 -0.12243 -0.354899 2.3668
1532257368662095 -0.122705 -0.355191 2.36757
1532257368721936 -0.123835 -0.353187 2.36621

1532257368751856 -0.12284 -0.352315 2.36539
1532257368789754 -0.119859 -0.350479 2.364
1532257368811696 -0.117795 -0.349118 2.36368
1532257368856575 -0.112043 -0.345161 2.36325
1532257368872541 -0.109256 -0.343344 2.36314
1532257368916415 -0.110744 -0.34303 2.36414
1532257368933370 -0.114699 -0.344862 2.36488
1532257368977253 -0.12138 -0.349875 2.3662
1532257369007173 -0.122925 -0.35221 2.36654
1532257369029114 -0.123778 -0.353864 2.36674
1532257369067013 -0.125246 -0.355587 2.36758
1532257369081973 -0.125847 -0.355354 2.36825
1532257369118875 -0.12573 -0.354927 2.36901
1532257369149792 -0.125424 -0.354105 2.37016
1532257369164751 -0.124998 -0.352951 2.37143
1532257369194671 -0.125167 -0.350519 2.37417
1532257369261493 -0.127512 -0.349465 2.37535
1532257369284431 -0.128838 -0.349867 2.37539
1532257369314351 -0.128959 -0.349916 2.37542
1532257369374191 -0.127109 -0.350858 2.37366
1532257369429045 -0.126968 -0.351391 2.37323
1532257369471930 -0.126891 -0.351224 2.37318
1532257369539749 -0.126631 -0.351141 2.37303
1532257369569669 -0.125629 -0.350496 2.37273
1532257369591610 -0.12466 -0.350137 2.3725
1532257369651450 -0.123208 -0.348529 2.37114
1532257369681370 -0.123208 -0.348529 2.37114
1532257369697327 -0.123391 -0.348445 2.37125
1532257369712287 -0.123391 -0.348445 2.37125
1532257369779109 -0.123436 -0.348327 2.37124
1532257369817007 -0.123436 -0.348327 2.37124
1532257369838949 -0.123297 -0.348293 2.37112
1532257369861887 -0.123177 -0.348244 2.37109
1532257369899786 -0.121589 -0.34737 2.37075
1532257369944666 -0.121027 -0.346337 2.37057
1532257369989546 -0.11879 -0.348324 2.37078
1532257370057367 -0.121827 -0.355014 2.3762
1532257370102245 -0.127716 -0.358779 2.38888
1532257370139146 -0.121582 -0.357912 2.38872
1532257370169067 -0.119474 -0.354844 2.38225
1532257370192004 -0.121392 -0.353906 2.38013
1532257370228906 -0.124642 -0.352242 2.37867
1532257370304702 -0.121524 -0.352976 2.37862
1532257370326644 -0.120887 -0.35419 2.37846
1532257370379503 -0.121065 -0.350485 2.37277
1532257370416404 -0.120353 -0.350591 2.37367
1532257370447322 -0.120895 -0.350697 2.37571
1532257370477242 -0.120468 -0.351158 2.37587
1532257370499183 -0.120136 -0.351578 2.37566
1532257370529103 -0.12018 -0.35146 2.37565
1532257370581962 -0.117431 -0.349839 2.37547
1532257370603903 -0.115529 -0.349373 2.37502
1532257370671722 -0.114814 -0.347565 2.37447
1532257370724580 -0.114752 -0.347085 2.37371
1532257370776442 -0.11842 -0.350804 2.36601
1532257370822319 -0.112473 -0.341666 2.35854
1532257370844260 -0.10363 -0.32979 2.35632
1532257370904100 -0.100408 -0.296347 2.358
1532257370963941 -0.09287 -0.229761 2.35469
1532257370986879 -0.0791658 -0.136064 2.33165
1532257371009818 -0.0732494 -0.0995794 2.32284
1532257371039738 -0.0642496 -0.0614111 2.31174
1532257371084617 -0.0514884 0.0173567 2.28777
1532257371099577 -0.0515841 0.0556719 2.27536
1532257371197316 -0.0671507 0.160586 2.24112
1532257371219258 -0.0723992 0.190231 2.22937
1532257371257156 -0.0820232 0.260271 2.1937
1532257371287076 -0.0877316 0.293319 2.17441
1532257371323977 -0.090044 0.314257 2.15993
1532257371376836 -0.0911826 0.326567 2.14457
1532257371444655 -0.0902623 0.336934 2.13378
1532257371451635 -0.088914 0.341309 2.12935
1532257371489535 -0.0881725 0.344636 2.12539
1532257371504495 -0.0874547 0.347207 2.12204
1532257371541396 -0.0859601 0.348553 2.11771
1532257371609215 -0.0768223 0.341097 2.12481
1532257371706953 -0.0690425 0.331839 2.13032
1532257371751834 -0.0649169 0.326819 2.13376
1532257371879492 -0.0588626 0.331955 2.13384
1532257372059012 -0.0430309 0.372333 2.18711
1532257372103892 -0.0440676 0.38003 2.20786
1532257372194649 -0.077071 0.421522 2.3494
1532257372216590 -0.117772 0.458085 2.41178
1532257372322308 -0.15008 0.473589 2.4454
1532257372434009 -0.144209 0.396239 2.42981
1532257372463929 -0.155638 0.343656 2.38264
1532257372606548 -0.193398 0.271074 2.20806
1532257372659406 -0.205994 0.252288 2.10896
1532257372704286 -0.231432 0.247617 2.03588
1532257372727225 -0.241225 0.245692 2.00046
1532257372929683 -0.235542 0.205971 1.80632
1532257372981545 -0.194188 0.219533 1.83438
1532257373041385 -0.156181 0.232638 1.89226
1532257373154083 -0.0826623 0.233146 2.11128
1532257373213924 -0.0836025 0.238962 2.17777
1532257373274772 -0.0976268 0.252944 2.21692
1532257373424361 -0.10189 0.225529 2.26877
1532257373433337 -0.105848 0.20017 2.2693
1532257373447300 -0.114217 0.164242 2.2682
1532257373477219 -0.107862 -0.0780697 2.27515
1532257373499161 -0.104331 -0.127091 2.27837
1532257373552024 -0.102842 -0.206971 2.28824
1532257373596899 -0.0994325 -0.240813 2.28861
1532257373671715 -0.0843253 -0.290387 2.28419
1532257373746499 -0.0775343 -0.342021 2.29145
1532257373776419 -0.088419 -0.321654 2.30197
1532257373791379 -0.0797065 -0.318095 2.30707
1532257373822297 -0.0954168 -0.334333 2.31247
1532257373837257 -0.102795 -0.335487 2.3115
1532257373874158 -0.107531 -0.334958 2.30883
1532257373971897 -0.112595 -0.340288 2.30624
1532257374024756 -0.118158 -0.337584 2.31391
1532257374039715 -0.116924 -0.336666 2.31768
1532257374061657 -0.115706 -0.335945 2.32215
1532257374091577 -0.115207 -0.334472 2.32657
1532257374151417 -0.117569 -0.329671 2.33939
1532257374197294 -0.117768 -0.325733 2.34262
1532257374227214 -0.114318 -0.321378 2.3388
1532257374272104 -0.107674 -0.317574 2.33101
1532257374302014 -0.104375 -0.316283 2.32663
1532257374391774 -0.0964959 -0.312541 2.31279
1532257374534393 -0.0833378 -0.299228 2.30074
1532257374647091 -0.102084 -0.304455 2.32139
1532257374728872 -0.10801 -0.308637 2.32956
1532257374760787 -0.109781 -0.310123 2.33134
1532257374774750 -0.110654 -0.31122 2.33222
1532257374819630 -0.104411 -0.309578 2.32987
1532257374834591 -0.101112 -0.307929 2.32827
1532257374879470 -0.0941125 -0.303547 2.32462
1532257374909389 -0.0909267 -0.301657 2.32304
1532257374962248 -0.0866686 -0.298651 2.32096
1532257375058990 -0.0771244 -0.295537 2.31833
1532257375118830 -0.0672317 -0.28654 2.31618
1532257375149747 -0.0674749 -0.286127 2.31459
1532257375186648 -0.0679699 -0.287137 2.31346
1532257375201608 -0.0695062 -0.288862 2.31236
1532257375246488 -0.0738858 -0.29226 2.30859
1532257375261448 -0.0771199 -0.294286 2.30699
1532257375329267 -0.0840492 -0.300463 2.30713
1532257375382125 -0.0811103 -0.300315 2.31404
1532257375404067 -0.078445 -0.298736 2.31631
1532257375427005 -0.0767101 -0.292549 2.32079
1532257375463907 -0.0774221 -0.290317 2.32199
1532257375478867 -0.0777107 -0.290025 2.32221
1532257375494833 -0.0802881 -0.290038 2.32131
1532257375524743 -0.0837248 -0.291693 2.31997
1532257375546686 -0.0878421 -0.294499 2.31832
1532257375576605 -0.0925023 -0.298132 2.31629
1532257375644424 -0.104579 -0.309905 2.30991
1532257375666366 -0.106529 -0.313771 2.30864
1532257375689303 -0.108211 -0.317634 2.30842
1532257375704264 -0.10996 -0.320003 2.30885
1532257375734184 -0.107015 -0.320602 2.314
1532257375764104 -0.102828 -0.31845 2.31626
1532257375808984 -0.0952048 -0.311839 2.32193
1532257375831923 -0.0917684 -0.308227 2.32508
1532257375891763 -0.0921272 -0.301669 2.33009
1532257375929661 -0.0940538 -0.299309 2.33099
1532257375944621 -0.0959658 -0.298461 2.33049
1532257375981523 -0.100485 -0.303772 2.32347
1532257375996483 -0.105389 -0.311436 2.31685
1532257376034381 -0.108819 -0.318474 2.31155
1532257376079261 -0.110584 -0.320707 2.30969
1532257376109181 -0.112671 -0.324623 2.30858
1532257376147080 -0.108475 -0.324155 2.31018
1532257376169021 -0.105732 -0.323241 2.31202
1532257376221880 -0.100057 -0.319452 2.31796
1532257376304659 -0.095002 -0.314651 2.3272
1532257376424338 -0.0954651 -0.305491 2.33387
1532257376484178 -0.0992162 -0.310535 2.3334
1532257376514099 -0.0999125 -0.310756 2.33524
1532257376573939 -0.101346 -0.309826 2.34395
1532257376604856 -0.101327 -0.309087 2.34453
1532257376649736 -0.101502 -0.308427 2.3438
1532257376672675 -0.101931 -0.308702 2.34082

1532257376739495 -0.0984751 -0.309611 2.33402
1532257376776404 -0.0973 -0.309571 2.33221
1532257376799342 -0.096281 -0.309198 2.3305
1532257376829262 -0.0965197 -0.309195 2.33025
1532257376852213 -0.0994337 -0.310138 2.33078
1532257376927012 -0.107997 -0.314258 2.33202
1532257376963914 -0.111208 -0.315736 2.33238
1532257377001814 -0.117099 -0.318824 2.33354
1532257377046691 -0.11936 -0.326934 2.33439
1532257377076612 -0.121714 -0.329995 2.33522
1532257377114570 -0.12319 -0.330945 2.33601
1532257377136511 -0.124217 -0.331975 2.33673
1532257377189370 -0.126272 -0.332788 2.3393
1532257377227274 -0.126906 -0.332348 2.34058
1532257377242236 -0.127569 -0.331807 2.34177
1532257377353936 -0.128211 -0.330314 2.34291
1532257377391835 -0.124927 -0.328682 2.34069
1532257377467091 -0.113953 -0.325851 2.33504
1532257377482258 -0.11314 -0.32606 2.33471
1532257377534119 -0.114367 -0.326154 2.33505
1532257377572018 -0.11689 -0.327066 2.33453
1532257377608919 -0.120076 -0.328552 2.33371
1532257377646818 -0.120073 -0.329416 2.33336
1532257377706659 -0.119552 -0.330844 2.33297
1532257377721618 -0.119942 -0.330967 2.33323
1532257377759517 -0.120833 -0.331098 2.33417
1532257377797416 -0.120889 -0.330903 2.33492
1532257377864236 -0.120627 -0.32948 2.33655
1532257377939037 -0.120699 -0.329161 2.33418
1532257378029794 -0.123711 -0.335847 2.3341
1532257378051749 -0.121795 -0.337188 2.33691
1532257378081656 -0.120001 -0.335953 2.34058
1532257378096616 -0.118465 -0.33466 2.34217
1532257378141495 -0.120033 -0.332254 2.34332
1532257378164434 -0.121151 -0.3319 2.34254
1532257378202337 -0.121215 -0.33345 2.33804
1532257378247213 -0.118717 -0.335902 2.33156
1532257378284114 -0.117701 -0.336523 2.32449
1532257378314034 -0.109707 -0.326541 2.3214
1532257378336972 -0.101825 -0.315675 2.31999
1532257378404791 -0.0808754 -0.283657 2.31918
1532257378479591 -0.0178906 -0.120516 2.30845
1532257378524471 -0.0122518 -0.086483 2.30274
1532257378584311 -0.00676762 0.0205371 2.27868
1532257378659112 -0.000904473 0.124753 2.24722
1532257378816699 -0.0192117 0.250512 2.20555
1532257379131847 -0.00979681 0.284669 2.18138
1532257379244546 -0.00502335 0.285963 2.19017
1532257379304386 -0.0131503 0.300499 2.20044
1532257379311367 -0.0245861 0.314046 2.21585
1532257379536764 -0.0436772 0.348265 2.37615
1532257379611565 -0.0876312 0.464717 2.52413
1532257379649463 -0.0743269 0.504571 2.55957
1532257379709303 -0.0550761 0.488585 2.58773
1532257379807042 -0.0473258 0.309367 2.57
1532257379836962 -0.0469821 0.227144 2.50904
1532257379919741 -0.0726703 0.200355 2.4166
1532257380218941 -0.142715 0.338453 1.92988
1532257380459297 -0.00875235 0.307613 2.26943
1532257380759494 0.0652756 0.252113 2.56703
1532257380774455 0.0762319 0.223379 2.57219
1532257380857233 0.0149466 -0.146459 2.50019
1532257380902118 0.0328875 -0.196009 2.47262
1532257380917073 0.0488952 -0.21007 2.45498
1532257380939028 0.0585235 -0.218011 2.44195
1532257380953975 0.0604601 -0.227251 2.43278
1532257380976914 0.0558609 -0.23547 2.42616
1532257381029772 0.0495458 -0.258612 2.42576
1532257381051713 0.0435059 -0.267741 2.42865
1532257381111553 0.015428 -0.268202 2.42778
1532257381157436 0.0145211 -0.276042 2.42141
1532257381186354 0.00875377 -0.277554 2.41876
1532257381224252 -0.00568674 -0.276272 2.41677
1532257381269135 -0.00720256 -0.278481 2.42516
1532257381292070 -0.010208 -0.278715 2.42944
1532257381314012 -0.014636 -0.278539 2.43341
1532257381351911 -0.022894 -0.277836 2.43906
1532257381381830 -0.0260922 -0.277473 2.44035
1532257381404769 -0.0285069 -0.277275 2.44118
1532257381479569 -0.031665 -0.280201 2.44035
1532257381494530 -0.0300932 -0.281363 2.43962
1532257381509489 -0.0255228 -0.281985 2.43862
1532257381539409 -0.0203865 -0.278877 2.43695
1532257381569330 -0.0186479 -0.277284 2.43533
1532257381622189 -0.0169171 -0.275569 2.43342
1532257381696987 -0.00291117 -0.269003 2.42461
1532257381756827 0.0131641 -0.259066 2.42107
1532257381771788 0.0161473 -0.256915 2.42018
1532257381816667 0.0199927 -0.253073 2.41792
1532257381846588 0.0214561 -0.251402 2.41593
1532257381914406 0.0163854 -0.251349 2.4092
1532257381959287 -0.0144209 -0.262749 2.40497
1532257382021121 -0.0251194 -0.267939 2.40509
1532257382071985 -0.0515294 -0.287014 2.40702
1532257382123846 -0.0587357 -0.293463 2.40893
1532257382176705 -0.0583958 -0.29629 2.4085
1532257382296385 -0.0552636 -0.298363 2.42108
1532257382319323 -0.0549919 -0.299699 2.42268
1532257382349244 -0.0592121 -0.302343 2.42584
1532257382387142 -0.0682688 -0.301783 2.43054
1532257382409084 -0.0670199 -0.301132 2.43123
1532257382461942 -0.0656938 -0.30032 2.4319
1532257382491862 -0.0668767 -0.300748 2.43204
1532257382514812 -0.0690288 -0.301295 2.43187
1532257382574640 -0.0770386 -0.309366 2.4272
1532257382589600 -0.0794654 -0.311106 2.42551
1532257382626502 -0.0837385 -0.31123 2.4233
1532257382649440 -0.0835532 -0.311038 2.42335
1532257382694321 -0.0792979 -0.309559 2.4231
1532257382717259 -0.0766673 -0.308141 2.42325
1532257382739201 -0.0746992 -0.306561 2.42391
1532257382762139 -0.0729342 -0.304488 2.42472
1532257382777099 -0.0705996 -0.3022 2.42562
1532257382792059 -0.0675512 -0.299872 2.42698
1532257382828961 -0.0622665 -0.295745 2.43029
1532257382858881 -0.0610492 -0.293287 2.43215
1532257382881820 -0.0606956 -0.290521 2.43373
1532257382904758 -0.0603004 -0.287947 2.43458
1532257382934678 -0.0583887 -0.284448 2.43337
1532257382986539 -0.0547704 -0.283823 2.4292
1532257383016459 -0.0525802 -0.284245 2.4268
1532257383054358 -0.0525679 -0.284422 2.42127
1532257383092257 -0.0544079 -0.283362 2.42021
1532257383129158 -0.0495406 -0.280628 2.41959
1532257383159078 -0.0450738 -0.278028 2.41936
1532257383188998 -0.0403562 -0.274615 2.4199
1532257383211937 -0.0358185 -0.271129 2.42058
1532257383271777 -0.026931 -0.259965 2.42346
1532257383309675 -0.0236139 -0.254383 2.42338
1532257383339596 -0.0220709 -0.252536 2.42017
1532257383354555 -0.0220128 -0.252642 2.41787
1532257383399435 -0.0234891 -0.255538 2.41418
1532257383414395 -0.0256811 -0.257648 2.41281
1532257383437333 -0.0285827 -0.259848 2.41211
1532257383467254 -0.0344494 -0.264877 2.41208
1532257383497174 -0.0374892 -0.267346 2.41222
1532257383534075 -0.0439608 -0.272704 2.41264
1532257383586934 -0.0496548 -0.276974 2.41299
1532257383623835 -0.052624 -0.27883 2.41378
1532257383639793 -0.0545917 -0.280305 2.4149
1532257383676693 -0.0558921 -0.282728 2.41865
1532257383699633 -0.0583224 -0.284348 2.42463
1532257383721576 -0.060554 -0.284906 2.4281
1532257383759472 -0.0637092 -0.28562 2.43201
1532257383774432 -0.0670701 -0.286359 2.43655
1532257383796374 -0.0705655 -0.287405 2.44096
1532257383842251 -0.0768858 -0.292842 2.44871
1532257383857212 -0.0781634 -0.295463 2.4495
1532257383902091 -0.0830466 -0.303581 2.45046
1532257383924033 -0.0849454 -0.305416 2.45079
1532257383953952 -0.0860159 -0.306962 2.45106
1532257383976891 -0.0866194 -0.307951 2.45129
1532257383998833 -0.086346 -0.308466 2.45158
1532257384014790 -0.0859785 -0.308171 2.45197
1532257384036731 -0.0855071 -0.307821 2.45242
1532257384051692 -0.0853279 -0.307715 2.45276
1532257384089589 -0.0855812 -0.308398 2.45346
1532257384141451 -0.0862234 -0.308496 2.45359
1532257384187328 -0.0892422 -0.309661 2.4527

1532257384217248 -0.0917283 -0.310638 2.45221
1532257384247168 -0.093817 -0.311976 2.45168
1532257384269117 -0.0946773 -0.313125 2.4513
1532257384284069 -0.0947556 -0.313948 2.45112
1532257384299029 -0.0944525 -0.315462 2.45183
1532257384343910 -0.0965434 -0.316551 2.45253
1532257384381808 -0.0986997 -0.317211 2.45263
1532257384412726 -0.102449 -0.320121 2.45281
1532257384471568 -0.107004 -0.325643 2.45119
1532257384486528 -0.107571 -0.327415 2.45028
1532257384524427 -0.107961 -0.328844 2.44918
1532257384539387 -0.109682 -0.33056 2.44792
1532257384584278 -0.111737 -0.331265 2.4483
1532257384599306 -0.112001 -0.33154 2.44896
1532257384644187 -0.111744 -0.332189 2.45055
1532257384689067 -0.111525 -0.332026 2.45136
1532257384718987 -0.111376 -0.331639 2.45301
1532257384741926 -0.111473 -0.331618 2.45361
1532257384771845 -0.111798 -0.331791 2.45533
1532257384794784 -0.11196 -0.331716 2.45535
1532257384831686 -0.111433 -0.33166 2.45524
1532257384861605 -0.110976 -0.331689 2.45488
1532257384876566 -0.110779 -0.331559 2.45414
1532257384914464 -0.111145 -0.332231 2.45285
1532257384966326 -0.110993 -0.332956 2.45176
1532257385012203 -0.108756 -0.333176 2.45058
1532257385027163 -0.10777 -0.332745 2.45004
1532257385087003 -0.107685 -0.332613 2.45003
1532257385123904 -0.107725 -0.332493 2.45002
1532257385146843 -0.107725 -0.332493 2.45002
1532257385191723 -0.10814 -0.332785 2.44994
1532257385214661 -0.109228 -0.333815 2.44904
1532257385244581 -0.11006 -0.334971 2.44848
1532257385296442 -0.112262 -0.337423 2.44778
1532257385357280 -0.114766 -0.340882 2.44876
1532257385379221 -0.114595 -0.341422 2.44802
1532257385417120 -0.115217 -0.342004 2.44736
1532257385514859 -0.117235 -0.34378 2.44647
1532257385626561 -0.120277 -0.346504 2.44408
1532257385656480 -0.121931 -0.348303 2.4443
1532257385664459 -0.122504 -0.349106 2.44471
1532257385717317 -0.121657 -0.350462 2.44492
1532257385732277 -0.12052 -0.350985 2.44476
1532257385792117 -0.121144 -0.352686 2.44243
1532257385896837 -0.087834 -0.330544 2.42129
1532257385934736 -0.0716811 -0.304065 2.41843
1532257385956676 -0.0676394 -0.285105 2.41729
1532257386024495 -0.0487334 -0.201935 2.40057
1532257386054415 -0.0397927 -0.124411 2.37876
1532257386122234 -0.0333796 -0.0814324 2.36626
1532257386189056 -0.0205042 0.005469 2.33681
1532257386263856 -0.0388445 0.156551 2.27802
1532257386301755 -0.0517719 0.233304 2.22991
1532257386346634 -0.055275 0.268526 2.2024
1532257386489252 -0.0755105 0.324304 2.14667
1532257386542112 -0.0770123 0.327996 2.14194
1532257386804410 -0.0381746 0.324598 2.14019
1532257386849290 -0.0408683 0.323954 2.14046
1532257386961988 -0.0407139 0.319826 2.1339
1532257387044772 -0.0448393 0.316733 2.12697
1532257387104607 -0.0434791 0.311245 2.12945
1532257387141509 -0.0384982 0.311255 2.13649
1532257387322027 -0.0950272 0.380181 2.27424
1532257387584325 -0.0669164 0.365145 2.52874
1532257387659125 -0.0826982 0.279344 2.49509
1532257387704004 -0.12467 0.210311 2.42642
1532257387748884 -0.15975 0.188903 2.33969
1532257387809722 -0.191723 0.181504 2.23931
1532257387914442 -0.216445 0.180842 2.13363
1532257387967300 -0.249823 0.190171 2.03031
1532257388004202 -0.270122 0.208336 1.93955
1532257388027140 -0.276665 0.224969 1.89043
1532257388086980 -0.253727 0.237298 1.8544
1532257388131860 -0.237318 0.237637 1.85052
1532257388214639 -0.21721 0.231906 1.85271
1532257388229599 -0.206036 0.230523 1.85993
1532257388319359 -0.173604 0.231059 1.97997
1532257388394159 -0.187839 0.24764 2.06003
1532257388483919 -0.243553 0.261804 2.17885
1532257388536778 -0.242502 0.244763 2.21041
1532257388581658 -0.231339 0.230742 2.22054
1532257388611577 -0.213124 0.21122 2.2292
1532257388686378 -0.143479 -0.0655372 2.26868
1532257388717295 -0.126027 -0.156994 2.25232
1532257388807055 -0.126283 -0.193999 2.24626
1532257388934724 -0.092218 -0.303635 2.23928
1532257388986575 -0.0574656 -0.284437 2.28077
1532257389016495 -0.0484831 -0.291446 2.29223
1532257389031455 -0.0489331 -0.299087 2.30252
1532257389069354 -0.0550599 -0.299366 2.31726
1532257389099273 -0.0552119 -0.296863 2.31734
1532257389152132 -0.0592854 -0.295258 2.31636
1532257389174074 -0.0624966 -0.295816 2.31693
1532257389203994 -0.0679432 -0.295062 2.31885
1532257389241892 -0.0702136 -0.293162 2.31959
1532257389263833 -0.0759644 -0.289213 2.3227
1532257389294751 -0.0780431 -0.287869 2.32494
1532257389316692 -0.082007 -0.286696 2.32989
1532257389354591 -0.0843136 -0.285815 2.3324
1532257389376532 -0.0870985 -0.281293 2.33618
1532257389406452 -0.0853145 -0.278418 2.33699
1532257389429390 -0.078252 -0.273648 2.33422
1532257389482249 -0.0711287 -0.271391 2.32414
1532257389512169 -0.0688903 -0.270944 2.31854
1532257389542089 -0.067995 -0.269968 2.30877
1532257389616889 -0.0686541 -0.269355 2.30416
1532257389842287 -0.0652832 -0.264378 2.28909
1532257389902129 -0.0755612 -0.263214 2.3205
1532257389917087 -0.0766134 -0.263013 2.32186
1532257389932046 -0.0763308 -0.262932 2.32144
1532257389976926 -0.0719912 -0.26314 2.31734
1532257389991887 -0.0699141 -0.263163 2.31464
1532257390045742 -0.0687116 -0.264319 2.30643
1532257390068690 -0.0688187 -0.26527 2.30402
1532257390096607 -0.0684383 -0.266229 2.3021
1532257390119545 -0.0672223 -0.266747 2.30064
1532257390149465 -0.0644881 -0.266552 2.29967
1532257390247204 -0.0554391 -0.262948 2.29882
1532257390284105 -0.0451312 -0.256234 2.2995
1532257390299065 -0.0342161 -0.245404 2.30109
1532257390336964 -0.0330254 -0.243319 2.30026
1532257390373865 -0.0379613 -0.246748 2.29666
1532257390426724 -0.0476179 -0.257361 2.28939
1532257390456644 -0.0494762 -0.26082 2.28742
1532257390479583 -0.0529384 -0.264151 2.28592
1532257390509503 -0.0527198 -0.263868 2.28642
1532257390539422 -0.0502099 -0.262605 2.28784
1532257390614222 -0.041789 -0.256926 2.29222
1532257390703982 -0.0420664 -0.245902 2.29855
1532257390801721 -0.0608813 -0.262977 2.28093
1532257390846601 -0.0710354 -0.274743 2.27107
1532257390899460 -0.0870662 -0.287337 2.26451
1532257390952318 -0.0880263 -0.289416 2.26459
1532257390974260 -0.0831643 -0.288208 2.26823
1532257391004180 -0.0802062 -0.285773 2.27161
1532257391093940 -0.0772613 -0.273336 2.29361
1532257391147796 -0.0914042 -0.273888 2.29945
1532257391206639 -0.10083 -0.28138 2.29369
1532257391304377 -0.112651 -0.299384 2.275
1532257391409097 -0.112148 -0.303306 2.28186
1532257391432036 -0.110351 -0.302854 2.28756
1532257391476915 -0.108797 -0.302583 2.29366
1532257391536755 -0.118936 -0.301622 2.31661
1532257391559694 -0.123398 -0.302437 2.32253
1532257391589613 -0.131774 -0.305394 2.3302
1532257391626516 -0.139758 -0.313944 2.32969
1532257391671395 -0.143666 -0.324556 2.32741
1532257391702313 -0.143719 -0.328998 2.32956
1532257391732233 -0.143936 -0.330693 2.33141
1532257391792073 -0.143692 -0.332103 2.3359
1532257391814023 -0.142007 -0.331511 2.33764
1532257391858894 -0.144989 -0.333095 2.3375

1532257391896793 -0.146057 -0.333544 2.33675
1532257391911753 -0.14711 -0.334077 2.33617
1532257391949651 -0.148679 -0.334432 2.3358
1532257391964611 -0.150524 -0.334572 2.33582
1532257391986553 -0.155032 -0.3363 2.33732
1532257392016473 -0.160772 -0.340054 2.33705
1532257392062373 -0.164064 -0.342973 2.33619
1532257392099258 -0.16891 -0.349595 2.33406
1532257392122196 -0.171253 -0.352803 2.33307
1532257392137169 -0.172547 -0.358304 2.3324
1532257392174070 -0.173214 -0.360537 2.33301
1532257392203990 -0.172817 -0.363238 2.33514
1532257392241889 -0.174215 -0.364463 2.33789
1532257392256849 -0.176483 -0.365204 2.33957
1532257392286768 -0.178399 -0.366056 2.34107
1532257392301741 -0.179391 -0.366796 2.34245
1532257392316689 -0.180177 -0.367429 2.34396
1532257392369547 -0.182226 -0.367134 2.3469
1532257392399468 -0.18271 -0.366549 2.34853
1532257392421426 -0.182453 -0.365366 2.35093
1532257392474267 -0.183043 -0.364817 2.35161
1532257392542086 -0.180984 -0.364903 2.34986
1532257392572006 -0.177223 -0.3644 2.3479
1532257392593948 -0.174846 -0.364305 2.34719
1532257392616885 -0.17208 -0.363691 2.34611
1532257392631846 -0.169455 -0.363107 2.34517
1532257392654785 -0.167155 -0.362471 2.34445
1532257392676726 -0.165408 -0.36194 2.34401
1532257392691686 -0.163834 -0.361404 2.34386
1532257392729585 -0.162581 -0.36114 2.34384
1532257392759504 -0.160452 -0.360542 2.34433
1532257392796406 -0.160127 -0.3601 2.34458
1532257392834304 -0.160172 -0.359983 2.34457
1532257392857243 -0.160294 -0.360034 2.34461
1532257392894145 -0.160901 -0.360255 2.34475
1532257392932043 -0.160964 -0.360155 2.34487
1532257392976923 -0.161009 -0.360038 2.34486
1532257392983905 -0.161009 -0.360038 2.34486
1532257393014822 -0.161009 -0.360038 2.34486
1532257393036763 -0.160335 -0.360204 2.34444
1532257393066682 -0.159595 -0.36012 2.3438
1532257393096603 -0.158124 -0.359837 2.3423
1532257393126523 -0.158442 -0.360674 2.34127
1532257393149462 -0.159131 -0.361271 2.34114
1532257393187361 -0.159324 -0.361778 2.34108
1532257393209302 -0.158332 -0.361598 2.34122
1532257393262184 -0.155535 -0.359821 2.34129
1532257393299084 -0.154799 -0.358958 2.34128
1532257393307051 -0.154566 -0.358389 2.34087
1532257393404292 -0.151731 -0.357221 2.33868
1532257393457150 -0.149167 -0.356128 2.3376
1532257393464131 -0.147727 -0.355077 2.33687
1532257393502038 -0.145973 -0.352916 2.3364
1532257393561870 -0.144899 -0.351985 2.33573
1532257393576830 -0.145358 -0.352005 2.33613
1532257393591790 -0.145783 -0.35241 2.33646
1532257393636670 -0.14645 -0.353477 2.33571
1532257393704489 -0.157296 -0.355743 2.3317
1532257393741391 -0.162482 -0.351686 2.32757
1532257393794248 -0.137654 -0.334874 2.31939
1532257393854089 -0.108021 -0.229415 2.319
1532257393906948 -0.0841999 -0.13746 2.311
1532257393928888 -0.0841439 -0.102103 2.30563
1532257393966788 -0.0858769 -0.0270688 2.29197
1532257393996710 -0.0859975 0.011522 2.28261
1532257394041590 -0.0848747 0.087889 2.26385
1532257394147304 -0.0985871 0.258938 2.20978
1532257394184206 -0.0980664 0.277363 2.202
1532257394303886 -0.105936 0.33475 2.16815
1532257394394643 -0.10211 0.342442 2.15961
1532257394671902 -0.0798617 0.316572 2.15047
1532257394701837 -0.0755271 0.31167 2.15116
1532257394761662 -0.0726489 0.309873 2.14997
1532257394927219 -0.0636077 0.312552 2.17563
1532257395249358 -0.0908907 0.395356 2.2702
1532257395347096 -0.140499 0.473433 2.37735
1532257395391976 -0.135616 0.499789 2.41654
1532257395429875 -0.135848 0.506122 2.43927
1532257395459795 -0.142133 0.499772 2.47741
1532257395513657 -0.101597 0.442061 2.52291
1532257395556537 -0.123743 0.352553 2.52428
1532257395571496 -0.138128 0.321737 2.51093
1532257395586457 -0.148843 0.266384 2.48072
1532257395632345 -0.167822 0.223049 2.44367
1532257395669257 -0.182299 0.208319 2.41926
1532257395737060 -0.205722 0.195893 2.36486
1532257395759001 -0.217551 0.19667 2.33369
1532257395781940 -0.225519 0.200183 2.30212
1532257395811860 -0.247515 0.210043 2.20633
1532257395856740 -0.262949 0.223664 2.11109
1532257395871700 -0.264052 0.23022 2.08056
1532257395916580 -0.263178 0.242262 2.02266
1532257395954479 -0.262877 0.247963 1.99538
1532257395976419 -0.259276 0.259099 1.949
1532257396007337 -0.252674 0.264908 1.91988
1532257396067178 -0.24109 0.266035 1.91481
1532257396254675 -0.0975889 0.314038 2.09902
1532257396306538 -0.0808542 0.33246 2.16057
1532257396412254 -0.0995985 0.369663 2.25029
1532257396427216 -0.10111 0.386567 2.28023
1532257396614729 -0.103465 0.411211 2.31098
1532257396689529 -0.0552647 0.0273873 2.29742
1532257396726430 -0.0578746 -0.0291138 2.30016
1532257396869049 -0.0675746 -0.119245 2.30252
1532257396891987 -0.0668462 -0.153496 2.2981
1532257396981747 -0.0426074 -0.240245 2.29284
1532257397011667 -0.0464482 -0.241192 2.29597
1532257397034607 -0.0412734 -0.247139 2.2988
1532257397064526 -0.0414268 -0.260136 2.29888
1532257397124365 -0.0433312 -0.263319 2.29844
1532257397139326 -0.046622 -0.264783 2.29863
1532257397184205 -0.0581493 -0.266937 2.30568
1532257397259006 -0.0646094 -0.26568 2.32003
1532257397281945 -0.0674991 -0.264952 2.32582
1532257397303886 -0.0708012 -0.264405 2.33131
1532257397326825 -0.0742832 -0.264337 2.33669
1532257397364723 -0.0902887 -0.266267 2.34745
1532257397401624 -0.0992616 -0.269653 2.35022
1532257397424563 -0.102384 -0.271127 2.35001
1532257397461464 -0.103724 -0.272845 2.34917
1532257397499363 -0.102607 -0.274044 2.34613
1532257397537262 -0.101641 -0.273843 2.34406
1532257397574163 -0.0981582 -0.273796 2.33938
1532257397604083 -0.0950429 -0.273708 2.33656
1532257397627021 -0.0836997 -0.270297 2.32967
1532257397663923 -0.0788841 -0.268772 2.32784
1532257397709800 -0.0713419 -0.265984 2.32566
1532257397740718 -0.068574 -0.262754 2.32581
1532257397755678 -0.0678706 -0.261717 2.32635
1532257397806542 -0.0680701 -0.261078 2.32687
1532257397853416 -0.0683604 -0.261077 2.32704
1532257397867379 -0.069634 -0.260941 2.32709
1532257397942179 -0.0799779 -0.268246 2.32722
1532257397964120 -0.0816809 -0.269184 2.32794
1532257397979080 -0.0827159 -0.269544 2.32889
1532257398002020 -0.08303 -0.26972 2.3299
1532257398031938 -0.083431 -0.269295 2.33177
1532257398069843 -0.0834335 -0.268939 2.33279
1532257398084826 -0.0827672 -0.268458 2.33339
1532257398106739 -0.0816791 -0.26794 2.33371
1532257398129678 -0.079296 -0.266556 2.33475
1532257398166579 -0.0744705 -0.264231 2.33446
1532257398196516 -0.0709615 -0.26223 2.33396
1532257398226419 -0.0662591 -0.259486 2.33316
1532257398249358 -0.0535118 -0.25333 2.33143
1532257398391976 -0.0392947 -0.247286 2.32996
1532257398444834 -0.0326193 -0.244089 2.32879
1532257398496697 -0.0382309 -0.247249 2.30791
1532257398549555 -0.0434428 -0.254851 2.30057
1532257398571497 -0.0404702 -0.254206 2.30041
1532257398631336 -0.0197586 -0.243296 2.30659
1532257398699155 -0.0137659 -0.224669 2.32753
1532257398729075 -0.0209899 -0.21503 2.33783
1532257398752013 -0.027685 -0.214228 2.33862
1532257398796893 -0.0417378 -0.221669 2.32923
1532257398826814 -0.0465162 -0.22924 2.32144
1532257398849752 -0.0505474 -0.237675 2.31302
1532257398886654 -0.0576407 -0.250915 2.29839
1532257398916573 -0.0675531 -0.260012 2.29053
1532257398940521 -0.0717519 -0.262627 2.28895
1532257398969448 -0.0694523 -0.261557 2.29069
1532257399007331 -0.0625769 -0.257662 2.29459
1532257399089112 -0.0500272 -0.241814 2.31738
1532257399186851 -0.0597633 -0.22455 2.33564
1532257399224749 -0.0582362 -0.230581 2.32357
1532257399276611 -0.0545778 -0.237991 2.308
1532257399306531 -0.0552982 -0.239343 2.30521
1532257399351411 -0.057192 -0.241538 2.30179
1532257399419230 -0.0525883 -0.244969 2.30199
1532257399449149 -0.0519087 -0.245082 2.30361
1532257399472088 -0.052819 -0.24488 2.30613
1532257399523949 -0.0608852 -0.244654 2.31483
1532257399554878 -0.0747443 -0.246054 2.32541
1532257399644627 -0.104108 -0.256426 2.34335
1532257399666568 -0.112158 -0.265567 2.34614
1532257399689507 -0.116846 -0.270479 2.34741
1532257399726408 -0.127003 -0.285509 2.35162
1532257399817165 -0.12152 -0.294367 2.35836
1532257399847085 -0.119624 -0.297637 2.36448
1532257399862045 -0.128642 -0.299046 2.37142
1532257399906925 -0.132485 -0.300127 2.37235
1532257399936845 -0.135218 -0.301278 2.37213
1532257399952803 -0.137553 -0.302996 2.37156
