1532259653404427 -0.0407104 0.206726 0.284119 -0.935364
1532259653419385 -0.0401001 0.206543 0.283997 -0.935486
1532259653474239 -0.0404663 0.202881 0.28302 -0.936523
1532259653487204 -0.0432129 0.201111 0.281494 -0.937256
1532259653547044 -0.0487061 0.200134 0.279236 -0.937866
1532259653576965 -0.0559082 0.197998 0.276123 -0.938843
1532259653628826 -0.0632324 0.195618 0.272705 -0.93988
1532259653674704 -0.0776367 0.189331 0.257935 -0.944275
1532259653711605 -0.0855103 0.179016 0.244751 -0.949097
1532259653779423 -0.09021 0.167236 0.236145 -0.953003
1532259653801365 -0.0919189 0.162415 0.233032 -0.954407
1532259653899103 -0.104919 0.127686 0.219604 -0.961487
1532259654034746 -0.101807 0.0947876 0.211304 -0.967529
1532259654127493 -0.0280151 -0.107666 0.12146 -0.986389
1532259654154421 -0.0177002 -0.138 0.0938721 -0.98584
1532259654252160 -0.0108032 -0.160889 0.0681763 -0.984619
1532259654276096 -0.00762939 -0.170166 0.0557251 -0.983826
1532259654326959 -0.00341797 -0.17804 0.0432129 -0.983093
1532259654424697 0.000244141 -0.194885 0.00927734 -0.980835
1532259654461599 -0.00134277 -0.198303 -0.00012207 -0.980164
1532259654521439 -0.00628662 -0.204346 -0.0163574 -0.97876
1532259654582276 -0.041687 -0.221863 -0.0402832 -0.973389
1532259654874495 -0.0664063 -0.222229 0.000549316 -0.972778
1532259654934334 -0.076355 -0.223755 0.0388184 -0.970886
1532259655083935 -0.0925903 -0.18158 0.195557 -0.95929
1532259655151754 -0.128235 -0.178406 0.193542 -0.956238
1532259655241514 -0.161133 -0.156738 0.272461 -0.935547
1532259655301353 -0.172791 -0.145325 0.278015 -0.933716
1532259655384132 -0.169495 -0.136047 0.279724 -0.935181
1532259655451951 -0.18103 -0.134399 0.28302 -0.932251
1532259655511791 -0.166748 -0.139099 0.27771 -0.935852
1532259655571631 -0.160583 -0.144348 0.268005 -0.938965
1532259655624490 -0.179138 -0.153748 0.243958 -0.940674
1532259655797028 -0.207397 -0.15741 0.246094 -0.933655
1532259655848889 -0.200928 -0.146973 0.275513 -0.928528
1532259656006468 -0.192688 -0.140015 0.281555 -0.929504
1532259656074287 -0.187866 -0.134216 0.278564 -0.932251
1532259656180004 -0.180725 -0.117188 0.274353 -0.937256
1532259656269764 -0.0679932 0.0129395 0.279053 -0.957825
1532259656336585 -0.0491943 0.0651855 0.274109 -0.958252
1532259656420365 -0.0334473 0.142578 0.260498 -0.954346
1532259656471250 -0.00952148 0.200134 0.244812 -0.948669
1532259656539068 -0.00299072 0.234619 0.242798 -0.941284
1532259656562007 -0.00219727 0.20636 0.252197 -0.945435
1532259656621847 -0.0239868 0.202393 0.252991 -0.945801
1532259656749506 -0.0262451 0.210938 0.248962 -0.944885
1532259656816327 -0.0238037 0.209045 0.247498 -0.945801
1532259656839265 -0.0249634 0.210083 0.246216 -0.945862
1532259656877165 -0.0259399 0.210876 0.244934 -0.945984
1532259657101565 -0.0200806 0.206543 0.242004 -0.947876
1532259657124503 -0.0165405 0.206909 0.240967 -0.94812
1532259657184342 -0.0142822 0.208252 0.240723 -0.947876
1532259657259171 -0.0144043 0.209473 0.239563 -0.947937
1532259657304051 -0.0159302 0.210205 0.237732 -0.948181
1532259657333970 -0.0263062 0.208313 0.233398 -0.949463
1532259657371881 -0.0304565 0.205872 0.233643 -0.949829
1532259657611229 -0.0280762 0.204346 0.250305 -0.945984
1532259657708968 -0.0369263 0.198181 0.243591 -0.94873
1532259657798728 -0.0405884 0.195923 0.243225 -0.949158
1532259657986226 -0.0366211 0.195374 0.249817 -0.947693
1532259658136840 -0.0345459 0.194397 0.250305 -0.947876
1532259658226586 -0.0422363 0.189758 0.244385 -0.950012
1532259658339282 -0.0464478 0.188293 0.246582 -0.949524
1532259658563682 -0.0979614 0.1745 0.259949 -0.944702
1532259658639480 -0.0974121 0.177185 0.277771 -0.939148
1532259658691341 -0.0986328 0.172363 0.279846 -0.93927
1532259658736221 -0.100037 0.170227 0.281616 -0.939026
1532259658774119 -0.112305 0.166443 0.279236 -0.939026
1532259658818999 -0.113953 0.155701 0.273926 -0.9422
1532259658871858 -0.11145 0.151001 0.271362 -0.944031
1532259658924732 -0.106934 0.15033 0.272461 -0.944336
1532259659051378 -0.107056 0.160645 0.280823 -0.940186
1532259659329634 -0.106689 0.156555 0.277771 -0.941833
1532259659351586 -0.100403 0.149048 0.272278 -0.945313
1532259659449314 -0.0844116 0.165222 0.284729 -0.940491
1532259659487213 -0.076416 0.168518 0.282288 -0.941345
1532259659539074 -0.074585 0.169495 0.28064 -0.941833
1532259659591944 -0.0614014 0.170105 0.273865 -0.944641
1532259659658760 -0.0460815 0.176453 0.266663 -0.946411
1532259659681698 -0.0402222 0.181213 0.264099 -0.946472
1532259659756499 -0.0323486 0.187256 0.261353 -0.94635
1532259659801378 -0.0303955 0.188843 0.260254 -0.946411
1532259659831298 -0.0286865 0.190247 0.259399 -0.946411
1532259659929037 -0.0220337 0.195618 0.253296 -0.947144

1532259660018811 -0.0186768 0.198181 0.246765 -0.948425
1532259660139488 -0.0161133 0.198792 0.244446 -0.948914
1532259660169408 -0.0145264 0.199402 0.246704 -0.948242
1532259660244208 -0.0128784 0.200134 0.248047 -0.947815
1532259660267147 -0.0119019 0.200562 0.248657 -0.947571
1532259660333969 -0.00909424 0.202698 0.249573 -0.946899
1532259660371867 -0.00775146 0.203186 0.24939 -0.946838
1532259660408768 -0.00744629 0.20343 0.248962 -0.946899
1532259660439688 -0.00720215 0.203857 0.247375 -0.947205
1532259660491547 -0.00732422 0.203979 0.246704 -0.947388
1532259660506507 -0.0078125 0.204163 0.245911 -0.94751
1532259660536427 -0.00714111 0.203918 0.245728 -0.947632
1532259660589286 -0.00640869 0.203979 0.246155 -0.94751
1532259660634166 -0.0057373 0.204102 0.246704 -0.947388
1532259660701984 -0.00585938 0.205872 0.248718 -0.946411
1532259660716944 -0.00598145 0.205994 0.248718 -0.946411
1532259660738886 -0.00616455 0.205933 0.248413 -0.946472
1532259660851588 -0.00714111 0.204712 0.246948 -0.947144
1532259661039089 -0.0109863 0.204346 0.24707 -0.947144
1532259661091986 -0.0126343 0.203125 0.247314 -0.947327
1532259661249565 -0.0158691 0.203247 0.246887 -0.947388
1532259661279484 -0.015686 0.203308 0.247009 -0.947327
1532259661301426 -0.0158691 0.20343 0.246826 -0.947327
1532259661324364 -0.0166016 0.203796 0.245972 -0.94751
1532259661369244 -0.0192871 0.203979 0.245667 -0.94751
1532259661399164 -0.0216675 0.203125 0.245239 -0.947693
1532259661422103 -0.022644 0.202759 0.24469 -0.947937
1532259661473964 -0.0253906 0.201721 0.24408 -0.948242
1532259661548764 -0.0370483 0.194885 0.241577 -0.94989
1532259661752234 -0.0953979 0.0891724 0.190552 -0.972961
1532259661819042 -0.0525513 -0.0980225 0.138245 -0.984192
1532259661848963 -0.0444336 -0.121216 0.130798 -0.982971
1532259661954679 -0.0249023 -0.181946 0.105835 -0.977295
1532259662021500 -0.0206909 -0.198303 0.0970459 -0.975159
1532259662179079 -0.020813 -0.235901 0.0457153 -0.97052
1532259662306751 -0.0332031 -0.230774 0.0297852 -0.972046
1532259662389515 -0.0587158 -0.221558 0.0280762 -0.973022
1532259662449356 -0.2229 -0.171082 0.173218 -0.94397
1532259662517187 -0.231567 -0.153687 0.211792 -0.937012
1532259662643840 -0.212708 -0.143677 0.243286 -0.935425
1532259662922092 -0.244568 -0.175354 0.192261 -0.934082
1532259663018833 -0.220276 -0.147522 0.261719 -0.92804
1532259663071692 -0.22583 -0.145691 0.241821 -0.932373
1532259663199350 -0.243286 -0.135193 0.245178 -0.928711
1532259663229270 -0.240051 -0.142578 0.217041 -0.935425
1532259663348950 -0.259705 -0.145996 0.234436 -0.925415
1532259663401809 -0.251953 -0.140015 0.265381 -0.920105
1532259663491569 -0.19928 -0.123352 0.264221 -0.935547
1532259663551409 -0.171204 -0.0986938 0.263733 -0.944153
1532259663596289 -0.155884 -0.090271 0.262695 -0.947937
1532259663768827 -0.0723877 0.017395 0.248535 -0.965759
1532259663791766 -0.0651245 0.0454102 0.243774 -0.966614
1532259663829665 -0.0566406 0.0722656 0.23761 -0.967041
1532259663904465 -0.0562134 0.182678 0.219299 -0.956787
1532259663926406 -0.0609131 0.19281 0.218323 -0.954712
1532259663949344 -0.0628662 0.203613 0.218445 -0.952332
1532259663971286 -0.0681152 0.202393 0.221008 -0.951599
1532259663994226 -0.0571899 0.163147 0.222656 -0.959473
1532259664024144 -0.060791 0.168762 0.217651 -0.959412
1532259664054065 -0.0681152 0.174805 0.212402 -0.959045
1532259664069025 -0.0668945 0.17627 0.211975 -0.958923
1532259664091963 -0.0632935 0.177917 0.212952 -0.958679
1532259664121887 -0.0584717 0.179138 0.215271 -0.958191
1532259664151803 -0.0552368 0.176025 0.217957 -0.958374
1532259664241564 -0.0522461 0.177246 0.220215 -0.957825
1532259664301403 -0.050415 0.173401 0.21991 -0.958679
1532259664324342 -0.0510864 0.173096 0.217346 -0.95929
1532259664346283 -0.0531616 0.171997 0.213928 -0.960144
1532259664377201 -0.053833 0.17041 0.20697 -0.961914
1532259664466961 -0.052124 0.170532 0.202698 -0.962891
1532259664496881 -0.0496826 0.171936 0.19989 -0.963379
1532259664533782 -0.0477905 0.172852 0.198975 -0.963501
1532259664579659 -0.0463257 0.173767 0.198669 -0.96344
1532259664601602 -0.0447998 0.175903 0.203735 -0.962097
1532259664833979 -0.0516357 0.175049 0.209229 -0.960693
1532259664856918 -0.0537109 0.172607 0.206543 -0.961609
1532259664931717 -0.0541992 0.172302 0.206543 -0.96167
1532259664976598 -0.0544434 0.172485 0.208191 -0.961243
1532259665074337 -0.0496216 0.174438 0.21405 -0.959839
1532259665104257 -0.046814 0.176025 0.216125 -0.959229
1532259665179057 -0.0488281 0.177124 0.214111 -0.959412
1532259665238897 -0.050293 0.176147 0.212646 -0.959839
1532259665306715 -0.0534668 0.173401 0.211853 -0.960327
1532259665419414 -0.0567017 0.17157 0.213135 -0.960205
1532259665532112 -0.0621338 0.169434 0.219116 -0.958862
1532259665583973 -0.0625 0.169861 0.222656 -0.957947
1532259665628854 -0.0620728 0.169922 0.224854 -0.957458
1532259665914107 -0.0702515 0.159851 0.221008 -0.959534
1532259665944010 -0.0698853 0.162537 0.224365 -0.958313
1532259665973931 -0.0691528 0.168335 0.225464 -0.957092
1532259666011830 -0.0682373 0.173523 0.227722 -0.95575
1532259666033771 -0.0682373 0.177979 0.226868 -0.955139
1532259666116550 -0.0759888 0.170776 0.226257 -0.955994
1532259666140494 -0.0751953 0.167786 0.224548 -0.95697
1532259666244208 -0.0667725 0.16272 0.220947 -0.95929
1532259666297067 -0.0626221 0.166565 0.226013 -0.957764
1532259666348928 -0.0603638 0.170288 0.230347 -0.956177
1532259666416747 -0.0576172 0.171631 0.230896 -0.955994
1532259666439685 -0.0584717 0.171875 0.230103 -0.956116
1532259666529446 -0.0593872 0.171814 0.229126 -0.956299
1532259666604246 -0.0584106 0.170227 0.224792 -0.957642
1532259666627183 -0.0579224 0.169739 0.223145 -0.958191
1532259666716944 -0.0493164 0.176025 0.215942 -0.959167
1532259666768805 -0.0455322 0.180115 0.216309 -0.958496
1532259666851583 -0.0409546 0.187195 0.214783 -0.957703
1532259666896464 -0.0401001 0.189819 0.212708 -0.957703
1532259666941350 -0.039856 0.190796 0.211487 -0.957764
1532259666994209 -0.0400391 0.191528 0.210205 -0.957886
1532259667032107 -0.0410767 0.192688 0.206055 -0.958496
1532259667121867 -0.0386963 0.193604 0.202148 -0.95929

1532259667151787 -0.0376587 0.193909 0.202209 -0.959229
1532259667173729 -0.0358887 0.194519 0.202637 -0.959106
1532259667226587 -0.0352783 0.194824 0.202942 -0.958984
1532259667271480 -0.0335083 0.195435 0.203552 -0.958801
1532259667309366 -0.0324097 0.195618 0.203918 -0.95874
1532259667429046 -0.0256958 0.200256 0.206238 -0.957458
1532259667458965 -0.0249023 0.2005 0.206055 -0.957458
1532259667496864 -0.024292 0.200684 0.205872 -0.95752
1532259667511824 -0.0238037 0.200806 0.20575 -0.95752
1532259667556704 -0.0234985 0.200806 0.205688 -0.95752
1532259667721309 -0.0197754 0.203369 0.205933 -0.957031
1532259667774167 -0.0187378 0.204041 0.206055 -0.956848
1532259667863927 -0.0186157 0.203857 0.206055 -0.956909
1532259667901825 -0.0186157 0.203796 0.206055 -0.956909
1532259667976625 -0.0186157 0.203796 0.206055 -0.956909
1532259668029484 -0.0184937 0.203857 0.206116 -0.956909
1532259668081345 -0.0185547 0.203857 0.206116 -0.956909
1532259668134204 -0.0192871 0.203186 0.205933 -0.957031
1532259668164124 -0.0198975 0.202759 0.20575 -0.957153
1532259668216983 -0.022583 0.200684 0.2052 -0.957703
1532259668276823 -0.024292 0.199707 0.205139 -0.957825
1532259668329681 -0.0247192 0.199341 0.205078 -0.957947
1532259668359602 -0.0255127 0.198547 0.205139 -0.958069
1532259668434401 -0.026001 0.198792 0.205566 -0.957886
1532259668547100 -0.0365601 0.194885 0.208862 -0.957642
1532259668606940 -0.0620728 0.178345 0.209045 -0.959534
1532259668636860 -0.0838623 0.146362 0.20575 -0.963989
1532259668764519 -0.090332 0.11554 0.202271 -0.968323
1532259669109595 -0.0923462 -0.0649414 0.153992 -0.981628
1532259669304076 -0.258789 -0.151489 0.15625 -0.941162
1532259669378883 -0.273743 -0.128662 0.192932 -0.933472
1532259669462652 -0.250122 -0.126221 0.22345 -0.933594
1532259669649153 -0.278687 -0.124023 0.17218 -0.936707
1532259669753873 -0.227661 -0.107239 0.248047 -0.935547
1532259669859590 -0.251099 -0.106506 0.215332 -0.937744
1532259669934390 -0.24646 -0.108582 0.192139 -0.943726
1532259670001212 -0.270874 -0.110596 0.188171 -0.937561
1532259670024150 -0.267944 -0.109314 0.197632 -0.936646
1532259670173750 -0.23645 -0.112549 0.238281 -0.935242
1532259670286449 -0.177246 -0.0899048 0.238159 -0.950684
1532259670437046 -0.142273 -0.0435791 0.225647 -0.96283
1532259670707336 -0.0933838 0.132202 0.174072 -0.971375
1532259670828997 -0.083313 0.179749 0.184814 -0.962585
1532259670931723 -0.0629883 0.191345 0.185852 -0.961731
1532259671014502 -0.0620728 0.188538 0.185974 -0.962341
1532259671059382 -0.0464478 0.17157 0.183594 -0.966797
1532259671119221 -0.0485229 0.170532 0.186035 -0.966431
1532259671187041 -0.0505371 0.164856 0.192261 -0.966125
1532259671231920 -0.0509033 0.164856 0.194031 -0.965698
1532259671321681 -0.0523682 0.168945 0.194885 -0.964783
1532259671411440 -0.0531616 0.169067 0.189148 -0.965881
1532259671471280 -0.0527954 0.168945 0.188293 -0.966064
1532259671524140 -0.0527344 0.169312 0.188171 -0.966003
1532259671598951 -0.0536499 0.170837 0.189941 -0.965332
1532259671711638 -0.0516357 0.178589 0.196716 -0.962708
1532259671741557 -0.0500488 0.18219 0.195129 -0.962402
1532259671937035 -0.0547485 0.182861 0.187378 -0.963562
1532259672071682 -0.0562744 0.182068 0.189819 -0.963196
1532259672454669 -0.0669556 0.178101 0.196777 -0.961853
1532259672499531 -0.0674438 0.17688 0.195251 -0.962341
1532259672634171 -0.0667725 0.176941 0.195618 -0.96228
1532259672701990 -0.0636597 0.179199 0.196716 -0.961853
1532259672753851 -0.0611572 0.182617 0.195679 -0.961609
1532259673024128 -0.0521851 0.196228 0.195801 -0.959412
1532259673098928 -0.055481 0.191345 0.195068 -0.960388
1532259673204648 -0.0563354 0.19104 0.190369 -0.961304
1532259673354245 -0.0460815 0.19458 0.189148 -0.961365
1532259673407104 -0.0453491 0.194885 0.188782 -0.961426
1532259673429045 -0.0448608 0.195251 0.187927 -0.961548
1532259673481904 -0.045166 0.195557 0.18689 -0.96167
1532259673556704 -0.0457153 0.19635 0.185852 -0.96167
1532259673579642 -0.0458984 0.196533 0.186096 -0.961609
1532259673609563 -0.0457153 0.196716 0.186462 -0.961487
1532259673684362 -0.0447998 0.197021 0.187378 -0.961304
1532259673706304 -0.0443726 0.197266 0.187988 -0.961182
1532259673812021 -0.0380859 0.201843 0.190552 -0.959961
1532259673833962 -0.0375977 0.202026 0.189331 -0.960205
1532259673886821 -0.0383911 0.201355 0.187317 -0.960693
1532259673908762 -0.0390015 0.200989 0.186279 -0.960938
1532259673961622 -0.0392456 0.200134 0.184509 -0.961426

1532259674021462 -0.0369873 0.199829 0.184143 -0.96167
1532259674096261 -0.0346069 0.201172 0.185852 -0.961182
1532259674119200 -0.0330811 0.201721 0.186646 -0.960938
1532259674164080 -0.0245361 0.201843 0.191162 -0.960266
1532259674193999 -0.0195923 0.200256 0.192383 -0.96051
1532259674261878 -0.0298462 0.191345 0.190491 -0.962402
1532259674336677 -0.0397339 0.180786 0.184998 -0.965149
1532259674374576 -0.0405273 0.17981 0.183411 -0.965637
1532259674562075 -0.0424805 0.189758 0.182678 -0.963745
1532259674592011 -0.0459595 0.196228 0.181091 -0.962585
1532259674636875 -0.0448608 0.20105 0.179504 -0.961975
1532259674688736 -0.0484009 0.200562 0.17572 -0.962585
1532259674764533 -0.0544434 0.200378 0.171082 -0.963135
1532259674794453 -0.0552368 0.199951 0.169556 -0.96344
1532259674816394 -0.0571289 0.199219 0.167297 -0.963928
1532259674824373 -0.0579834 0.199219 0.166565 -0.963989
1532259674846314 -0.0577393 0.199463 0.166077 -0.96405
1532259674869253 -0.0568237 0.199585 0.166199 -0.96405
1532259674914025 -0.055603 0.200012 0.166504 -0.963928
1532259674943945 -0.055481 0.200378 0.166565 -0.963867
1532259674996804 -0.0556641 0.200684 0.166504 -0.963806
1532259675018745 -0.0556641 0.200684 0.166504 -0.963806
1532259675131444 -0.0567627 0.200195 0.166077 -0.963928
1532259675282041 -0.0568848 0.200012 0.166016 -0.963989
1532259675318942 -0.0568848 0.199951 0.166016 -0.963989
1532259675356841 -0.0568848 0.199951 0.166016 -0.963989
1532259675559300 -0.0578613 0.199341 0.166382 -0.963989
1532259675649059 -0.0574341 0.199768 0.166504 -0.963928
1532259675723860 -0.0567017 0.2005 0.167236 -0.963684
1532259675934297 -0.059082 0.190613 0.169006 -0.96521
1532259676226515 -0.098938 -0.078186 0.0805664 -0.98877
1532259676302314 -0.107056 -0.127502 0.0640869 -0.984009
1532259676339214 -0.138 -0.170959 0.059082 -0.973816
1532259676466873 -0.186523 -0.173767 0.115234 -0.960083
1532259676503774 -0.197449 -0.169678 0.133484 -0.956299
1532259676609491 -0.224548 -0.13501 0.271484 -0.926147
1532259676708227 -0.240723 -0.142334 0.235962 -0.930664
1532259676737150 -0.233948 -0.148621 0.199707 -0.93988
1532259676871790 -0.27002 -0.145691 0.170837 -0.93634
1532259676946589 -0.252991 -0.133789 0.22522 -0.931335
1532259677021390 -0.242188 -0.128601 0.249084 -0.928894
1532259677097186 -0.20105 -0.133423 0.252197 -0.937134
1532259677164008 -0.226746 -0.12085 0.229309 -0.938843
1532259677223849 -0.26062 -0.125366 0.225403 -0.930359
1532259677238808 -0.256714 -0.123962 0.233154 -0.929749
1532259677284686 -0.239319 -0.109375 0.280884 -0.922974
1532259677344538 -0.200989 -0.104736 0.279114 -0.933167
1532259677568926 -0.148682 -0.0755005 0.272949 -0.94751
1532259677628765 -0.0463257 0.0230103 0.228821 -0.972107
1532259677704564 -0.0405884 0.113647 0.180603 -0.976135
1532259677741464 -0.0511475 0.14978 0.154907 -0.97522
1532259677794323 -0.0728149 0.184021 0.126587 -0.972046
1532259677907022 -0.0805664 0.181641 0.11554 -0.973267
1532259677988803 -0.101318 0.179138 0.113037 -0.972046
1532259678132423 -0.108643 0.179443 0.114319 -0.971069
1532259678184280 -0.109314 0.178772 0.113464 -0.971252
1532259678244120 -0.109985 0.177429 0.114136 -0.971313
1532259678274040 -0.108948 0.184692 0.113953 -0.970093
1532259678326899 -0.107422 0.180542 0.114136 -0.971008
1532259678372776 -0.100464 0.176025 0.111877 -0.972839
1532259678401699 -0.098877 0.173706 0.110229 -0.973633
1532259678476499 -0.100281 0.170593 0.107117 -0.974365
1532259678536338 -0.101807 0.170776 0.106384 -0.974304
1532259678604170 -0.101929 0.170959 0.106812 -0.974182
1532259678627096 -0.0979614 0.170776 0.109985 -0.974243
1532259678671976 -0.0982666 0.179077 0.113403 -0.972351
1532259678761735 -0.103088 0.185364 0.113647 -0.970642
1532259678949234 -0.103333 0.182434 0.111084 -0.971436
1532259679038995 -0.102722 0.182373 0.116394 -0.970947
1532259679106813 -0.10144 0.183289 0.119995 -0.970459
1532259679234471 -0.102722 0.183655 0.118469 -0.970398
1532259679309272 -0.102295 0.184387 0.114685 -0.970764
1532259679369112 -0.102417 0.184387 0.114502 -0.970825
1532259679511730 -0.10321 0.183228 0.115234 -0.970825
1532259679534669 -0.103821 0.182678 0.11554 -0.970825
1532259679556611 -0.106262 0.180542 0.116516 -0.970886
1532259679646370 -0.108582 0.175537 0.124023 -0.970581
1532259679871768 -0.105591 0.176758 0.129272 -0.970032
1532259679999426 -0.105652 0.1745 0.12677 -0.970764
1532259680276684 -0.0964966 0.179871 0.134583 -0.969666
1532259680404344 -0.0960083 0.161621 0.134827 -0.9729
1532259680479143 -0.0909424 0.164612 0.136475 -0.972656
1532259680621762 -0.088501 0.171021 0.13739 -0.971619
1532259680681602 -0.0856323 0.170959 0.137085 -0.971985
1532259680719501 -0.0862427 0.174622 0.132263 -0.971924
1532259680906999 -0.0911255 0.181335 0.118103 -0.972046

1532259681259059 -0.0856934 0.186707 0.113647 -0.972046
1532259681326877 -0.0837402 0.187805 0.11499 -0.971863
1532259681454548 -0.0801392 0.192322 0.117249 -0.971008
1532259681529335 -0.0784302 0.194336 0.116943 -0.970825
1532259681686913 -0.0678711 0.199036 0.118164 -0.97052
1532259681814572 -0.0506592 0.212158 0.121216 -0.968384
1532259681836514 -0.0494995 0.213013 0.120544 -0.968323
1532259682083852 -0.0615234 0.206299 0.114563 -0.969849
1532259682332188 -0.0723877 0.200073 0.116882 -0.970093
1532259682362108 -0.0744629 0.198364 0.116577 -0.970337
1532259682511708 -0.0789185 0.193604 0.12262 -0.970215
1532259682571548 -0.0770264 0.195007 0.12439 -0.969849
1532259682744087 -0.0802612 0.19397 0.12146 -0.970154
1532259682924604 -0.0764771 0.197266 0.121704 -0.969788
1532259683051265 -0.0691528 0.19928 0.127625 -0.969116
1532259683127063 -0.0688477 0.198914 0.129395 -0.968994
1532259683149004 -0.0707397 0.197998 0.129517 -0.969055
1532259683322060 -0.0962524 0.132874 0.105957 -0.980774
1532259683396860 -0.0992432 0.114746 0.098999 -0.983459
1532259683449718 -0.0767212 -0.00366211 0.0516968 -0.995728
1532259683479638 -0.0866699 -0.0908813 0.0169067 -0.991943
1532259683546460 -0.110413 -0.112122 0.0303955 -0.987122
1532259683599318 -0.122559 -0.117493 0.0407104 -0.98468
1532259683674120 -0.146118 -0.129822 0.0782471 -0.9776
1532259683794801 -0.2229 -0.103516 0.222168 -0.943542
1532259683824716 -0.22345 -0.0957642 0.23999 -0.93988
1532259683876577 -0.220276 -0.0898438 0.254395 -0.937439
1532259683936416 -0.2146 -0.0872803 0.264771 -0.936096
1532259683959355 -0.24408 -0.100769 0.229736 -0.936768
1532259684123915 -0.27179 -0.110107 0.155212 -0.94342
1532259684153843 -0.274109 -0.117126 0.169922 -0.939331
1532259684304432 -0.242249 -0.114014 0.231873 -0.935242
1532259684439073 -0.265991 -0.112488 0.196106 -0.937134
1532259684566731 -0.27478 -0.114197 0.198853 -0.933777
1532259684762208 -0.217102 -0.0588989 0.268494 -0.936646
1532259684918790 -0.0891724 0.0216064 0.243835 -0.965454
1532259684941728 -0.0792847 0.0372925 0.241333 -0.966492
1532259684994595 -0.0703125 0.0912476 0.219177 -0.968872
1532259685116262 -0.0617676 0.146851 0.186951 -0.969421
1532259685197045 -0.0804443 0.184387 0.148499 -0.968262
1532259685316726 -0.0725708 0.194275 0.158569 -0.965332
1532259685414464 -0.0824585 0.192688 0.156494 -0.96521
1532259685436405 -0.0852051 0.190063 0.155151 -0.965698
1532259685789462 -0.0842896 0.187744 0.157532 -0.965881
1532259685842320 -0.0842896 0.187073 0.160461 -0.965515
1532259685902160 -0.085083 0.187195 0.160706 -0.965332
1532259685947040 -0.0862427 0.186096 0.161194 -0.965393
1532259686066720 -0.0883179 0.180298 0.159546 -0.966614
1532259686104622 -0.0878906 0.179993 0.159912 -0.966614
1532259686307078 -0.0805664 0.181519 0.166199 -0.965942
1532259686381876 -0.0807495 0.182129 0.164429 -0.966064
1532259686479616 -0.0803833 0.183105 0.161621 -0.96637
1532259686546437 -0.081665 0.183044 0.157227 -0.967041
1532259686622234 -0.0831299 0.180176 0.158569 -0.967224
1532259686682074 -0.0828857 0.17926 0.159302 -0.967285
1532259686824706 -0.0831909 0.179077 0.160645 -0.967102
1532259686929413 -0.0817871 0.179321 0.162415 -0.966858
1532259687483954 -0.0789795 0.175842 0.160034 -0.96814
1532259687769191 -0.069397 0.183472 0.166077 -0.966431
1532259687858951 -0.0739136 0.189575 0.154175 -0.966858
1532259687918791 -0.0692139 0.194031 0.151428 -0.966797
1532259687964668 -0.0683594 0.195618 0.150269 -0.966675
1532259687986609 -0.0668335 0.19812 0.14801 -0.966675
1532259688061409 -0.0648804 0.199707 0.144653 -0.96698
1532259688084349 -0.0650635 0.199463 0.143677 -0.967163
1532259688121249 -0.0664063 0.198547 0.142029 -0.967468
1532259688159148 -0.0672607 0.197205 0.141235 -0.967834
1532259688189068 -0.0671387 0.196472 0.141296 -0.967957

1532259688271847 -0.0662842 0.195801 0.141968 -0.968079
1532259688549111 -0.0674438 0.195129 0.145081 -0.967651
1532259688638871 -0.0735474 0.190735 0.146179 -0.967957
1532259688691786 -0.0743408 0.189514 0.146057 -0.96814
1532259688744645 -0.0744629 0.189392 0.14624 -0.96814
1532259688799498 -0.0747681 0.189148 0.14679 -0.968079
1532259688871329 -0.0755615 0.188904 0.148071 -0.967834
1532259688954106 -0.0757446 0.188904 0.148315 -0.967773
1532259689006966 -0.0760498 0.188782 0.148254 -0.967773
1532259689043866 -0.076416 0.188354 0.147583 -0.967957
1532259689096725 -0.0762329 0.188232 0.147461 -0.968018
1532259689284224 -0.0762939 0.188416 0.148193 -0.967834
1532259689433824 -0.0758667 0.189087 0.147156 -0.967896
1532259689546523 -0.0726318 0.189758 0.149719 -0.967651
1532259689704102 -0.0703125 0.190491 0.151123 -0.967468
1532259689831760 -0.0658569 0.170959 0.147095 -0.972046
1532259690259625 -0.185059 -0.15155 0.158569 -0.957947
1532259690304496 -0.209045 -0.1427 0.184998 -0.949646
1532259690409216 -0.233215 -0.116028 0.277771 -0.924683
1532259690558815 -0.263123 -0.125671 0.217712 -0.931458
1532259690671516 -0.287476 -0.145996 0.181885 -0.929016
1532259690686474 -0.2854 -0.147644 0.196472 -0.926392
1532259690761275 -0.270508 -0.148621 0.256714 -0.915894
1532259690822112 -0.272583 -0.139771 0.257629 -0.916443
1532259690888934 -0.256531 -0.1427 0.254089 -0.92157
1532259690948774 -0.269104 -0.146179 0.233154 -0.922974
1532259691091392 -0.25946 -0.136414 0.266174 -0.918335
1532259691121312 -0.232117 -0.151123 0.248047 -0.928345
1532259691271909 -0.217041 -0.141479 0.254761 -0.931702
1532259691354687 -0.221741 -0.137573 0.252747 -0.931702
1532259691436468 -0.216187 -0.11908 0.259888 -0.933594
1532259691534207 -0.16449 -0.0769043 0.261658 -0.947937
1532259691594048 -0.0617065 0.0159302 0.259338 -0.963684
1532259691721706 -0.0358887 0.0831299 0.246826 -0.964844
1532259691804485 -0.036377 0.203369 0.196594 -0.958496
1532259691849365 -0.0439453 0.218018 0.189514 -0.95636
1532259691924165 -0.0567627 0.202332 0.185425 -0.959961
1532259691991983 -0.0621948 0.200195 0.185608 -0.960022
1532259692149562 -0.0639648 0.211914 0.184265 -0.957642
1532259692224362 -0.0723267 0.196899 0.183655 -0.960388
1532259692276223 -0.074646 0.19873 0.180847 -0.960327
1532259692337067 -0.0731812 0.195007 0.179688 -0.961426
1532259692373962 -0.0753784 0.189026 0.178467 -0.962708
1532259692411861 -0.0757446 0.188965 0.178528 -0.962646
1532259692599359 -0.0756836 0.188354 0.178101 -0.962891
1532259692763919 -0.0782471 0.184998 0.176819 -0.963562
1532259693183803 -0.0701904 0.170837 0.188049 -0.964661
1532259693387252 -0.0443115 0.194763 0.194702 -0.960327
1532259693432133 -0.0493774 0.196472 0.187439 -0.961182
1532259693462052 -0.0511475 0.196289 0.185059 -0.961548
1532259693521892 -0.0637817 0.18811 0.178162 -0.963745
1532259693558793 -0.0671997 0.183533 0.179749 -0.964111
1532259693739311 -0.0698242 0.178528 0.192139 -0.962463
1532259694024548 -0.0792236 0.169556 0.198364 -0.962097
1532259694346687 -0.0825806 0.167053 0.206543 -0.96051
1532259694496287 -0.0687256 0.169922 0.209595 -0.960449
1532259694646885 -0.0645752 0.178589 0.20166 -0.960876
1532259694691764 -0.0673828 0.178406 0.195679 -0.961975
1532259694751604 -0.0691528 0.178711 0.192688 -0.962402
1532259694781524 -0.0703125 0.182129 0.184998 -0.963196
1532259694909183 -0.0593262 0.194092 0.177246 -0.963013
1532259694969022 -0.0571289 0.195129 0.176819 -0.963013

1532259695051801 -0.0532837 0.196289 0.175171 -0.963318
1532259695149540 -0.0535889 0.196472 0.170105 -0.964172
1532259695186441 -0.0492554 0.199158 0.171875 -0.963562
1532259695209380 -0.0466919 0.200745 0.172852 -0.963196
1532259695277199 -0.0407715 0.204407 0.175781 -0.962158
1532259695299140 -0.039856 0.2052 0.176147 -0.961914
1532259695388900 -0.0408936 0.204834 0.175415 -0.962097
1532259695411838 -0.0418091 0.204468 0.174866 -0.962219
1532259695464697 -0.0436401 0.203979 0.173767 -0.962463
1532259695486638 -0.0444946 0.203918 0.173279 -0.962524
1532259695524537 -0.0455322 0.203857 0.172058 -0.962708
1532259695599337 -0.0455322 0.203613 0.171143 -0.962891
1532259695667156 -0.0457764 0.20343 0.1698 -0.963196
1532259695726996 -0.0462646 0.203308 0.168945 -0.963318
1532259695778857 -0.0465698 0.203186 0.168823 -0.963379
1532259695808786 -0.0467529 0.202881 0.168823 -0.96344
1532259695839703 -0.0477905 0.202271 0.168945 -0.963501
1532259695914503 -0.0478516 0.201843 0.169067 -0.963562
1532259695981324 -0.0493164 0.201233 0.168701 -0.963684
1532259696034183 -0.0500488 0.199524 0.168396 -0.96405
1532259696057122 -0.0505371 0.198914 0.168335 -0.964111
1532259696094023 -0.0515747 0.19812 0.168396 -0.964233
1532259696168823 -0.0522461 0.197571 0.168335 -0.964355
1532259696266561 -0.0553589 0.195862 0.167908 -0.9646
1532259696296481 -0.0562134 0.19519 0.167908 -0.964661
1532259696371282 -0.057312 0.195251 0.168152 -0.964539
1532259696447079 -0.0553589 0.194702 0.170166 -0.964417
1532259696491959 -0.0543213 0.193909 0.170532 -0.9646
1532259696761239 -0.0845337 0.156189 0.151855 -0.972351
1532259696837050 -0.0934448 0.127014 0.138245 -0.977783
1532259697016556 -0.12323 -0.114807 -0.000915527 -0.985779
1532259697197089 -0.250549 -0.160339 0.111145 -0.948303
1532259697226993 -0.26416 -0.157227 0.129395 -0.94281
1532259697271873 -0.273315 -0.151184 0.149048 -0.938232
1532259697331713 -0.291504 -0.128906 0.240173 -0.916931
1532259697406512 -0.274719 -0.136353 0.246216 -0.919434
1532259697444412 -0.303406 -0.144409 0.237549 -0.911438
1532259697474332 -0.31012 -0.146545 0.24115 -0.907898
1532259697496273 -0.299561 -0.145569 0.197205 -0.922119
1532259697534172 -0.299805 -0.148926 0.182007 -0.924622
1532259697579052 -0.317871 -0.152649 0.164429 -0.921265
1532259697646870 -0.327026 -0.158569 0.161316 -0.917603
1532259697668812 -0.324158 -0.160095 0.167664 -0.917175
1532259697887234 -0.299683 -0.150146 0.238647 -0.911438
1532259697983976 -0.307556 -0.148132 0.177551 -0.923035
1532259698051795 -0.321899 -0.158386 0.168884 -0.91803
1532259698081714 -0.324158 -0.156372 0.197449 -0.911926
1532259698134573 -0.305481 -0.145447 0.252319 -0.906616
1532259698179453 -0.281189 -0.149475 0.255615 -0.912842
1532259698201394 -0.299622 -0.145325 0.246765 -0.910095
1532259698224333 -0.296265 -0.146851 0.261108 -0.906921
1532259698254266 -0.28833 -0.132263 0.274292 -0.907837
1532259698314093 -0.230896 -0.123047 0.271545 -0.926208
1532259698358972 -0.210754 -0.108398 0.265015 -0.934692
1532259698426791 -0.166138 -0.0628052 0.248291 -0.952271
1532259698456712 -0.134827 -0.0257568 0.241699 -0.960632
1532259698516551 -0.117432 -0.00183105 0.238647 -0.963989
1532259698591351 -0.100037 0.0231323 0.234924 -0.966614
1532259698667148 -0.0751343 0.0718384 0.23114 -0.967346
1532259698719010 -0.0817871 0.143677 0.22345 -0.960632
1532259698854647 -0.0787964 0.187256 0.213013 -0.955688
1532259698906509 -0.0755615 0.196533 0.214966 -0.953674
1532259698929447 -0.0722656 0.196594 0.21637 -0.953613
1532259698966349 -0.0745239 0.196228 0.21582 -0.953613
1532259698989287 -0.0769653 0.196472 0.2146 -0.953674
1532259699072066 -0.0820313 0.192383 0.208618 -0.955383
1532259699161825 -0.0817871 0.190918 0.206421 -0.956177
1532259699214684 -0.0794678 0.190674 0.206177 -0.956482
1532259699289484 -0.0758057 0.193054 0.205872 -0.95636
1532259699334364 -0.0752563 0.193909 0.205688 -0.956299
1532259699417143 -0.0787354 0.194702 0.202759 -0.956482
1532259699440082 -0.0799561 0.1922 0.203979 -0.956604
1532259699491943 -0.0786133 0.191406 0.206665 -0.956299
1532259699829042 -0.0770264 0.189819 0.211548 -0.955688
1532259699888881 -0.0772095 0.188354 0.207642 -0.956787
1532259699903842 -0.0744019 0.188538 0.206299 -0.957275
1532259699964679 -0.0728149 0.189697 0.2052 -0.957397
1532259700001580 -0.0736694 0.187317 0.20575 -0.957703
1532259700054440 -0.0734253 0.184998 0.208679 -0.95752
1532259700129239 -0.0725098 0.183533 0.21167 -0.957214
1532259700167138 -0.0730591 0.181274 0.214966 -0.956909
1532259700197058 -0.0767212 0.176697 0.21875 -0.956604
1532259700248919 -0.0789185 0.174927 0.219666 -0.956543
1532259700316737 -0.083313 0.172363 0.221008 -0.956299
1532259700376577 -0.0845947 0.171631 0.222778 -0.955933
1532259700451377 -0.0826416 0.1745 0.229065 -0.954102
1532259700481297 -0.0841064 0.171997 0.230591 -0.954041
1532259700527191 -0.085144 0.170105 0.230408 -0.954346
1532259700608956 -0.0914307 0.162842 0.226563 -0.955933
1532259700683756 -0.0921021 0.156799 0.222778 -0.957764
1532259700736615 -0.0822754 0.162781 0.23175 -0.955566
1532259700879234 -0.0635376 0.172913 0.243774 -0.952209
1532259700954039 -0.0687866 0.171631 0.239624 -0.953125
1532259700976972 -0.072998 0.169617 0.235718 -0.954163
1532259701216332 -0.0551758 0.18158 0.238159 -0.952515
1532259701284150 -0.050415 0.184937 0.239441 -0.951843
1532259701366929 -0.055481 0.185791 0.231689 -0.953308
1532259701456689 -0.0669556 0.190857 0.210571 -0.956421
1532259701539467 -0.0662231 0.195007 0.203247 -0.957214

1532259701786807 -0.0519409 0.198181 0.19989 -0.958191
1532259701831686 -0.0570068 0.196777 0.195129 -0.959167
1532259701861606 -0.0549927 0.197205 0.192566 -0.959717
1532259701921446 -0.0517578 0.198059 0.19342 -0.959534
1532259701959345 -0.0499878 0.198853 0.194214 -0.95929
1532259701997243 -0.0477905 0.199829 0.195251 -0.958984
1532259702034145 -0.0419922 0.201843 0.198303 -0.958252
1532259702087004 -0.0419922 0.202332 0.199097 -0.957947
1532259702108945 -0.0425415 0.202026 0.198914 -0.958069
1532259702146843 -0.0438843 0.20166 0.198425 -0.958191
1532259702184742 -0.0443726 0.201721 0.198303 -0.95813
1532259702221659 -0.0442505 0.202026 0.198364 -0.958069
1532259702266524 -0.0439453 0.201965 0.198486 -0.958069
1532259702311404 -0.0441284 0.201721 0.198486 -0.95813
1532259702364262 -0.0443726 0.200562 0.19812 -0.958435
1532259702394181 -0.0454102 0.199707 0.197815 -0.958618
1532259702462001 -0.0459595 0.19928 0.197876 -0.958679
1532259702499900 -0.0460205 0.198792 0.198059 -0.95874
1532259702543782 -0.0462036 0.198486 0.198181 -0.95874
1532259702604629 -0.0475464 0.197021 0.19873 -0.958862
1532259702679419 -0.0479126 0.196411 0.198914 -0.958984
1532259702739623 -0.0487671 0.19635 0.198792 -0.958923
1532259702776543 -0.050354 0.195496 0.198425 -0.959106
1532259702829402 -0.0521851 0.194214 0.198181 -0.959351
1532259702904211 -0.0531616 0.193176 0.198059 -0.959534
1532259702957061 -0.0542603 0.192383 0.198608 -0.959473
1532259703016902 -0.0542603 0.192078 0.199036 -0.959473
1532259703046821 -0.0544434 0.191956 0.199219 -0.959473
1532259703144560 -0.0545654 0.192017 0.199219 -0.959412
1532259703226341 -0.0546875 0.191895 0.199219 -0.959412
1532259703256261 -0.0543823 0.191772 0.199341 -0.959473
1532259703271221 -0.0543823 0.191772 0.199341 -0.959473
1532259703324086 -0.0543823 0.191772 0.199341 -0.959473
1532259703347018 -0.0545654 0.192139 0.199341 -0.959351
1532259703398880 -0.0516968 0.193726 0.2005 -0.958984
1532259703451738 -0.0585327 0.190552 0.198853 -0.959534
1532259703504597 -0.0698242 0.184448 0.194092 -0.960999
1532259703526538 -0.0790405 0.16925 0.189453 -0.963989
1532259703631258 -0.0897217 0.135681 0.186096 -0.968994
1532259703736976 -0.0946655 0.107117 0.182922 -0.972717
1532259704014234 -0.118347 -0.0863647 0.137573 -0.979614
1532259704067092 -0.112488 -0.120178 0.117554 -0.97937
1532259704216693 -0.129395 -0.162476 0.0900269 -0.97406
1532259704389231 -0.248047 -0.145935 0.193237 -0.938049
1532259704486970 -0.255615 -0.115479 0.264954 -0.922607
1532259704561770 -0.242126 -0.101257 0.313904 -0.912476
1532259704839030 -0.240784 -0.133911 0.23584 -0.931946
1532259705094362 -0.227539 -0.122131 0.261902 -0.929932
1532259705199066 -0.271606 -0.148315 0.21283 -0.926819
1532259705319743 -0.278931 -0.13031 0.265442 -0.913696
1532259705446405 -0.258118 -0.118225 0.298035 -0.911377
1532259705567082 -0.246765 -0.097168 0.3125 -0.91217
1532259705597002 -0.178162 -0.0926514 0.307617 -0.930115
1532259705618943 -0.119934 -0.057251 0.295776 -0.945984
1532259705746602 -0.00933838 0.0773315 0.253601 -0.964172
1532259705806442 -0.0141602 0.125183 0.24353 -0.96167
1532259705904180 -0.0541992 0.186218 0.213257 -0.957581
1532259705978980 -0.0615845 0.182312 0.212524 -0.958008
1532259706023860 -0.0626221 0.18335 0.212769 -0.957703
1532259706144538 -0.0588989 0.187195 0.213684 -0.957031
1532259706226319 -0.0543213 0.187927 0.216858 -0.956421
1532259706353977 -0.0591431 0.191833 0.203613 -0.958252
1532259706376917 -0.0598145 0.192627 0.201904 -0.958435
1532259706489615 -0.0598755 0.194336 0.199036 -0.958679
1532259706701049 -0.0629883 0.188843 0.206116 -0.958069
1532259706714015 -0.0564575 0.1875 0.216187 -0.956543
1532259706773855 -0.055481 0.188171 0.218079 -0.956055
1532259706931433 -0.0658569 0.187134 0.200684 -0.959412
1532259706984291 -0.0639648 0.184509 0.199707 -0.960205
1532259707118932 -0.0664063 0.182861 0.207458 -0.95874
1532259707133892 -0.0675659 0.182251 0.208313 -0.958557
1532259707186751 -0.071228 0.180054 0.209717 -0.958435
1532259707412148 -0.0797119 0.172424 0.216125 -0.957703
1532259707787145 -0.0703735 0.175476 0.228394 -0.955078
1532259707817065 -0.0668335 0.17749 0.23053 -0.954407
1532259707839006 -0.0613403 0.180908 0.233765 -0.953369
1532259708041465 -0.0682983 0.179321 0.222412 -0.955933
1532259708154164 -0.069519 0.180115 0.221558 -0.955872
1532259708319721 -0.0532227 0.18689 0.232178 -0.953064
1532259708431422 -0.0602417 0.187622 0.221375 -0.955078
1532259708507220 -0.0637817 0.192749 0.203247 -0.957886
1532259708582020 -0.0584717 0.196899 0.197449 -0.958557
1532259708724638 -0.0510864 0.199463 0.193604 -0.959229
1532259708784478 -0.0505981 0.199707 0.194092 -0.959106

1532259709001906 -0.0407104 0.205688 0.198364 -0.957458
1532259709061737 -0.0394897 0.207214 0.197388 -0.957397
1532259709084675 -0.0396118 0.207397 0.197083 -0.957397
1532259709151497 -0.0409546 0.206909 0.195923 -0.957703
1532259709196377 -0.0411377 0.206604 0.195618 -0.957825
1532259709257214 -0.0424805 0.205688 0.194458 -0.958191
1532259709302094 -0.0440063 0.204285 0.192627 -0.958801
1532259709332013 -0.0447388 0.203674 0.190918 -0.959229
1532259709353955 -0.0449829 0.203674 0.190613 -0.95929
1532259709376893 -0.0449219 0.203674 0.190613 -0.95929
1532259709406813 -0.0449219 0.203674 0.190613 -0.95929
1532259709436734 -0.0446777 0.203552 0.190552 -0.95929
1532259709481620 -0.0446777 0.203491 0.190552 -0.959351
1532259709504559 -0.0447388 0.203491 0.190552 -0.959351
1532259709511540 -0.0447388 0.20343 0.190613 -0.959351
1532259709541460 -0.0447998 0.20343 0.190613 -0.959351
1532259709579358 -0.0453491 0.203003 0.190735 -0.959351
1532259709609296 -0.0458984 0.202881 0.190674 -0.959412
1532259709639199 -0.0471191 0.202332 0.190735 -0.959412
1532259709684079 -0.0480957 0.201294 0.190613 -0.959595
1532259709707018 -0.0493774 0.200073 0.190491 -0.959839
1532259709766858 -0.0506592 0.199158 0.190491 -0.959961
1532259709811737 -0.0511475 0.198669 0.190552 -0.960022
1532259709834676 -0.0515137 0.198181 0.190613 -0.960083
1532259709931417 -0.053833 0.196594 0.19104 -0.960205
1532259709984277 -0.0541382 0.196411 0.191101 -0.960205
1532259710044127 -0.0545044 0.196289 0.191284 -0.960144
1532259710141854 -0.0484619 0.194153 0.192871 -0.960632
1532259710538794 -0.088501 0.102356 0.158569 -0.978027
1532259710659471 -0.106506 0.0305786 0.133972 -0.984802
1532259710876889 -0.181702 -0.184692 0.140869 -0.955566
1532259710974628 -0.217102 -0.161194 0.223999 -0.93634
1532259710996569 -0.222473 -0.140625 0.273682 -0.925171
1532259711049427 -0.213562 -0.123474 0.317444 -0.915649
1532259711147166 -0.223389 -0.128601 0.313538 -0.91394
1532259711281807 -0.228577 -0.153931 0.258606 -0.925903
1532259711356607 -0.238159 -0.163696 0.248535 -0.924561
1532259711424424 -0.225159 -0.156067 0.29834 -0.914307
1532259711507204 -0.194458 -0.155457 0.322266 -0.91333
1532259711559064 -0.205078 -0.154846 0.310547 -0.915161
1532259711618905 -0.206787 -0.156921 0.259155 -0.930298
1532259711709662 -0.225952 -0.167908 0.233215 -0.930786
1532259711724622 -0.230591 -0.170776 0.229919 -0.929993
1532259711761524 -0.23468 -0.171997 0.230652 -0.928528
1532259711799422 -0.234192 -0.16272 0.267639 -0.920349
1532259711851284 -0.213318 -0.148132 0.320251 -0.911072
1532259711897160 -0.20874 -0.162598 0.325562 -0.907776
1532259711927081 -0.21521 -0.15332 0.323486 -0.90863
1532259712008862 -0.18573 -0.138428 0.319763 -0.918762
1532259712085656 -0.168213 -0.132874 0.319214 -0.923157
1532259712279140 -0.118835 -0.0445557 0.284973 -0.950134
1532259712391845 -0.0612183 0.18457 0.234741 -0.952454
1532259712459657 -0.0524292 0.18512 0.236511 -0.952393
1532259712526477 -0.0655518 0.172241 0.241272 -0.95282
1532259712541437 -0.0679321 0.176147 0.24176 -0.951782
1532259712601277 -0.0525513 0.187317 0.243103 -0.950317
1532259712662115 -0.0512085 0.187195 0.24469 -0.950012
1532259712684057 -0.0515747 0.188782 0.24292 -0.950134
1532259712728936 -0.0509033 0.188721 0.24176 -0.950439
1532259712811721 -0.0511475 0.18811 0.238647 -0.951355
1532259712864574 -0.0502319 0.188843 0.236938 -0.95166
1532259712931395 -0.0474854 0.192688 0.232117 -0.952271
1532259713022152 -0.052124 0.192627 0.224731 -0.953796
1532259713096953 -0.0534058 0.190918 0.229187 -0.953003
1532259713163774 -0.0510864 0.190796 0.236816 -0.951294
1532259713216633 -0.0424805 0.192261 0.246338 -0.948975
1532259713291433 -0.0440063 0.196228 0.24176 -0.94928
1532259713463971 -0.0592041 0.191833 0.22644 -0.953125
1532259713546749 -0.059021 0.190674 0.231567 -0.952148
1532259713591629 -0.0591431 0.190308 0.233276 -0.951782
1532259713651469 -0.0594482 0.188782 0.23584 -0.951416
1532259713719288 -0.0635986 0.185913 0.237244 -0.951416
1532259713794092 -0.0682983 0.183167 0.237305 -0.951599
1532259713868888 -0.0745239 0.177307 0.24054 -0.951416
1532259713921747 -0.0726318 0.178162 0.243652 -0.950623
1532259713974605 -0.0670166 0.179138 0.249023 -0.949463
1532259714071346 -0.0740967 0.174316 0.246948 -0.950378
1532259714192024 -0.0779419 0.167053 0.242188 -0.952576
1532259714258846 -0.0678101 0.172668 0.251648 -0.94989
1532259714424402 -0.0471802 0.181763 0.262207 -0.946594
1532259714431384 -0.0514526 0.180725 0.258789 -0.94751
1532259714499203 -0.0714722 0.173523 0.239075 -0.952698
1532259714552062 -0.0712891 0.173157 0.236877 -0.953308
1532259714574003 -0.0657349 0.173401 0.238159 -0.953369
1532259714746541 -0.0397339 0.18219 0.261047 -0.947144
1532259714912099 -0.057251 0.184631 0.241638 -0.950928
1532259714956979 -0.0601196 0.187561 0.223877 -0.954529
1532259715023799 -0.0579224 0.189392 0.2229 -0.954529
1532259715159437 -0.0500488 0.195068 0.223022 -0.953796
1532259715204336 -0.0447998 0.198669 0.221985 -0.953552
1532259715234246 -0.046875 0.198608 0.220154 -0.953918

1532259715436696 -0.0408325 0.202637 0.223511 -0.952576
1532259715504538 -0.0351563 0.206116 0.225647 -0.951538
1532259715579338 -0.0297241 0.214905 0.223083 -0.950378
1532259715639186 -0.0286255 0.216064 0.219543 -0.950928
1532259715721964 -0.0283813 0.217346 0.215576 -0.951599
1532259716007211 -0.0185547 0.228577 0.197632 -0.953125
1532259716118903 -0.013916 0.233032 0.203796 -0.950806
1532259716149829 -0.0136719 0.234314 0.205078 -0.950195
1532259716171776 -0.0122681 0.234863 0.206177 -0.949829
1532259716201682 -0.0111694 0.235901 0.207214 -0.949402
1532259716216642 -0.0109253 0.237488 0.207947 -0.948853
1532259716269500 -0.0112915 0.239075 0.208496 -0.948303
1532259716291441 -0.0123291 0.240479 0.210144 -0.947571
1532259716344300 -0.0128174 0.24054 0.211182 -0.947327
1532259716457015 -0.0227661 0.236389 0.215332 -0.947266
1532259716471975 -0.0247803 0.23584 0.215759 -0.947205
1532259716568717 -0.0267334 0.242859 0.212891 -0.946045
1532259716614594 -0.0269165 0.246094 0.21228 -0.945374
1532259716629554 -0.02771 0.248962 0.21228 -0.94458
1532259716689394 -0.0325317 0.257141 0.215393 -0.941528
1532259716741255 -0.0304565 0.25824 0.217957 -0.940735
1532259716757213 -0.0301514 0.258118 0.219543 -0.940369
1532259716817052 -0.0325928 0.250244 0.22821 -0.940369
1532259716832012 -0.032959 0.249207 0.229248 -0.940369
1532259716868914 -0.0299072 0.244629 0.231445 -0.941162
1532259716891852 -0.0288086 0.241943 0.231445 -0.941833
1532259716921773 -0.0292969 0.239868 0.230652 -0.942566
1532259716974631 -0.0305176 0.239807 0.229187 -0.942932
1532259717019511 -0.031189 0.240601 0.228394 -0.942871
1532259717041452 -0.02948 0.239319 0.23584 -0.941406
1532259717056412 -0.0292358 0.237305 0.239319 -0.94104
1532259717079351 -0.0299683 0.233643 0.245789 -0.940308
1532259717094325 -0.029541 0.230957 0.24939 -0.940002
1532259717116252 -0.0283203 0.227417 0.253479 -0.939819
1532259717147170 -0.0271606 0.224304 0.257568 -0.939514
1532259717177089 -0.0250854 0.221313 0.264404 -0.938354
1532259717221969 -0.0234375 0.220764 0.267273 -0.937744
1532259717243921 -0.0211792 0.220154 0.269043 -0.937378
1532259717258871 -0.0195313 0.220642 0.269348 -0.937256
1532259717273830 -0.019165 0.22229 0.268005 -0.937256
1532259717296770 -0.0240479 0.224487 0.261902 -0.938354
1532259717319709 -0.0273438 0.223938 0.257813 -0.939514
1532259717356610 -0.0298462 0.219299 0.246338 -0.943604
1532259717379548 -0.0316162 0.216248 0.239258 -0.946045
1532259717446370 -0.0413818 0.210693 0.225891 -0.950195
1532259717476290 -0.0477295 0.208313 0.221802 -0.951416
1532259717537127 -0.0562134 0.204773 0.221802 -0.951721
1532259717574028 -0.0519409 0.203064 0.227234 -0.95105
1532259717633868 -0.0501099 0.19696 0.231018 -0.951477
1532259717663788 -0.0534668 0.196228 0.231018 -0.951477
1532259717709666 -0.0559082 0.194702 0.23291 -0.951172
1532259717754546 -0.055603 0.19342 0.233643 -0.951294
1532259717776487 -0.0576782 0.193481 0.232483 -0.951416
1532259717859265 -0.0731201 0.181335 0.22522 -0.954529
1532259718031805 -0.102539 0.15094 0.20459 -0.961731
1532259718106604 -0.105286 0.0978394 0.175293 -0.973999
1532259718279143 -0.113586 -0.106873 0.0957031 -0.983154
1532259718444700 -0.180115 -0.175964 0.119629 -0.960388
1532259718511521 -0.215637 -0.174927 0.15094 -0.948792
1532259718564380 -0.229553 -0.172119 0.163818 -0.943909
1532259718684066 -0.232605 -0.140564 0.330566 -0.903809
1532259718736918 -0.227783 -0.157471 0.298645 -0.91333
1532259718796758 -0.240967 -0.158691 0.27478 -0.917236
1532259718849616 -0.224609 -0.172729 0.217896 -0.93396
1532259718976294 -0.247192 -0.184692 0.162476 -0.937256
1532259719096956 -0.279724 -0.196289 0.142639 -0.928955
1532259719171756 -0.241028 -0.138 0.297485 -0.913452
1532259719194694 -0.228027 -0.134094 0.283752 -0.921753
1532259719254535 -0.235229 -0.13562 0.258545 -0.927124
1532259719300411 -0.228821 -0.146179 0.221375 -0.936646
1532259719336316 -0.238892 -0.161438 0.18219 -0.940063
1532259719389174 -0.266907 -0.188171 0.143127 -0.934326
1532259719449014 -0.286499 -0.205994 0.154785 -0.922791
1532259719493894 -0.282471 -0.203979 0.187988 -0.918335
1532259719523814 -0.274414 -0.190063 0.231201 -0.913879
1532259719538775 -0.258606 -0.153564 0.294495 -0.907166
1532259719614571 -0.21344 -0.128052 0.311951 -0.916931
1532259719667430 -0.221985 -0.125366 0.305298 -0.917542
1532259719689372 -0.225342 -0.102417 0.314026 -0.916626
1532259719794104 -0.176697 -0.09198 0.302856 -0.932007
1532259719846950 -0.114624 -0.0193481 0.277283 -0.953735
1532259719861910 -0.0961914 0.00378418 0.267029 -0.958862
1532259719883851 -0.0648804 0.0614014 0.243408 -0.96582
1532259719913771 -0.0510254 0.0910645 0.232788 -0.966919
1532259719951670 -0.0460205 0.119812 0.222168 -0.966553
1532259720026470 -0.0456543 0.143616 0.214111 -0.965149
1532259720101270 -0.0692139 0.180542 0.207031 -0.959045
1532259720124209 -0.0824585 0.2005 0.203552 -0.954773
1532259720177068 -0.0979614 0.201782 0.222473 -0.948792
1532259720228929 -0.0866699 0.198792 0.229065 -0.948975
1532259720303742 -0.0807495 0.198975 0.229675 -0.94928
1532259720379526 -0.0730591 0.201782 0.230347 -0.949158
1532259720424406 -0.0695801 0.202942 0.23175 -0.948853
1532259720588966 -0.0524292 0.203186 0.232544 -0.949707
1532259720716625 -0.0535889 0.207458 0.223511 -0.950867
1532259721008843 -0.0652466 0.198914 0.244995 -0.946655
1532259721084640 -0.0661621 0.197754 0.243591 -0.947205
1532259721106581 -0.0665283 0.197449 0.24231 -0.947571
1532259721183377 -0.0687256 0.194702 0.236572 -0.949463
1532259721189361 -0.0696411 0.193604 0.237366 -0.949402
1532259721212303 -0.0701904 0.193054 0.238037 -0.94928
1532259721257179 -0.0721436 0.191772 0.239685 -0.948975
1532259721272139 -0.0733032 0.191406 0.24054 -0.94873
1532259721391819 -0.0794067 0.187866 0.24707 -0.947327
1532259721436699 -0.083313 0.185059 0.249817 -0.946777
1532259721511500 -0.0852661 0.183105 0.251099 -0.946655
1532259721534438 -0.088501 0.180115 0.253601 -0.946289
1532259721564358 -0.0896606 0.179443 0.2547 -0.945984
1532259721624198 -0.085144 0.17981 0.259949 -0.944946
1532259721692016 -0.0865479 0.180115 0.260376 -0.944641
1532259721713958 -0.0881958 0.17981 0.260498 -0.944519
1532259721886496 -0.097229 0.16864 0.25824 -0.946289
1532259721924395 -0.098938 0.164612 0.259155 -0.946533
1532259721992214 -0.0960693 0.167908 0.264709 -0.944763
1532259722029115 -0.0823364 0.174622 0.272095 -0.942688
1532259722088955 -0.0637817 0.177734 0.277222 -0.942078
1532259722118875 -0.05896 0.178406 0.277893 -0.942078
1532259722171744 -0.0690308 0.174194 0.271729 -0.94397
1532259722269473 -0.0717773 0.167664 0.263245 -0.947327
1532259722291413 -0.0703735 0.166809 0.261108 -0.948181
1532259722352250 -0.0603027 0.174316 0.265259 -0.946411
1532259722419072 -0.0564575 0.17865 0.271179 -0.944153
1532259722448992 -0.0541992 0.179138 0.272888 -0.943665
1532259722493872 -0.052124 0.180725 0.274963 -0.942871
1532259722546731 -0.0532837 0.182251 0.273193 -0.943054
1532259722674390 -0.0606079 0.184631 0.254089 -0.94751
1532259722719269 -0.0592041 0.186157 0.250732 -0.948181
1532259722779110 -0.0557251 0.188904 0.24823 -0.948486
1532259722921728 -0.0471802 0.197327 0.241028 -0.949097
1532259722959626 -0.0444336 0.201782 0.236755 -0.949341
1532259722996528 -0.0441284 0.203674 0.232239 -0.950073
1532259723034426 -0.0439453 0.204346 0.229797 -0.950562

1532259723198987 -0.0325317 0.200684 0.242554 -0.948608
1532259723273817 -0.0507813 0.163025 0.261658 -0.949951
1532259723364574 -0.104309 0.0873413 0.286499 -0.948425
1532259723416436 -0.137756 -0.00665283 0.318787 -0.937744
1532259723507193 -0.170166 -0.161743 0.432312 -0.870667
1532259723581994 -0.171143 -0.218994 0.49292 -0.824524
1532259723626873 -0.176758 -0.245422 0.521118 -0.798096
1532259723663774 -0.17926 -0.266052 0.545776 -0.774109
1532259723716633 -0.182129 -0.265625 0.56665 -0.758423
1532259723754532 -0.182861 -0.262207 0.570984 -0.756165
1532259723791433 -0.181946 -0.25354 0.582153 -0.750854
1532259723829339 -0.18335 -0.247498 0.587891 -0.748047
1532259723859259 -0.185791 -0.238892 0.594238 -0.745239
1532259723904139 -0.186768 -0.236206 0.596069 -0.744324
1532259723956997 -0.188721 -0.228333 0.605896 -0.738342
1532259723993899 -0.187378 -0.228027 0.605652 -0.738953
1532259724031797 -0.187622 -0.227356 0.605835 -0.738953
1532259724054736 -0.186951 -0.228699 0.604431 -0.739868
1532259724114576 -0.185364 -0.231934 0.603455 -0.740051
1532259724122567 -0.185669 -0.231873 0.60321 -0.740234
1532259724159456 -0.186523 -0.229858 0.603271 -0.740601
1532259724189376 -0.187195 -0.229919 0.60321 -0.740479
1532259724249216 -0.190002 -0.233459 0.603882 -0.738037
1532259724287115 -0.188904 -0.233215 0.603027 -0.739136
1532259724324016 -0.188293 -0.232422 0.602844 -0.739685
1532259724383856 -0.192017 -0.227783 0.59967 -0.742737
1532259724459653 -0.188232 -0.227356 0.593994 -0.748413
1532259724639173 -0.097229 -0.128357 0.479248 -0.862793
1532259724758854 -0.000793457 0.0160522 0.398499 -0.917053
1532259724834651 0.0830078 0.166992 0.321899 -0.928223
1532259724856592 0.0743408 0.18689 0.308838 -0.929626
1532259724879530 0.0673828 0.195374 0.306335 -0.92926
1532259724894491 0.0568848 0.203918 0.306274 -0.928101
1532259724909450 0.0453491 0.214111 0.307007 -0.926208
1532259724939370 0.0362549 0.226013 0.309204 -0.923035
1532259724969290 0.0318604 0.238037 0.31189 -0.91925
1532259724992245 0.036438 0.245605 0.313538 -0.916565
1532259725007190 0.0487671 0.245422 0.314575 -0.915649
1532259725044090 0.0688477 0.229126 0.312805 -0.919189
1532259725067028 0.060791 0.224487 0.306946 -0.922852
1532259725089969 0.0409546 0.226135 0.299805 -0.925903
1532259725111909 0.0102539 0.232056 0.285217 -0.929932
1532259725141829 0.00769043 0.231567 0.279846 -0.931702
1532259725163770 0.0115967 0.227905 0.276978 -0.933411
1532259725186709 0.015564 0.222595 0.275146 -0.935181
1532259725239568 0.0125122 0.216553 0.272278 -0.937439
1532259725254528 0.00598145 0.216797 0.270142 -0.93811
1532259725299408 -0.00500488 0.218018 0.266663 -0.938782
1532259725314368 -0.00598145 0.217285 0.265686 -0.93927
1532259725359248 -0.00537109 0.213928 0.261414 -0.941223
1532259725397146 -0.00769043 0.214172 0.259949 -0.941528
1532259725419088 -0.00891113 0.214233 0.259338 -0.941711
1532259725501866 -0.0187988 0.21283 0.256287 -0.942688
1532259725569684 -0.0402832 0.200134 0.247864 -0.947083
1532259725591626 -0.0492554 0.189392 0.242676 -0.950195
1532259725704325 -0.0756836 0.101074 0.210999 -0.969299
1532259725727263 -0.0853882 0.0394287 0.189392 -0.977417
1532259725772144 -0.0873413 0.0186157 0.181763 -0.979309
1532259725802064 -0.097168 -0.0369873 0.153381 -0.982727
1532259725861904 -0.101318 -0.0807495 0.127258 -0.983398
1532259725981583 -0.101929 -0.0935059 0.118774 -0.983276
1532259726079322 -0.108032 -0.124268 0.0940552 -0.981873
1532259726409439 -0.215881 -0.156067 0.177063 -0.94751
1532259726454333 -0.239929 -0.143616 0.24231 -0.929077
1532259726484239 -0.248718 -0.13031 0.304565 -0.910217
1532259726507178 -0.24585 -0.126709 0.32074 -0.905945
1532259726537098 -0.243591 -0.136353 0.320251 -0.905273
1532259726709636 -0.249573 -0.153503 0.288879 -0.911438
1532259726746538 -0.235168 -0.162048 0.271729 -0.919067
1532259726836298 -0.244629 -0.188599 0.127258 -0.942566
1532259726889157 -0.268982 -0.192261 0.129456 -0.934875
1532259726942015 -0.271973 -0.186035 0.159607 -0.930603
1532259726986895 -0.257996 -0.164734 0.236084 -0.922302
1532259727031775 -0.243652 -0.13916 0.30249 -0.91095
1532259727046735 -0.231262 -0.137939 0.310059 -0.911804
1532259727136495 -0.256287 -0.135376 0.272766 -0.917419
1532259727174394 -0.256348 -0.133301 0.262573 -0.920715
1532259727211295 -0.235168 -0.139343 0.227966 -0.93457
1532259727287093 -0.25647 -0.164246 0.156555 -0.939575
1532259727368874 -0.284729 -0.187195 0.142822 -0.929321
1532259727398794 -0.288391 -0.184387 0.172302 -0.923706
1532259727451653 -0.277466 -0.153503 0.262695 -0.911316
1532259727571343 -0.267334 -0.132996 0.302612 -0.905151
1532259727602249 -0.243347 -0.13208 0.299866 -0.912964
1532259727728911 -0.218201 -0.108459 0.299438 -0.922485
1532259727789748 -0.1875 -0.0831909 0.29364 -0.933655
1532259727819668 -0.117249 -0.00378418 0.274353 -0.954468
1532259727871530 -0.105469 0.0264282 0.265198 -0.958069
1532259727946330 -0.0662231 0.112305 0.237793 -0.962524
1532259728246527 -0.0755005 0.197998 0.23114 -0.949585
1532259728321327 -0.0767822 0.197449 0.231201 -0.949585
1532259728374186 -0.0776978 0.198181 0.229614 -0.949768
1532259728501844 -0.0782471 0.198364 0.223694 -0.95105
1532259728584623 -0.0698242 0.203369 0.219543 -0.95166
1532259728704303 -0.0718384 0.200256 0.223022 -0.951355
1532259728831961 -0.0760498 0.199219 0.228882 -0.949829
1532259728876841 -0.0770874 0.198669 0.230835 -0.949402
1532259728906761 -0.0766602 0.198059 0.231689 -0.949341
1532259729034420 -0.0740967 0.199524 0.230347 -0.949585
1532259729056361 -0.072937 0.200256 0.227051 -0.950317
1532259729109220 -0.0724487 0.2005 0.225769 -0.950623
1532259729184020 -0.072998 0.19928 0.222229 -0.95166
1532259729191999 -0.0722656 0.19751 0.225281 -0.951355
1532259729281759 -0.0727539 0.196045 0.229858 -0.9505
1532259729341598 -0.074707 0.193848 0.231812 -0.950317
1532259729364537 -0.0761719 0.192749 0.2323 -0.950317
1532259729394457 -0.0789185 0.190002 0.233032 -0.950439
1532259729588937 -0.0808105 0.18689 0.234314 -0.950623
1532259729814334 -0.0799561 0.180786 0.23468 -0.951782
1532259729889134 -0.0803223 0.172424 0.232422 -0.953857
1532259730023775 -0.0727539 0.179443 0.246155 -0.949707
1532259730294052 -0.0698242 0.174988 0.235291 -0.953491
1532259730353892 -0.0656128 0.172913 0.232544 -0.954834
1532259730466590 -0.0592041 0.181641 0.245667 -0.950378
1532259730572308 -0.0523071 0.1828 0.250854 -0.949219
1532259730706947 -0.0509033 0.18573 0.252075 -0.948364
1532259730796707 -0.0562744 0.185486 0.246155 -0.949646
1532259730856548 -0.0616455 0.187439 0.224182 -0.954407
1532259730924366 -0.0597534 0.189636 0.223328 -0.954285
1532259730977242 -0.0585938 0.190735 0.223206 -0.954163
1532259731179683 -0.0568848 0.194336 0.226013 -0.952881

1532259731276425 -0.0559692 0.195496 0.228027 -0.952209
1532259731322319 -0.0535889 0.19574 0.229248 -0.951965
1532259731359203 -0.0510864 0.197327 0.230469 -0.951477
1532259731412061 -0.0499268 0.198975 0.230774 -0.951172
1532259731487859 -0.0507813 0.198181 0.229614 -0.951538
1532259731554681 -0.0523071 0.196899 0.227356 -0.952271
1532259731629481 -0.0536499 0.196777 0.225525 -0.952698
1532259731674360 -0.0539551 0.196655 0.22522 -0.952759
1532259731764120 -0.0554199 0.195251 0.224182 -0.953186
1532259731816979 -0.0568237 0.194702 0.224731 -0.953125
1532259731861859 -0.0567627 0.194519 0.225098 -0.953064
1532259731906739 -0.0564575 0.194946 0.225891 -0.95282
1532259731936658 -0.055481 0.194946 0.226135 -0.95282
1532259731959597 -0.0551758 0.194946 0.226013 -0.95282
1532259732019438 -0.0560913 0.195374 0.22583 -0.952759
1532259732034408 -0.0567627 0.195496 0.226013 -0.952637
1532259732087260 -0.0571289 0.195374 0.226318 -0.952576
1532259732206936 -0.0551758 0.195251 0.224731 -0.953064
1532259732243837 -0.0571289 0.195557 0.224121 -0.953064
1532259732371496 -0.0556641 0.196228 0.226318 -0.952454
1532259732401416 -0.0540771 0.196594 0.224915 -0.95282
1532259732439315 -0.0540771 0.196899 0.224854 -0.952759
1532259732462257 -0.0517578 0.196899 0.225647 -0.952698
1532259732537054 -0.0615234 0.196106 0.222229 -0.953125
1532259732618835 -0.0716553 0.191101 0.215332 -0.955017
1532259732648757 -0.0849609 0.181091 0.205627 -0.958008
1532259732799352 -0.0900879 0.16394 0.19104 -0.963623
1532259733272088 -0.147827 -0.20575 0.110718 -0.96106
1532259733294030 -0.179382 -0.206238 0.140991 -0.951538
1532259733391768 -0.195679 -0.200073 0.171936 -0.94458
1532259733399758 -0.202026 -0.19519 0.189697 -0.940857
1532259733414707 -0.214722 -0.184204 0.229919 -0.931213
1532259733481528 -0.226135 -0.14563 0.330078 -0.904846
1532259733541368 -0.219238 -0.146851 0.336914 -0.90387
1532259733556328 -0.215271 -0.149475 0.311829 -0.91333
1532259733594226 -0.208984 -0.153992 0.309448 -0.914856
1532259733683987 -0.186462 -0.167419 0.252625 -0.93457
1532259733826605 -0.21582 -0.222229 0.0853271 -0.947021
1532259733871485 -0.242249 -0.231567 0.123169 -0.934143
1532259733901405 -0.241455 -0.21936 0.176147 -0.928772
1532259733954263 -0.240845 -0.20929 0.206543 -0.924988
1532259734029064 -0.238953 -0.17627 0.288452 -0.910278
1532259734058983 -0.235413 -0.167419 0.319397 -0.902527
1532259734103863 -0.249268 -0.163452 0.302063 -0.905518
1532259734179661 -0.251221 -0.174011 0.265503 -0.914429
1532259734239501 -0.230774 -0.190735 0.199585 -0.933044
1532259734329260 -0.263611 -0.229187 0.128601 -0.928162
1532259734397080 -0.267212 -0.218079 0.187988 -0.919678
1532259734456919 -0.256653 -0.197083 0.238037 -0.915771
1532259734478861 -0.243713 -0.173523 0.289978 -0.909119
1532259734524738 -0.21344 -0.151672 0.33667 -0.904541
1532259734599538 -0.235718 -0.141724 0.309204 -0.9104
1532259734623474 -0.234619 -0.126648 0.31781 -0.909912
1532259734727197 -0.172729 -0.102356 0.307251 -0.930237
1532259734749138 -0.156006 -0.0765381 0.299744 -0.93811
1532259734794018 -0.119568 -0.00323486 0.277832 -0.953186
1532259734839896 -0.110046 0.0205078 0.271301 -0.955994
1532259734868818 -0.095459 0.0720215 0.25708 -0.958984
1532259734989495 -0.0830078 0.180176 0.232666 -0.952148
1532259735004456 -0.0852661 0.192261 0.232544 -0.949585
1532259735064295 -0.0882568 0.192993 0.235046 -0.948547
1532259735117154 -0.074585 0.179321 0.241089 -0.950867
1532259735162034 -0.0714111 0.175171 0.242065 -0.95166
1532259735183975 -0.0755005 0.181885 0.24176 -0.950195
1532259735283709 -0.074646 0.196594 0.240173 -0.947693
1532259735386434 -0.0620728 0.197021 0.239014 -0.948792
1532259735424333 -0.0574951 0.200256 0.237549 -0.948792
1532259735439293 -0.0554199 0.201416 0.236267 -0.948975
1532259735537034 -0.0596924 0.207275 0.231506 -0.948608
1532259735566951 -0.06073 0.208008 0.230774 -0.948608
1532259735641763 -0.062439 0.205505 0.22699 -0.949951
1532259735664706 -0.0645142 0.203491 0.226685 -0.950317
1532259735694610 -0.0671997 0.201965 0.231934 -0.949158
1532259735904050 -0.0668335 0.200073 0.242798 -0.946899
1532259735926988 -0.0665283 0.199341 0.244202 -0.946716
1532259735941948 -0.0662231 0.198547 0.245361 -0.946594
1532259735978850 -0.0684204 0.197144 0.246521 -0.946411
1532259736016749 -0.0671997 0.197571 0.245667 -0.946655
1532259736144407 -0.0656128 0.19812 0.241882 -0.947632
1532259736166348 -0.06604 0.198608 0.240845 -0.947754
1532259736219207 -0.0654907 0.198364 0.242188 -0.94751
1532259736272065 -0.0617676 0.197693 0.243286 -0.947571
1532259736316946 -0.0646973 0.19751 0.243225 -0.947449
1532259736391746 -0.0689087 0.194519 0.243958 -0.947571
1532259736398727 -0.0704346 0.193054 0.244019 -0.947754
1532259736496466 -0.0761108 0.186218 0.243958 -0.94873
1532259736549324 -0.0779419 0.185974 0.247498 -0.947693
1532259736676983 -0.069397 0.187622 0.255249 -0.945984
1532259736706912 -0.0686646 0.187561 0.257202 -0.945496
1532259736774732 -0.0822144 0.180664 0.253601 -0.946716
1532259736826583 -0.083313 0.175598 0.251892 -0.948059
1532259736886422 -0.0828247 0.173401 0.251038 -0.94873
1532259736999122 -0.0794678 0.175537 0.254761 -0.947632
1532259737103841 -0.0578003 0.187317 0.26593 -0.943848
1532259737231500 -0.0632935 0.184143 0.262329 -0.945129
1532259737501777 -0.0535889 0.183533 0.267395 -0.944458
1532259737838876 -0.0553589 0.189392 0.241028 -0.950256
1532259737861815 -0.0546875 0.190613 0.241333 -0.949951
1532259737936618 -0.050354 0.193604 0.241943 -0.949463
1532259737959553 -0.0498047 0.195984 0.241211 -0.949219
1532259738064273 -0.0516357 0.196472 0.237732 -0.94989

1532259738124113 -0.0504761 0.195496 0.238647 -0.94989
1532259738169990 -0.0463867 0.19635 0.240295 -0.949524
1532259738213873 -0.0429688 0.197754 0.240906 -0.949219
1532259738266732 -0.0422974 0.198486 0.241028 -0.949097
1532259738311612 -0.0411377 0.200256 0.242004 -0.948486
1532259738364470 -0.0372925 0.203735 0.242676 -0.947754
1532259738386412 -0.0363159 0.204956 0.241577 -0.947815
1532259738409350 -0.0359497 0.2052 0.240723 -0.947998
1532259738469190 -0.0368652 0.205872 0.238831 -0.948303
1532259738514144 -0.0385742 0.206055 0.238342 -0.948303
1532259738544142 -0.038147 0.205444 0.238403 -0.948425
1532259738567081 -0.0378418 0.205688 0.238098 -0.948486
1532259738603982 -0.0372925 0.205872 0.237793 -0.948547
1532259738633902 -0.0357666 0.205688 0.236694 -0.948914
1532259738686761 -0.0368042 0.206116 0.234497 -0.949341
1532259738716680 -0.0374146 0.206055 0.234802 -0.949219
1532259738776521 -0.0374756 0.205566 0.236389 -0.948914
1532259738792479 -0.0371094 0.205688 0.237061 -0.948792
1532259738821401 -0.0366211 0.206421 0.237732 -0.948486
1532259738844340 -0.0365601 0.205994 0.237305 -0.948669
1532259738912159 -0.038147 0.2052 0.235291 -0.94928
1532259739002915 -0.0441895 0.201904 0.236511 -0.949402
1532259739031838 -0.0439453 0.201965 0.237427 -0.949158
1532259739069742 -0.0437622 0.201599 0.237244 -0.949341
1532259739099657 -0.0438843 0.201172 0.23645 -0.949585
1532259739121598 -0.0448608 0.200989 0.235413 -0.949829
1532259739144537 -0.0465698 0.200928 0.23468 -0.949951
1532259739181438 -0.0491943 0.199646 0.235413 -0.94989
1532259739234298 -0.0495605 0.198792 0.236389 -0.949829
1532259739264216 -0.0496216 0.198364 0.237305 -0.949707
1532259739294137 -0.0496826 0.198853 0.238281 -0.949341
1532259739324059 -0.0494385 0.199097 0.238403 -0.94928
1532259739368937 -0.0487061 0.198181 0.236572 -0.949951
1532259739421796 -0.0526123 0.197571 0.235718 -0.950073
1532259739459694 -0.0522461 0.196533 0.238464 -0.949646
1532259739511556 -0.0515747 0.197571 0.239075 -0.949341
1532259739526515 -0.0507202 0.197693 0.238892 -0.949341
1532259739549454 -0.0498657 0.197388 0.238342 -0.949646
1532259739601315 -0.0516357 0.197815 0.235718 -0.950073
1532259739624254 -0.0521851 0.197632 0.236084 -0.950012
1532259739662153 -0.0515747 0.197021 0.237854 -0.949707
1532259739684094 -0.0511475 0.197327 0.238586 -0.949524
1532259739721993 -0.0508423 0.19812 0.239075 -0.949219
1532259739751913 -0.0488892 0.199036 0.239441 -0.949036
1532259739796793 -0.0474243 0.198914 0.238342 -0.949402
1532259739834691 -0.0499268 0.199646 0.237366 -0.949402
1532259739886584 -0.0492554 0.198975 0.239868 -0.948914
1532259739961384 -0.0479126 0.200256 0.24115 -0.948425
1532259740006304 -0.0455933 0.199951 0.239746 -0.948914
1532259740029242 -0.0464478 0.200378 0.239136 -0.948975
1532259740052181 -0.0475464 0.200745 0.238953 -0.948914
1532259740082101 -0.0477295 0.200745 0.239868 -0.948608
1532259740112021 -0.0472412 0.201355 0.241089 -0.948242
1532259740133962 -0.046936 0.201843 0.241394 -0.948059
1532259740201781 -0.0440674 0.201416 0.241882 -0.948181
1532259740216742 -0.0426025 0.20166 0.241333 -0.948303
1532259740239680 -0.0422974 0.202698 0.240601 -0.948303
1532259740284560 -0.0556641 0.199585 0.236877 -0.949219
1532259740336421 -0.0709229 0.190002 0.228455 -0.952209
1532259740419200 -0.0869751 0.15979 0.212646 -0.960083
1532259740568800 -0.09552 0.131287 0.201111 -0.966064
1532259740644597 -0.0985718 0.115479 0.195068 -0.968994
1532259740704452 -0.109863 0.0651245 0.179382 -0.975464
1532259740832096 -0.135315 -0.15509 0.129822 -0.969971
1532259740883957 -0.140869 -0.180359 0.122498 -0.965759
1532259740974714 -0.168396 -0.1922 0.135498 -0.957275
1532259741034554 -0.184265 -0.191772 0.154968 -0.951477
1532259741177173 -0.229431 -0.162415 0.271301 -0.920532
1532259741243994 -0.216125 -0.133667 0.336365 -0.90686
1532259741311813 -0.198364 -0.132385 0.329956 -0.913391
1532259741326773 -0.188721 -0.138428 0.327515 -0.915405
1532259741476372 -0.169495 -0.166748 0.200867 -0.950378
1532259741529231 -0.170105 -0.179199 0.156677 -0.956299
1532259741597050 -0.211304 -0.203186 0.10907 -0.94989
1532259741671850 -0.21521 -0.179626 0.211731 -0.936279
1532259741724709 -0.211304 -0.170715 0.237976 -0.932556
1532259741739669 -0.208191 -0.162292 0.262756 -0.928101
1532259741799509 -0.202209 -0.146973 0.299744 -0.920715
1532259741866330 -0.19458 -0.131348 0.312988 -0.920349
1532259741906223 -0.183044 -0.139648 0.265137 -0.93634
1532259741957087 -0.187622 -0.151001 0.209473 -0.947693
1532259742008948 -0.197632 -0.155518 0.190796 -0.948914
1532259742068788 -0.20636 -0.159363 0.174988 -0.949463
1532259742092725 -0.228577 -0.16626 0.160706 -0.945679
1532259742174506 -0.230286 -0.145386 0.23822 -0.932251
1532259742226366 -0.229431 -0.136658 0.259399 -0.928162
1532259742324105 -0.226807 -0.106323 0.311462 -0.916687
1532259742428826 -0.194031 -0.0672607 0.328003 -0.922119
1532259742466724 -0.177307 -0.0621948 0.326294 -0.926453
1532259742504624 -0.159058 -0.0462646 0.324097 -0.931458
1532259742519583 -0.145508 -0.0368042 0.321289 -0.934998
1532259742579423 -0.0923462 0.0326538 0.299316 -0.949158
1532259742631284 -0.0817261 0.0584106 0.288391 -0.952271
1532259742707082 -0.0493164 0.197449 0.223633 -0.953186
1532259742841722 -0.069458 0.214478 0.21283 -0.950745
1532259742939461 -0.053894 0.211487 0.230835 -0.948242
1532259743007279 -0.0452271 0.210083 0.236328 -0.947632
1532259743082079 -0.0496216 0.208496 0.233337 -0.948486
1532259743126959 -0.0479126 0.20813 0.232727 -0.948853
1532259743194778 -0.0424805 0.209473 0.233887 -0.948486
1532259743231679 -0.0392456 0.211487 0.234375 -0.948059
1532259743261599 -0.0371704 0.212585 0.234741 -0.947815
1532259743336399 -0.0338135 0.215698 0.234497 -0.947327
1532259743389257 -0.0299683 0.21936 0.234131 -0.946655
1532259743457084 -0.0306396 0.219116 0.232849 -0.947021
1532259743493978 -0.0354614 0.215637 0.232117 -0.947815
1532259743568778 -0.0351563 0.212708 0.238342 -0.94696
1532259743621651 -0.0357056 0.207947 0.24292 -0.946838
1532259743764255 -0.0473633 0.192322 0.242676 -0.949707
1532259743951755 -0.0540161 0.181396 0.234863 -0.95343
1532259744041513 -0.050415 0.204651 0.22699 -0.950806
1532259744124292 -0.0580444 0.210754 0.22113 -0.950439
1532259744177151 -0.0632935 0.207581 0.218262 -0.951477
1532259744326750 -0.0775757 0.201721 0.215393 -0.952332
1532259744394584 -0.0803223 0.198242 0.216919 -0.952515
1532259744454410 -0.0817871 0.19635 0.217529 -0.952637
1532259744567107 -0.088562 0.192688 0.219116 -0.952393
1532259744671828 -0.0864868 0.192627 0.223083 -0.95166
1532259744859326 -0.10553 0.175598 0.219604 -0.953857
1532259744957074 -0.0942993 0.18335 0.228821 -0.951416
1532259745008926 -0.0905151 0.185303 0.229614 -0.951172
1532259745053806 -0.0890503 0.189575 0.229675 -0.9505
1532259745076745 -0.0912476 0.188599 0.228149 -0.950867
1532259745129604 -0.0943604 0.184937 0.225403 -0.951904
1532259745159524 -0.0957642 0.179626 0.221924 -0.953613
1532259745196425 -0.0950928 0.17688 0.220398 -0.954529
1532259745211385 -0.0915527 0.172241 0.220093 -0.955811
1532259745279204 -0.090271 0.173096 0.221619 -0.955383
1532259745332062 -0.088501 0.178101 0.226196 -0.953552
1532259745354005 -0.0873413 0.181152 0.228821 -0.952515
1532259745451742 -0.0629883 0.195129 0.237793 -0.949463
1532259745481662 -0.0601807 0.196655 0.237915 -0.94928
1532259745526542 -0.0588989 0.199707 0.234314 -0.949646
1532259745549481 -0.0596313 0.200378 0.229736 -0.950562
1532259745632260 -0.0640259 0.202393 0.218323 -0.952515
1532259745654201 -0.0645752 0.20343 0.216003 -0.95282
1532259745677140 -0.0637207 0.204407 0.214233 -0.953064
1532259745692099 -0.0593262 0.206665 0.21228 -0.953308
1532259745736994 -0.0531006 0.209534 0.211731 -0.953125
1532259745788841 -0.0482788 0.212219 0.212463 -0.952637
1532259745834728 -0.0461426 0.213562 0.212891 -0.952332
1532259745856660 -0.0441895 0.214294 0.213318 -0.952209
1532259745984318 -0.0450439 0.216309 0.214539 -0.951416

1532259746082057 -0.0465088 0.21582 0.214722 -0.951416
1532259746133918 -0.0485229 0.214966 0.2146 -0.951538
1532259746156857 -0.0460815 0.214478 0.214355 -0.951843
1532259746171817 -0.0454102 0.214539 0.214355 -0.951843
1532259746224691 -0.0435791 0.215881 0.214233 -0.95166
1532259746261577 -0.0405884 0.21814 0.214111 -0.951294
1532259746306456 -0.0391846 0.218628 0.213379 -0.951416
1532259746359324 -0.0387573 0.217957 0.212524 -0.951782
1532259746382254 -0.0386353 0.217529 0.212036 -0.951965
1532259746493955 -0.0396118 0.217651 0.210571 -0.952209
1532259746508915 -0.0393066 0.21759 0.210449 -0.952271
1532259746546814 -0.0385742 0.216553 0.209534 -0.952759
1532259746584712 -0.0391235 0.216309 0.20929 -0.95282
1532259746606654 -0.039856 0.216064 0.209229 -0.952881
1532259746644552 -0.0404053 0.215881 0.209412 -0.952881
1532259746674472 -0.0408325 0.21521 0.210083 -0.952881
1532259746696413 -0.0408325 0.214966 0.210449 -0.95282
1532259746726334 -0.0407715 0.215088 0.210632 -0.952759
1532259746741294 -0.0406494 0.215027 0.210754 -0.952759
1532259746764232 -0.0405273 0.2146 0.210754 -0.952881
1532259746802131 -0.0415039 0.213928 0.210388 -0.953003
1532259746832051 -0.0426636 0.213806 0.21051 -0.953003
1532259746861971 -0.0437622 0.21344 0.210999 -0.952942
1532259746891891 -0.0445557 0.212952 0.211609 -0.95282
1532259746936771 -0.0447998 0.212463 0.212219 -0.95282
1532259746974670 -0.045105 0.213318 0.212646 -0.952515
1532259747011571 -0.0446777 0.212646 0.211548 -0.952942
1532259747064430 -0.0465088 0.212219 0.210571 -0.953125
1532259747094353 -0.0477905 0.211853 0.210754 -0.953125
1532259747147209 -0.0488281 0.21051 0.212463 -0.953003
1532259747228989 -0.0477905 0.21051 0.21228 -0.953064
1532259747252926 -0.0478516 0.210205 0.211792 -0.953247
1532259747304787 -0.0512695 0.209351 0.212158 -0.953186
1532259747349667 -0.0512085 0.208862 0.212891 -0.953125
1532259747386568 -0.0509033 0.208557 0.213379 -0.953125
1532259747499267 -0.0499878 0.208801 0.213013 -0.953186
1532259747626926 -0.0556641 0.209412 0.213379 -0.952637
1532259747648867 -0.0582886 0.207825 0.211792 -0.953186
1532259747671806 -0.0616455 0.204224 0.208557 -0.954468
1532259747986963 -0.0773315 0.190918 0.199036 -0.95813
1532259748061777 -0.0932617 0.169373 0.188599 -0.96283
1532259748114621 -0.123291 -0.127991 0.117065 -0.977112
1532259748151523 -0.113159 -0.177551 0.0974731 -0.972778
1532259748190428 -0.122192 -0.189941 0.0941162 -0.969666
1532259748226323 -0.130249 -0.192871 0.0944214 -0.967957
1532259748272200 -0.148376 -0.197449 0.10144 -0.963745
1532259748353982 -0.176208 -0.197937 0.131775 -0.955261
1532259748413821 -0.18512 -0.196655 0.146362 -0.95166
1532259748481640 -0.213562 -0.180847 0.223755 -0.933655
1532259748564418 -0.212097 -0.143982 0.331543 -0.907959
1532259748616280 -0.193298 -0.146606 0.322266 -0.915039
1532259748639219 -0.191895 -0.14856 0.311157 -0.918884
1532259748692077 -0.18866 -0.153625 0.254395 -0.936035
1532259748743938 -0.190125 -0.158997 0.20697 -0.946472
1532259748758898 -0.19519 -0.161743 0.183777 -0.949768
1532259748879576 -0.238831 -0.180542 0.117432 -0.946899
1532259748924456 -0.24884 -0.184204 0.116699 -0.943726
1532259748946397 -0.256897 -0.18042 0.158997 -0.936096
1532259748954376 -0.254028 -0.174133 0.183594 -0.933533
1532259749014217 -0.238342 -0.142761 0.28656 -0.916931
1532259749082035 -0.227295 -0.129822 0.31842 -0.911133
1532259749156834 -0.210632 -0.121643 0.315125 -0.917358
1532259749299453 -0.207336 -0.155579 0.193298 -0.94635
1532259749367272 -0.240967 -0.182678 0.120667 -0.945557
1532259749434093 -0.25769 -0.191956 0.141052 -0.936462
1532259749471992 -0.248901 -0.180176 0.184509 -0.933594
1532259749576712 -0.223328 -0.14032 0.283508 -0.921997
1532259749629570 -0.215698 -0.130737 0.302185 -0.919312
1532259749651512 -0.200256 -0.115601 0.328979 -0.915649
1532259749711352 -0.189514 -0.112305 0.330627 -0.917725
1532259749787149 -0.147461 -0.0831299 0.31189 -0.934937
1532259749817069 -0.111877 -0.0504761 0.301086 -0.945679
1532259749921789 -0.0731201 0.00231934 0.281616 -0.956787
1532259749937766 -0.0606079 0.0237427 0.274597 -0.959351
1532259750041469 -0.0371094 0.176697 0.254639 -0.950073
1532259750079368 -0.0371094 0.184509 0.260803 -0.946899
1532259750116269 -0.034668 0.182922 0.262878 -0.946716
1532259750154168 -0.0305786 0.176941 0.26239 -0.94812
1532259750207026 -0.0350952 0.177124 0.260315 -0.948486
1532259750273847 -0.0465698 0.184753 0.256226 -0.947693
1532259750349644 -0.0424194 0.190247 0.255127 -0.947083
1532259750431426 -0.0465698 0.192505 0.248352 -0.948242
1532259750552104 -0.0545044 0.196655 0.235657 -0.950195
1532259750611943 -0.0574341 0.197937 0.23053 -0.950989
1532259750679777 -0.0603027 0.196106 0.232056 -0.950867
1532259750761544 -0.0574341 0.192932 0.239868 -0.949707
1532259750784482 -0.0574341 0.192078 0.243835 -0.948914
1532259750836343 -0.0581055 0.191895 0.245544 -0.948425
1532259750904174 -0.0584106 0.190857 0.248657 -0.947815
1532259750986948 -0.0588989 0.189514 0.250854 -0.94751
1532259751106620 -0.0595093 0.190308 0.247803 -0.948059
1532259751129558 -0.0596924 0.190308 0.246948 -0.948303
1532259751181420 -0.062439 0.190186 0.243408 -0.949036
1532259751241260 -0.0632935 0.189514 0.243774 -0.949036
1532259751302098 -0.0646362 0.188477 0.243958 -0.949097
1532259751444716 -0.0684204 0.186279 0.244873 -0.949036
1532259751541458 -0.0706787 0.18103 0.255066 -0.947205
1532259751594316 -0.0637207 0.182007 0.260498 -0.946045
1532259751654157 -0.0603638 0.182434 0.263123 -0.945435
1532259751834674 -0.0759888 0.167725 0.255066 -0.949219
1532259751886535 -0.0731812 0.165771 0.254517 -0.949951
1532259751909474 -0.0710449 0.166382 0.255737 -0.949707
1532259752074033 -0.0400391 0.185181 0.276306 -0.942261
1532259752096972 -0.0405273 0.185242 0.276428 -0.942139
1532259752141852 -0.0461426 0.183411 0.274109 -0.942932
1532259752216652 -0.0593262 0.178345 0.265503 -0.945618
1532259752269511 -0.0689087 0.176636 0.25708 -0.947632
1532259752291452 -0.0681763 0.177124 0.255554 -0.947998
1532259752314391 -0.0632324 0.179443 0.255981 -0.947815
1532259752351292 -0.0588379 0.184143 0.259338 -0.946228
1532259752412129 -0.0494385 0.186951 0.264465 -0.944824
1532259752442050 -0.0391235 0.188599 0.26947 -0.943604
1532259752486929 -0.0332031 0.190674 0.272705 -0.942444
1532259752501900 -0.0319214 0.191711 0.273315 -0.942078
1532259752538791 -0.0317993 0.19397 0.272278 -0.941956
1532259752561729 -0.0349731 0.195313 0.268738 -0.942566
1532259752599628 -0.0397339 0.196533 0.26239 -0.943909
1532259752644508 -0.0427246 0.196533 0.258728 -0.944824
1532259752704349 -0.0458984 0.196655 0.2547 -0.94574
1532259752796107 -0.0571899 0.196716 0.239624 -0.949036
1532259752846967 -0.0575562 0.197449 0.227844 -0.951721
1532259752891847 -0.0562134 0.19873 0.227112 -0.951721
1532259752974625 -0.0540771 0.200684 0.227661 -0.951294
1532259753004550 -0.0511475 0.202209 0.228943 -0.950867
1532259753080343 -0.0491943 0.204041 0.230164 -0.950256
1532259753109265 -0.0487061 0.205139 0.230408 -0.950012

1532259753199025 -0.0460205 0.206421 0.230896 -0.949707
1532259753304758 -0.0374146 0.209167 0.235107 -0.948486
1532259753334663 -0.0368042 0.209412 0.235168 -0.948425
1532259753379543 -0.0371704 0.209473 0.234863 -0.948486
1532259753394502 -0.0389404 0.209412 0.233887 -0.948669
1532259753424422 -0.0394897 0.209229 0.233398 -0.948792
1532259753454344 -0.0397339 0.20813 0.232605 -0.949219
1532259753476284 -0.0397339 0.207642 0.232117 -0.949463
1532259753537121 -0.0402222 0.207092 0.23114 -0.949768
1532259753574022 -0.0406494 0.207031 0.230835 -0.94989
1532259753626881 -0.0415649 0.206055 0.230164 -0.950195
1532259753648822 -0.0421753 0.205811 0.230347 -0.950195
1532259753679740 -0.0426636 0.205383 0.230652 -0.950195
1532259753724620 -0.0428467 0.204956 0.230957 -0.950195
1532259753814410 -0.0437012 0.20459 0.23175 -0.950012
1532259753874250 -0.0458984 0.203064 0.232117 -0.950195
1532259753942068 -0.0472412 0.202393 0.232666 -0.950134
1532259753964010 -0.0473022 0.202271 0.23291 -0.950073
1532259754031829 -0.0474243 0.201233 0.232788 -0.950317
1532259754061760 -0.0482178 0.200928 0.232483 -0.950439
1532259754091669 -0.0493164 0.200623 0.232361 -0.950439
1532259754114606 -0.0507813 0.199768 0.232605 -0.9505
1532259754151509 -0.0510254 0.19928 0.232727 -0.950562
1532259754211349 -0.0523682 0.199585 0.232056 -0.950562
1532259754249248 -0.0521851 0.199097 0.232056 -0.950684
1532259754279167 -0.0515137 0.19928 0.232056 -0.950684
1532259754309087 -0.0494385 0.198914 0.233032 -0.950623
1532259754339007 -0.0558472 0.196533 0.231384 -0.951172
1532259754383887 -0.0657959 0.189758 0.226318 -0.953125
1532259754413807 -0.0715942 0.183655 0.221619 -0.955017
1532259754444725 -0.0786133 0.175964 0.215576 -0.957275
1532259754496596 -0.0930176 0.156128 0.203613 -0.962036
1532259754781823 -0.117004 0.0958862 0.181152 -0.971741
1532259754796782 -0.123352 0.0599365 0.171204 -0.975708
1532259754916463 -0.147217 -0.13855 0.126282 -0.971191
1532259754999242 -0.171936 -0.154602 0.127258 -0.9646
1532259755044121 -0.20166 -0.156616 0.153809 -0.95459
1532259755118922 -0.209412 -0.155396 0.168945 -0.950562
1532259755148842 -0.22467 -0.140015 0.271667 -0.925293
1532259755246581 -0.224548 -0.116943 0.345764 -0.903564
1532259755299439 -0.219666 -0.111755 0.355896 -0.901428
1532259755351300 -0.208679 -0.120178 0.323914 -0.914978
1532259755404159 -0.195984 -0.13562 0.233215 -0.94281
1532259755449039 -0.205688 -0.14093 0.191406 -0.949341
1532259755471977 -0.20874 -0.144836 0.171875 -0.951843
1532259755538800 -0.224731 -0.155212 0.143738 -0.951233
1532259755681417 -0.252197 -0.166199 0.155212 -0.940613
1532259755749236 -0.230591 -0.12262 0.294128 -0.919434
1532259756102291 -0.222412 -0.127869 0.269714 -0.928162
1532259756133209 -0.250854 -0.148193 0.259338 -0.920837
1532259756154153 -0.248901 -0.142151 0.274353 -0.917969
1532259756356612 -0.211548 -0.0843506 0.340393 -0.912292
1532259756386531 -0.21521 -0.0767822 0.342957 -0.911133
1532259756469311 -0.0917358 0.0493164 0.278687 -0.954712
1532259756514190 -0.0770264 0.071228 0.271606 -0.956665
1532259756776489 -0.0609741 0.0910034 0.266052 -0.957703
1532259756829348 -0.0427246 0.143921 0.253174 -0.95575
1532259756993907 -0.0593872 0.199768 0.250244 -0.945496
1532259757144505 -0.0665283 0.197754 0.236572 -0.948975
1532259757182405 -0.0592041 0.199524 0.232056 -0.950195
1532259757212324 -0.0609131 0.200684 0.23053 -0.950195
1532259757346964 -0.0689697 0.200684 0.232849 -0.949097
1532259757414782 -0.0709229 0.19928 0.235718 -0.948547
1532259757436723 -0.0701904 0.195374 0.241699 -0.947937
1532259757520499 -0.065979 0.215942 0.248474 -0.941956
1532259757549422 -0.0670776 0.218567 0.248901 -0.941162
1532259757564381 -0.0673828 0.217529 0.248718 -0.941406
1532259757639182 -0.0670166 0.217285 0.247009 -0.941956
1532259757721977 -0.064209 0.224854 0.241882 -0.941711
1532259757788782 -0.0654297 0.221313 0.239685 -0.943054
1532259757841656 -0.0658569 0.220886 0.239746 -0.943115
1532259757976281 -0.0697632 0.213684 0.243164 -0.943604
1532259757999219 -0.0710449 0.21228 0.243286 -0.943787
1532259758052078 -0.0752563 0.208191 0.244019 -0.944153
1532259758111918 -0.0772705 0.205933 0.244995 -0.944275
1532259758141838 -0.0780029 0.205383 0.245422 -0.944214
1532259758171758 -0.0761719 0.205933 0.247498 -0.943726
1532259758367235 -0.0648804 0.207825 0.25116 -0.943176
1532259758397155 -0.0691528 0.206177 0.248047 -0.944031
1532259758599614 -0.0835571 0.189331 0.24115 -0.948181
1532259758651476 -0.0822754 0.190552 0.247803 -0.94635
1532259758674414 -0.0796509 0.192444 0.250549 -0.945435
1532259758727273 -0.0690918 0.196594 0.255859 -0.944031
1532259758772152 -0.0518188 0.204346 0.26239 -0.94165
1532259758809054 -0.0507813 0.204712 0.261353 -0.941956
1532259758951672 -0.0634766 0.194458 0.252136 -0.945862
1532259758974611 -0.0595703 0.189209 0.247437 -0.948425
1532259759049411 -0.0490723 0.194214 0.253174 -0.946472
1532259759199011 -0.0316772 0.205688 0.265625 -0.941345
1532259759386509 -0.0418091 0.20459 0.241699 -0.947632
1532259759424408 -0.041687 0.196594 0.239807 -0.949829
1532259759477267 -0.0418701 0.196106 0.236755 -0.950684
1532259759529140 -0.0408936 0.200378 0.235901 -0.950012
1532259759567027 -0.0394897 0.194824 0.236572 -0.95105
1532259759588969 -0.036499 0.203613 0.236633 -0.949341
1532259759633848 -0.0356445 0.195374 0.238342 -0.950684
