1532259928219504 0.398926 0.231934 0.927734
1532259928264383 0.386719 0.228516 0.927246
1532259928362122 0.355957 0.217285 0.975586
1532259928541642 0.390625 0.230469 0.95752
1532259928571571 0.387695 0.224609 0.951172
1532259928722158 0.383789 0.241699 0.934082
1532259929254751 0.325684 0.214844 0.971191
1532259929329534 0.37207 0.233398 0.962891
1532259929336516 0.383789 0.218262 0.959961
1532259929472154 0.393066 0.217285 0.95166
1532259929554936 0.399902 0.211426 0.947754
1532259929606793 0.369629 0.207031 0.950195
1532259929629732 0.376953 0.210938 0.943848
1532259929644692 0.369629 0.20459 0.951172
1532259929659652 0.377441 0.212402 0.947266
1532259929741434 0.395508 0.216309 0.933594
1532259929779332 0.393066 0.210449 0.932617
1532259929824212 0.395508 0.219238 0.931152
1532259930079529 0.385742 0.213379 0.957031
1532259930139369 0.401855 0.220215 0.95459
1532259930192228 0.398926 0.224609 0.946289
1532259930229129 0.38623 0.219238 0.942871
1532259930274016 0.381836 0.204102 0.957031
1532259930349806 0.376465 0.208984 0.959473
1532259930446548 0.369629 0.217773 0.95166
1532259930574234 0.386719 0.200684 0.940918
1532259930806611 0.409668 0.183105 0.917969
1532259930874430 0.397949 0.205566 0.931641
1532259931061929 0.398926 0.193359 0.956543
1532259931136728 0.387695 0.189941 0.966797
1532259931279347 0.421875 0.192383 0.928711
1532259931309267 0.431641 0.19043 0.924316
1532259931362126 0.420898 0.174805 0.899414
1532259931392045 0.413086 0.17041 0.907227
1532259931541646 0.418945 0.17334 0.929199
1532259931594504 0.408691 0.175781 0.970703
1532259931692243 0.48584 0.112793 1.01855
1532259931729144 0.474609 0.140137 1.12012
1532259931774024 0.238281 0.0180664 1.35693
1532259931803945 0.090332 0.0615234 1.3208
1532259931833864 -0.144043 0.103516 1.20313
1532259931991443 -0.187988 0.0566406 1.0083
1532259932029342 -0.195801 0.0454102 0.986816
1532259932112120 0.213379 -0.29541 0.89502
1532259932171960 0.158691 -0.442871 0.867188
1532259932231801 0.120605 -0.512207 0.905762
1532259932246760 -0.0493164 -0.680664 0.796875
1532259932261720 -0.236816 -0.663086 0.76416
1532259932321566 -0.401367 -0.650879 0.766113
1532259932382398 -0.345215 -0.608398 0.693848
1532259932404347 -0.230469 -0.552734 0.749512
1532259932427278 0.131836 -0.713867 0.803223
1532259932457198 0.203125 -0.704102 0.788574
1532259932472157 0.266602 -0.601563 0.689453
1532259932494098 0.386719 -0.501953 0.680664
1532259932524019 0.470215 -0.570801 0.722168
1532259932561918 0.380371 -0.607422 0.705078
1532259932591837 0.333008 -0.529785 0.720215
1532259932622754 0.29541 -0.587402 0.807129
1532259932704542 0.0390625 -0.769531 0.828613
1532259932734456 -0.140625 -0.765137 0.85498
1532259932764376 -0.131348 -0.960938 0.625
1532259932862115 -0.200195 -0.904297 0.574219
1532259932921955 0.0185547 -0.637207 0.630859
1532259932989773 0.631836 -0.686035 0.66748
1532259933011715 0.640625 -0.606934 0.751465
1532259933147355 0.584473 -0.647949 0.809082
1532259933214173 0.263184 -0.518066 0.821777
1532259933281992 -0.148438 -0.898926 0.390625
1532259933303952 -0.059082 -1.07764 0.394043
1532259933349811 0.166992 -0.962891 0.546387
1532259933424611 0.263672 -0.807129 0.47998
1532259933439571 0.36084 -0.76123 0.480469
1532259933529331 0.649414 -0.452637 0.805176
1532259933597149 0.00634766 -0.910645 0.807129
1532259933761709 -0.241211 -1.06494 0.201172
1532259933836509 -0.191895 -0.927246 0.307129
1532259933874408 -0.0234375 -0.857422 0.427734
1532259934114764 0.313965 -0.883789 0.647949
1532259934159645 0.297852 -0.516602 0.696777
1532259934249405 -0.0219727 -0.554199 0.775391
1532259934466824 -0.0737305 -0.505371 0.812012
1532259934519682 0.0751953 -0.489746 0.85498
1532259934556584 0.00439453 -0.654297 1.01807
1532259934609441 0.830078 -0.228516 0.783203
1532259934631383 0.885254 -0.208984 0.943848
1532259934647341 0.904785 -0.146484 1.04736
1532259934677261 0.78125 -0.184082 0.796387
1532259934699202 0.359863 -0.200684 0.952637
1532259934729122 0.445801 -0.195313 1.01758
1532259934752061 0.43457 -0.178711 1.07227
1532259934767021 0.448242 -0.190918 1.08984
1532259934788963 1.0293 -0.0893555 1.20654
1532259934811901 1.01416 0.0224609 1.07422
1532259934834839 0.146484 -0.348145 0.979004
1532259934856781 0.0537109 -0.28418 0.953125
1532259934879719 0.739746 -0.146484 1.396

1532259934946541 -0.0966797 -0.213867 0.792969
1532259934969479 0.796387 -0.0820313 1.37354
1532259935014360 -0.123047 -0.131348 0.71582
1532259935074200 1.1123 0.242188 1.146
1532259935097146 0.180664 0.135254 0.560547
1532259935142018 0.818359 0.255371 0.870605
1532259935201858 0.461426 0.0737305 0.972168
1532259935246738 0.430664 0.125977 0.933594
1532259935261699 0.423828 0.143066 0.90918
1532259935291618 0.435059 0.144531 0.922363
1532259935381382 0.460449 0.0908203 0.973145
1532259935434237 0.457031 0.116211 0.941895
1532259935531992 0.51416 0.116211 0.922852
1532259935561896 0.46875 0.144043 0.923828
1532259935606776 0.470703 0.117188 0.927246
1532259935636695 0.48877 0.149902 0.928711
1532259935651655 0.466797 0.160156 0.918457
1532259935711495 0.345703 0.197266 0.908203
1532259935824194 0.342773 0.0810547 0.950684
1532259935847132 0.370605 0.0683594 0.969238
1532259935869074 0.394531 0.0776367 1.00684
1532259935892012 0.412598 0.102539 1.01172
1532259935981772 0.401855 0.17334 0.960449
1532259935996733 0.40332 0.175781 0.950684
1532259936011692 0.404297 0.170898 0.955566
1532259936064551 0.430664 0.161133 0.939941
1532259936109431 0.428711 0.149414 0.929199
1532259936147346 0.449707 0.169434 0.922852
1532259936207170 0.396973 0.187012 0.939453
1532259936259031 0.414063 0.150391 0.960938
1532259936289949 0.380859 0.160645 0.961426
1532259936334829 0.413086 0.219238 0.932129
1532259936349788 0.407227 0.200684 0.944336
1532259936394668 0.388184 0.18457 0.951172
1532259936424588 0.36377 0.169922 0.931152
1532259936446530 0.383789 0.212402 0.917969
1532259936476449 0.368652 0.205566 0.940918
1532259936514348 0.313965 0.188477 0.990723
1532259936537287 0.299805 0.166992 1.00879
1532259936559228 0.282227 0.168945 1.02148
1532259936612087 0.275879 0.158691 0.99707
1532259936642007 0.258301 0.15625 1
1532259936656967 0.250488 0.162598 0.999512
1532259936761687 0.315918 0.180664 0.988281
1532259936889346 0.350586 0.227051 0.96875
1532259937384022 0.410156 0.191895 0.904297
1532259937586481 0.34668 0.197754 0.995117
1532259937647319 0.367188 0.210938 0.974609
1532259937692199 0.38916 0.184082 0.956543
1532259937722119 0.393066 0.178711 0.946289
1532259937737079 0.390137 0.19043 0.942871
1532259937788940 0.378906 0.194824 0.954102
1532259937864737 0.37207 0.200195 0.960449
1532259937991399 0.387207 0.20459 0.925781
1532259938037281 0.400391 0.188965 0.943848
1532259938141996 0.390625 0.166504 0.951172
1532259938366396 0.37207 0.189941 0.951172
1532259938479094 0.39502 0.18457 0.940918
1532259938546913 0.394531 0.171387 0.963379
1532259938719452 0.387695 0.165527 0.941895
1532259938772311 0.401367 0.187012 0.95752
1532259938906950 0.394043 0.15918 0.9375
1532259939071511 0.771973 -0.237305 1.24365
1532259939116390 0.382324 -0.121094 1.4043
1532259939169249 -0.0805664 -0.034668 1.29492
1532259939184209 -0.248047 -0.050293 1.22119
1532259939252027 -0.344727 -0.0263672 1.07227
1532259939319846 -0.336914 0.000488281 1.00586
1532259939401628 -0.101074 -0.238281 0.713867
1532259939461467 0.0913086 -0.419922 0.697266
1532259939529286 0.857422 -0.504395 0.763672
1532259939597105 0.743652 -0.707031 0.699707
1532259939619046 0.543457 -0.711914 0.723633
1532259939678885 0.0439453 -0.830566 0.582031
1532259939746711 -0.257813 -0.95166 0.538574
1532259939791591 -0.510254 -0.980957 0.451172
1532259939814530 -0.322754 -0.786621 0.542969
1532259939874369 0.0756836 -0.631348 0.625
1532259939904290 0.775391 -0.728027 0.81543
1532259939927237 0.955078 -0.760254 0.733887
1532259939957148 1.10645 -0.785156 0.652832
1532259940016988 0.954102 -0.59668 0.807129
1532259940084806 0.699707 -0.654297 0.833984
1532259940114727 0.410156 -0.801758 0.803711
1532259940144647 0.0678711 -0.880371 0.689941
1532259940159607 -0.300293 -0.963867 0.45752
1532259940235405 -0.442871 -0.959473 0.0888672
1532259940256349 -0.457031 -1.01074 0.157227
1532259940302226 -0.140137 -0.831055 0.324707
1532259940354107 0.498535 -0.512695 0.609375
1532259940362065 0.704102 -0.821777 0.561523
1532259940391986 1.58643 -1.11963 0.402344
1532259940421906 1.71191 -0.95752 0.236816
1532259940504684 0.607422 -0.790039 0.662598
1532259940632343 -0.626953 -0.860352 0.241211
1532259940714124 -0.867188 -1.12109 0.0395508
1532259940722102 -0.98291 -1.22559 0.0649414
1532259940773964 -0.415039 -0.974121 0.408691
1532259940826834 0.690918 -0.975098 0.530273
1532259940916583 0.433594 -0.533203 0.644043
1532259940969442 0.699707 -0.646973 0.852539
1532259940976423 0.500488 -0.546875 0.836914
1532259941014321 -0.0380859 -0.74707 0.655273
1532259941141980 -0.350098 -0.885742 0.472168
1532259941201823 -0.451172 -1.05518 0.359863
1532259941254685 -0.946777 -1.39307 0.182617
1532259941276620 -0.00537109 -1.01416 0.357422
1532259941299559 0.35498 -0.88623 0.439941
1532259941449159 1.28418 -0.53418 0.589355
1532259941591778 -0.482422 -1.08398 0.540039
1532259941621699 -0.77002 -1.02197 0.640137
1532259942034593 0.00878906 -0.342773 0.880859
1532259942079474 0.00195313 -0.413574 0.920898
1532259942162252 0.155273 -0.456055 0.836914
1532259942192184 0.339844 -0.393066 0.809082
1532259942214113 0.303223 -0.337891 0.810059
1532259942252012 0.411621 -0.407227 0.941406
1532259942273953 0.437988 -0.299805 0.949219
1532259942311852 0.418457 -0.400879 0.883301
1532259942349750 0.380371 -0.319336 0.898926

1532259942439510 0.477539 -0.209473 1.09814
1532259942461452 0.490723 -0.164063 1.09766
1532259942529270 0.451172 -0.0791016 1.06494
1532259942633990 0.466797 0.0844727 1.06641
1532259942701810 0.402832 0.0556641 1.00586
1532259942761721 0.418457 0.130371 0.934082
1532259942776642 0.447266 0.0947266 0.925293
1532259942829748 0.432617 0.027832 0.947266
1532259942866649 0.473145 0.0678711 0.989258
1532259942919508 0.345215 0.103516 0.970215
1532259942934468 0.33252 0.15918 0.931152
1532259942972367 0.346191 0.151367 0.939941
1532259943002286 0.340332 0.131348 0.931152
1532259943039188 0.350098 0.133301 0.956543
1532259943077086 0.365723 0.122559 0.968262
1532259943099029 0.36377 0.151367 0.987793
1532259943151890 0.375977 0.200195 0.966797
1532259943196772 0.378906 0.198242 0.96875
1532259943234671 0.387695 0.182617 0.971191
1532259943264624 0.387207 0.178711 0.96875
1532259943286566 0.377441 0.180176 0.95752
1532259943309504 0.378418 0.168945 0.958984
1532259943361366 0.382324 0.15332 0.96875
1532259943414224 0.382813 0.148438 0.970215
1532259943437164 0.384766 0.158203 0.975098
1532259943549861 0.413086 0.179199 0.934082
1532259943586763 0.368164 0.16748 0.944824
1532259943616683 0.357422 0.17041 0.952637
1532259943691483 0.362793 0.164063 0.961426
1532259943744342 0.368652 0.187988 0.95459
1532259943774262 0.389648 0.180176 0.960449
1532259943827121 0.383789 0.186523 0.946777
1532259943916880 0.386719 0.169434 0.955078
1532259943969739 0.404297 0.161621 0.949219
1532259943991680 0.397461 0.168945 0.945313
1532259944044539 0.383789 0.138672 0.95166
1532259944179179 0.37207 0.150879 0.963379
1532259944269937 0.374023 0.171387 0.955078
1532259944329776 0.372559 0.175781 0.955078
1532259944471398 0.395508 0.160645 0.933594
1532259944494336 0.38623 0.173828 0.953613
1532259944584096 0.387695 0.15332 0.952148
1532259944651915 0.394043 0.180664 0.94873
1532259944756635 0.412109 0.206055 0.929199
1532259944877312 0.408691 0.175293 0.939453
1532259944937152 0.397461 0.175781 0.936523
1532259944989014 0.400391 0.174805 0.937988
1532259945034890 0.389648 0.189453 0.945313
1532259945079771 0.380859 0.175293 0.972656
1532259945139611 0.408691 0.214844 0.912109
1532259945161552 0.413086 0.21582 0.909668
1532259945229370 0.409668 0.20166 0.936523
1532259945282229 0.390625 0.169922 0.973145
1532259945378971 0.384277 0.179688 0.962402
1532259945454769 0.40332 0.185547 0.946777
1532259945581429 0.389648 0.156738 0.971191
1532259945657227 0.383301 0.141113 0.972656
1532259945769924 0.399414 0.13623 0.95752
1532259945986346 0.410156 0.152344 0.952148
1532259946047184 0.416504 0.157227 0.95752
1532259946114005 0.421387 0.164063 0.957031
1532259946196784 0.429199 0.161621 0.938477
1532259946271584 0.446289 0.16748 0.916016
1532259946324443 0.42041 0.146973 0.899414
1532259946476037 0.389648 0.170898 0.970703
1532259946519937 0.460938 0.206543 0.907227
1532259946601712 0.442383 0.127441 1.00684
1532259946676501 0.402832 0.386719 1.40332
1532259946714400 -0.0932617 0.160156 1.53564
1532259946752298 -0.422363 -0.0830078 1.39258
1532259946812138 -0.189941 0.158691 1.06445
1532259946878960 -0.132324 0.108887 0.98877
1532259946946778 0.870605 -0.280273 0.76416
1532259946991658 0.809082 -0.358887 0.799316
1532259947021583 0.681641 -0.425781 0.760254
1532259947051498 0.486328 -0.502441 0.763672
1532259947104359 -0.809082 -0.730957 0.824707
1532259947142255 -0.848633 -0.524902 0.789063
1532259947157215 -0.644531 -0.612793 0.740723
1532259947187136 -0.290527 -0.56543 0.655273
1532259947224037 0.500977 -0.496094 0.819336
1532259947238997 0.895996 -0.574707 0.496582
1532259947276895 1.15527 -0.52832 0.391113
1532259947299834 1.04004 -0.434082 0.535156
1532259947344714 0.665527 -0.586426 0.731445
1532259947419513 0.528809 -0.732422 0.794434
1532259947456415 0.151855 -0.911621 0.873535
1532259947569114 -0.44043 -1.14258 0.419922
1532259947613993 -0.208008 -0.947266 0.530762
1532259947674831 0.426758 -0.782227 0.506348
1532259947764591 1.06299 -0.625977 0.462402
1532259947801492 0.981934 -0.476563 0.636719
1532259947846373 0.583496 -0.70459 0.686523
1532259947862332 0.190918 -0.756348 0.777344
1532259947877290 0.13623 -0.851563 0.698242
1532259947907210 -0.211426 -0.948242 0.431152
1532259947922169 -0.59668 -1.01074 0.322266
1532259948003952 -0.398926 -1.03613 0.208984
1532259948071770 -0.314941 -1.00928 0.381836
1532259948109669 0.0522461 -1.06006 0.523438
1532259948116650 0.701172 -0.956543 0.456055
1532259948139588 0.912598 -0.856445 0.320801
1532259948214388 1.16602 -0.350586 0.463379
1532259948289189 0.907227 -0.209961 0.646484
1532259948312126 0.609863 -0.180176 0.813965
1532259948327086 0.470703 -0.272949 0.996094
1532259948363988 -0.390137 -0.912109 0.586914
1532259948401887 -0.601074 -1.33496 0.47168
1532259948416847 -0.539551 -1.30176 0.390625
1532259948469706 -0.421875 -1.14209 0.37207
1532259948514585 -0.325684 -1.06641 0.533691
1532259948566447 0.119629 -0.942871 0.582031
1532259948889583 -0.17041 -0.803711 1.05225
1532259948972365 -0.145508 -0.427246 1.0332
1532259949039183 0.0185547 -0.480957 0.884277
1532259949211721 0.0712891 -0.405762 0.868164
1532259949264580 0.206055 -0.358398 0.717773
1532259949301481 0.233887 -0.291992 0.90625
1532259949316441 0.371094 -0.265137 0.858398
1532259949339380 0.311035 -0.5 0.768555
1532259949346361 0.22998 -0.268555 1.00732
1532259949392239 0.631836 -0.400879 0.798828
1532259949414180 0.466797 -0.479004 0.784668
1532259949526879 0.51709 -0.404297 0.961914

1532259949564777 0.617676 -0.211914 0.962402
1532259949594697 0.539551 -0.270996 0.987305
1532259949624617 0.447754 -0.142578 1.0166
1532259949661528 0.487793 -0.0493164 1.00684
1532259949706398 0.449707 -0.135742 1.01465
1532259949774217 0.459473 -0.0146484 0.962891
1532259949849017 0.419922 0.0751953 0.947266
1532259949901876 0.374512 0.0615234 0.978027
1532259949954735 0.40332 0.027832 0.911621
1532259950059455 0.63623 0.153809 1.11328
1532259950074414 0.390137 -0.0961914 1.0376
1532259950104335 0.365723 -0.0727539 0.995117
1532259950149214 0.416992 0.267578 1.03076
1532259950209054 0.416016 0.208008 1.00781
1532259950224014 0.391602 0.176758 0.989258
1532259950246953 0.379883 0.213379 0.95459
1532259950276873 0.338379 0.316406 0.876953
1532259950314771 0.330078 0.178711 0.883789
1532259950351673 0.324707 0.203613 0.904785
1532259950374612 0.364258 0.132813 0.921387
1532259950411515 0.456543 0.123047 0.939941
1532259950464371 0.458984 0.0864258 0.984863
1532259950487349 0.420898 0.166504 0.971191
1532259950517263 0.36377 0.208984 0.965332
1532259950554182 0.367676 0.205566 0.969727
1532259950577103 0.379883 0.205566 0.978027
1532259950614004 0.385742 0.191406 0.97998
1532259950636943 0.386719 0.188477 0.958496
1532259950651903 0.391602 0.182617 0.95459
1532259950681823 0.395508 0.193848 0.944824
1532259950696783 0.401855 0.185547 0.942871
1532259950726702 0.402344 0.174805 0.939941
1532259950756623 0.403809 0.175781 0.937988
1532259950779562 0.407227 0.189941 0.937988
1532259950801503 0.406738 0.189453 0.938965
1532259950831423 0.414063 0.187988 0.941895
1532259950854375 0.411621 0.17041 0.943359
1532259950899241 0.412109 0.175781 0.930664
1532259950922181 0.403809 0.168457 0.933594
1532259950967060 0.395508 0.170898 0.960449
1532259951003962 0.401855 0.167969 0.97168
1532259951041860 0.405273 0.168457 0.968262
1532259951101700 0.404297 0.182129 0.95166
1532259951124639 0.408691 0.1875 0.943848
1532259951154559 0.415039 0.178711 0.931152
1532259951191460 0.42627 0.171387 0.915039
1532259951214399 0.425781 0.178711 0.924316
1532259951244319 0.425293 0.177734 0.92334
1532259951327097 0.410645 0.168457 0.936035
1532259951371977 0.415039 0.174316 0.938965
1532259951491657 0.392578 0.162598 0.956543
1532259951732015 0.453125 0.15332 0.914551
1532259951753956 0.474121 0.142578 0.912598
1532259951814792 0.468262 0.134766 0.921387
1532259951851695 0.42627 0.171387 0.950195
1532259951905551 0.470703 0.136719 0.905762
1532259951956415 0.467285 0.133301 0.902344
1532259952009273 0.458984 0.131348 0.90918
1532259952039193 0.439941 0.128906 0.916504
1532259952136933 0.432617 0.158203 0.941895
1532259952159870 0.4375 0.157227 0.949219
1532259952241651 0.484375 0.150391 0.899414
1532259952369310 0.490723 0.155273 0.894043
1532259952511929 0.403809 0.117188 0.943848
1532259952587727 0.427734 0.164551 0.935547
1532259952654549 0.458496 0.152344 0.923828
1532259952707408 0.482422 0.150879 0.927734
1532259952744307 0.484375 0.13623 0.911133
1532259952857006 0.457031 0.104004 0.935059
1532259952909865 0.420898 0.117188 0.9375
1532259952984665 0.446777 0.144043 0.908691
1532259952999625 0.451172 0.135254 0.915527
1532259953036526 0.443359 0.132813 0.927246
1532259953074425 0.443848 0.123535 0.937988
1532259953134265 0.449707 0.115234 0.943359
1532259953149225 0.465332 0.105957 0.938477
1532259953187124 0.46875 0.116699 0.930664
1532259953232003 0.468262 0.126953 0.922363
1532259953284862 0.444824 0.137207 0.943359
1532259953366643 0.472168 0.137695 0.929199
1532259953404543 0.473145 0.135254 0.911621
1532259953517241 0.471191 0.131348 0.89209
1532259953569102 0.437988 0.105957 0.924805
1532259953613982 0.443359 0.0869141 0.98584
1532259953651881 0.514648 -0.208984 1.18164
1532259953689779 0.876953 -0.274902 0.929688
1532259953756600 0.392578 0.0356445 1.51025
1532259953816441 -0.347656 0.0395508 1.32373
1532259953877294 -0.40918 0.0556641 0.97168
1532259953944098 -0.32373 0.0913086 0.796387
1532259954004937 0.786621 -0.271484 0.836426
1532259954018899 1.00098 -0.456543 0.72168
1532259954034857 1.06348 -0.534668 0.569824
1532259954056798 1.07959 -0.481934 0.54541
1532259954086718 1.04443 -0.455566 0.631348
1532259954109656 0.861328 -0.56543 0.766113
1532259954161518 0.532715 -0.678223 0.828125
1532259954184457 0.107422 -0.795898 0.836426
1532259954222355 -0.260742 -0.937988 0.82959
1532259954244297 -0.683594 -0.803711 0.63916
1532259954282194 -0.456055 -0.643066 0.672852
1532259954297155 -0.234375 -0.625 0.628906
1532259954327075 0.533203 -0.894043 0.660645
1532259954363976 0.776855 -0.528809 0.692871
1532259954386915 1.0459 -0.456543 0.416992
1532259954409854 0.981445 -0.436035 0.510254
1532259954446755 0.890625 -0.446289 0.559082
1532259954461715 0.779785 -0.436523 0.651855
1532259954514574 0.646484 -0.48877 0.734863
1532259954559453 0.263672 -0.802246 0.792969
1532259954582399 -0.0727539 -0.888184 0.833984
1532259954612329 -0.133789 -0.93457 0.791016
1532259954634254 -0.223145 -1.20117 0.624023
1532259954709054 -0.394043 -1.11182 0.384766
1532259954746952 -0.472656 -0.90625 0.498535
1532259954784851 -0.230957 -0.731445 0.538086
1532259954806792 -0.0390625 -0.678711 0.520508
1532259954859651 0.672852 -0.931152 0.480469
1532259954881592 0.794434 -0.958496 0.568848
1532259954919491 0.911133 -0.850098 0.365234
1532259954934451 1.14111 -0.534668 0.379883
1532259955017229 0.658691 -0.536133 0.784668
1532259955062110 0.422852 -0.826172 0.748047
1532259955099011 -0.327148 -0.898438 0.37793
1532259955174808 -0.423828 -1.18896 0.338379
1532259955301470 -0.197754 -1.13525 0.490723
1532259955354329 0.0234375 -1.13232 0.47168
1532259955541827 -0.17334 -0.739746 0.816895
1532259955624606 -0.578613 -1.14453 0.516602
1532259955684445 -0.412109 -1.03027 0.649414
1532259956036504 0.506836 -0.577148 0.726563
1532259956074403 0.0356445 -0.315918 1.04639
1532259956172142 0.00195313 -0.336914 1.13086
1532259956351661 -0.0683594 -0.416504 0.978516
1532259956404521 -0.0126953 -0.374512 0.912598
1532259956577058 0.492676 -0.381348 0.82373
1532259956651859 0.629883 -0.3125 0.803711
1532259956734637 0.560059 -0.242188 0.922363
1532259956809437 0.508789 -0.123047 0.953125
1532259956825395 0.530762 -0.129883 0.983887

1532259956877255 0.504883 -0.106934 1.03418
1532259956959037 0.534668 -0.0244141 1.01807
1532259957026856 0.501465 -0.0078125 0.998047
1532259957086696 0.426758 0.00195313 0.95166
1532259957169475 0.459473 0.0810547 0.929688
1532259957222333 0.464355 0.131348 0.904785
1532259957252252 0.456543 0.114258 0.920898
1532259957282173 0.448242 0.0991211 0.9375
1532259957304124 0.416504 0.103516 0.957031
1532259957348994 0.389648 0.0996094 0.984863
1532259957424791 0.421875 0.118164 0.982422
1532259957461693 0.418457 0.131348 0.962891
1532259957514551 0.411133 0.154297 0.939941
1532259957536493 0.416016 0.150391 0.929199
1532259957574392 0.434082 0.146973 0.936523
1532259957642210 0.425293 0.148438 0.93457
1532259957694071 0.436035 0.158203 0.931641
1532259957738951 0.423828 0.14209 0.937012
1532259957829709 0.435547 0.146973 0.935059
1532259957904510 0.461914 0.130859 0.923828
1532259957941410 0.4375 0.149414 0.931641
1532259957987288 0.389648 0.185547 0.955566
1532259958054109 0.398926 0.163086 0.944824
1532259958069068 0.404785 0.153809 0.925781
1532259958098989 0.424805 0.149414 0.913086
1532259958159839 0.433594 0.145996 0.946289
1532259958211687 0.416992 0.188965 0.970703
1532259958226647 0.391602 0.183105 0.964844
1532259958256567 0.396484 0.149902 0.935547
1532259958324386 0.41748 0.143066 0.932129
1532259958384226 0.437012 0.140137 0.926758
1532259958459026 0.438965 0.208984 0.938965
1532259958489943 0.395508 0.184082 0.945801
1532259958526844 0.396484 0.164063 0.948242
1532259958601648 0.425781 0.116211 0.937988
1532259958684423 0.428223 0.134277 0.946777
1532259958804103 0.408691 0.148438 0.923828
1532259958886882 0.428223 0.158691 0.929199
1532259958946722 0.433594 0.193848 0.94873
1532259959112279 0.442871 0.157227 0.934082
1532259959194066 0.430176 0.189941 0.931152
1532259959238940 0.399414 0.197266 0.936523
1532259959306758 0.41748 0.188477 0.930176
1532259959329698 0.437012 0.147949 0.918945
1532259959517196 0.378906 0.201172 0.974609
1532259959577036 0.416992 0.16748 0.939941
1532259959621917 0.472656 0.163086 0.898926
1532259959711676 0.39502 0.19043 0.968262
1532259960011875 0.447266 0.133301 0.920898
1532259960071714 0.423828 0.15625 0.939453
1532259960146513 0.40332 0.159668 0.937988
1532259960199372 0.40918 0.151855 0.933105
1532259960274171 0.424316 0.156738 0.924316
1532259960341991 0.40332 0.202148 0.930664
1532259960416791 0.409668 0.157715 0.944336
1532259960431751 0.419922 0.155762 0.949219
1532259960476631 0.44873 0.152832 0.958496
1532259960506551 0.437988 0.188965 0.947754
1532259960566390 0.42627 0.182617 0.936523
1532259960619249 0.416016 0.164551 0.927734
1532259960679089 0.450684 0.138672 0.883789
1532259960731948 0.457031 0.172363 0.876953
1532259960778823 0.398926 0.151367 0.935547
1532259960881548 0.439941 0.140625 0.988281
1532259960919446 0.550781 0.015625 1.06689
1532259960941388 0.765137 -0.0507813 1.06152
1532259960973303 0.60498 0.439941 1.33643
1532259961009206 0.300293 0.287598 1.45947
1532259961039127 -0.429199 -0.15625 1.43506
1532259961062065 -0.524414 -0.173828 1.3374
1532259961098966 -0.473633 -0.14502 1.26123
1532259961174764 -0.402832 -0.0522461 1.07227
1532259961226624 -0.282227 0.0537109 1.02295
1532259961241585 -0.176758 0.0200195 0.975586
1532259961294444 0.470215 -0.327148 0.833984
1532259961324364 1.35303 -0.145996 0.440918
1532259961377222 0.693359 -0.536133 0.747559
1532259961474967 -0.0751953 -0.80127 0.720703
1532259961504887 -0.324219 -0.86377 0.714355
1532259961519848 -0.569336 -0.88916 0.674805
1532259961586668 -0.462402 -0.769531 0.677246
1532259961609607 -0.214844 -0.745605 0.5
1532259961639527 0.0219727 -0.791016 0.519043
1532259961661469 0.530762 -0.567871 0.618164
1532259961729287 0.662598 -0.962891 0.481934
1532259961744247 0.782227 -0.810059 0.320313
1532259961774167 1.03369 -0.521973 0.509766
1532259961812066 0.677246 -0.617676 0.803711
1532259961901826 0.483887 -0.769043 0.872559
1532259961939724 0.224609 -0.906738 0.92627
1532259962059405 -0.425293 -1.10352 0.486816
1532259962082344 -0.234863 -0.867676 0.529785
1532259962097304 -0.172363 -0.779785 0.503906
1532259962112264 0.0332031 -0.695801 0.540039
1532259962134205 0.291016 -0.689453 0.625977
1532259962164126 0.647949 -1.04443 0.554199
1532259962216984 1.21484 -0.953613 0.378418
1532259962269842 0.863281 -0.524902 0.470703
1532259962299762 0.628906 -0.618652 0.700684
1532259962336663 0.440918 -0.595703 0.79541
1532259962381543 0.336914 -0.623535 0.840332
1532259962419442 0.190918 -0.583496 0.837891
1532259962532141 -0.125977 -0.645996 0.800781
1532259962547100 -0.333496 -0.92334 0.674316
1532259962562061 -0.433594 -1.07031 0.594238
1532259962584002 -0.380371 -1.17578 0.533203
1532259962629880 0.00390625 -1.05762 0.499023
1532259962651820 0.408691 -0.929199 0.46875
1532259962696700 0.421875 -0.8125 0.420898
1532259962719639 0.76416 -0.822266 0.307617
1532259962764519 0.807129 -0.713379 0.426758
1532259962847298 0.645508 -0.618652 0.400879
1532259962869239 0.724121 -0.495605 0.457031
1532259962907138 0.615234 -0.290039 0.636719
1532259962966978 0.00341797 -0.678711 0.943848
1532259963034797 -0.301758 -1.25342 0.588379
1532259963244236 0.21582 -0.812012 0.570313
1532259963341975 0.273438 -0.65332 0.57373
1532259963363916 0.241699 -0.638184 0.532227
1532259963394834 0.30127 -0.587891 0.45166
1532259963424757 0.472168 -0.344238 0.617188
1532259963619233 0.129883 -0.422852 0.927246
1532259963679074 0.148438 -0.487305 0.905273
1532259963731932 0.121094 -0.436523 0.897461
1532259963761852 0.213867 -0.487793 0.879883
1532259963791772 0.217773 -0.303711 0.841797
1532259963814711 0.272949 -0.441895 0.871094
1532259963911452 0.339355 -0.373535 0.904785
1532259963949351 0.371094 -0.4375 0.922363
1532259964062049 0.455078 -0.383789 0.918945
1532259964151810 0.450684 -0.181152 1.00439

1532259964241569 0.44043 -0.09375 0.993652
1532259964631527 0.411621 0.120605 0.955566
1532259964714305 0.382813 0.124512 0.944336
1532259964782124 0.395508 0.108887 0.936035
1532259964812044 0.387207 0.10791 0.953125
1532259964841977 0.382813 0.103027 0.961426
1532259964886857 0.415527 0.156738 0.959473
1532259964916777 0.419434 0.151367 0.961426
1532259964961657 0.431152 0.15625 0.943848
1532259965021498 0.417969 0.163086 0.932129
1532259965089338 0.416016 0.15625 0.943359
1532259965134217 0.42334 0.15625 0.94873
1532259965157156 0.42334 0.13916 0.946777
1532259965194058 0.429199 0.139648 0.949707
1532259965223978 0.423828 0.149902 0.9375
1532259965269855 0.422363 0.152832 0.938477
1532259965336676 0.414063 0.163574 0.941406
1532259965411476 0.412109 0.149902 0.94043
1532259965502233 0.413574 0.148438 0.94043
1532259965554095 0.40332 0.152832 0.968262
1532259965614932 0.416992 0.155273 0.973145
1532259965689733 0.435547 0.192871 0.979492
1532259965749572 0.403809 0.203613 0.927734
1532259965771514 0.370117 0.126465 0.930176
1532259965786473 0.482422 0.1875 0.896484
1532259965839331 0.382813 0.119629 0.915527
1532259965899172 0.378418 0.119629 0.945313
1532259965944052 0.382813 0.0966797 0.970215
1532259966101631 0.393555 0.176758 0.947754
1532259966146511 0.397949 0.189453 0.953125
1532259966176430 0.395996 0.156738 0.953613
1532259966229289 0.416992 0.165527 0.936035
1532259966304089 0.399902 0.160156 0.956055
1532259966446707 0.376953 0.161133 0.964355
1532259966799764 0.397461 0.169922 0.936523
1532259966844644 0.384277 0.15918 0.935547
1532259966874564 0.387695 0.17334 0.953125
1532259966934403 0.404297 0.180176 0.946289
1532259966972303 0.413574 0.177734 0.939941
1532259967062062 0.408203 0.164551 0.943848
1532259967121904 0.401367 0.152344 0.955078
1532259967159801 0.40918 0.159668 0.949707
1532259967211663 0.40918 0.15625 0.943848
1532259967249561 0.397949 0.162598 0.935547
1532259967324361 0.391602 0.155273 0.951172
1532259967354280 0.390137 0.152344 0.946777
1532259967564718 0.387695 0.166992 0.963379
1532259967654496 0.39502 0.166016 0.958984
1532259967714318 0.415039 0.163574 0.945313
1532259967767176 0.391602 0.175781 0.932129
1532259967833998 0.381348 0.160156 0.959961
1532259967894836 0.411133 0.147461 0.956055
1532259968044435 0.400879 0.160645 0.94043
1532259968059396 0.391602 0.158691 0.938477
1532259968134196 0.386719 0.17041 0.953125
1532259968208996 0.400879 0.159668 0.974121
1532259968321702 0.412598 0.159668 0.958496
1532259968487251 0.434082 0.140625 0.889648
1532259968539115 0.425293 0.131836 0.90332
1532259968613913 0.385742 0.133789 0.978516
1532259968674749 0.372559 0.134277 0.984375
1532259968726611 0.474609 0.185547 0.879883
1532259968749550 0.436035 0.193359 0.905273
1532259968801411 0.419434 0.184082 0.946289
1532259968869229 0.386719 0.170898 0.97168
1532259969071689 0.412109 0.0107422 1.08008
1532259969094626 0.550293 0.050293 1.28662
1532259969192365 -0.209473 0.0405273 1.06348
1532259969237251 0.599609 -0.32373 0.835938
1532259969274147 1.02246 -0.267578 0.61084
1532259969297086 1.03125 -0.250977 0.525879
1532259969333987 0.943359 -0.282715 0.494141
1532259969356925 0.801758 -0.436035 0.565918
1532259969371886 0.624023 -0.585938 0.72168
1532259969439704 -0.00927734 -0.61377 0.895508
1532259969506526 -0.936035 -0.688477 0.78125
1532259969567363 -0.230469 -0.634766 0.733887
1532259969582323 0.30127 -0.813965 0.70752
1532259969634184 0.769531 -0.952148 0.328125
1532259969649144 0.908691 -0.814453 0.210449
1532259969672082 0.907715 -0.629883 0.28125
1532259969716963 0.960938 -0.888672 0.249023
1532259969746882 0.922363 -0.464355 0.563477
1532259969776803 0.884277 -0.338867 0.783691
1532259969904461 0.651367 -0.428223 0.959961
1532259969979261 -0.130859 -0.935059 1.09814
1532259970024141 -0.450684 -0.766113 0.64209
1532259970047080 -0.0722656 -0.728027 0.63916
1532259970062040 0.510254 -0.934082 0.443848
1532259970098941 1.09473 -0.813477 0.237793
1532259970129858 1.21338 -0.70752 0.126953
1532259970144818 1.10205 -0.722656 0.341797
1532259970166760 0.962891 -0.714844 0.511719
1532259970196679 0.769043 -0.647949 0.679688
1532259970234579 0.183105 -0.48291 0.916504
1532259970264498 -0.0883789 -0.57666 1.0791
1532259970332326 -0.604492 -0.919922 1.04199
1532259970414098 -0.457031 -1.11523 0.43457
1532259970429059 -0.210938 -0.924316 0.379395
1532259970444019 -0.0424805 -0.821289 0.378906
1532259970473938 0.426758 -1.08789 0.237793
1532259970496877 0.818359 -0.993164 0.140625
1532259970519816 0.895508 -0.960938 0.14502
1532259970571677 0.92041 -0.776855 0.18457
1532259970594615 0.85791 -0.669922 0.260254
1532259970661437 0.783691 -0.421387 0.494629
1532259970684375 0.791992 -0.389648 0.549316
1532259970752194 0.0302734 -0.640137 0.951172
1532259970767154 -0.183594 -0.70752 0.869629
1532259970789095 -0.52832 -1.07471 0.643555
1532259970864909 -0.449707 -1.2373 0.581055
1532259970939693 -0.465332 -1.10352 0.569824
1532259971089292 0.585449 -0.67041 0.594727
1532259971112233 0.599121 -0.338379 0.601563
1532259971396471 -0.0976563 -0.731445 0.918457
1532259971517148 0.0732422 -0.379883 1
1532259971636828 -0.00146484 -0.310059 0.920898
1532259971689688 0.230469 -0.399414 0.859375
1532259971741548 0.345703 -0.284668 0.865723
1532259971764488 0.387695 -0.405273 0.789551
1532259971847266 0.498047 -0.351074 0.774414
1532259971907106 0.508301 -0.393555 0.86084
1532259971922066 0.492676 -0.335938 0.87793
1532259971989885 0.57373 -0.247559 0.861816
1532259972079644 0.621094 -0.251465 0.979004

1532259972139484 0.594727 -0.00683594 0.965332
1532259972214284 0.547852 -0.0214844 1.05322
1532259972259165 0.558105 -0.00146484 1.03955
1532259972289328 0.494141 0.0214844 1.02832
1532259972327227 0.458496 0.101563 1.0127
1532259972357162 0.493652 0.125977 0.956543
1532259972409007 0.42041 0.152344 0.916016
1532259972423968 0.401367 0.178711 0.871094
1532259972484805 0.390137 0.183105 0.838867
1532259972521707 0.381836 0.145996 0.859863
1532259972574565 0.422852 0.105957 0.975586
1532259972626426 0.370117 0.0327148 1.05615
1532259972687264 0.334961 0.1875 0.994629
1532259972717184 0.391602 0.208496 0.956543
1532259972754088 0.396484 0.197754 0.946777
1532259972777024 0.399414 0.18457 0.93457
1532259972836864 0.397949 0.187012 0.918945
1532259972859802 0.410645 0.191406 0.921875
1532259972881744 0.420898 0.198242 0.925781
1532259972956544 0.421387 0.187012 0.950684
1532259972986464 0.416504 0.168945 0.938477
1532259973024362 0.402344 0.19043 0.92627
1532259973092181 0.386719 0.187988 0.94873
1532259973107141 0.371582 0.186035 0.960938
1532259973181941 0.384277 0.196777 0.966309
1532259973301621 0.398438 0.189453 0.961914
1532259973361462 0.407715 0.183594 0.952148
1532259973384399 0.411621 0.194336 0.931641
1532259973444239 0.39502 0.20166 0.920898
1532259973534000 0.392578 0.166504 0.959473
1532259973586857 0.385742 0.155273 0.961426
1532259973654677 0.393555 0.184082 0.950195
1532259973706538 0.404785 0.183594 0.932129
1532259973797295 0.412598 0.16748 0.95166
1532259973819237 0.404785 0.172852 0.960938
1532259973887056 0.382324 0.182129 0.96582
1532259973931935 0.388184 0.198242 0.955078
1532259973978810 0.38916 0.20166 0.944336
1532259974014713 0.426758 0.192871 0.911133
1532259974051615 0.407227 0.195313 0.885742
1532259974074554 0.405273 0.20752 0.894043
1532259974105472 0.395996 0.214844 0.909668
1532259974157333 0.321289 0.211426 0.976563
1532259974217173 0.375977 0.176758 1.02979
1532259974277013 0.455078 0.189941 0.887695
1532259974314911 0.442383 0.20459 0.876953
1532259974359791 0.422852 0.242188 0.90918
1532259974404685 0.387695 0.206055 0.946777
1532259974472491 0.39502 0.164551 0.961914
1532259974501412 0.386719 0.17334 0.958496
1532259974562249 0.387207 0.180664 0.95166
1532259974644031 0.397461 0.208496 0.928711
1532259974719829 0.410156 0.199219 0.947266
1532259974831530 0.397461 0.183594 0.951172
1532259975056927 0.393555 0.178223 0.964355
1532259975146687 0.400391 0.17627 0.95752
1532259975387044 0.416992 0.202637 0.92041
1532259975574543 0.388184 0.1875 0.953125
1532259975627405 0.445801 0.209473 0.931641
1532259975687258 0.40625 0.206055 0.949707
1532259975739103 0.404785 0.189941 0.969727
1532259975762042 0.419434 0.175293 0.956543
1532259975941562 0.441406 0.15918 0.88623
1532259976272676 0.471191 0.0615234 1.07813
1532259976324537 0.407715 -0.0166016 1.36279
1532259976354467 0.205078 0.0507813 1.40674
1532259976369417 -0.101563 -0.0996094 1.28613
1532259976429257 -0.11084 -0.059082 1.05566
1532259976504057 -0.367676 -0.00195313 1.16113
1532259976549934 0.0581055 -0.131836 0.868164
1532259976579854 0.105469 -0.108398 0.753418
1532259976661636 0.725586 -0.358398 0.583984
1532259976676596 0.891113 -0.369629 0.528809
1532259976729455 0.896973 -0.769531 0.521973
1532259976812232 0.254395 -0.624023 0.894043
1532259976849135 -0.0395508 -0.73291 0.916016
1532259976864095 -0.726074 -0.854492 0.796387
1532259976923934 -0.317383 -0.762207 0.617676
1532259977014692 0.845703 -0.915039 0.533691
1532259977051593 1.12012 -0.678223 0.435547
1532259977089492 1.1377 -0.398438 0.498047
1532259977134371 1.11133 -0.595215 0.558594
1532259977247070 -0.0395508 -0.865234 0.955566
1532259977283972 -0.80957 -1.20801 0.651855
1532259977329849 -0.401367 -0.972656 0.425781
1532259977351791 -0.320313 -0.816406 0.406738
1532259977419609 0.194824 -0.786621 0.522461
1532259977494409 1.21875 -0.567383 0.229492
1532259977569209 0.92627 -0.745117 0.585449
1532259977629049 0.758301 -0.467773 0.750977
1532259977666948 0.523926 -0.452637 0.879395
1532259977696867 -0.126465 -0.84668 0.969727
1532259977711828 -0.644043 -1.18213 0.647949
1532259977756707 -0.714844 -1.30371 0.557617
1532259977809566 -0.37793 -1.02441 0.507324
1532259977914286 0.562012 -0.73291 0.518066
1532259978094803 1.06641 -0.477051 0.599121
1532259978244403 -0.578125 -1.13623 0.589355
1532259978349124 0.421875 -0.893555 0.730957
1532259978514680 0.679199 -0.302246 0.775391
1532259978626382 -0.043457 -0.350586 0.777344
1532259978791939 -0.574219 -1.07666 1.01807
1532259978814877 -0.26709 -1.02686 1.00439
1532259978866739 0.111328 -0.651855 0.946777
1532259979069198 0.29248 -0.259766 0.984375
1532259979107096 0.449707 -0.32959 0.995605
1532259979137016 0.530762 -0.347168 0.903809
1532259979181896 0.455078 -0.232422 0.842285
1532259979204835 0.461914 -0.242188 0.824707
1532259979241737 0.555176 -0.380859 0.800781
1532259979279635 0.558594 -0.320313 0.76123
1532259979331496 0.589355 -0.363281 0.732422
1532259979414275 0.656738 -0.283691 0.763672
1532259979429235 0.649414 -0.347168 0.763672
1532259979452174 0.608887 -0.334473 0.771973
1532259979474115 0.605469 -0.257813 0.804688
1532259979489075 0.617188 -0.194824 0.788086
1532259979521007 0.606445 -0.220703 0.760254

1532259979556893 0.529297 -0.171387 0.936523
1532259979581828 0.596191 -0.0957031 0.890625
1532259979609752 0.519043 -0.155273 0.890625
1532259979624712 0.492188 -0.104492 0.90918
1532259979661614 0.505859 -0.0610352 0.891113
1532259979691534 0.474121 -0.0273438 0.943848
1532259979729433 0.535156 0.00927734 0.953613
1532259979759352 0.57666 -0.0288086 1.03271
1532259979789272 0.658691 -0.0332031 1.05811
1532259979827171 0.509277 -0.105957 1.08252
1532259979849112 0.444824 0.0727539 0.99707
1532259979864072 0.429688 0.126953 0.937012
1532259979887011 0.419922 0.152832 0.900391
1532259979908952 0.419922 0.11377 0.895996
1532259979954830 0.4375 0.0854492 0.88916
1532259979991730 0.437988 0.0737305 0.879883
1532259980036611 0.41748 0.0947266 0.858887
1532259980066531 0.421387 0.11084 0.850098
1532259980126371 0.476563 0.0996094 0.950195
1532259980142328 0.449219 0.0888672 1.00146
1532259980194189 0.374512 0.137207 1.0332
1532259980247048 0.412109 0.170898 1.07959
1532259980269997 0.461914 0.147949 1.1377
1532259980283949 0.424316 0.0932617 1.03906
1532259980374707 0.390137 0.203125 0.861328
1532259980426568 0.300781 0.0917969 0.979492
1532259980471447 0.383789 0.178711 0.959473
1532259980509347 0.388672 0.189453 0.947266
1532259980547245 0.402344 0.183105 0.955566
1532259980569187 0.415039 0.168945 0.96582
1532259980622045 0.453125 0.137207 0.959961
1532259980674904 0.423828 0.166016 0.932617
1532259980734744 0.402344 0.175781 0.943848
1532259980771646 0.350586 0.181641 0.95752
1532259980899303 0.409668 0.163574 0.969727
1532259980929223 0.422363 0.170898 0.95459
1532259980989064 0.421387 0.168457 0.930664
1532259981012002 0.417969 0.18457 0.927734
1532259981026963 0.411133 0.186523 0.930176
1532259981064861 0.394531 0.172852 0.93457
1532259981146642 0.37793 0.172852 0.937988
1532259981214461 0.378906 0.17334 0.942871
1532259981261336 0.39502 0.155762 0.954102
1532259981289261 0.397949 0.156738 0.948242
1532259981357080 0.395508 0.152344 0.958008
1532259981393986 0.397461 0.153809 0.961914
1532259981439859 0.38623 0.163086 0.957031
1532259981559538 0.388184 0.180176 0.960938
1532259981596440 0.383789 0.162598 0.952148
1532259981709139 0.419922 0.180176 0.933594
1532259981768978 0.414063 0.169434 0.932617
1532259981806877 0.407227 0.173828 0.92041
1532259981844776 0.395508 0.166992 0.924805
1532259981911597 0.388672 0.155762 0.936523
1532259981971447 0.383789 0.144531 0.979004
1532259982009335 0.429199 0.150879 0.979492
1532259982047234 0.453613 0.177246 0.915039
1532259982062194 0.45166 0.185547 0.902344
1532259982136994 0.417969 0.201172 0.922363
1532259982249693 0.38916 0.176758 0.943848
1532259982286594 0.404785 0.141113 0.963867
1532259982339453 0.393066 0.144043 0.955078
1532259982377352 0.38623 0.152344 0.956543
1532259982467112 0.411133 0.173828 0.943359
1532259982541911 0.438965 0.163574 0.931641
1532259982616712 0.418945 0.174316 0.921387
1532259982691511 0.411133 0.17041 0.947754
1532259982752349 0.401367 0.156738 0.956543
1532259982827149 0.411133 0.146973 0.960938
1532259982879010 0.418945 0.166016 0.928711
1532259982954826 0.40332 0.152832 0.935059
1532259982991709 0.414551 0.168457 0.929688
1532259983021632 0.407715 0.158691 0.940918
1532259983066508 0.401855 0.157227 0.967285
1532259983104411 0.412598 0.143066 0.96875
1532259983157266 0.42334 0.152344 0.959961
1532259983322824 0.450195 0.179199 0.904785
1532259983389645 0.430176 0.146973 0.908691
1532259983629004 -0.283691 0.09375 1.31738
1532259983786583 -0.542969 0.0131836 1.12451
1532259983801543 -0.524414 0.0810547 1.02148
1532259983824482 -0.47168 0.156738 0.963867
1532259983877340 0.999512 -0.35498 0.572266
1532259983944162 0.599609 -0.583496 0.766602
1532259983989042 0.35498 -0.666504 0.857422
1532259983997020 0.0864258 -0.682129 0.861328
1532259984049878 -0.660645 -0.871582 0.879395
1532259984064839 -0.606934 -0.787598 0.763184
1532259984109719 -0.484863 -0.683105 0.632324
1532259984124679 -0.277832 -0.644531 0.627441
1532259984146620 0.272949 -0.79834 0.527344
1532259984169558 0.642578 -0.807129 0.616211
1532259984191500 1.10303 -0.706543 0.627441
1532259984214439 1.35254 -0.662109 0.541992
1532259984244359 0.903809 -0.746582 0.554199
1532259984274279 0.853027 -0.532715 0.628418
1532259984342098 0.89502 -0.638184 0.705078
1532259984431858 -0.305664 -0.789551 0.692871
1532259984476738 -1.00879 -1.14551 0.55957
1532259984499677 -0.4375 -0.806152 0.521973
1532259984529596 -0.416992 -0.956055 0.507324
1532259984551538 -0.132324 -0.888184 0.472168
1532259984566497 0.421875 -0.838867 0.382324
1532259984619356 1.52051 -0.851563 0.567383
1532259984672215 1.18164 -0.741211 0.206055
1532259984747015 1.02051 -0.370605 0.592773
1532259984753996 0.686035 -0.519043 0.818359
1532259984829794 -0.351563 -0.75 0.778809
1532259984859713 -0.713379 -1.04834 0.538086
1532259984896614 -0.614746 -1.2002 0.516113
1532259984941495 -0.192871 -0.794434 0.562988
1532259984987411 0.185059 -0.913574 0.512695
1532259985174870 0.636719 -0.397461 0.699219
1532259985241692 0.0976563 -0.624512 0.768555
1532259985362369 -0.222656 -1.02979 0.709473
1532259985526930 0.856934 -0.164551 0.362793
1532259985744348 -0.789551 -1.17822 0.841797
1532259985797213 0.402344 -0.82666 0.78125
1532259985812167 0.500488 -0.171875 0.560547
1532259985878987 0.538086 -0.204102 0.825195
1532259986112364 0.212402 -0.375977 0.76709
1532259986149266 0.422363 -0.465332 0.781738
1532259986194145 0.369629 -0.406738 0.73584
1532259986217084 0.356445 -0.371094 0.791504
1532259986261964 0.514648 -0.518555 0.75
1532259986299862 0.614258 -0.460938 0.710449
1532259986329782 0.677246 -0.546875 0.702637
1532259986351724 0.571777 -0.430664 0.766602
1532259986419543 0.604004 -0.506348 0.776367
1532259986441483 0.508301 -0.431152 0.871582

1532259986472401 0.496094 -0.278809 0.87793
1532259986494342 0.498047 -0.289551 0.881836
1532259986554182 0.470703 -0.117676 0.976563
1532259986577121 0.46582 -0.0966797 1.00293
1532259986614029 0.451172 -0.0795898 1.04346
1532259986628988 0.481934 -0.0141602 1.03125
1532259986667884 0.541504 0.00439453 1.03809
1532259986689826 0.524414 -0.0170898 1.0127
1532259986764625 0.48584 -0.00244141 0.988281
1532259986801528 0.492676 0.0654297 0.974121
1532259986847415 0.583008 0.0585938 1.03613
1532259986938174 0.457031 0.109375 0.930176
1532259986974089 0.445313 0.081543 0.987305
1532259987011999 0.429199 0.11084 0.986328
1532259987057866 0.403809 0.125977 0.873535
1532259987124687 0.405273 0.0927734 0.92627
1532259987154623 0.397949 0.0864258 0.942871
1532259987191508 0.369141 0.0522461 0.947754
1532259987221429 0.362793 0.0654297 0.929199
1532259987251373 0.364746 0.107422 0.958984
1532259987282291 0.389648 0.145508 1.00049
1532259987312211 0.383789 0.152832 1.00293
1532259987342131 0.384277 0.161133 0.984863
1532259987393992 0.389648 0.153809 0.983887
1532259987431891 0.384766 0.149902 0.996094
1532259987462122 0.422363 0.138184 0.992676
1532259987484071 0.460449 0.111328 0.944336
1532259987536930 0.468262 0.161621 0.902344
1532259987611730 0.418945 0.161133 0.952148
1532259987641650 0.412598 0.149414 0.952148
1532259987671573 0.421387 0.151855 0.941406
1532259987717450 0.41748 0.159668 0.936523
1532259987777287 0.427246 0.141113 0.92627
1532259987807208 0.422852 0.12793 0.937988
1532259987822167 0.420898 0.135742 0.941406
1532259987874029 0.401367 0.154785 0.956543
1532259987888989 0.407715 0.150879 0.970215
1532259987941847 0.404297 0.138184 0.977539
1532259987956807 0.413574 0.144043 0.974609
1532259988024625 0.426758 0.147461 0.938965
1532259988046566 0.430664 0.152832 0.931641
1532259988091447 0.435059 0.129395 0.915527
1532259988122365 0.431152 0.135254 0.916016
1532259988152284 0.431152 0.135254 0.915527
1532259988227084 0.436035 0.149414 0.935547
1532259988294903 0.433105 0.141602 0.935547
1532259988339783 0.411133 0.129883 0.947266
1532259988361724 0.397949 0.125 0.944336
1532259988414595 0.400391 0.117188 0.950684
1532259988429543 0.411621 0.125 0.950195
1532259988519303 0.442871 0.141113 0.935059
1532259988557214 0.434082 0.144043 0.931641
1532259988564183 0.432129 0.152344 0.921875
1532259988638983 0.429688 0.135742 0.952637
1532259988706802 0.442383 0.142578 0.942383
1532259988729740 0.439453 0.150879 0.935059
1532259988751682 0.437012 0.144043 0.92627
1532259988781602 0.436523 0.156738 0.939453
1532259988804540 0.426758 0.163086 0.9375
1532259988857398 0.4375 0.146484 0.93457
1532259988909260 0.432129 0.14209 0.910156
1532259988971106 0.421387 0.148926 0.910156
1532259988999020 0.405762 0.149902 0.95752
1532259989044912 0.409668 0.150879 0.969238
1532259989134660 0.455566 0.153809 0.908691
1532259989232396 0.436035 0.16748 0.946289
1532259989284258 0.409668 0.141113 0.960449
1532259989329137 0.412598 0.141113 0.965332
1532259989494694 0.447266 0.161621 0.925293
1532259989629335 0.442871 0.117188 0.945313
1532259989689175 0.440918 0.125 0.948242
1532259989736050 0.446777 0.117676 0.942871
1532259989756993 0.425781 0.102539 0.950195
1532259989795890 0.437988 0.124023 0.919922
1532259989869692 0.436035 0.143066 0.910156
1532259989966433 0.441895 0.143555 0.910645
1532259990057190 0.449219 0.134277 0.938965
1532259990117031 0.439941 0.132324 0.939941
1532259990184849 0.434082 0.131348 0.942871
1532259990402268 0.481934 0.125488 0.868164
1532259990477068 0.51123 0.0444336 1.09717
1532259990506988 0.68457 -0.108398 1.04443
1532259990589766 0.631836 0.151367 1.11963
1532259990611707 0.580078 0.269531 1.19678
1532259990656588 -0.487793 -0.0146484 1.28857
1532259990686508 -0.472168 0.00927734 1.20361
1532259990724407 -0.466797 -0.00537109 1.12646
1532259990792225 -0.483398 -0.00537109 1.08887
1532259990799206 -0.380371 0.0610352 1.05029
1532259990867025 0.678223 -0.245605 0.518555
1532259990911905 0.904297 -0.294434 0.527344
1532259990971746 0.797363 -0.538574 0.763184
1532259990994684 0.696777 -0.607422 0.85498
1532259991084444 0.179199 -0.773438 0.907715
1532259991114364 -0.175781 -0.876953 0.865723
1532259991144283 -0.474609 -0.919922 0.837402
1532259991159243 -0.441895 -0.573242 0.735352
1532259991189164 -0.348145 -0.606445 0.65918
1532259991204123 0.164551 -0.924805 0.67627
1532259991242022 1.16064 -0.309082 0.70752
1532259991263964 1.01416 -0.342773 0.699219
1532259991286902 0.944336 -0.368652 0.763672
1532259991324801 0.862305 -0.407715 0.726563
1532259991346742 0.771484 -0.439453 0.70459
1532259991391622 0.74707 -0.543945 0.744629
1532259991429521 0.610352 -0.890137 0.710938
1532259991436502 0.466797 -0.95752 0.662598
1532259991497340 0.148438 -0.901367 0.677734
1532259991519280 -0.353027 -1.10059 0.536133
1532259991542219 -0.630859 -1.0542 0.461914
1532259991617019 -0.422852 -0.886719 0.478027
1532259991646939 -0.410156 -0.955078 0.5
1532259991699799 -0.242188 -0.968262 0.531738
1532259991774597 1.22656 -0.797363 0.509766
1532259991826459 0.775879 -0.611816 0.300781
1532259991841419 0.916016 -0.0507813 0.437012
1532259991872337 0.713867 -0.427246 0.660156
1532259991909246 0.617676 -0.708008 0.731934
1532259991969079 0.343262 -0.671875 0.863281
1532259992036897 0.139648 -0.723145 0.830078
1532259992134635 -0.709473 -1.39893 0.51709
1532259992179515 -1.01611 -1.5459 0.635254
1532259992254316 0.536133 -0.837402 0.697754
1532259992337093 0.546875 -0.592285 0.675293
1532259992388955 0.600586 -0.566406 0.662598
1532259992426854 0.56543 -0.185059 0.478516
1532259992449792 0.425293 -0.293457 0.636719
1532259992591413 0.255371 0.651855 1.09521
1532259992763953 0.23291 -0.219727 0.943359
1532259992816812 0.293457 -0.269043 0.84375
1532259992876651 0.311035 -0.322266 0.855957
1532259992929509 0.323242 -0.26709 0.782715
1532259992944470 0.378906 -0.347168 0.740723
1532259993019270 0.613281 -0.393555 0.736328
1532259993146928 0.639648 -0.289063 0.791992
1532259993214747 0.513672 -0.147949 0.916992
1532259993252646 0.453125 -0.20752 0.993652

1532259993304524 0.445313 -0.0756836 1.07031
1532259993326449 0.456543 -0.0390625 1.05762
1532259993379307 0.518555 0.0209961 1.09229
1532259993432165 0.577637 0.00292969 1.22559
1532259993484027 0.410156 0.239746 0.915039
1532259993498987 0.396484 0.27002 0.906738
1532259993566805 0.386719 0.160156 0.888184
1532259993589743 0.389648 0.135742 0.914063
1532259993641605 0.370605 0.135254 0.899414
1532259993664544 0.410156 0.148926 0.894043
1532259993701445 0.451172 0.104492 0.915527
1532259993777243 0.411621 0.0961914 0.967773
1532259993814144 0.411133 0.0839844 1.0083
1532259993844063 0.373535 0.0722656 1.01221
1532259993888951 0.36377 0.167969 0.963379
1532259993919861 0.384766 0.14502 0.978516
1532259993941803 0.383789 0.137207 0.981445
1532259993979701 0.39502 0.13916 0.955078
1532259994061483 0.429199 0.158203 0.952148
1532259994091403 0.434082 0.15625 0.946777
1532259994129301 0.413574 0.164063 0.922852
1532259994182166 0.405762 0.165039 0.932129
1532259994212086 0.397949 0.151855 0.949219
1532259994248987 0.411133 0.160156 0.949219
1532259994271932 0.42041 0.14502 0.936523
1532259994294871 0.427734 0.13623 0.943848
1532259994331772 0.429688 0.130859 0.948242
1532259994346732 0.440918 0.135742 0.95752
1532259994361692 0.442383 0.143555 0.956055
1532259994384640 0.428223 0.139648 0.950684
1532259994414550 0.393555 0.156738 0.933594
1532259994489351 0.401855 0.156738 0.944336
1532259994534237 0.408203 0.157715 0.942871
1532259994564150 0.407715 0.159668 0.940918
1532259994587089 0.40332 0.163574 0.950684
1532259994609030 0.399902 0.13916 0.95752
1532259994661889 0.419434 0.156738 0.94043
1532259994684827 0.422363 0.154297 0.934082
1532259994736689 0.412598 0.151855 0.933105
1532259994751649 0.408203 0.161621 0.943359
1532259994789548 0.414551 0.163086 0.958008
1532259994804508 0.410156 0.15332 0.956055
1532259994834428 0.400879 0.147949 0.944336
1532259994872338 0.402832 0.154297 0.936523
1532259994894268 0.404297 0.159668 0.936035
1532259994909227 0.40918 0.162109 0.942383
1532259994947127 0.409668 0.147949 0.942871
1532259994962087 0.407227 0.14209 0.950684
1532259994984028 0.410156 0.155273 0.946777
1532259995021927 0.407715 0.155762 0.953613
1532259995081767 0.407227 0.143066 0.960938
1532259995179505 0.40918 0.157715 0.935059
1532259995232363 0.428223 0.164551 0.929688
1532259995277244 0.413574 0.147949 0.942871
1532259995307164 0.41748 0.144043 0.955078
1532259995329105 0.410156 0.145996 0.947754
1532259995373985 0.390625 0.140137 0.942871
1532259995434822 0.389648 0.157227 0.940918
1532259995449782 0.387207 0.156738 0.942871
1532259995494663 0.395508 0.155762 0.947266
1532259995524582 0.408203 0.15332 0.952148
1532259995569462 0.402832 0.157227 0.941895
1532259995584422 0.402344 0.158203 0.944824
1532259995622320 0.402832 0.154297 0.95166
1532259995644262 0.400391 0.145508 0.950195
1532259995697121 0.402344 0.148926 0.958984
1532259995719062 0.393066 0.148438 0.950195
1532259995756960 0.398438 0.162598 0.953613
1532259995779905 0.408203 0.169434 0.951172
1532259995824780 0.401367 0.166992 0.949219
1532259995861681 0.403809 0.170898 0.942383
1532259995914539 0.396973 0.185547 0.95752
1532259995982364 0.397461 0.16748 0.955566
1532259996072118 0.40332 0.178223 0.9375
1532259996146918 0.399902 0.179688 0.946289
1532259996184817 0.40625 0.174316 0.95166
1532259996206758 0.395996 0.18457 0.9375
1532259996245654 0.389648 0.166504 0.933105
1532259996281558 0.378906 0.166504 0.942871
1532259996319457 0.374023 0.187988 0.967285
1532259996342396 0.384277 0.174316 0.977051
1532259996357356 0.404297 0.158203 0.977051
1532259996394257 0.420898 0.162109 0.966309
1532259996491995 0.40332 0.181641 0.930176
1532259996544854 0.38916 0.189941 0.944824
1532259996574774 0.394531 0.164551 0.960938
1532259996626635 0.415039 0.173828 0.956543
1532259996664534 0.411133 0.168945 0.950195
1532259996739335 0.388184 0.17334 0.941895
1532259996799173 0.401855 0.177246 0.943848
1532259996844060 0.396973 0.169434 0.943359
1532259996971713 0.413086 0.178711 0.939941
1532259996994651 0.408691 0.180176 0.953125
1532259997046513 0.416016 0.162598 0.929199
1532259997174171 0.423828 0.159668 0.946289
1532259997256950 0.418457 0.143555 0.953613
1532259997384609 0.412109 0.169434 0.924805
1532259997661867 0.415527 0.134766 0.966797
1532259997691788 0.416504 0.146484 0.953125
1532259997736667 0.410645 0.162598 0.946777
1532259997811467 0.449219 0.175781 0.921387
1532259997857345 0.464355 0.176758 0.895996
1532259997939126 0.430664 0.0761719 1.07324
1532259997962064 0.462891 -0.0742188 1.1543
1532259998104699 0.730469 0.133789 0.990723
1532259998247302 -0.383789 -0.081543 1.10498
1532259998292182 -0.332031 0.0756836 1.07373
1532259998344043 0.470703 -0.199219 0.753418
1532259998359003 0.548828 -0.224609 0.6875
1532259998404892 0.740723 -0.353516 0.654297
1532259998471701 0.805664 -0.701172 0.615723
1532259998494640 0.662109 -0.812988 0.660156
1532259998516582 0.462891 -0.735352 0.782227
1532259998561462 0.259277 -0.630859 0.834961
1532259998644240 -0.329102 -0.779297 0.856934
1532259998704080 -0.557129 -0.742676 0.706055
1532259998727019 0.0541992 -0.464844 0.644531
1532259998748960 0.227539 -0.579102 0.669922
1532259998795835 0.564941 -0.636719 0.480957
1532259998846699 0.797363 -1.01807 0.467773
1532259998884597 0.69873 -0.774414 0.345703
1532259998906539 0.812012 -0.401367 0.567871
1532259998989318 0.473145 -0.839355 0.921387
1532259999057137 0.0249023 -0.839355 1.00684
1532259999169835 -0.10498 -1.00684 0.541016
1532259999206735 -0.00683594 -0.888184 0.582031
1532259999274555 0.774902 -0.921387 0.518066
1532259999319435 0.885254 -0.693848 0.211914
1532259999342373 0.763672 -0.304688 0.273438
1532259999417172 0.767578 0.216797 0.63916
1532259999529871 0.231934 -0.821289 1.13574
1532259999619632 -0.263184 -1.22412 0.511719
1532259999679472 -0.38623 -1.0625 0.458496
1532260000069429 0.611816 -0.019043 0.48584
1532260000174149 0.199707 -0.23291 1.29932
1532260000475343 0.310059 -0.251953 0.916992
1532260000527205 0.433594 -0.32959 0.830078
1532260000564107 0.402344 -0.334473 0.821289
1532260000617963 0.411621 -0.342285 0.78125
1532260000699743 0.421387 -0.308594 0.772461
1532260000729664 0.507813 -0.337891 0.811523
1532260000751605 0.498535 -0.222168 0.819824
1532260000781525 0.519043 -0.226563 0.794922
1532260000796485 0.543457 -0.300781 0.805664
1532260000826405 0.539551 -0.260254 0.893066
1532260000849344 0.567383 -0.208008 0.849121
1532260000864304 0.59668 -0.245117 0.834961
1532260000902202 0.53418 -0.262207 0.845703
1532260000932122 0.489746 -0.222656 0.89209
1532260000954067 0.512695 -0.128418 0.932617
1532260000991962 0.462402 -0.196777 0.977051
1532260001014913 0.445313 -0.132324 0.992188
1532260001044821 0.467285 -0.09375 0.983887

1532260001081722 0.493164 -0.0483398 1.00098
1532260001126602 0.466797 -0.00878906 1.00293
1532260001141562 0.455566 0.0463867 1.01123
1532260001202399 0.416992 0.0629883 1.02734
1532260001224341 0.40625 0.0522461 1.06543
1532260001269220 0.422852 0.141113 1.05273
1532260001314101 0.406738 0.118164 1.05225
1532260001358981 0.324219 0.117676 0.973145
1532260001411839 0.294434 0.152344 0.899414
1532260001426801 0.333008 0.179688 0.897949
1532260001456719 0.356445 0.151855 0.914551
1532260001479658 0.383789 0.112305 0.942383
1532260001509578 0.416504 0.0966797 0.99707
1532260001546479 0.446289 0.0639648 1.0498
1532260001584378 0.394531 0.10791 1.02295
1532260001622277 0.361328 0.194336 0.958984
1532260001652197 0.369629 0.20459 0.978027
1532260001689097 0.371094 0.19043 0.964355
1532260001712036 0.364746 0.169434 0.959961
1532260001733977 0.372559 0.15918 0.959961
1532260001756917 0.365723 0.163574 0.95752
1532260001801797 0.37207 0.192383 0.94873
1532260001831717 0.373047 0.191406 0.938965
1532260001884575 0.380371 0.194336 0.9375
1532260001936436 0.40625 0.182617 0.928711
1532260001974336 0.410156 0.18457 0.935547
1532260002019216 0.405273 0.183594 0.941895
1532260002087033 0.391113 0.162598 0.946289
1532260002116953 0.391602 0.16748 0.958984
1532260002154852 0.404785 0.160156 0.964355
1532260002176794 0.402344 0.157227 0.952637
1532260002221674 0.398438 0.180176 0.943848
1532260002244612 0.396484 0.185547 0.938477
1532260002266553 0.383789 0.184082 0.943359
1532260002304453 0.372559 0.171387 0.956543
1532260002342351 0.381348 0.166504 0.969727
1532260002372271 0.40332 0.158203 0.955566
1532260002394212 0.40918 0.162598 0.953613
1532260002424132 0.413574 0.160156 0.956055
1532260002566751 0.390625 0.170898 0.930176
1532260002619610 0.396973 0.166992 0.95166
1532260002656517 0.38916 0.168945 0.944824
1532260002724330 0.386719 0.170898 0.95752
1532260002807112 0.38916 0.188965 0.946777
1532260002858970 0.377441 0.168457 0.956055
1532260002866949 0.385254 0.166992 0.966309
1532260002881908 0.394531 0.169434 0.969238
1532260002904855 0.410645 0.161621 0.961914
1532260002949727 0.408691 0.156738 0.952637
1532260002986628 0.396973 0.165039 0.952637
1532260003024528 0.381836 0.170898 0.950195
1532260003062446 0.384766 0.175293 0.941406
1532260003152186 0.398438 0.177734 0.946777
1532260003241958 0.394043 0.175781 0.944824
1532260003286825 0.399902 0.191895 0.942383
1532260003346666 0.394043 0.156738 0.955078
1532260003423460 0.392578 0.162598 0.949219
1532260003504243 0.407715 0.166992 0.945313
1532260003527183 0.398926 0.168457 0.946777
1532260003557103 0.396484 0.17627 0.948242
1532260003579045 0.393555 0.170898 0.933105
1532260003624937 0.387207 0.179688 0.934082
1532260003639882 0.380859 0.171875 0.932617
1532260003654842 0.353027 0.170898 0.952637
1532260003676783 0.321777 0.177246 0.970215
1532260003699721 0.331543 0.189453 0.992676
1532260003759562 0.427734 0.15625 0.969727
1532260003774521 0.457031 0.164551 0.939453
1532260003826383 0.456543 0.180176 0.893555
1532260003857300 0.429199 0.186035 0.900391
1532260003917140 0.39209 0.202148 0.922852
1532260003991939 0.401367 0.154785 0.955566
1532260004006900 0.412109 0.173828 0.943359
1532260004036820 0.404297 0.171875 0.947266
1532260004111620 0.379395 0.170898 0.961914
1532260004141540 0.389648 0.183594 0.953125
1532260004209368 0.392578 0.187012 0.953613
1532260004247257 0.399902 0.171387 0.935547
1532260004337018 0.388672 0.188477 0.938965
1532260004396857 0.393555 0.175781 0.929688
1532260004516537 0.385254 0.156738 0.981445
1532260004592334 0.39502 0.192383 0.913574
1532260004667134 0.39502 0.193848 0.925293
1532260004712014 0.409668 0.188965 0.934082
1532260004914473 0.393066 0.157227 0.963867
1532260004952382 0.387207 0.161621 0.964844
1532260005019193 0.388672 0.171387 0.958984
1532260005093998 0.439941 0.196777 0.915039
1532260005154831 0.44873 0.186035 0.907715
1532260005221652 0.422852 0.183105 0.916016
1532260005311412 0.380859 0.142578 0.94043
1532260005364269 0.718262 -0.134277 1.16309
1532260005566729 -0.525391 0.118164 1.0791
1532260005904833 -0.604004 -0.917969 0.817871
1532260005911806 -0.54541 -0.84375 0.777344
1532260005971663 -0.259277 -0.515625 0.673828
1532260006009545 0.661621 -0.538574 0.393555
1532260006061406 1.11914 -0.765137 0.536621
1532260006122243 0.786133 -0.796875 0.652344
1532260006189065 0.722168 -0.354004 0.82373
1532260006218984 0.35791 -0.618652 0.960449
1532260006294782 -0.0375977 -0.621094 0.898926
1532260006354627 -0.598633 -1.38477 0.464355
1532260006399501 -0.364746 -1.06982 0.402832
1532260006467321 -0.32373 -0.925293 0.383789
1532260006474301 0.371582 -0.716797 0.411621
1532260006557081 1.32764 -0.391602 0.450684
1532260006639859 0.834473 -0.416016 0.418457
1532260006676760 0.880859 -0.197266 0.605469
1532260006744590 0.841797 -0.0292969 0.70459
1532260006766520 0.834961 -0.283203 0.85791
1532260006842318 -0.30127 -0.607422 0.784668
1532260006887198 -0.0551758 -1.04248 0.683594
1532260007021852 -0.206055 -1.15869 0.52832
1532260007524493 -0.410156 -0.918457 1.05566
1532260007726952 0.328125 -0.0541992 0.956543
1532260007839651 0.213867 -0.186523 0.881348
1532260007869570 0.287598 -0.136719 0.849609
1532260007921433 0.34668 -0.133301 0.833984
1532260007989251 0.500977 -0.255371 0.825684
1532260008004224 0.44873 -0.29541 0.845703
1532260008072029 0.57959 -0.303223 0.86377
1532260008139848 0.666016 -0.227051 0.861816
1532260008206669 0.638184 -0.166504 0.758789
1532260008259527 0.549316 -0.122559 0.914063
1532260008281469 0.541016 -0.152832 0.946777

1532260008327347 0.421875 -0.0556641 0.988281
1532260008379233 0.44043 0.00976563 0.990723
1532260008409154 0.462402 0.0512695 0.990723
1532260008424113 0.463867 0.0654297 1.01953
1532260008468993 0.41748 0.0869141 1.04102
1532260008483953 0.418945 0.0996094 1.03906
1532260008529830 0.410645 0.0981445 1.01123
1532260008589670 0.380859 0.12793 0.988281
1532260008641532 0.380371 0.137695 0.982422
1532260008686440 0.393066 0.158691 0.940918
1532260008717356 0.37207 0.148438 0.905273
1532260008747276 0.366211 0.152344 0.88916
1532260008762237 0.378906 0.13623 0.866211
1532260008837036 0.52002 0.0708008 1.15332
1532260008896877 0.334473 -0.065918 0.983398
1532260008919815 0.333008 0.152344 0.917969
1532260008971678 0.37793 0.265625 0.964844
1532260009055453 0.389648 0.19043 0.962402
1532260009099335 0.394043 0.217285 0.958008
1532260009122274 0.400879 0.182617 0.943359
1532260009159175 0.40332 0.200195 0.934082
1532260009189096 0.397949 0.180664 0.940918
1532260009219015 0.396484 0.155273 0.945313
1532260009241954 0.396973 0.135742 0.958496
1532260009256943 0.39502 0.126953 0.959473
1532260009316782 0.405762 0.145996 0.961914
1532260009339721 0.397461 0.16748 0.955078
1532260009451422 0.383789 0.188965 0.944336
1532260009519240 0.375977 0.17627 0.968262
1532260009534200 0.385254 0.172852 0.973145
1532260009564121 0.392578 0.170898 0.960938
1532260009587068 0.405762 0.169434 0.962891
1532260009609001 0.407227 0.168457 0.95166
1532260009669838 0.408691 0.179688 0.931152
1532260009796499 0.405762 0.174316 0.92334
1532260009894238 0.397949 0.158691 0.937012
1532260009939118 0.380371 0.160645 0.950684
1532260009977016 0.374023 0.158691 0.958008
1532260010021897 0.390137 0.159668 0.95459
1532260010089716 0.399414 0.164063 0.950684
1532260010134595 0.39209 0.169922 0.947266
1532260010224356 0.401367 0.187012 0.934082
1532260010247293 0.393066 0.183594 0.941406
1532260010338051 0.381836 0.165039 0.95752
1532260010367971 0.390625 0.166992 0.952637
1532260010411854 0.394043 0.17627 0.945313
1532260010486653 0.39209 0.184082 0.946777
1532260010561454 0.398926 0.196777 0.942383
1532260010637251 0.398438 0.191895 0.951172
1532260010697091 0.400879 0.183594 0.953613
1532260010712051 0.404297 0.191895 0.943359
1532260010779870 0.400391 0.172852 0.911133
1532260010839710 0.366699 0.17334 0.922363
1532260010861651 0.314453 0.195801 1.01025
1532260010891571 0.37207 0.106934 1.03125
1532260010960392 0.459961 0.22168 0.856445
1532260010982329 0.438477 0.201172 0.876953
1532260011004270 0.418945 0.180664 0.900391
1532260011042168 0.386719 0.213379 0.941895
1532260011108990 0.368164 0.220215 0.934082
1532260011176809 0.39209 0.160156 0.95459
1532260011274547 0.373535 0.151855 0.975586
1532260011334401 0.378418 0.157715 0.964844
1532260011424147 0.40918 0.190918 0.929688
1532260011529864 0.405762 0.187012 0.92041
1532260011574744 0.391113 0.165527 0.964355
1532260011702402 0.38916 0.162109 0.952637
1532260011732323 0.393555 0.171875 0.953613
1532260011829064 0.384766 0.179199 0.946777
1532260011881922 0.384766 0.174805 0.94043
1532260011956723 0.396484 0.17334 0.936035
1532260012107320 0.423828 0.158203 0.943848
1532260012316760 0.410156 0.188477 0.941895
1532260012391560 0.380371 0.132813 0.969727
1532260012444418 0.404297 0.109375 1.00977
1532260012534178 0.710938 0.166016 1.0332
1532260012557117 0.512695 0.143066 1.30566
1532260012639896 -0.669434 -0.0439453 1.23828
1532260012654867 -0.638672 -0.027832 1.14746
1532260012721677 -0.291016 0.124023 0.958008
1532260012751597 0.477051 -0.189941 0.815918
1532260012789496 0.950195 -0.303711 0.727539
1532260012804465 1.21338 -0.148926 0.51123
1532260012819415 1.13135 -0.0991211 0.394531
1532260012857314 0.914551 -0.21875 0.557617
1532260012879256 0.855469 -0.388672 0.645508
1532260012909204 0.616699 -0.762695 0.871094
1532260012939124 0.401367 -0.73584 0.954102
1532260012977022 -0.132324 -0.559082 1.14209
1532260012991983 -0.57373 -0.608887 1.14502
1532260013029882 -1.1709 -0.902344 1.22607
1532260013059801 -1.21875 -0.819336 1.22217
1532260013081743 -0.745605 -0.894043 0.922363
1532260013111663 -0.439941 -0.673828 0.593262
1532260013164521 0.55957 -0.649902 0.606934
1532260013329081 0.936035 -1.14795 0.323242
1532260013381940 0.755859 -0.624023 0.912598
1532260013471700 0.605469 -0.875488 1.0166
1532260013607337 -0.542969 -1.04639 0.476563
1532260013637256 -0.175293 -0.837891 0.561523
1532260013704078 0.119141 -0.656738 0.400879
1532260013748958 1.12793 -0.881348 0.467285
1532260013801817 0.963867 -0.463379 0.378418
1532260013824756 0.959473 -0.304688 0.503906
1532260013869636 0.716797 -0.569824 0.777344
1532260013899556 0.518066 -0.659668 0.816895
1532260013921497 0.263672 -0.783691 0.806152
1532260013959396 0.0878906 -0.791504 0.756348
1532260014057134 -0.318359 -1.08789 0.454102
1532260014108996 -0.134766 -0.991211 0.492676
1532260014176814 -0.0722656 -0.888184 0.479004
1532260014236654 0.156738 -0.808594 0.688965
1532260014581731 0.952637 -0.308594 0.643555
1532260014852009 0.556641 -0.505371 0.756348
1532260015054467 0.618652 0.365234 1.01318
1532260015084387 0.382324 0.14209 0.972656
1532260015256926 0.291016 -0.0444336 0.848633
1532260015346686 0.399902 -0.151367 0.792969
1532260015406526 0.408691 -0.258789 0.839355
1532260015436446 0.490723 -0.26709 0.833496
1532260015459385 0.697754 -0.337891 0.753418
1532260015482323 0.653809 -0.258301 0.808594
1532260015497283 0.694336 -0.149902 0.824707
1532260015549145 0.709961 -0.312988 0.787598
1532260015564104 0.620605 -0.277832 0.832031
1532260015631922 0.59082 -0.196777 0.855469
1532260015661843 0.48877 -0.157227 0.850586
1532260015684781 0.460449 -0.0839844 0.861328

1532260015751603 0.400879 -0.0136719 0.90625
1532260015774542 0.445313 0.0507813 0.95752
1532260015827401 0.638184 0.090332 1.15576
1532260015857320 0.427246 -0.0239258 1.1582
1532260015887240 0.349121 -0.0439453 1.08545
1532260015917160 0.388672 0.136719 1.03125
1532260015947080 0.431641 0.259766 0.981445
1532260015962040 0.366211 0.227539 0.963379
1532260015991960 0.356934 0.259277 0.87793
1532260016013901 0.384766 0.213379 0.867188
1532260016051801 0.394043 0.108887 0.865723
1532260016081720 0.409668 0.128418 0.842773
1532260016104673 0.429199 0.148438 0.858887
1532260016126601 0.439941 0.155762 0.874512
1532260016141560 0.475586 0.118652 0.930176
1532260016164499 0.488281 0.0703125 1.00977
1532260016186440 0.467773 -0.00878906 1.04932
1532260016224338 0.374023 -0.0131836 1.01807
1532260016254259 0.358398 0.00732422 0.978027
1532260016292158 0.330078 0.100586 0.999023
1532260016314099 0.365723 0.140137 1.01416
1532260016351997 0.373535 0.155762 1.01318
1532260016381918 0.37207 0.128418 0.96582
1532260016426803 0.386719 0.143066 0.94043
1532260016449736 0.381836 0.14502 0.941406
1532260016471678 0.39502 0.137207 0.950195
1532260016494616 0.396973 0.150391 0.945801
1532260016524536 0.399414 0.151855 0.944824
1532260016554456 0.407227 0.168457 0.944824
1532260016607315 0.409668 0.160156 0.948242
1532260016667155 0.407715 0.151855 0.952637
1532260016733976 0.403809 0.165527 0.969238
1532260016794814 0.390625 0.152344 0.947266
1532260016809773 0.382813 0.162598 0.949707
1532260016876595 0.369629 0.156738 0.953125
1532260016899533 0.359375 0.163086 0.958496
1532260017012232 0.405762 0.157715 0.956055
1532260017087032 0.416016 0.154785 0.957031
1532260017123934 0.417969 0.16748 0.933594
1532260017154857 0.40625 0.165527 0.931152
1532260017214690 0.36377 0.183105 0.949707
1532260017236632 0.356934 0.175781 0.955566
1532260017281513 0.391113 0.155273 0.963867
1532260017296472 0.398926 0.143066 0.950684
1532260017387230 0.407227 0.132324 0.944824
1532260017462030 0.405762 0.127441 0.957031
1532260017581709 0.404785 0.134766 0.939941
1532260017664488 0.394043 0.158691 0.945313
1532260017717347 0.400391 0.170898 0.944336
1532260017792147 0.415527 0.15625 0.94873
1532260017866947 0.395508 0.157227 0.957031
1532260017904845 0.412109 0.15625 0.947266
1532260017941747 0.416016 0.150879 0.92041
1532260017986627 0.406738 0.155762 0.915527
1532260018054459 0.347656 0.178223 0.976563
1532260018129245 0.443848 0.13916 0.938477
1532260018182104 0.434082 0.173828 0.905762
1532260018264882 0.375977 0.185059 0.95166
1532260018279842 0.375488 0.179199 0.966309
1532260018316744 0.387207 0.170898 0.970215
1532260018346663 0.413086 0.150879 0.966797
1532260018399522 0.405762 0.133789 0.941406
1532260018437457 0.387695 0.140137 0.944336
1532260018467341 0.382324 0.147949 0.957031
1532260018587021 0.428223 0.168457 0.90625
1532260018624920 0.430664 0.173828 0.90918
1532260018736621 0.401855 0.143066 0.977539
1532260018812432 0.39209 0.143555 0.974121
1532260018887222 0.40918 0.14209 0.938965
1532260018954050 0.417969 0.160156 0.895508
1532260019029837 0.401367 0.158203 0.943848
1532260019051778 0.391602 0.141113 0.986328
1532260019104643 0.430664 0.149414 0.946289
1532260019141538 0.425293 0.154297 0.949707
1532260019179437 0.428223 0.154785 0.940918
1532260019247256 0.418945 0.14209 0.936035
1532260019292135 0.40918 0.14502 0.938477
1532260019381896 0.401855 0.155762 0.928711
1532260019449735 0.436035 0.154785 0.907715
1532260019584354 0.554688 0.0307617 1.10107
1532260019637229 0.538086 0.0751953 1.28564
1532260019667132 -0.0161133 0.0942383 1.47168
1532260019697053 -0.188965 0.0400391 1.40967
1532260019712026 -0.453613 0.0566406 1.25391
1532260019779832 -0.327637 0.143066 1.07422
1532260019794797 -0.279785 0.165527 0.973633
1532260019839671 0.361328 -0.0766602 0.808594
1532260019861613 0.686523 -0.235352 0.714355
1532260019908488 0.916992 -0.26416 0.569824
1532260019989273 0.671875 -0.608398 0.787598
1532260020012224 0.566895 -0.745117 0.86377
1532260020034151 0.413086 -0.715332 0.969238
1532260020064071 0.0698242 -0.568359 1.00928
1532260020101970 -0.157715 -0.615234 0.979004
1532260020139868 -0.540039 -0.818848 0.824219
1532260020146849 -0.666992 -0.813965 0.810059
1532260020296450 0.810059 -0.428711 0.825684
1532260020357287 0.712402 -0.431152 0.716797
1532260020417127 0.643066 -0.501465 0.932129
1532260020439068 0.407715 -0.575195 0.980469
1532260020491928 0.155273 -0.723633 0.888672
1532260020566727 -0.253418 -1.30029 0.688477
1532260020589666 -0.54541 -1.1665 0.557129
1532260020619586 -0.391113 -0.825195 0.484863
1532260020679426 -0.200195 -0.569824 0.553711
1532260020732284 1.32275 -0.999023 0.453125
1532260020754226 1.65674 -0.311523 0.748047
1532260020792124 0.943848 -0.12207 0.665039
1532260020837005 0.732422 -0.0317383 0.719727
1532260020896844 0.851074 -0.373047 0.943359
1532260021046444 0.668457 -0.524414 1.09912
1532260021167122 0.0874023 -0.871094 0.785156
1532260021233943 0.560547 -0.774902 0.774414
1532260021271857 0.568359 -0.0791016 0.719238
1532260021324700 0.369629 -0.307129 0.930664
1532260021399500 0.288086 -0.376953 1.0332
1532260021661799 0.272461 -0.216797 1.05029
1532260021796444 0.135742 -0.288574 0.874512
1532260021872236 0.222656 -0.369629 0.855957
1532260021917116 0.287109 -0.320313 0.899414
1532260021939058 0.419434 -0.261719 0.884766
1532260022006876 0.547363 -0.299805 0.820313
1532260022074695 0.470703 -0.268555 0.966309
1532260022096636 0.507813 -0.166016 0.963379
1532260022149495 0.475586 -0.333496 0.930664
1532260022164455 0.380859 -0.320313 0.911621

1532260022232273 0.335938 -0.0297852 0.958496
1532260022284134 0.333984 -0.0361328 1.0293
1532260022299095 0.345703 -0.0610352 1.02246
1532260022343975 0.403809 0.0976563 1.07568
1532260022419771 0.402832 0.0317383 1.06982
1532260022441713 0.385254 0.074707 1.04443
1532260022494572 0.376953 0.0976563 0.982422
1532260022517081 0.38916 0.0620117 0.926758
1532260022568943 0.44043 0.0859375 0.974609
1532260022592878 0.469238 0.0390625 1.01025
1532260022621813 0.507324 0.0166016 1.06055
1532260022644753 0.533691 0.00195313 1.03906
1532260022674674 0.544922 0.00683594 0.995605
1532260022704594 0.391113 0.17041 0.914551
1532260022749474 0.38916 0.238281 0.882813
1532260022764433 0.38623 0.167969 0.92334
1532260022802332 0.35498 0.0849609 0.975586
1532260022824273 0.333008 0.0839844 0.980469
1532260022847212 0.316895 0.0966797 0.972168
1532260022869153 0.294434 0.125 0.992676
1532260022907052 0.315918 0.120605 1.01514
1532260022928994 0.339844 0.133789 1.03613
1532260022951932 0.337891 0.139648 1.02246
1532260022989831 0.346191 0.170898 0.97168
1532260023004819 0.367676 0.180176 0.956055
1532260023049698 0.414551 0.182617 0.949707
1532260023071642 0.41748 0.163574 0.960938
1532260023109539 0.405273 0.157715 0.946289
1532260023131480 0.404297 0.182129 0.942383
1532260023146439 0.40918 0.174805 0.939941
1532260023177357 0.402344 0.168945 0.947754
1532260023199299 0.398438 0.154785 0.946289
1532260023229218 0.398438 0.15332 0.952148
1532260023252157 0.395508 0.152344 0.954102
1532260023289059 0.392578 0.150391 0.958008
1532260023311996 0.389648 0.15625 0.956543
1532260023326958 0.388184 0.155762 0.959961
1532260023364856 0.382813 0.168457 0.95752
1532260023386797 0.387207 0.166504 0.955566
1532260023416717 0.398438 0.165039 0.946289
1532260023476557 0.397461 0.161621 0.94873
1532260023491517 0.402832 0.166016 0.952148
1532260023559336 0.407227 0.147949 0.95459
1532260023604215 0.414063 0.160645 0.935059
1532260023642114 0.409668 0.157227 0.931641
1532260023672035 0.388672 0.152832 0.940918
1532260023739853 0.354492 0.140625 0.993652
1532260023761794 0.36377 0.130859 1.00244
1532260023814652 0.422363 0.151367 0.962402
1532260023866515 0.457031 0.157715 0.924805
1532260023889453 0.45459 0.154297 0.907715
1532260023934333 0.4375 0.150391 0.904785
1532260023949293 0.429688 0.162109 0.916504
1532260023972232 0.414551 0.143066 0.934082
1532260023994173 0.40332 0.140137 0.934082
1532260024024093 0.404297 0.144531 0.937988
1532260024047031 0.400879 0.143555 0.944336
1532260024091911 0.402832 0.13623 0.947266
1532260024106871 0.397949 0.128418 0.951172
1532260024144781 0.405762 0.135254 0.949219
1532260024211591 0.424805 0.136719 0.95166
1532260024264450 0.438965 0.128418 0.935547
1532260024324291 0.42627 0.151367 0.939453
1532260024414050 0.39502 0.158203 0.95166
1532260024443970 0.40332 0.158203 0.946289
1532260024541709 0.41748 0.166504 0.944824
1532260024579607 0.42041 0.154785 0.947266
1532260024594568 0.418945 0.15332 0.954102
1532260024616508 0.417969 0.160645 0.943359
1532260024646429 0.401855 0.145996 0.941895
1532260024692306 0.39209 0.149902 0.931641
1532260024714247 0.373047 0.15332 0.934082
1532260024729207 0.36377 0.163086 0.957031
1532260024767106 0.381836 0.156738 0.984375
1532260024782066 0.400879 0.142578 0.98584
1532260024826946 0.437012 0.150879 0.948242
1532260024849884 0.442383 0.164551 0.927734
1532260024871830 0.437012 0.17627 0.912598
1532260024894764 0.428223 0.180176 0.918457
1532260024916706 0.415527 0.185547 0.932129
1532260024931666 0.408691 0.176758 0.939453
1532260024954605 0.399414 0.166992 0.940918
1532260024991506 0.384277 0.158203 0.953125
1532260025006466 0.39502 0.157715 0.954102
1532260025037392 0.405273 0.149902 0.956543
1532260025104207 0.40918 0.150879 0.952637
1532260025149084 0.406738 0.151855 0.95459
1532260025193981 0.407227 0.161133 0.950195
1532260025284735 0.404785 0.169434 0.930664
1532260025404402 0.415527 0.171387 0.922852
1532260025606862 0.391113 0.165039 0.931152
1532260025704600 0.400391 0.174805 0.936523
1532260025749479 0.403809 0.174316 0.932617
1532260025854199 0.391113 0.143555 0.983887
1532260025892098 0.411621 0.133301 0.989258
1532260025959916 0.430664 0.162109 0.899414
1532260026041698 0.427734 0.156738 0.890137
1532260026116498 0.415039 0.120117 0.96582
1532260026349873 -0.652832 -0.0961914 1.17041
1532260026386791 -0.563477 0.191406 1.09473
1532260026409713 -0.337402 0.146484 1.146
1532260026439633 -0.0336914 -0.0957031 1.06396
1532260026469554 0.522949 -0.0996094 0.702637
1532260026522419 1.22119 -0.119629 0.343262
1532260026559313 0.939941 -0.514648 0.415039
1532260026589234 0.899414 -0.644531 0.508301
1532260026642092 0.754395 -0.790039 0.791992
1532260026672012 0.129395 -0.788086 0.907715
1532260026701932 -0.200195 -0.79541 0.951172
1532260026708914 -0.336426 -0.851563 1.021
1532260026746811 -0.567383 -0.673828 1.10449
1532260026761772 -0.824219 -0.948242 1.10449
1532260026814631 -0.709961 -0.836426 0.883301
1532260026829591 -0.593262 -0.521484 0.787598
1532260026844551 -0.264648 -0.46875 0.734375
1532260026889438 0.861816 -0.632813 0.583984
1532260026919351 0.945313 -1.14453 0.244141
1532260026949270 0.790527 -0.991699 0.362305
1532260026987169 0.654297 -0.843262 0.300781
1532260027024070 0.703125 -0.678711 0.515625
1532260027061970 0.694824 -0.539551 0.432617
1532260027076930 0.83252 -0.504395 0.521484
1532260027114828 0.854004 -0.945801 0.850098
1532260027136769 0.622559 -1.10938 0.993652
1532260027166689 0.411621 -1.24121 1.06689
1532260027211569 -0.351074 -1.13623 0.817871
1532260027264428 -0.659668 -1.03906 0.67334
1532260027302326 -0.540527 -0.883789 0.490723
1532260027347207 -0.453125 -0.625488 0.477051
1532260027369148 -0.283691 -0.507324 0.585449
1532260027436967 0.477051 -0.811523 0.749023
1532260027504788 1.30615 -0.680664 0.228027
1532260027579585 0.819824 -0.0629883 0.519531
1532260027647404 -0.20752 -1.15234 0.770996
1532260027699265 -0.373047 -1.10449 0.551758
1532260027714225 -0.0351563 -0.845215 0.504395
1532260027744145 -0.202637 -1.44189 0.3125
1532260027767084 -0.202637 -1.57324 0.505371
1532260027789025 0.0527344 -1.18896 0.504883
1532260027818945 0.180664 -1.02148 0.695313
1532260027849862 0.0166016 -1.00293 0.495117
1532260027901724 0.26123 -0.26709 0.585938
1532260027976524 0.666992 -0.248535 0.858398
1532260028104182 0.75 -1.04492 0.271973
1532260028157041 0.197266 -0.862793 1.0376
1532260028178982 0.327637 -1.04639 0.962402
1532260028224860 0.777832 -0.541992 0.711914
1532260028261760 0.579102 -0.651855 0.853027
1532260028299660 0.567383 -0.552734 0.825195
1532260028321614 0.502441 -0.500488 0.79541
1532260028351521 0.402344 -0.380371 0.813965
1532260028404380 0.48584 -0.152832 0.777344
1532260028449260 0.533203 -0.154785 0.852539
1532260028629776 0.45166 -0.248047 1.10059
1532260028666694 0.410645 -0.246582 1.11084
1532260028741478 0.281738 -0.335449 0.883301
1532260028877115 0.432129 -0.354004 0.716797
1532260028899056 0.503418 -0.37793 0.65625
1532260028943937 0.54248 -0.317871 0.71875
1532260028966876 0.655762 -0.286621 0.68457
1532260029011755 0.61377 -0.312012 0.798828
1532260029056635 0.634766 -0.397461 0.744629
1532260029109494 0.631836 -0.222656 0.854004
1532260029131435 0.641113 -0.333984 0.857422
1532260029170331 0.458984 -0.304199 0.858398

1532260029229174 0.468262 -0.081543 0.929688
1532260029252112 0.496582 -0.0737305 1.01465
1532260029289014 0.558594 -0.0795898 1.05762
1532260029311953 0.583496 -0.0336914 1.06592
1532260029349851 0.496582 -0.0581055 1.01025
1532260029371793 0.515625 -0.0893555 0.99707
1532260029401712 0.607422 -0.0112305 1.05859
1532260029424651 0.527344 -0.0185547 1.09082
1532260029454577 0.394043 -0.034668 0.996094
1532260029491473 0.358887 0.0253906 0.969727
1532260029537358 0.417969 0.146973 0.918457
1532260029582230 0.412598 0.0444336 0.921387
1532260029604171 0.411621 0.0727539 0.908203
1532260029649051 0.414551 0.0981445 0.942871
1532260029686950 0.400879 0.090332 0.976563
1532260029731829 0.372559 0.0922852 0.990723
1532260029754769 0.378418 0.135254 0.979492
1532260029784688 0.379883 0.15918 0.974121
1532260029814608 0.366699 0.150879 0.973145
1532260029836550 0.368652 0.140137 0.974121
1532260029912352 0.398438 0.141602 0.959961
1532260029919329 0.393066 0.150391 0.956543
1532260029949264 0.39502 0.162109 0.932129
1532260029979168 0.408691 0.158203 0.925781
1532260030068986 0.415039 0.16748 0.946289
1532260030129823 0.412598 0.160156 0.946289
1532260030196645 0.406738 0.152344 0.95752
1532260030219584 0.408203 0.147949 0.955078
1532260030264464 0.409668 0.162598 0.938965
1532260030347242 0.406738 0.165039 0.952637
1532260030399103 0.402344 0.162598 0.958008
1532260030474900 0.40332 0.157227 0.935547
1532260030519781 0.380859 0.170898 0.959961
1532260030654421 0.411621 0.161133 0.953125
1532260030684341 0.422852 0.157715 0.930664
1532260030707280 0.414551 0.159668 0.925293
1532260030818980 0.404297 0.175293 0.943359
1532260030886800 0.385254 0.143555 0.946289
1532260030932682 0.385254 0.166992 0.949219
1532260030976560 0.394531 0.176758 0.931641
1532260030991519 0.394531 0.188477 0.935059
1532260031142117 0.422363 0.149902 0.960449
1532260031231877 0.379395 0.160156 0.960449
1532260031299696 0.40918 0.192383 0.948242
1532260031314655 0.411133 0.1875 0.944336
1532260031351557 0.405762 0.179688 0.945313
1532260031381477 0.407227 0.178711 0.937988
1532260031457274 0.398438 0.158691 0.943848
1532260031509135 0.385254 0.171875 0.944336
1532260031576954 0.366699 0.179199 0.970215
1532260031599893 0.384766 0.168457 0.981934
1532260031666714 0.434082 0.171387 0.92627
1532260031741514 0.387207 0.191895 0.945313
1532260031809333 0.395996 0.165527 0.97168
1532260031907071 0.410645 0.15625 0.951172
1532260031996831 0.380371 0.171387 0.952637
1532260032214250 0.413086 0.186035 0.916016
1532260032274090 0.403809 0.186523 0.932617
1532260032394766 0.399414 0.143555 0.972168
1532260032446628 0.410645 0.152832 0.953125
1532260032642106 0.390625 0.180176 0.966309
1532260032776746 0.398438 0.157715 0.97998
1532260032972223 0.429199 0.147461 0.923828
1532260033054004 0.486816 0.0200195 1.05322
1532260033106863 0.514648 0.117188 0.933594
1532260033241503 0.196289 0.0493164 1.38867
1532260033256463 0.0380859 0.034668 1.36719
1532260033347220 -0.310059 0.0415039 1.07422
1532260033369162 0.00878906 -0.0288086 0.991699
1532260033422020 0.214355 -0.154785 0.928223
1532260033511780 0.719727 -0.291992 0.76123
1532260033601541 0.671875 -0.523926 0.729492
1532260033677338 0.335938 -0.479492 0.905273
1532260033752137 -0.583496 -0.690918 0.640625
1532260033774079 -0.297363 -0.567871 0.630859
1532260033789039 -0.133789 -0.705078 0.640625
1532260033834916 0.754395 -0.646484 0.662109
1532260033886777 0.964355 -0.612305 0.556641
1532260033939636 0.831543 -0.573242 0.522461
1532260033961577 0.674805 -0.469238 0.687988
1532260034037374 0.415039 -0.679199 0.902344
1532260034089236 0.324707 -0.902832 0.955078
1532260034134116 0.0932617 -1.10791 0.850586
1532260034149076 -0.236328 -1.2793 0.776367
1532260034231854 -0.331055 -1.00635 0.358398
1532260034276735 -0.227539 -0.921875 0.396484
1532260034321615 -0.171387 -0.925781 0.483887
1532260034568953 1.06543 -1.02832 0.427734
1532260034719550 0.725586 0.0151367 0.572754
1532260034893087 -0.153809 -0.95752 0.848145
1532260034996809 0.830566 -0.733398 0.864258
1532260035222207 0.81543 -0.396484 0.491699
1532260035259107 0.404297 0.0361328 0.586426
1532260035386766 0.628906 -0.473145 0.752441
1532260035476526 0.54541 -0.0380859 0.871094
1532260035642083 0.210938 -0.158691 0.895508
1532260035664024 0.217773 -0.183105 0.866699
1532260035693945 0.322754 -0.23291 0.882324
1532260035761764 0.510742 -0.230469 0.834473
1532260035806644 0.640625 -0.280273 0.841797
1532260035882452 0.587402 -0.237793 0.847656
1532260035934302 0.671387 -0.233887 0.842773
1532260035949262 0.586426 -0.321777 0.816895
1532260035994142 0.464355 -0.257813 0.923828
1532260036047001 0.47998 -0.0756836 0.953613
