1532259499201221 0.134138 -0.0104374 -0.52635
1532259499249094 0.158991 -0.0512596 -0.528991
1532259499338855 0.210729 -0.111085 -0.530716
1532259499421632 0.2442 -0.149614 -0.53608
1532259499459530 0.30894 -0.212497 -0.551026
1532259499519371 0.351423 -0.281646 -0.587267
1532259499549291 0.399082 -0.316851 -0.614818
1532259499579211 0.404082 -0.360876 -0.649634
1532259499594171 0.403562 -0.375405 -0.666837
1532259499609131 0.404655 -0.391452 -0.688296
1532259499632070 0.398677 -0.412239 -0.709142
1532259499654011 0.388858 -0.437321 -0.729459
1532259499713851 0.34054 -0.518557 -0.756059
1532259499751750 0.340047 -0.523945 -0.74951
1532259499856470 0.345948 -0.504193 -0.725707
1532259499901349 0.354226 -0.503057 -0.719444
1532259500029008 0.381105 -0.495194 -0.720319
1532259500314245 0.322653 -0.495707 -0.693155
1532259500418965 0.322538 -0.491044 -0.688367
1532259500471823 0.321933 -0.49055 -0.688324
1532259500531665 0.321227 -0.490232 -0.688161
1532259500591503 0.32104 -0.489414 -0.686827
1532259500621423 0.320559 -0.488844 -0.686024
1532259500666304 0.318675 -0.48678 -0.68239
1532259500711183 0.318298 -0.485266 -0.680442
1532259500734133 0.31758 -0.484849 -0.680406
1532259500786994 0.317279 -0.484656 -0.680533
1532259500823882 0.317279 -0.484656 -0.680533
1532259500883730 0.319088 -0.483113 -0.680563
1532259500936589 0.319972 -0.482547 -0.680688
1532259501004407 0.32074 -0.481876 -0.681024
1532259501026349 0.321153 -0.481676 -0.681759
1532259501147026 0.32797 -0.442167 -0.683408
1532259501168967 0.312275 -0.427715 -0.675945
1532259501267703 0.295999 -0.37929 -0.623132
1532259501334524 0.336841 -0.288955 -0.579525
1532259501439317 0.358518 -0.230622 -0.564832
1532259501484197 0.409477 -0.0875132 -0.540097
1532259501558998 0.407691 0.125434 -0.499077
1532259501626816 0.326612 0.197292 -0.501916
1532259501836256 0.34546 0.212482 -0.647414
1532259501978881 0.0974566 0.634185 -0.661971
1532259502061660 0.193347 0.42654 -0.50243
1532259502099558 0.233222 0.307528 -0.476782
1532259502129478 0.247337 0.25401 -0.469998
1532259502174359 0.285085 0.168285 -0.478176
1532259502189318 0.31345 0.128749 -0.489284
1532259502234198 0.370655 0.0663004 -0.520749
1532259502316977 0.382735 0.0608369 -0.530875
1532259502413748 0.411386 0.079742 -0.547261
1532259502473587 0.37904 0.296263 -0.582639
1532259502534424 0.155309 0.607711 -0.620188
1532259502556366 0.147502 0.615211 -0.60867
1532259502579305 0.160383 0.591331 -0.564066
1532259502601246 0.176302 0.567688 -0.54426
1532259502662084 0.223699 0.500694 -0.502745
1532259502677043 0.243569 0.453285 -0.480378
1532259502736883 0.280757 0.309507 -0.468113
1532259502766803 0.313631 0.218855 -0.477304
1532259502803704 0.347392 0.153667 -0.489311
1532259502865539 0.384956 0.100209 -0.51424
1532259502886483 0.395578 0.0916523 -0.523865
1532259502909422 0.399832 0.0808735 -0.534258
1532259502954310 0.399277 0.0678116 -0.545178
1532259503082974 0.392403 -0.0352966 -0.598284
1532259503141800 0.381821 -0.197459 -0.603274
1532259503209619 0.457965 -0.393883 -0.594329
1532259503231561 0.459471 -0.425529 -0.59926
1532259503291401 0.412064 -0.459878 -0.608341
1532259503359219 0.379508 -0.441445 -0.607355
1532259503419059 0.383438 -0.482267 -0.603124
1532259503471918 0.377633 -0.48692 -0.603396
1532259503501838 0.376391 -0.481681 -0.605873
1532259503546718 0.382854 -0.482498 -0.604862
1532259503561678 0.38188 -0.480801 -0.603197
1532259503576638 0.377473 -0.478024 -0.601012
1532259503599577 0.363688 -0.476333 -0.597012
1532259503644456 0.354331 -0.479813 -0.593799
1532259503674376 0.344674 -0.484697 -0.591106
1532259503772115 0.326503 -0.492106 -0.5879
1532259503921715 0.307093 -0.495386 -0.579495
1532259504004494 0.292263 -0.496654 -0.578555
1532259504026434 0.277458 -0.502243 -0.571073
1532259504116195 0.276651 -0.50131 -0.555957
1532259504139133 0.279885 -0.498379 -0.551835
1532259504169054 0.2835 -0.495058 -0.548527
1532259504266792 0.290864 -0.48007 -0.550968
1532259504356552 0.291167 -0.479005 -0.553711
1532259504484211 0.327074 -0.465219 -0.562218
1532259504603907 0.369265 -0.438982 -0.559656
1532259504627827 0.374135 -0.436381 -0.559032
1532259504731549 0.390055 -0.431221 -0.560236
1532259504799368 0.39172 -0.431626 -0.561052
1532259504821310 0.386732 -0.433037 -0.562669
1532259504881149 0.370898 -0.43805 -0.57676
1532259504986867 0.372344 -0.437785 -0.582334
1532259505023768 0.368593 -0.437796 -0.590634
1532259505114525 0.364514 -0.441387 -0.595658
1532259505256146 0.33754 -0.456776 -0.604764
1532259505309006 0.33338 -0.459682 -0.603228

1532259505361864 0.332544 -0.46072 -0.60179
1532259505398783 0.331882 -0.46107 -0.595767
1532259505466601 0.335536 -0.457831 -0.592613
1532259505564340 0.331275 -0.457752 -0.592979
1532259505781758 0.340952 -0.451721 -0.60162
1532259505811679 0.342448 -0.450655 -0.599796
1532259505856558 0.344254 -0.445752 -0.594391
1532259505946319 0.344712 -0.443838 -0.593669
1532259506029097 0.348012 -0.442453 -0.598318
1532259506081955 0.351312 -0.439688 -0.600385
1532259506156755 0.35509 -0.438222 -0.602127
1532259506239535 0.357426 -0.435796 -0.599796
1532259506344255 0.36016 -0.432082 -0.597663
1532259506636473 0.364972 -0.428359 -0.613833
1532259506689332 0.364878 -0.42684 -0.613025
1532259506794051 0.359586 -0.426722 -0.610645
1532259506831950 0.359083 -0.423797 -0.607671
1532259506891790 0.359096 -0.423831 -0.607698
1532259506922708 0.358632 -0.424035 -0.608146
1532259506951630 0.356292 -0.426017 -0.609585
1532259506981550 0.355036 -0.426204 -0.609542
1532259507004499 0.35446 -0.426498 -0.609454
1532259507049369 0.35446 -0.426498 -0.609454
1532259507071310 0.354207 -0.427118 -0.609683
1532259507094249 0.353207 -0.427208 -0.608769
1532259507124169 0.35175 -0.427658 -0.607172
1532259507148105 0.351089 -0.42779 -0.606504
1532259507228889 0.350064 -0.427503 -0.605498
1532259507251827 0.349483 -0.427324 -0.605042
1532259507326628 0.347199 -0.427559 -0.603556
1532259507349583 0.347482 -0.428556 -0.60479
1532259507394446 0.346569 -0.427925 -0.604674
1532259507484206 0.346295 -0.428091 -0.604895
1532259507544060 0.345003 -0.428103 -0.606917
1532259507611864 0.34308 -0.428053 -0.608619
1532259507671705 0.343332 -0.427985 -0.608674
1532259507686664 0.343086 -0.427683 -0.608132
1532259507739523 0.344017 -0.426895 -0.606748
1532259507799363 0.346362 -0.425355 -0.606218
1532259507821305 0.346488 -0.425321 -0.606246
1532259507881145 0.346154 -0.425949 -0.607625
1532259507896105 0.345715 -0.426296 -0.607981
1532259507927022 0.34267 -0.426823 -0.609651
1532259507948964 0.342244 -0.427514 -0.612075
1532259507993843 0.341172 -0.42791 -0.614897
1532259508023763 0.339368 -0.427792 -0.617148
1532259508076622 0.340008 -0.420533 -0.619279
1532259508144440 0.341771 -0.416901 -0.61836
1532259508181342 0.346106 -0.413936 -0.61682
1532259508287059 0.356245 -0.405985 -0.617554
1532259508519438 0.293686 -0.0892108 -0.717005
1532259508571299 -0.0658393 0.699557 -0.712107
1532259508662068 -0.0473289 0.716768 -0.671206
1532259508753811 0.0832746 0.525845 -0.542917
1532259508849555 0.292932 0.140769 -0.541085
1532259508916376 0.313872 0.105974 -0.555605
1532259509021096 0.33374 0.0644575 -0.588097
1532259509133794 0.277489 0.346481 -0.611154
1532259509180670 0.0808016 0.674047 -0.648707
1532259509233528 0.0776465 0.693497 -0.624419
1532259509284392 0.116504 0.535794 -0.532313
1532259509321294 0.16588 0.423203 -0.503965
1532259509427011 0.270962 0.232804 -0.498453
1532259509508792 0.297606 0.201809 -0.507685
1532259509741171 0.143544 0.548872 -0.649691
1532259509816977 0.0673391 0.655857 -0.650108
1532259509876808 0.0979116 0.559839 -0.566915
1532259509951608 0.186269 0.352797 -0.492115
1532259509975544 0.282027 0.242736 -0.475755
1532259510034387 0.418668 0.0707126 -0.484401
1532259510056327 0.437355 0.01097 -0.488301
1532259510162045 0.48077 -0.18335 -0.515126
1532259510206925 0.605165 -0.375278 -0.5636
1532259510296685 0.461028 -0.431632 -0.6769
1532259510356525 0.352874 -0.463962 -0.682173
1532259510424343 0.384255 -0.503364 -0.689133
1532259510603863 0.353293 -0.48536 -0.636785
1532259510686642 0.358169 -0.480007 -0.62337
1532259510710579 0.356162 -0.479915 -0.622095
1532259510754461 0.33095 -0.485578 -0.624721
1532259510799341 0.309329 -0.496555 -0.625908
1532259510815299 0.302031 -0.498882 -0.62308
1532259510844235 0.290917 -0.501555 -0.611892
1532259510896083 0.285482 -0.502964 -0.605305
1532259510919021 0.281693 -0.503644 -0.602879
1532259510949938 0.271111 -0.506117 -0.599479
1532259510978861 0.263409 -0.508712 -0.59853
1532259511031720 0.260862 -0.509786 -0.598912
1532259511068620 0.258649 -0.512215 -0.600207
1532259511129458 0.260505 -0.512492 -0.600828
1532259511219219 0.272493 -0.508148 -0.60177
1532259511249138 0.277223 -0.505906 -0.601645
1532259511308978 0.28241 -0.503402 -0.601595
1532259511338898 0.29401 -0.498155 -0.601904
1532259511393752 0.319419 -0.489707 -0.606303
1532259511504460 0.384914 -0.466801 -0.625765
1532259511564295 0.412784 -0.451951 -0.629116
1532259511618152 0.420536 -0.446675 -0.629632
1532259511698936 0.435334 -0.437528 -0.630132
1532259511743816 0.457926 -0.429481 -0.636438
1532259511788696 0.472018 -0.430512 -0.655514
1532259511818616 0.4741 -0.430472 -0.659452
1532259511856514 0.476522 -0.430705 -0.663716
1532259511894413 0.478406 -0.432745 -0.669595
1532259511961234 0.484481 -0.434768 -0.67956
1532259512014093 0.488289 -0.434515 -0.689342
1532259512111832 0.483747 -0.441874 -0.704565
1532259512163692 0.474319 -0.451036 -0.710912
1532259512201591 0.467952 -0.454548 -0.711243
1532259512261432 0.468713 -0.454359 -0.712633
1532259512314290 0.475214 -0.451269 -0.717332
1532259512389090 0.476418 -0.451046 -0.720602
1532259512441949 0.473029 -0.451952 -0.721044

1532259512463890 0.471538 -0.452123 -0.72036
1532259512516749 0.467788 -0.452666 -0.718412
1532259512538690 0.466494 -0.453079 -0.7176
1532259512584567 0.462292 -0.451915 -0.713895
1532259512614028 0.45833 -0.449706 -0.711029
1532259512652924 0.456534 -0.448642 -0.710153
1532259512711785 0.453033 -0.446946 -0.709354
1532259512741706 0.448407 -0.446332 -0.710437
1532259512801783 0.440997 -0.449195 -0.711332
1532259512921463 0.429706 -0.452718 -0.708262
1532259513028178 0.426833 -0.450812 -0.703606
1532259513049122 0.424157 -0.44946 -0.70146
1532259513094002 0.422083 -0.448975 -0.70055
1532259513183762 0.418101 -0.448315 -0.697561
1532259513236633 0.414257 -0.447446 -0.693485
1532259513281500 0.412883 -0.447256 -0.691813
1532259513409160 0.410678 -0.440663 -0.684211
1532259513462018 0.410196 -0.441331 -0.684388
1532259513476977 0.409207 -0.442238 -0.684368
1532259513543800 0.406014 -0.444332 -0.682006
1532259513618599 0.400127 -0.445483 -0.677667
1532259513642536 0.401385 -0.444539 -0.677777
1532259513716337 0.407355 -0.441944 -0.682538
1532259513746258 0.409483 -0.441517 -0.684908
1532259513843996 0.410192 -0.442997 -0.695289
1532259513896854 0.407623 -0.445197 -0.700769
1532259514016535 0.409451 -0.444332 -0.70494
1532259514054434 0.408645 -0.445241 -0.705503
1532259514091335 0.401872 -0.446988 -0.702374
1532259514121255 0.400292 -0.446608 -0.700732
1532259514166135 0.396464 -0.4456 -0.698645
1532259514218994 0.394551 -0.445692 -0.698371
1532259514248913 0.39304 -0.44619 -0.698472
1532259514263874 0.390903 -0.446883 -0.698434
1532259514286812 0.38861 -0.447915 -0.69831
1532259514316732 0.383472 -0.449767 -0.697835
1532259514376572 0.380474 -0.451313 -0.696439
1532259514399511 0.379675 -0.451509 -0.695721
1532259514437410 0.376539 -0.452654 -0.693514
1532259514474311 0.374126 -0.45344 -0.691938
1532259514535165 0.371779 -0.454197 -0.690651
1532259514587009 0.363179 -0.454587 -0.681705
1532259514608950 0.361871 -0.453423 -0.679688
1532259514646849 0.362022 -0.452793 -0.678773
1532259514668790 0.36176 -0.452529 -0.678232
1532259514736610 0.360271 -0.452736 -0.677842
1532259514796450 0.359557 -0.45309 -0.678134
1532259514886209 0.369105 -0.447693 -0.67975
1532259514954028 0.371357 -0.447309 -0.680708
1532259514976967 0.37213 -0.447032 -0.68099
1532259515013868 0.372676 -0.446917 -0.681648
1532259515028828 0.372332 -0.447304 -0.681792
1532259515073708 0.371373 -0.447496 -0.681426
1532259515103628 0.371435 -0.44762 -0.681481
1532259515126566 0.37161 -0.446947 -0.680681
1532259515164465 0.371753 -0.446709 -0.680135
1532259515201366 0.372327 -0.44621 -0.679097
1532259515231287 0.37411 -0.446167 -0.679334
1532259515246246 0.375254 -0.446447 -0.681075
1532259515284145 0.375931 -0.447852 -0.688844
1532259515351964 0.379658 -0.413364 -0.665626
1532259515373905 0.388403 -0.387793 -0.650051
1532259515441724 0.387033 -0.34944 -0.636231
1532259515464662 0.378137 -0.254655 -0.606327
1532259515509543 0.369669 -0.0193469 -0.551038
1532259515569382 0.362401 0.149174 -0.51469
1532259515599303 0.362588 0.195863 -0.507036
1532259515614263 0.361587 0.233864 -0.50181
1532259515651164 0.358239 0.275424 -0.495834
1532259515682081 0.356253 0.276583 -0.494815
1532259515726961 0.325893 0.199049 -0.504806
1532259515891529 0.319396 0.15816 -0.515211
1532259515989267 0.332316 0.120887 -0.529719
1532259516093988 0.164723 0.628169 -0.61565
1532259516191726 0.198184 0.592625 -0.512541
1532259516236606 0.262399 0.507404 -0.467743
1532259516259545 0.322163 0.403613 -0.437207
1532259516274504 0.347141 0.349472 -0.428452
1532259516296446 0.37244 0.296787 -0.429192
1532259516334345 0.397544 0.24661 -0.439529
1532259516409145 0.427693 0.161929 -0.470748
1532259516566723 0.441273 0.0954458 -0.510335
1532259516619582 0.448271 0.196288 -0.517947
1532259516695380 0.194787 0.688383 -0.538478
1532259516739262 0.189642 0.707281 -0.534154
1532259516807081 0.21788 0.620318 -0.482192
1532259516829022 0.28716 0.454089 -0.463351
1532259516896841 0.334982 0.281548 -0.483073
1532259516926761 0.350412 0.242135 -0.493478
1532259517031480 0.436787 0.14631 -0.532184
1532259517182078 0.470005 0.114142 -0.554841
1532259517338659 0.100955 0.716684 -0.615938
1532259517393513 0.137242 0.527921 -0.525049
1532259517421437 0.163266 0.474613 -0.515448
1532259517451358 0.210717 0.373928 -0.500399
1532259517496238 0.288894 0.237988 -0.496765
1532259517586995 0.367758 0.0715408 -0.512178
1532259517638857 0.372558 0.00626552 -0.515099
1532259517668777 0.397972 -0.214578 -0.527751
1532259517721635 0.512536 -0.431322 -0.545545
1532259517774494 0.601566 -0.483112 -0.566965
1532259517804414 0.493779 -0.439592 -0.601595
1532259517841315 0.41655 -0.427001 -0.615715
1532259517901155 0.337151 -0.507535 -0.636681
1532259517939054 0.362924 -0.516105 -0.645437
1532259517961992 0.359761 -0.514324 -0.645158
1532259517983934 0.342665 -0.508404 -0.647799
1532259518006873 0.314929 -0.499893 -0.639109
1532259518043774 0.319975 -0.502202 -0.632454
1532259518073694 0.332131 -0.506541 -0.628511
1532259518119579 0.3418 -0.507583 -0.625531
1532259518216313 0.322448 -0.498556 -0.613542
1532259518352947 0.293162 -0.495044 -0.582534
1532259518418771 0.261333 -0.501427 -0.58955
1532259518441710 0.25452 -0.503349 -0.588344
1532259518471630 0.249081 -0.506032 -0.585581
1532259518501549 0.241317 -0.510705 -0.578972
1532259518546430 0.22698 -0.516775 -0.570015
1532259518569368 0.218219 -0.521404 -0.565149
1532259518697026 0.199632 -0.531297 -0.556155
1532259518778808 0.161198 -0.54621 -0.548464
1532259518801747 0.161649 -0.547153 -0.549011
1532259518876547 0.168774 -0.547421 -0.550154
1532259518899485 0.172253 -0.546769 -0.550569
1532259518944366 0.178626 -0.544445 -0.550534
1532259518974285 0.190978 -0.540584 -0.551914
1532259519072024 0.208106 -0.535193 -0.557158
1532259519176744 0.215157 -0.533178 -0.55958
1532259519251543 0.249999 -0.52207 -0.575815
1532259519326344 0.299931 -0.505758 -0.59708
1532259519454003 0.371795 -0.474704 -0.618258
1532259519491901 0.376778 -0.472408 -0.620467
1532259519558723 0.389355 -0.468263 -0.631311
1532259519588654 0.393797 -0.471069 -0.640434
1532259519709320 0.396387 -0.477079 -0.644604
1532259519761184 0.399277 -0.476403 -0.646628
1532259519807058 0.407903 -0.474115 -0.654611
1532259519881858 0.410945 -0.467666 -0.683193
1532259519926743 0.408034 -0.468159 -0.69007
1532259519948680 0.402729 -0.473017 -0.702954
1532259520001539 0.393584 -0.483001 -0.714626
1532259520024477 0.388858 -0.48626 -0.715816
1532259520069357 0.379562 -0.492913 -0.716366
1532259520151138 0.356395 -0.503117 -0.705512
1532259520167095 0.349857 -0.504465 -0.701788
1532259520189037 0.342272 -0.505877 -0.697611

1532259520226935 0.328862 -0.509703 -0.691418
1532259520256871 0.324788 -0.510888 -0.689779
1532259520301736 0.322485 -0.508566 -0.681905
1532259520361589 0.326344 -0.503264 -0.675632
1532259520399474 0.332729 -0.46031 -0.659843
1532259520444354 0.303214 -0.233248 -0.640023
1532259520572013 0.276749 0.0648948 -0.645419
1532259520631852 0.228564 0.385419 -0.682434
1532259520976470 -0.0879533 0.838229 -0.965513
1532259521051270 -0.0857083 0.844259 -0.953709
1532259521538976 -0.106802 0.838284 -0.974753
1532259521688830 -0.10803 0.837421 -0.965208
1532259521831513 -0.101946 0.834669 -0.960102
1532259521944450 0.136291 0.391873 -0.61873
1532259521959410 0.161336 0.318881 -0.596743
1532259522011271 0.222475 0.0916147 -0.55027
1532259522034210 0.229352 0.0177776 -0.546996
1532259522109010 0.229467 -0.121666 -0.555651
1532259522138930 0.232758 -0.239843 -0.572698
1532259522168849 0.262535 -0.32596 -0.569829
1532259522191789 0.30515 -0.380973 -0.572968
1532259522213730 0.31975 -0.399731 -0.576997
1532259522243650 0.345607 -0.426549 -0.588598
1532259522289527 0.355675 -0.437219 -0.594029
1532259522311469 0.361755 -0.448281 -0.598452
1532259522416188 0.309929 -0.466359 -0.602355
1532259522469047 0.298224 -0.469163 -0.615196
1532259522498967 0.296291 -0.476458 -0.635803
1532259522521906 0.29003 -0.4781 -0.64138
1532259522543847 0.282855 -0.479593 -0.645321
1532259522558807 0.275805 -0.481604 -0.647702
1532259522588727 0.264981 -0.486808 -0.650873
1532259522633608 0.260695 -0.490849 -0.652861
1532259522664525 0.256001 -0.491636 -0.652588
1532259522694444 0.250457 -0.491369 -0.652128
1532259522746305 0.243294 -0.4889 -0.650599
1532259522791186 0.239448 -0.482229 -0.648425
1532259522873964 0.239787 -0.473961 -0.643295
1532259522911863 0.237794 -0.47252 -0.640332
1532259522993644 0.258668 -0.461803 -0.651465
1532259523016583 0.271244 -0.45839 -0.659924
1532259523046503 0.29921 -0.450034 -0.68652
1532259523069442 0.304151 -0.445673 -0.697918
1532259523099361 0.296921 -0.443605 -0.704099
1532259523121303 0.282864 -0.443856 -0.708249
1532259523144242 0.27388 -0.44679 -0.713494
1532259523227020 0.289486 -0.474422 -0.725817
1532259523248962 0.299859 -0.485874 -0.722363
1532259523293842 0.322421 -0.481996 -0.706915
1532259523323762 0.323351 -0.476713 -0.703749
1532259523376634 0.331129 -0.47101 -0.697541
1532259523406541 0.338195 -0.468244 -0.694941
1532259523444439 0.341626 -0.456702 -0.687164
1532259523481340 0.343866 -0.453289 -0.683899
1532259523504282 0.345796 -0.452262 -0.683655
1532259523579079 0.345076 -0.451534 -0.685404
1532259523631937 0.342304 -0.452599 -0.686333
1532259523653879 0.341724 -0.453459 -0.686379
1532259523683799 0.341687 -0.453758 -0.686313
1532259523728678 0.34199 -0.453993 -0.68566
1532259523751617 0.342304 -0.453793 -0.685165
1532259523774556 0.342228 -0.452582 -0.683777
1532259523834396 0.340211 -0.452798 -0.685237
1532259523849356 0.336307 -0.451341 -0.685226
1532259523871298 0.316669 -0.442143 -0.67812
1532259523894236 0.30677 -0.428698 -0.670315
1532259523977015 0.315779 -0.401987 -0.661724
1532259524028877 0.328449 -0.309868 -0.652813
1532259524111655 0.327765 -0.0036282 -0.611907
1532259524186455 0.288453 0.261901 -0.596957
1532259524314113 0.145026 0.538307 -0.564986
1532259524495627 0.22096 0.220743 -0.581208
1532259524524550 0.247522 0.20382 -0.597995
1532259524666172 0.123853 0.56499 -0.691086
1532259524704071 0.0533798 0.672143 -0.678338
1532259524756929 0.109762 0.550091 -0.557005
1532259524771893 0.143603 0.500397 -0.534162
1532259524801809 0.180628 0.441778 -0.518464
1532259524816769 0.212542 0.380308 -0.506864
1532259524868640 0.223868 0.322046 -0.501912
1532259524884588 0.225351 0.272403 -0.507994
1532259524899560 0.23051 0.230005 -0.523169
1532259524996289 0.288077 0.13062 -0.572954
1532259525079068 0.301731 0.119066 -0.590384
1532259525146886 0.30906 0.186412 -0.633317
1532259525168828 0.255929 0.348976 -0.656931
1532259525176806 0.138205 0.532375 -0.666549
1532259525228669 0.0485935 0.645821 -0.660729
1532259525251606 0.0295902 0.663375 -0.65019
1532259525296486 0.0206173 0.631545 -0.604704
1532259525311446 0.0404312 0.595801 -0.588857
1532259525334386 0.0825092 0.515647 -0.553022
1532259525349345 0.105167 0.466637 -0.536926
1532259525371287 0.133541 0.415003 -0.521686
1532259525401206 0.165344 0.360553 -0.512133
1532259525424145 0.202651 0.306258 -0.507927
1532259525477004 0.271233 0.169976 -0.527458
1532259525566763 0.29828 0.132626 -0.558873
1532259525649543 0.240624 0.26208 -0.652827
1532259525739302 0.209904 0.314526 -0.668087
1532259525830060 0.0827173 0.49355 -0.706121
1532259525866961 -0.0138137 0.614645 -0.629285
1532259525941761 0.0680241 0.4806 -0.550645
1532259526024540 0.135984 0.266365 -0.518744
1532259526054460 0.179871 0.162132 -0.524435
1532259526197078 0.30644 -0.0706334 -0.554594
1532259526221015 0.369583 -0.268996 -0.581453
1532259526241958 0.481124 -0.439524 -0.604202
1532259526301798 0.581459 -0.485733 -0.613512
1532259526338700 0.585744 -0.469187 -0.620797
1532259526421478 0.456515 -0.454569 -0.626561
1532259526437436 0.38979 -0.450049 -0.629846
1532259526474337 0.311447 -0.512127 -0.637416
1532259526623937 0.30373 -0.510695 -0.653674
1532259526676795 0.273278 -0.515478 -0.653929
1532259526736650 0.26294 -0.4942 -0.626058
1532259526849334 0.246508 -0.494111 -0.615467
1532259526954054 0.144624 -0.545586 -0.608346
1532259526976993 0.140217 -0.553818 -0.606198
1532259527013894 0.119761 -0.567228 -0.592188
1532259527073734 0.113357 -0.567927 -0.585288
1532259527261253 0.11658 -0.576613 -0.596192
1532259527299130 0.122758 -0.575365 -0.597653
1532259527426790 0.197942 -0.546303 -0.605786
1532259527539488 0.239711 -0.528149 -0.611241
1532259527697066 0.348651 -0.471315 -0.623255
1532259527756907 0.37382 -0.452104 -0.620899
1532259527846667 0.384209 -0.44366 -0.636983
1532259527861627 0.385571 -0.442483 -0.642358
1532259527921469 0.376154 -0.444156 -0.658655
1532259527966347 0.371679 -0.445777 -0.664969
1532259527989286 0.365005 -0.448904 -0.678228
1532259528019206 0.362695 -0.450867 -0.684583
1532259528034166 0.360265 -0.45651 -0.693756
1532259528064086 0.360836 -0.46178 -0.698517
1532259528123925 0.357801 -0.467955 -0.69883
1532259528138886 0.355004 -0.471098 -0.697357
1532259528206716 0.344472 -0.476444 -0.689429
1532259528244603 0.33969 -0.476491 -0.685867
1532259528281504 0.329337 -0.472542 -0.675942
1532259528311430 0.326745 -0.470662 -0.673646
1532259528334362 0.325549 -0.469066 -0.67305
1532259528356304 0.324992 -0.467554 -0.673579
1532259528394203 0.32328 -0.46582 -0.679564
1532259528424136 0.320454 -0.467218 -0.684016
1532259528447061 0.318125 -0.467961 -0.6855
1532259528469003 0.315865 -0.468796 -0.686251
1532259528506901 0.312708 -0.469588 -0.685792

1532259528551781 0.309772 -0.469831 -0.684058
1532259528581701 0.303469 -0.469496 -0.678823
1532259528649519 0.297915 -0.469646 -0.67274
1532259528671462 0.294493 -0.469718 -0.669514
1532259528709359 0.286037 -0.469133 -0.662984
1532259528754241 0.282909 -0.468528 -0.662084
1532259528777179 0.282545 -0.468502 -0.662243
1532259528829045 0.28267 -0.468464 -0.662272
1532259528851979 0.283404 -0.468487 -0.662483
1532259528881899 0.28469 -0.467944 -0.662596
1532259528896859 0.285258 -0.467625 -0.662687
1532259528918800 0.28577 -0.46718 -0.662728
1532259528948720 0.287124 -0.466474 -0.66282
1532259528978640 0.289297 -0.46552 -0.663373
1532259529024517 0.290574 -0.464943 -0.663455
1532259529046458 0.29187 -0.46426 -0.66381
1532259529099317 0.295199 -0.46256 -0.665154
1532259529129237 0.296931 -0.461678 -0.666381
1532259529151179 0.298837 -0.460846 -0.667655
1532259529204038 0.303101 -0.459835 -0.672341
1532259529226976 0.304436 -0.460173 -0.673338
1532259529241936 0.30612 -0.460113 -0.674198
1532259529301790 0.310574 -0.458295 -0.675972
1532259529323717 0.311632 -0.457929 -0.676456
1532259529384554 0.313689 -0.45757 -0.677611
1532259529451376 0.313873 -0.457656 -0.677691
1532259529466335 0.313202 -0.458259 -0.677768
1532259529542133 0.320209 -0.454103 -0.674386
1532259529593995 0.31994 -0.451175 -0.669906
1532259529653834 0.331681 -0.444092 -0.654676
1532259529683754 0.326725 -0.447241 -0.65644
1532259529698715 0.322387 -0.45068 -0.658549
1532259529721661 0.316719 -0.455181 -0.661599
1532259529751573 0.303269 -0.464996 -0.668428
1532259529804432 0.295545 -0.469661 -0.671393
1532259529819392 0.288162 -0.473904 -0.673822
1532259529879232 0.270498 -0.481847 -0.671683
1532259529939072 0.270353 -0.479813 -0.66415
1532259529976970 0.271457 -0.478164 -0.660937
1532259530036816 0.273994 -0.474274 -0.655377
1532259530104641 0.271183 -0.473174 -0.65155
1532259530141530 0.271064 -0.473248 -0.651552
1532259530202368 0.269284 -0.473891 -0.652377
1532259530286143 0.268739 -0.473869 -0.653272
1532259530337008 0.268752 -0.473577 -0.653202
1532259530388869 0.269944 -0.472704 -0.652969
1532259530433749 0.281819 -0.465343 -0.653533
1532259530494586 0.282915 -0.464443 -0.653911
1532259530516528 0.283541 -0.464253 -0.654051
1532259530599306 0.286308 -0.463007 -0.65376
1532259530644186 0.287164 -0.46246 -0.653739
1532259530733946 0.287991 -0.461861 -0.654625
1532259530763866 0.287991 -0.461861 -0.654625
1532259530838666 0.288895 -0.462087 -0.655196
1532259530884543 0.289117 -0.462525 -0.65589
1532259530914463 0.288503 -0.463581 -0.657006
1532259530936405 0.289279 -0.464546 -0.659432
1532259530974303 0.293351 -0.461676 -0.664968
1532259531049103 0.311713 -0.426066 -0.656888
1532259531123903 0.293827 -0.360179 -0.625482
1532259531199701 0.292947 0.0437668 -0.556866
1532259531274501 0.259533 0.304515 -0.520383
1532259531334340 0.26651 0.362451 -0.494313
1532259531371242 0.264775 0.342145 -0.490933
1532259531521839 0.262061 0.277635 -0.492527
1532259531536799 0.275447 0.237875 -0.497911
1532259531731279 0.3466 0.152425 -0.532701
1532259531754217 0.300743 0.403015 -0.618204
1532259531771172 0.13691 0.649695 -0.642169
1532259531843978 0.227214 0.562381 -0.539723
1532259531873898 0.253603 0.513233 -0.512
1532259531918778 0.302631 0.331123 -0.461794
1532259531994574 0.349563 0.232376 -0.474454
1532259532016516 0.374748 0.195315 -0.491757
1532259532091316 0.416383 0.122941 -0.625543
1532259532151156 0.408827 0.13833 -0.656501
1532259532218975 0.39554 0.164448 -0.684606
1532259532286794 0.309559 0.294944 -0.732015
1532259532338655 0.112562 0.62918 -0.663539
1532259532369572 0.142188 0.62595 -0.608282
1532259532406474 0.191892 0.573174 -0.552181
1532259532459332 0.202785 0.474553 -0.526384
1532259532496234 0.206642 0.417364 -0.525385
1532259532579012 0.307207 0.177224 -0.594276
1532259532646831 0.379904 0.0867819 -0.659272
1532259532661791 0.394972 0.0705978 -0.68263
1532259532789450 0.307987 0.197627 -0.72955
1532259532879209 0.247495 0.323015 -0.717681
1532259532932068 0.126838 0.513055 -0.697199
1532259532998889 0.0939324 0.573134 -0.574885
1532259533058729 0.189422 0.333027 -0.515079
1532259533104607 0.316346 0.100146 -0.492604
1532259533126548 0.351872 0.0213002 -0.499339
1532259533201348 0.411446 -0.13412 -0.511233
1532259533261189 0.431199 -0.207997 -0.52147
1532259533276148 0.453124 -0.280513 -0.536658
1532259533314047 0.481542 -0.355076 -0.558427
1532259533329007 0.508629 -0.436203 -0.580498
1532259533343967 0.696015 -0.510858 -0.626071
1532259533358927 0.656138 -0.484869 -0.632748
1532259533388847 0.562315 -0.45981 -0.640564
1532259533418766 0.434893 -0.447781 -0.633767
1532259533510521 0.433236 -0.462487 -0.637828
1532259533584324 0.415981 -0.502658 -0.639773
1532259533606265 0.414862 -0.493315 -0.644036
1532259533682063 0.376365 -0.499581 -0.641529
1532259533741906 0.379458 -0.502049 -0.639988
1532259533936382 0.284024 -0.521476 -0.638537
1532259533981262 0.256976 -0.529626 -0.639392
1532259534027139 0.234795 -0.539807 -0.635311
1532259534161780 0.223895 -0.54539 -0.627186
1532259534251539 0.220216 -0.544325 -0.627693
1532259534387190 0.231153 -0.545595 -0.636549
1532259534485913 0.241184 -0.544306 -0.638649
1532259534888836 0.411136 -0.471195 -0.676648
1532259534926746 0.414887 -0.46612 -0.692392
1532259534941694 0.416424 -0.465656 -0.697548
1532259534956654 0.4174 -0.465447 -0.703145
1532259534986574 0.418956 -0.466368 -0.715184
1532259535001534 0.418511 -0.468431 -0.720895
1532259535031454 0.416267 -0.47123 -0.725869
1532259535046415 0.412025 -0.474846 -0.729779
1532259535091294 0.405121 -0.483815 -0.735491
1532259535136173 0.403044 -0.488014 -0.73687
1532259535233913 0.395556 -0.497907 -0.731562
1532259535271812 0.381675 -0.492987 -0.721232
1532259535286772 0.378539 -0.491885 -0.718703
1532259535323673 0.373972 -0.491261 -0.718307
1532259535361572 0.373413 -0.491566 -0.719962
1532259535421412 0.373559 -0.49318 -0.724217

1532259535444350 0.373003 -0.493743 -0.725941
1532259535466291 0.371694 -0.493945 -0.727064
1532259535504204 0.360282 -0.4953 -0.72409
1532259535519150 0.356352 -0.495441 -0.721675
1532259535549070 0.352659 -0.494989 -0.718639
1532259535564030 0.349849 -0.494244 -0.715819
1532259535601929 0.347707 -0.493094 -0.713511
1532259535616888 0.345571 -0.491757 -0.711417
1532259535646809 0.341394 -0.489087 -0.708345
1532259535683709 0.339714 -0.488326 -0.707356
1532259535751528 0.33028 -0.489052 -0.704928
1532259535774467 0.327978 -0.489256 -0.704528
1532259535819347 0.32526 -0.489755 -0.704634
1532259535886200 0.32246 -0.488658 -0.702168
1532259535909139 0.322991 -0.487753 -0.701177
1532259535939059 0.323665 -0.486795 -0.6998
1532259535954032 0.3246 -0.485505 -0.698432
1532259535983994 0.326873 -0.482216 -0.695207
1532259535998954 0.327246 -0.480543 -0.694243
1532259536021893 0.326428 -0.479721 -0.69392
1532259536036852 0.325233 -0.479421 -0.693885
1532259536059057 0.324733 -0.479471 -0.693478
1532259536088978 0.323154 -0.479397 -0.692325
1532259536103939 0.322007 -0.479072 -0.690702
1532259536126877 0.321881 -0.478418 -0.6889
1532259536163778 0.322097 -0.477012 -0.687031
1532259536186717 0.322249 -0.475335 -0.684791
1532259536201676 0.322564 -0.473721 -0.68302
1532259536254536 0.323645 -0.470652 -0.681261
1532259536269495 0.32469 -0.46975 -0.681478
1532259536314375 0.32683 -0.469613 -0.684869
1532259536344296 0.327467 -0.469984 -0.686075
1532259536381783 0.329179 -0.469731 -0.687724
1532259536464561 0.331371 -0.468424 -0.688311
1532259536486503 0.333567 -0.46647 -0.687917
1532259536531382 0.336624 -0.464262 -0.686819
1532259536591222 0.337529 -0.463585 -0.686237
1532259536629121 0.338832 -0.461855 -0.685239
1532259536667020 0.340413 -0.460434 -0.684814
1532259536733846 0.34398 -0.457575 -0.684479
1532259536786700 0.348252 -0.453994 -0.684259
1532259536816620 0.351765 -0.451139 -0.685077
1532259536854519 0.352794 -0.450678 -0.685127
1532259536921341 0.356807 -0.448096 -0.684562
1532259536951260 0.358934 -0.44547 -0.684898
1532259537004118 0.360244 -0.443394 -0.687665
1532259537027057 0.360376 -0.44365 -0.688698
1532259537086897 0.359882 -0.44474 -0.691496
1532259537161696 0.357753 -0.446439 -0.695192
1532259537259436 0.347909 -0.453275 -0.694639
1532259537321271 0.342679 -0.453515 -0.689586
1532259537349204 0.339389 -0.453468 -0.687039
1532259537409035 0.319929 -0.457792 -0.681057
1532259537462892 0.316947 -0.45873 -0.680947
1532259537498805 0.313397 -0.460248 -0.681355
1532259537528715 0.314009 -0.460272 -0.682069
1532259537566614 0.316349 -0.459853 -0.682902
1532259537604515 0.318514 -0.459385 -0.683685
1532259537626454 0.320494 -0.45883 -0.684387
1532259537641414 0.321766 -0.458391 -0.684781
1532259537694282 0.322905 -0.458137 -0.684907
1532259537769072 0.321275 -0.457616 -0.682721
1532259537828912 0.319697 -0.458151 -0.682536
1532259537851851 0.319747 -0.458241 -0.682559
1532259537926651 0.3208 -0.457158 -0.681671
1532259538046331 0.325774 -0.453523 -0.681686
1532259538084230 0.327293 -0.4535 -0.68424
1532259538121131 0.331127 -0.452926 -0.685851
1532259538173990 0.332124 -0.452613 -0.686072
1532259538196928 0.33274 -0.452524 -0.686497
1532259538271729 0.333931 -0.452464 -0.687489
1532259538301649 0.334295 -0.452272 -0.688068
1532259538346529 0.335319 -0.452655 -0.689254
1532259538391408 0.335225 -0.452972 -0.689452
1532259538414347 0.334811 -0.453208 -0.689511
1532259538459227 0.334828 -0.453738 -0.689787
1532259538474187 0.334347 -0.454426 -0.689951
1532259538534027 0.333168 -0.455902 -0.691715
1532259538548987 0.333442 -0.455519 -0.693149
1532259538586885 0.333515 -0.453139 -0.692054
1532259538608827 0.337682 -0.446301 -0.689017
1532259538653719 0.338957 -0.435679 -0.682763
1532259538676646 0.339232 -0.432367 -0.682154
1532259538691606 0.340591 -0.426283 -0.681157
1532259538714545 0.339562 -0.41449 -0.681458
1532259538759424 0.331528 -0.396423 -0.680325
1532259538881107 0.323442 -0.372973 -0.677373
1532259539036683 0.293145 -0.047683 -0.666812
1532259539164342 0.0855563 0.581095 -0.622912
1532259539246123 0.169716 0.50603 -0.519597
1532259539277040 0.186925 0.45464 -0.509598
1532259539298982 0.203877 0.253949 -0.502506
1532259539321921 0.213754 0.183206 -0.506093
1532259539343862 0.232506 0.1187 -0.518204
1532259539389739 0.282572 0.0219602 -0.548248
1532259539434638 0.305297 -0.00929631 -0.561041
1532259539471521 0.321921 -0.0249888 -0.573985
1532259539509419 0.33199 -0.026557 -0.585081
1532259539599178 0.335579 -0.0136073 -0.594202
1532259539652037 0.318412 0.0527109 -0.602319
1532259539741798 0.04073 0.603153 -0.632547
1532259539801638 0.0557515 0.627679 -0.56652
1532259539899376 0.141999 0.384654 -0.491886
1532259540050971 0.276262 0.120557 -0.546231
1532259540071914 0.292544 0.114849 -0.594663
1532259540176635 0.288482 0.135682 -0.609113
1532259540214533 0.262194 0.214555 -0.629152
1532259540259413 0.246422 0.26258 -0.635014
1532259540394053 0.0615871 0.616317 -0.59695
1532259540409014 0.0707509 0.582487 -0.57623
1532259540453894 0.11032 0.496477 -0.539028
1532259540483830 0.14332 0.374084 -0.513983
1532259540574571 0.251034 0.180819 -0.532872
1532259540641392 0.302026 0.00179643 -0.55648
1532259540686272 0.33233 -0.124303 -0.573915
1532259540701232 0.355721 -0.185857 -0.584222
1532259540755088 0.404791 -0.35259 -0.610267
1532259540851829 0.481807 -0.429327 -0.63644
1532259540896709 0.3129 -0.416356 -0.646428
1532259540979488 0.349813 -0.453608 -0.650108
1532259541009408 0.370768 -0.455648 -0.654816
1532259541061269 0.342982 -0.450964 -0.669095
1532259541173968 0.323185 -0.457057 -0.668787
1532259541241787 0.312233 -0.458752 -0.666734
1532259541376426 0.290072 -0.467246 -0.655894
1532259541421306 0.270254 -0.481728 -0.654474
1532259541541984 0.249071 -0.490483 -0.653913
1532259541894042 0.218768 -0.503666 -0.645777
1532259542006741 0.147277 -0.536441 -0.602147
1532259542209213 0.0954159 -0.58928 -0.582697
1532259542373759 0.121188 -0.580209 -0.587281
1532259542426618 0.143023 -0.572362 -0.592674
1532259542486458 0.30246 -0.509621 -0.603214
1532259542501418 0.332569 -0.495621 -0.601501
1532259542546298 0.347761 -0.488358 -0.600311
1532259542569237 0.361411 -0.480903 -0.59908
1532259542644037 0.382239 -0.467541 -0.597423
1532259542688916 0.375559 -0.466927 -0.593322
1532259542771695 0.362433 -0.464606 -0.618974
1532259542816575 0.352541 -0.451409 -0.644906
1532259542846495 0.342529 -0.449439 -0.65228
1532259542884394 0.334202 -0.449166 -0.659269
1532259542899354 0.328168 -0.450861 -0.665656
1532259542914313 0.32453 -0.453956 -0.671613
1532259542936255 0.317043 -0.463484 -0.679056
1532259542974153 0.311322 -0.468767 -0.680254
1532259543012053 0.304885 -0.474289 -0.680102
1532259543033994 0.292933 -0.483024 -0.675977
1532259543078874 0.283203 -0.486746 -0.669702
1532259543123754 0.279149 -0.488061 -0.666408
1532259543161652 0.275199 -0.488965 -0.662663
1532259543206533 0.263235 -0.488506 -0.646355
1532259543229471 0.261369 -0.487083 -0.642596
1532259543289310 0.261914 -0.482229 -0.639081
1532259543326213 0.263947 -0.479165 -0.63941
1532259543394031 0.283329 -0.469212 -0.653354
1532259543423951 0.293482 -0.464947 -0.662032

1532259543528671 0.302785 -0.459548 -0.668341
1532259543581530 0.292547 -0.461229 -0.66318
1532259543678723 0.221995 -0.490561 -0.644835
1532259543761502 0.207318 -0.49882 -0.641021
1532259543791421 0.20941 -0.498421 -0.641404
1532259543836302 0.222702 -0.495243 -0.643302
1532259543889160 0.225311 -0.493632 -0.643341
1532259543949001 0.234003 -0.489938 -0.649198
1532259543971939 0.237492 -0.487616 -0.649998
1532259544001859 0.24054 -0.485771 -0.648642
1532259544016819 0.245249 -0.481989 -0.646311
1532259544038923 0.253309 -0.475955 -0.644178
1532259544083803 0.275061 -0.460248 -0.64023
1532259544113723 0.28542 -0.451091 -0.639523
1532259544136662 0.302179 -0.436175 -0.643428
1532259544159600 0.306007 -0.432802 -0.647528
1532259544211475 0.306678 -0.435806 -0.658167
1532259544226422 0.30643 -0.439694 -0.66453
1532259544294241 0.305486 -0.446147 -0.674356
1532259544324161 0.308557 -0.447464 -0.676449
1532259544377020 0.316704 -0.437912 -0.666803
1532259544421899 0.31591 -0.434825 -0.66137
1532259544466779 0.304938 -0.434734 -0.649254
1532259544511659 0.282961 -0.443857 -0.640061
1532259544579160 0.266824 -0.450899 -0.63588
1532259544624041 0.24845 -0.458275 -0.633699
1532259544706819 0.232719 -0.467994 -0.640673
1532259544721778 0.23158 -0.468704 -0.642356
1532259544781619 0.229526 -0.470078 -0.643629
1532259544841893 0.232324 -0.473898 -0.648323
1532259544908713 0.251168 -0.466606 -0.650511
1532259544923674 0.255991 -0.4635 -0.650555
1532259544954591 0.259814 -0.461074 -0.650837
1532259544969552 0.265413 -0.458566 -0.652922
1532259545006453 0.268497 -0.458376 -0.655705
1532259545051190 0.269692 -0.45838 -0.656713
1532259545074128 0.271412 -0.458062 -0.657106
1532259545141947 0.279283 -0.453108 -0.655827
1532259545193809 0.287575 -0.447388 -0.654757
1532259545208769 0.289154 -0.446482 -0.654991
1532259545246667 0.292125 -0.445975 -0.656885
1532259545269606 0.293272 -0.445947 -0.657712
1532259545321225 0.29411 -0.445658 -0.658281
1532259545336185 0.294689 -0.445588 -0.658553
1532259545382063 0.296387 -0.444611 -0.659337
1532259545411983 0.299418 -0.442723 -0.658936
1532259545463844 0.303494 -0.440062 -0.659586
1532259545486783 0.304568 -0.439132 -0.659918
1532259545539647 0.306525 -0.437614 -0.66144
1532259545554606 0.306906 -0.437709 -0.66223
1532259545576543 0.307018 -0.438133 -0.663008
1532259545599482 0.307666 -0.439456 -0.664558
1532259545659322 0.308977 -0.439973 -0.664769
1532259545689241 0.309351 -0.439858 -0.66485
1532259545757061 0.309351 -0.439858 -0.66485
1532259545786983 0.309351 -0.439858 -0.66485
1532259545831860 0.309236 -0.439609 -0.664751
1532259545846821 0.309236 -0.439609 -0.664751
1532259545929599 0.309294 -0.439734 -0.6648
1532259545981460 0.309294 -0.439734 -0.6648
1532259546019359 0.309261 -0.439744 -0.664655
1532259546041300 0.309261 -0.439744 -0.664655
1532259546064239 0.309261 -0.439744 -0.664655
1532259546086180 0.309137 -0.439782 -0.664628
1532259546117098 0.309623 -0.439738 -0.665019
1532259546154008 0.309747 -0.4397 -0.665045
1532259546183919 0.30962 -0.439881 -0.665332
1532259546229502 0.309385 -0.440201 -0.665466
1532259546341202 0.30795 -0.440962 -0.664982
1532259546371123 0.308163 -0.440365 -0.664631
1532259546409022 0.308419 -0.439967 -0.665136
1532259546446927 0.308222 -0.441657 -0.66693
1532259546461887 0.308189 -0.441667 -0.666785
1532259546483828 0.308189 -0.441667 -0.666785
1532259546506767 0.308189 -0.441667 -0.666785
1532259546604505 0.308222 -0.441657 -0.66693
1532259546649385 0.308222 -0.441657 -0.66693
1532259546762135 0.308346 -0.441619 -0.666957
1532259546873823 0.309581 -0.441201 -0.667196
1532259546926682 0.308743 -0.44146 -0.667153
1532259547016442 0.307759 -0.441835 -0.666444
1532259547099337 0.307884 -0.441797 -0.666471
1532259547129258 0.307884 -0.441797 -0.666471
1532259547151199 0.307884 -0.441797 -0.666471
1532259547197076 0.307884 -0.441797 -0.666471
1532259547212036 0.307884 -0.441797 -0.666471
1532259547278858 0.309014 -0.441165 -0.66664
1532259547323737 0.309521 -0.440724 -0.666675
1532259547346675 0.309521 -0.440724 -0.666675
1532259547369615 0.309521 -0.440724 -0.666675
1532259547391556 0.30941 -0.441006 -0.666836
1532259547414495 0.308065 -0.441386 -0.665763
1532259547481316 0.306913 -0.441245 -0.663701
1532259547579054 0.306544 -0.439165 -0.660335
1532259547608975 0.305179 -0.439582 -0.660592
1532259547646873 0.303025 -0.440525 -0.660616
1532259547676794 0.3029 -0.440563 -0.660589
1532259547706714 0.303054 -0.440482 -0.661284
1532259547796473 0.301433 -0.442506 -0.662756
1532259547834372 0.301377 -0.442381 -0.662707
1532259547849332 0.300594 -0.442587 -0.662924
1532259547916153 0.296775 -0.44527 -0.665138
1532259547976990 0.293233 -0.448614 -0.665962
1532259548051791 0.29221 -0.449141 -0.665417
1532259548194409 0.284523 -0.450773 -0.66074
1532259548277188 0.281786 -0.45132 -0.659177
1532259548478649 0.287751 -0.443146 -0.656783
1532259548546468 0.294006 -0.44068 -0.66032
1532259548674126 0.304809 -0.437505 -0.664519
1532259548801784 0.307236 -0.435238 -0.662941
1532259548921465 0.305761 -0.435938 -0.663361
1532259549206702 0.298916 -0.440268 -0.661425
1532259549244601 0.297356 -0.437995 -0.662211
1532259549281502 0.292306 -0.432184 -0.66325
1532259549304442 0.291755 -0.425301 -0.662405
1532259549364281 0.307797 -0.378689 -0.652452
1532259549447060 0.312182 -0.358098 -0.647579
1532259549566742 0.315444 -0.319854 -0.633879
1532259549761220 0.25783 0.0851698 -0.655041
1532259549837048 0.0556523 0.501726 -0.637886
1532259549881897 0.0586268 0.563541 -0.60222
1532259549918798 0.109333 0.455209 -0.546582
1532259549979635 0.189938 0.258846 -0.521189
1532259550001577 0.22241 0.194425 -0.527474
1532259550031497 0.252306 0.138094 -0.543722
1532259550039475 0.280974 0.0940524 -0.558874
1532259550061417 0.308012 0.0585782 -0.57058
1532259550129235 0.336305 0.0410305 -0.599589
1532259550286814 0.316462 0.265238 -0.639889
1532259550331694 0.184626 0.52334 -0.648925
1532259550453369 0.14474 0.620353 -0.581351
1532259550534152 0.304186 0.223577 -0.514206
1532259550566067 0.331349 0.175969 -0.525595
1532259550623913 0.369388 0.122007 -0.550955
1532259550691731 0.373223 0.144331 -0.579662
1532259550894190 0.219261 0.414507 -0.661335
1532259550983950 0.108573 0.588456 -0.570742
1532259551021848 0.188022 0.414525 -0.519832
1532259551088670 0.244366 0.199808 -0.533347
1532259551104627 0.261445 0.130374 -0.543761
1532259551149507 0.329057 -0.0566776 -0.558879
1532259551231288 0.372351 -0.168056 -0.572906
1532259551329026 0.438783 -0.379294 -0.590558
1532259551352964 0.461214 -0.406618 -0.597204
1532259551381886 0.489235 -0.431524 -0.61458
1532259551426766 0.444693 -0.420563 -0.633325
1532259551479631 0.357715 -0.414833 -0.644993
1532259551576366 0.356195 -0.459126 -0.65586
1532259551629224 0.359394 -0.462617 -0.655038
1532259551644184 0.348276 -0.459832 -0.650961
1532259551838664 0.352434 -0.456589 -0.61896
1532259551869581 0.352236 -0.455177 -0.613539
1532259551921442 0.348017 -0.453316 -0.60885
1532259552349306 0.179264 -0.52977 -0.609185
1532259552641517 0.299709 -0.496798 -0.641221
1532259552687394 0.374357 -0.45652 -0.645096
1532259552769176 0.394513 -0.441802 -0.642083
1532259552799096 0.402617 -0.435202 -0.641011
1532259552859933 0.398501 -0.430703 -0.652543
1532259552896834 0.40989 -0.429293 -0.664152
1532259552941724 0.412954 -0.426814 -0.671236
1532259552978616 0.41382 -0.422282 -0.68567
1532259553039453 0.399467 -0.42416 -0.71134
1532259553061410 0.393481 -0.427374 -0.714788
1532259553121234 0.383284 -0.433363 -0.717781
1532259553159133 0.380769 -0.435221 -0.717567
1532259553218973 0.376707 -0.435961 -0.709368
1532259553256871 0.371221 -0.433493 -0.698339
1532259553323693 0.358399 -0.42986 -0.680077
1532259553353630 0.355424 -0.429357 -0.678189
1532259553399490 0.351019 -0.430153 -0.680365
1532259553474291 0.347747 -0.436645 -0.691443

1532259553526151 0.344753 -0.442151 -0.69718
1532259553593970 0.341654 -0.445292 -0.69642
1532259553638851 0.341596 -0.444649 -0.694781
1532259553676749 0.343474 -0.441242 -0.691139
1532259553714648 0.344741 -0.439188 -0.689511
1532259553744568 0.34686 -0.43527 -0.685921
1532259553796429 0.344867 -0.434417 -0.684767
1532259553834328 0.341882 -0.435913 -0.684835
1532259553849287 0.339318 -0.436892 -0.684764
1532259553863731 0.326977 -0.442384 -0.681457
1532259553916589 0.316726 -0.446322 -0.676874
1532259553946509 0.304776 -0.450799 -0.671658
1532259553999368 0.29134 -0.455653 -0.664895
1532259554006349 0.262318 -0.465181 -0.65068
1532259554044248 0.236002 -0.479222 -0.641423
1532259554066189 0.222793 -0.51376 -0.635959
1532259554097119 0.226731 -0.532337 -0.628496
1532259554148968 0.255681 -0.573899 -0.611543
1532259554165922 0.281382 -0.58666 -0.609389
1532259554193848 0.311634 -0.617437 -0.602953
1532259554216786 0.288725 -0.635695 -0.601645
1532259554246707 0.224095 -0.665707 -0.604636
1532259554276626 0.213781 -0.674812 -0.612818
1532259554344445 0.245164 -0.674029 -0.644659
1532259554433886 0.308109 -0.541266 -0.676925
1532259554554578 0.343356 -0.468103 -0.674711
1532259554599442 0.314671 -0.456887 -0.631941
1532259554621414 0.299556 -0.456386 -0.622326
1532259554704204 0.280328 -0.464329 -0.634007
1532259554727133 0.306531 -0.46073 -0.655246
1532259554831851 0.316069 -0.455198 -0.662077
1532259554868753 0.318866 -0.455996 -0.660149
1532259554929589 0.327607 -0.452048 -0.654127
1532259554966491 0.332008 -0.44925 -0.652316
1532259555026331 0.33939 -0.440098 -0.647788
1532259555056251 0.34026 -0.438221 -0.647707
1532259555109110 0.337414 -0.441056 -0.651316
1532259555183910 0.333877 -0.441777 -0.654725
1532259555311569 0.34155 -0.437967 -0.654615
1532259555341488 0.345495 -0.438231 -0.657491
1532259555401328 0.34464 -0.440649 -0.6621
1532259555431248 0.343789 -0.441826 -0.663599
1532259555528986 0.340502 -0.446346 -0.668437
1532259555596806 0.329783 -0.453099 -0.674888
1532259555664624 0.319167 -0.457499 -0.672262
1532259555746406 0.311482 -0.45852 -0.665805
1532259556106442 0.278727 -0.470012 -0.661763
1532259556526320 0.283925 -0.462831 -0.654888
1532259556571201 0.288528 -0.464304 -0.658507
1532259556676917 0.301898 -0.457939 -0.655138
1532259556698859 0.302124 -0.457874 -0.655603
1532259556721798 0.302972 -0.457973 -0.656125
1532259556743739 0.307141 -0.457099 -0.657482
1532259556781649 0.314854 -0.453201 -0.658096
1532259556856437 0.330954 -0.434588 -0.655768
1532259556879376 0.33191 -0.428084 -0.654078
1532259556916277 0.330188 -0.420159 -0.649237
1532259556939216 0.330217 -0.417344 -0.647251
1532259557007035 0.328669 -0.414778 -0.645466
1532259557135691 0.325574 -0.417149 -0.647445
1532259557344133 0.300479 -0.0418083 -0.66658
1532259557471792 0.145982 0.452555 -0.647542
1532259557486752 0.079083 0.602364 -0.642971
1532259557508693 0.105038 0.535579 -0.588952
1532259557539610 0.150117 0.338298 -0.553238
1532259557554571 0.175848 0.260634 -0.55284
1532259557584490 0.215235 0.184749 -0.553126
1532259557606432 0.253545 0.113605 -0.556638
1532259557689211 0.278452 0.0559269 -0.566018
1532259557742068 0.317455 -0.0143973 -0.584904
1532259557846789 0.35406 0.0994353 -0.616177
1532259557959494 0.28553 0.296571 -0.636001
1532259558034287 0.0808511 0.599506 -0.673847
1532259558094128 0.137377 0.334116 -0.506972
1532259558146987 0.190997 0.178993 -0.513247
1532259558177911 0.21687 0.121193 -0.528383
1532259558221787 0.29336 0.0516123 -0.568612
1532259558290602 0.322522 0.0883466 -0.593094
1532259558371387 0.311243 0.128402 -0.610422
1532259558439205 0.250408 0.2976 -0.645307
1532259558543934 0.0567071 0.625496 -0.668374
1532259558566863 0.0616976 0.63923 -0.619517
1532259558588805 0.0865676 0.469045 -0.548106
1532259558641663 0.139463 0.336539 -0.534314
1532259558664602 0.175411 0.26214 -0.526818
1532259558694522 0.232084 0.105267 -0.515495
1532259558731424 0.278855 -0.0489586 -0.506769
1532259558784282 0.338139 -0.19519 -0.519933
1532259558816197 0.373666 -0.260026 -0.531152
1532259558844131 0.402438 -0.317871 -0.534231
1532259558933882 0.417431 -0.421866 -0.538634
1532259559076501 0.339851 -0.393936 -0.569485
1532259559414597 0.27735 -0.458332 -0.587888
1532259559638997 0.261335 -0.463526 -0.590084
1532259560201502 0.256251 -0.503416 -0.537099
1532259560337139 0.308218 -0.48825 -0.540989
1532259560448840 0.373052 -0.464967 -0.540506
1532259560502697 0.380924 -0.460547 -0.538623
1532259560599438 0.404869 -0.438723 -0.538633
1532259560651299 0.404456 -0.43189 -0.568931
1532259560674238 0.39121 -0.434479 -0.579613
1532259560704157 0.391181 -0.436621 -0.580684
1532259560734077 0.392155 -0.438754 -0.581123
1532259560757016 0.392889 -0.440241 -0.580529
1532259560816857 0.401645 -0.436792 -0.576546
1532259560861736 0.404134 -0.434552 -0.575458
1532259560936536 0.405367 -0.431067 -0.575139
1532259560989395 0.395585 -0.437403 -0.57857
1532259561034274 0.390079 -0.439779 -0.579501
1532259561079155 0.379469 -0.444977 -0.58458
1532259561094121 0.380967 -0.445439 -0.591689
1532259561132014 0.378535 -0.445523 -0.596017
1532259561191854 0.371309 -0.447969 -0.59632
1532259561228754 0.36826 -0.448937 -0.59505
1532259561266654 0.36233 -0.450517 -0.591678
1532259561334473 0.354072 -0.450898 -0.582355
1532259561364391 0.350155 -0.449885 -0.578014
1532259561379352 0.34786 -0.449575 -0.576243

1532259561477091 0.342462 -0.449818 -0.573506
1532259561507011 0.337066 -0.45034 -0.571344
1532259561588792 0.339751 -0.44911 -0.572577
1532259561633672 0.342306 -0.44857 -0.573939
1532259561686544 0.356402 -0.444614 -0.582784
1532259561769309 0.365636 -0.44073 -0.588178
1532259561837144 0.370267 -0.438397 -0.590714
1532259561844123 0.372275 -0.437357 -0.591668
1532259561874029 0.375023 -0.43568 -0.593702
1532259561941848 0.379995 -0.432894 -0.595676
1532259561971768 0.381565 -0.432014 -0.596285
1532259561986727 0.384897 -0.430106 -0.597893
1532259562061528 0.390698 -0.42634 -0.601267
1532259562136328 0.394581 -0.423955 -0.60407
1532259562204153 0.393891 -0.425065 -0.607335
1532259562242045 0.3932 -0.425453 -0.606715
1532259562278946 0.389743 -0.426425 -0.602469
1532259562346765 0.385962 -0.426529 -0.59909
1532259562421565 0.378718 -0.426581 -0.596079
1532259562474424 0.372412 -0.427135 -0.597793
1532259562557203 0.363706 -0.43288 -0.604341
1532259562609186 0.353808 -0.440272 -0.60872
1532259562677005 0.348346 -0.442472 -0.606173
1532259562781724 0.345856 -0.441759 -0.601359
1532259562909383 0.346732 -0.434568 -0.590038
1532259563052002 0.357188 -0.431367 -0.596809
1532259563284380 0.378453 -0.421839 -0.606497
1532259563382119 0.379917 -0.422029 -0.60826
1532259563463900 0.384413 -0.420503 -0.609346
1532259563486839 0.386786 -0.419404 -0.612732
1532259563523740 0.392761 -0.410926 -0.620164
1532259563599538 0.387782 -0.396116 -0.63844
1532259563651399 0.378668 -0.376448 -0.649535
1532259563801996 0.31965 -0.10463 -0.703471
1532259563861836 0.253951 0.14638 -0.718553
1532259563929655 0.0565912 0.505209 -0.666553
1532259563951597 0.0940051 0.50736 -0.607822
1532259563981517 0.152387 0.405434 -0.521385
1532259563996492 0.160809 0.356774 -0.504339
1532259564034374 0.205768 0.255709 -0.498599
1532259564079255 0.239499 0.205986 -0.504977
1532259564125145 0.271212 0.157694 -0.512723
1532259564147073 0.297675 0.111182 -0.522641
1532259564221918 0.354265 0.0341668 -0.553087
1532259564273779 0.383007 0.0100085 -0.570383
1532259564492962 0.285369 0.326383 -0.627975
1532259564521885 0.125325 0.569584 -0.618026
1532259564552181 0.161576 0.499698 -0.544143
1532259564589085 0.20438 0.40071 -0.524608
1532259564612023 0.222409 0.346304 -0.513918
1532259564693804 0.245107 0.244516 -0.508778
1532259564753644 0.265639 0.200706 -0.521038
1532259564806503 0.31475 0.128176 -0.559132
1532259564836712 0.371901 0.094317 -0.619309
1532259564926472 0.28963 0.284519 -0.685722
1532259564971352 0.208635 0.389583 -0.704447
1532259565039171 0.0262235 0.587741 -0.737544
1532259565069120 0.0383179 0.572067 -0.70452
1532259565099046 0.0474774 0.54202 -0.680821
1532259565113999 0.0546454 0.502107 -0.657098
1532259565181819 0.109381 0.318008 -0.601555
1532259565233680 0.223373 0.0404848 -0.586262
1532259565256618 0.245216 -0.0234854 -0.588749
1532259565293738 0.272486 -0.0855572 -0.590538
1532259565324656 0.300131 -0.143576 -0.593017
1532259565347594 0.324855 -0.196629 -0.594747
1532259565429375 0.381235 -0.323887 -0.590651
1532259565459296 0.395114 -0.356257 -0.587553
1532259565496208 0.456769 -0.388 -0.567981
1532259565511167 0.44704 -0.368292 -0.568328
1532259565601925 0.306402 -0.382556 -0.585963
1532259565653802 0.308958 -0.398216 -0.587048
1532259565736565 0.320513 -0.419052 -0.616034
1532259565774463 0.313074 -0.420281 -0.618565
1532259565841284 0.327666 -0.431911 -0.622989
1532259565961962 0.303893 -0.434107 -0.608862
1532259565976922 0.300952 -0.436391 -0.605686
1532259566089621 0.282338 -0.442476 -0.592467
1532259566328980 0.266743 -0.450168 -0.590167
1532259566343940 0.239036 -0.462229 -0.59006
1532259566763850 0.189118 -0.509975 -0.577723
1532259566974005 0.370348 -0.445329 -0.601296
1532259567033845 0.390932 -0.434675 -0.602066
1532259567124602 0.419109 -0.415299 -0.613858
1532259567139562 0.422714 -0.412765 -0.618767
1532259567176463 0.420833 -0.406785 -0.637731
1532259567191424 0.415925 -0.406256 -0.644718
1532259567214361 0.410556 -0.406426 -0.652977
1532259567244283 0.404658 -0.407089 -0.662018
1532259567266223 0.399936 -0.408755 -0.671522
1532259567312101 0.392973 -0.415812 -0.69026
1532259567342021 0.380293 -0.426304 -0.703795
1532259567386901 0.366449 -0.437413 -0.712562
1532259567409026 0.360695 -0.442634 -0.715348
1532259567446925 0.356364 -0.446705 -0.715425
1532259567476845 0.351477 -0.452153 -0.711676
1532259567506765 0.347129 -0.451091 -0.707875
1532259567536685 0.322354 -0.444319 -0.687397
1532259567559624 0.315728 -0.442653 -0.679322
1532259567574584 0.311563 -0.440585 -0.672375
1532259567611485 0.308874 -0.439224 -0.665885
1532259567656365 0.306881 -0.438814 -0.662079
1532259567701245 0.31532 -0.432887 -0.660895
1532259567754104 0.326228 -0.421601 -0.659603
1532259567792003 0.332737 -0.40304 -0.658949
1532259567873784 0.353209 -0.269737 -0.671179
1532259567964541 0.29693 0.0738375 -0.700351
1532259568016402 0.213173 0.470266 -0.806342
1532259568076242 0.0715103 0.685439 -0.9338
1532259568099181 -0.00755546 0.771496 -1.02331
1532259568152040 -0.112622 0.837987 -1.15617
1532259568196920 -0.117586 0.839993 -1.16553
1532259568248780 -0.120143 0.839246 -1.17804
1532259568301639 -0.105344 0.840011 -1.18504
1532259568324578 -0.104507 0.840226 -1.18631
1532259568376440 -0.10513 0.839761 -1.1888
1532259568444258 -0.105653 0.837091 -1.19833
1532259568504110 -0.111807 0.833006 -1.20762
1532259568661678 -0.0368692 0.797521 -1.10505
1532259568736478 -0.00840042 0.795537 -1.07
1532259568759415 -0.0183208 0.796329 -1.0815
1532259568856156 -0.0468631 0.799217 -1.12709
1532259568953896 -0.0647464 0.796485 -1.20879
1532259568998775 -0.0684455 0.792224 -1.23095
1532259569066594 -0.0672375 0.79147 -1.23419
1532259569134413 -0.06504 0.787631 -1.23615
1532259569149373 -0.0587882 0.78618 -1.2296
1532259569201234 -0.0551694 0.782155 -1.22453
1532259569269053 -0.0508968 0.782885 -1.21973
1532259569479490 -0.0347271 0.778019 -1.1806
1532259569494450 -0.0314814 0.777876 -1.17352
1532259569629090 -0.0112116 0.783671 -1.12369
1532259569681949 0.00465182 0.771849 -1.0952
1532259569756749 0.0472156 0.754802 -1.03295
1532259569891389 0.0742043 0.799875 -0.961107
1532259570048967 0.0500018 0.847609 -0.92983
1532259570176626 0.0399418 0.850804 -0.929785
1532259570296306 0.0361698 0.849819 -0.92991
1532259570589522 0.0533276 0.833055 -0.943511
1532259570813922 0.0587193 0.837727 -0.932028
1532259570866780 0.0577087 0.839204 -0.932296
1532259570888722 0.0516677 0.839572 -0.936049
1532259571009399 0.0771223 0.736591 -0.872647
1532259571046300 0.0947749 0.698487 -0.84405
1532259571114127 0.18136 0.401542 -0.632813
1532259571309596 0.30819 -0.250498 -0.525538
1532259571346498 0.372457 -0.354783 -0.547885
1532259571444236 0.393122 -0.411005 -0.569589
1532259571497094 0.401545 -0.460229 -0.582404
1532259571623756 0.426815 -0.477229 -0.610687
1532259571721495 0.408457 -0.44373 -0.624113

1532259571766375 0.404839 -0.444827 -0.628531
1532259571804273 0.398814 -0.448198 -0.640032
1532259571856134 0.386032 -0.448493 -0.653643
1532259571908994 0.385425 -0.447717 -0.654854
1532259571968832 0.391374 -0.445048 -0.654124
1532259572051612 0.394837 -0.439962 -0.652544
1532259572089131 0.392573 -0.436304 -0.652234
1532259572112070 0.391627 -0.43502 -0.652033
1532259572178892 0.392768 -0.430146 -0.652237
1532259572223771 0.392714 -0.427423 -0.654265
1532259572254689 0.387172 -0.429767 -0.65546
1532259572269648 0.385496 -0.430798 -0.655663
1532259572322069 0.384145 -0.431984 -0.655857
1532259572388891 0.380151 -0.434491 -0.655262
1532259572411829 0.372962 -0.436069 -0.654442
1532259572456723 0.363156 -0.437227 -0.654766
1532259572471683 0.359215 -0.43814 -0.655095
1532259572531523 0.35086 -0.442293 -0.656575
1532259572569422 0.348611 -0.443804 -0.65645
1532259572592361 0.34688 -0.444596 -0.656282
1532259572637257 0.346567 -0.445015 -0.656045
1532259572698078 0.344022 -0.445461 -0.653434
1532259572786841 0.326287 -0.447321 -0.640067
1532259572816760 0.321424 -0.446283 -0.632928
1532259572884579 0.32176 -0.443493 -0.63159
1532259572944419 0.32011 -0.44229 -0.632442
1532259572996280 0.316893 -0.443764 -0.635586
1532259573064099 0.318556 -0.443261 -0.63752
1532259573146877 0.32335 -0.440288 -0.637728
1532259573244617 0.325169 -0.437913 -0.638868
1532259573296477 0.32635 -0.437159 -0.640334
1532259573454625 0.331668 -0.438556 -0.645813
1532259573476582 0.333608 -0.441786 -0.652808
1532259573529425 0.346116 -0.434305 -0.651678
1532259573566326 0.361098 -0.367377 -0.649521
1532259573626166 0.360957 -0.310288 -0.648929
1532259573716923 0.334582 -0.0724568 -0.624156
1532259573768785 0.314825 0.0160059 -0.611881
1532259573829641 0.201328 0.363653 -0.548436
1532259573859550 0.199473 0.302126 -0.496374
1532259573986226 0.223062 0.159235 -0.491358
1532259574009150 0.245141 0.109971 -0.500061
1532259574054030 0.266997 0.0654271 -0.511051
1532259574106888 0.324056 0.0271953 -0.569981
1532259574158762 0.286712 0.155822 -0.583982
1532259574407085 0.0415356 0.619066 -0.607731
1532259574437006 0.053938 0.610825 -0.593577
1532259574458947 0.134492 0.519077 -0.544036
1532259574481885 0.147667 0.471559 -0.523158
1532259574511805 0.177009 0.307543 -0.503873
1532259574556685 0.230361 0.161445 -0.532796
1532259574812002 0.265979 0.088108 -0.551752
1532259574938664 0.32524 0.0601868 -0.585237
1532259575036403 0.0274929 0.638987 -0.636536
1532259575104238 0.156234 0.314184 -0.52726
1532259575142120 0.183883 0.275383 -0.53286
1532259575179021 0.235043 0.189951 -0.540923
1532259575223901 0.263285 0.145407 -0.547532
1532259575306680 0.313726 0.0670529 -0.552643
1532259575329618 0.323753 0.0437097 -0.553944
1532259575404448 0.315641 0.207704 -0.575876
1532259575426389 0.271397 0.272968 -0.580432
1532259575456310 0.172999 0.407233 -0.594411
1532259575509168 0.100266 0.522178 -0.610639
1532259575622865 0.192843 0.483942 -0.448617
1532259575636827 0.219675 0.435459 -0.436187
1532259575673728 0.24996 0.385145 -0.430655
1532259575711626 0.277844 0.332901 -0.431535
1532259575764486 0.327302 0.111593 -0.464416
1532259575794421 0.349059 0.0475342 -0.471215
1532259575824340 0.371121 -0.0177537 -0.47293
1532259575861549 0.392019 -0.084927 -0.472205
1532259575899448 0.417663 -0.152183 -0.477053
1532259576027107 0.579007 -0.3774 -0.49331
1532259576043064 0.624849 -0.417006 -0.500572
1532259576072004 0.463291 -0.40855 -0.563299
1532259576131826 0.34777 -0.449157 -0.570758
1532259576281591 0.366958 -0.477109 -0.597773
1532259576356481 0.352707 -0.47237 -0.602009
1532259576454219 0.330003 -0.473775 -0.59378
1532259576551958 0.301737 -0.449231 -0.565387
1532259576581878 0.289709 -0.450509 -0.566187
1532259576784336 0.226483 -0.477879 -0.57569
1532259576791318 0.218585 -0.483304 -0.573997
1532259576987101 0.232318 -0.495795 -0.542366
1532259577038962 0.242526 -0.483234 -0.519176
1532259577264360 0.25013 -0.481252 -0.537967
1532259577392105 0.273981 -0.47023 -0.541208
1532259577593771 0.413455 -0.39405 -0.587387
1532259577631669 0.395751 -0.401042 -0.601402
1532259577669568 0.388666 -0.40573 -0.610227
1532259577714448 0.376917 -0.411979 -0.625021
1532259577736389 0.373122 -0.413071 -0.631527
1532259577766309 0.371701 -0.415311 -0.643323
1532259577804243 0.371439 -0.416926 -0.648964
1532259577834162 0.366528 -0.420761 -0.659187
1532259577908962 0.351593 -0.428699 -0.66477
1532259577968802 0.337487 -0.44019 -0.659846
1532259578021661 0.314335 -0.443442 -0.642067
1532259578066541 0.304121 -0.442986 -0.63376
1532259578104440 0.278305 -0.434421 -0.603355
1532259578126381 0.273316 -0.430085 -0.595798
1532259578156301 0.272121 -0.429403 -0.59509
1532259578186221 0.270515 -0.429634 -0.596156
1532259578232098 0.266523 -0.432072 -0.600322
1532259578262019 0.26134 -0.435931 -0.605131
1532259578283960 0.255272 -0.439861 -0.608378
1532259578306898 0.252962 -0.441271 -0.609226
1532259578328840 0.250905 -0.442391 -0.609433
1532259578373720 0.249361 -0.443222 -0.609443
1532259578449517 0.250948 -0.442237 -0.609272
1532259578494397 0.254938 -0.438407 -0.607479
1532259578516338 0.259492 -0.436305 -0.607604
1532259578570194 0.261049 -0.435827 -0.607637
1532259578600117 0.263031 -0.436035 -0.60793
1532259578629037 0.264377 -0.436566 -0.608394
1532259578711815 0.272915 -0.436854 -0.611616
1532259578771656 0.275508 -0.437414 -0.611747
1532259578801575 0.277384 -0.438387 -0.611132
1532259578884354 0.27761 -0.441656 -0.613183
1532259578929235 0.277861 -0.438405 -0.616369
1532259579012012 0.280516 -0.434621 -0.625491
1532259579071853 0.270155 -0.43895 -0.632718
1532259579123714 0.253784 -0.456781 -0.634464
1532259579154631 0.249246 -0.461666 -0.633676
1532259579176573 0.248143 -0.462905 -0.631918
1532259579229431 0.247036 -0.460522 -0.624164
1532259579259351 0.237015 -0.459809 -0.620139
1532259579289271 0.223819 -0.457449 -0.61261
1532259579334152 0.217941 -0.460889 -0.605373
1532259579351106 0.215143 -0.461988 -0.604292
1532259579379031 0.210893 -0.46274 -0.603176
1532259579453841 0.198255 -0.460237 -0.599122
1532259579544589 0.212349 -0.44428 -0.595075
1532259579581490 0.226907 -0.433803 -0.593906
1532259579656290 0.222725 -0.4378 -0.581559
1532259579679229 0.217563 -0.439701 -0.576804
1532259579732087 0.218737 -0.437553 -0.573343
1532259579747048 0.220654 -0.434599 -0.571752
1532259579783949 0.222348 -0.430693 -0.569418
1532259579881687 0.225825 -0.418892 -0.557298
1532259579949506 0.235015 -0.414554 -0.556306
1532259579994386 0.238139 -0.410411 -0.557381
1532259580107084 0.241294 -0.404198 -0.556887
1532259580188866 0.24133 -0.408534 -0.567672
1532259580211805 0.242966 -0.408978 -0.570081
1532259580218786 0.247124 -0.408989 -0.573309
1532259580233746 0.250269 -0.408399 -0.575258
1532259580301564 0.256844 -0.407337 -0.580168
1532259580346444 0.260073 -0.406884 -0.583335
1532259580376376 0.263054 -0.406765 -0.58665
1532259580504037 0.276935 -0.404224 -0.597239
1532259580541922 0.278123 -0.403383 -0.596836
1532259580631682 0.280149 -0.400322 -0.594896
1532259580654634 0.279672 -0.399261 -0.59652
1532259580721442 0.270773 -0.406804 -0.602114
1532259580781282 0.262871 -0.413602 -0.605816
1532259580931879 0.245052 -0.424991 -0.600797
1532259581096439 0.241691 -0.418492 -0.586994
1532259581149297 0.242468 -0.417648 -0.586513
1532259581336795 0.261093 -0.408657 -0.595783
1532259581479415 0.269526 -0.405556 -0.602484
1532259581576156 0.275926 -0.404636 -0.604252
1532259581599095 0.281841 -0.399553 -0.601804
1532259581636998 0.284396 -0.397818 -0.601299
1532259581779612 0.286487 -0.398041 -0.604201
1532259581952159 0.311175 -0.377975 -0.589373
1532259581982071 0.307776 -0.362213 -0.577867
1532259582108732 0.341063 -0.295664 -0.562485
1532259582161591 0.35522 -0.257006 -0.561376
1532259582244369 0.3245 -0.0881245 -0.540378
1532259582304209 0.298141 -0.127499 -0.572654
1532259582379009 0.327915 -0.11601 -0.625433
1532259582483729 0.266727 0.202505 -0.661958
1532259582529606 0.168656 0.416766 -0.674835
1532259582544567 0.0736482 0.573216 -0.679595
1532259582589446 0.0579776 0.606346 -0.670362
1532259582604406 0.0563739 0.62217 -0.63004
1532259582634327 0.0686805 0.60366 -0.603388
1532259582686188 0.148034 0.462926 -0.533233
1532259582724086 0.216844 0.327562 -0.500308
1532259582776945 0.276609 0.135747 -0.504735
1532259582873686 0.374553 -0.0146207 -0.572415
1532259582949483 0.382498 -0.0114551 -0.603858
1532259583046224 0.321717 0.147741 -0.663633
1532259583151942 0.150479 0.493705 -0.708523
1532259583182860 0.057224 0.620256 -0.701767
1532259583226743 0.128199 0.56343 -0.583692
1532259583279600 0.162315 0.372954 -0.513364
1532259583369361 0.289063 0.11413 -0.562893
1532259583421223 0.319433 0.0798491 -0.58759
1532259583518961 0.353256 0.0327309 -0.637954
1532259583646619 0.379983 0.0574404 -0.679467
1532259583699478 0.302824 0.257847 -0.694537
1532259583721423 0.182902 0.44881 -0.685615
1532259583827143 0.13442 0.578204 -0.551647
1532259583849078 0.142805 0.461393 -0.525351
1532259583968757 0.234624 0.312099 -0.543954
1532259584090449 0.351007 -0.0926551 -0.553161
1532259584247014 0.493324 -0.405309 -0.597889
1532259584367704 0.383638 -0.398251 -0.596885
1532259584666891 0.300087 -0.414353 -0.576269
1532259585018965 0.170846 -0.493019 -0.561432
1532259585108710 0.124323 -0.523906 -0.543697
1532259585191488 0.114854 -0.540014 -0.537631
1532259585221410 0.109728 -0.542992 -0.534168
1532259585236369 0.109722 -0.543242 -0.533025
1532259585289227 0.116458 -0.540834 -0.53245
1532259585372006 0.129326 -0.536115 -0.535041
1532259585491686 0.152151 -0.529436 -0.543704
1532259585596406 0.223607 -0.505249 -0.566069
1532259585753984 0.259783 -0.485139 -0.57684
1532259585866682 0.324671 -0.436166 -0.601494
1532259585926525 0.343473 -0.418729 -0.607944
1532259585979382 0.32618 -0.421822 -0.623414
1532259586054183 0.295236 -0.439188 -0.643941
1532259586114021 0.262099 -0.462877 -0.672889
1532259586136960 0.240702 -0.487681 -0.689706
1532259586196800 0.230998 -0.506445 -0.694614
1532259586241680 0.22165 -0.516107 -0.688871
1532259586271599 0.205133 -0.522301 -0.670456
1532259586331439 0.19639 -0.51983 -0.656744
1532259586346400 0.192929 -0.516657 -0.649823
1532259586406240 0.183203 -0.506466 -0.631916
1532259586421200 0.181506 -0.504053 -0.627967
1532259586474059 0.17763 -0.50203 -0.624668
1532259586496997 0.176188 -0.502063 -0.624661

1532259586593739 0.174489 -0.504451 -0.626967
1532259586721403 0.18429 -0.491232 -0.621666
1532259586774262 0.204126 -0.477645 -0.62212
1532259586819142 0.213396 -0.472039 -0.62365
1532259586849061 0.221047 -0.467146 -0.625081
1532259586893942 0.231813 -0.459952 -0.627966
1532259586908902 0.235265 -0.457637 -0.629094
1532259586983702 0.242507 -0.452949 -0.631855
1532259587051521 0.246443 -0.450464 -0.633601
1532259587074459 0.256288 -0.443855 -0.638313
1532259587104380 0.258955 -0.442158 -0.639731
1532259587179179 0.269086 -0.436632 -0.642747
1532259587202118 0.271784 -0.434803 -0.643464
1532259587253980 0.274667 -0.432922 -0.644494
1532259587336760 0.294427 -0.420126 -0.648112
1532259587381638 0.295875 -0.418431 -0.646936
1532259587471398 0.299626 -0.413262 -0.643763
1532259587524256 0.301166 -0.411261 -0.644378
1532259587584096 0.293632 -0.418962 -0.649246
1532259587643936 0.292905 -0.418234 -0.647443
1532259587681835 0.29247 -0.417524 -0.646259
1532259587733696 0.290138 -0.417067 -0.643978
1532259587779573 0.286101 -0.419782 -0.64391
1532259587801515 0.284686 -0.420874 -0.644037
1532259587831435 0.282639 -0.421662 -0.643676
1532259587869334 0.280392 -0.422232 -0.643341
1532259587921195 0.275476 -0.423951 -0.642303
1532259587959093 0.271488 -0.426413 -0.64178
1532259587997990 0.267432 -0.42826 -0.640851
1532259588071792 0.265072 -0.428115 -0.639547
1532259588124651 0.265072 -0.428115 -0.639547
1532259588154571 0.264083 -0.428027 -0.639406
1532259588199451 0.263161 -0.428163 -0.639181
1532259588221392 0.260713 -0.429105 -0.638623
1532259588349051 0.260089 -0.429463 -0.638278
1532259588386949 0.260528 -0.428934 -0.637608
1532259588416869 0.262515 -0.425785 -0.635929
1532259588498651 0.264962 -0.423158 -0.635752
1532259588626322 0.266348 -0.422127 -0.63695
1532259588687162 0.266649 -0.422945 -0.639561
1532259588761959 0.265903 -0.425471 -0.641328
1532259588926519 0.267394 -0.425718 -0.638604
1532259589031239 0.266593 -0.421936 -0.638678
1532259589256637 0.327724 -0.0203272 -0.581958
1532259589316476 0.28164 0.275871 -0.538655
1532259589399255 0.226327 0.2666 -0.498842
1532259589482034 0.297347 -0.0697112 -0.538125
1532259589526914 0.346819 -0.135362 -0.583873
1532259589593735 0.354568 -0.104039 -0.608192
1532259589676514 0.306812 0.0304967 -0.613118
1532259589736354 0.25383 0.237701 -0.592462
1532259589804180 0.149028 0.483004 -0.580558
1532259589819140 0.118466 0.523108 -0.580542
1532259589901919 0.0857851 0.555199 -0.547506
1532259589946798 0.122179 0.489528 -0.524201
1532259589991693 0.221953 0.115649 -0.513723
1532259590089417 0.252866 0.0716993 -0.523937
1532259590164217 0.299836 -0.00232283 -0.552905
1532259590217076 0.334623 -0.0508368 -0.582116
1532259590276915 0.368939 -0.0345633 -0.610878
1532259590426516 0.358058 0.0434082 -0.614747
1532259590501316 0.254707 0.31595 -0.603775
1532259590531235 0.111894 0.563297 -0.617592
1532259590554192 0.102999 0.52311 -0.538174
1532259590592080 0.203775 0.251103 -0.511826
1532259590651913 0.265047 0.06913 -0.534461
1532259590733694 0.320499 -0.00835659 -0.566928
1532259590771593 0.352545 -0.0303652 -0.585174
1532259590846393 0.348304 0.0723439 -0.643151
1532259591056830 0.266906 0.257988 -0.638345
1532259591124656 0.0453873 0.609871 -0.612279
1532259591184489 0.174379 0.399126 -0.431747
1532259591206430 0.199344 0.338316 -0.431354
1532259591229368 0.250217 0.215252 -0.459837
1532259591289209 0.283479 0.04961 -0.524221
1532259591358038 0.279843 -0.109391 -0.580844
1532259591536547 0.388053 -0.399219 -0.536326
1532259591589405 0.402985 -0.346107 -0.50155
1532259591619326 0.342892 -0.352243 -0.529473
1532259591656227 0.349799 -0.369397 -0.539784
1532259591761944 0.369324 -0.387357 -0.56025
1532259591881625 0.330588 -0.383022 -0.584576
1532259592233683 0.254561 -0.421906 -0.555311
1532259592437138 0.162704 -0.483869 -0.548429
1532259592586742 0.152421 -0.505065 -0.53924
1532259592714398 0.157106 -0.505207 -0.534822
1532259592953779 0.274236 -0.464173 -0.563786
1532259593291853 0.383087 -0.418985 -0.580504
1532259593411533 0.411996 -0.398081 -0.611599
1532259593494312 0.393873 -0.409572 -0.633951
1532259593554152 0.358101 -0.426135 -0.658225
1532259593636931 0.336542 -0.452015 -0.678138
1532259593681821 0.332987 -0.455471 -0.678244
1532259593711731 0.327104 -0.4606 -0.675424
1532259593756610 0.319994 -0.463495 -0.669023
1532259593779549 0.306481 -0.463769 -0.656187
1532259593809469 0.301785 -0.46294 -0.652424
1532259593831411 0.291227 -0.460858 -0.644871
1532259593869309 0.287332 -0.459663 -0.641928

1532259593914189 0.276651 -0.457182 -0.634212
1532259593944123 0.268693 -0.456456 -0.630169
1532259593974029 0.264432 -0.456348 -0.628185
1532259594041847 0.257154 -0.455645 -0.624088
1532259594071768 0.255088 -0.455055 -0.622114
1532259594139586 0.255137 -0.447753 -0.613578
1532259594236328 0.265664 -0.435448 -0.605763
1532259594289192 0.270643 -0.431285 -0.604636
1532259594342051 0.281327 -0.425825 -0.606534
1532259594401891 0.289185 -0.422576 -0.609327
1532259594453759 0.292239 -0.421331 -0.610637
1532259594468711 0.298124 -0.419316 -0.613309
1532259594521598 0.301048 -0.418167 -0.614977
1532259594589446 0.310052 -0.415033 -0.621075
1532259594671248 0.317473 -0.41619 -0.63442
1532259594739046 0.314155 -0.419224 -0.635691
1532259594821593 0.312386 -0.420155 -0.6357
1532259594866473 0.310955 -0.420746 -0.635462
1532259594896393 0.306904 -0.422922 -0.636588
1532259594994132 0.316181 -0.139063 -0.598897
1532259595046991 0.309017 -0.0548213 -0.602946
1532259595076918 0.287937 0.133021 -0.618305
1532259595211550 0.0549096 0.629926 -0.72774
1532259595271391 -0.130776 0.793195 -0.815343
1532259595316271 -0.239326 0.846917 -0.871372
1532259595362148 -0.274711 0.863816 -0.889432
1532259595384100 -0.299707 0.872034 -0.906564
1532259595399049 -0.304587 0.878804 -0.908982
1532259595436963 -0.311487 0.894064 -0.905861
1532259595488809 -0.312544 0.90292 -0.903304
1532259595533689 -0.308787 0.925117 -0.893899
1532259595564606 -0.307274 0.935831 -0.890939
1532259595624447 -0.305644 0.951659 -0.894929
1532259595706228 -0.326866 0.953298 -0.952788
1532259595752105 -0.338363 0.939541 -1.00983
1532259596261742 -0.152713 0.773108 -1.04759
1532259596366462 -0.0679635 0.757027 -0.891181
1532259596411342 -0.00200631 0.749253 -0.774565
1532259596494139 0.121057 0.684908 -0.531957
1532259596568921 0.191146 0.565474 -0.430731
1532259596689608 0.26689 0.115273 -0.427059
1532259596734478 0.275566 -0.119497 -0.494201
1532259596869118 0.190148 -0.403762 -0.594009
1532259596899038 0.201623 -0.43792 -0.60327
1532259597222174 0.149213 -0.49215 -0.608852
1532259597267054 0.148519 -0.482352 -0.63113
1532259597303956 0.136308 -0.476258 -0.627244
1532259597393715 0.126717 -0.463928 -0.616809
1532259597416654 0.126647 -0.460885 -0.615843
1532259597506414 0.130108 -0.456403 -0.61624
1532259597671971 0.13207 -0.454873 -0.617167
1532259597783672 0.130124 -0.450173 -0.61617
1532259598068910 0.190404 0.10764 -0.569712
1532259598121768 0.163919 0.293218 -0.531684
1532259598204555 0.255833 0.104212 -0.482649
1532259598227486 0.266258 0.0531334 -0.482957
1532259598279347 0.323122 -0.0855225 -0.504866
1532259598339187 0.335586 -0.144396 -0.534977
1532259598377086 0.313329 -0.11264 -0.538454
1532259598451885 0.285132 0.010776 -0.539384
1532259598744104 0.156038 0.396258 -0.570415
1532259598826883 0.205834 0.162334 -0.478656
1532259598984461 0.283828 -0.0579926 -0.511592
1532259599134062 0.262587 0.150524 -0.610572
1532259599186921 0.237053 0.226339 -0.613661
1532259599246760 0.203667 0.302867 -0.616811
1532259599314579 0.0703546 0.493916 -0.626052
1532259599374419 0.108576 0.358703 -0.465364
1532259599404339 0.160186 0.243912 -0.470214
1532259599426280 0.182449 0.194794 -0.480021
1532259599591850 0.25691 0.0654734 -0.511402
1532259599681597 0.361754 -0.0133253 -0.572423
1532259599801277 0.307387 0.16654 -0.579815
1532259599928936 0.138602 0.469645 -0.607315
1532259599973816 0.0262631 0.633889 -0.639154
1532259600018696 0.124953 0.4452 -0.483592
1532259600041634 0.152538 0.324437 -0.460052
1532259600071555 0.18222 0.273913 -0.458222
1532259600088509 0.214292 0.227871 -0.464126
1532259600116434 0.238162 0.183179 -0.473305
1532259600185251 0.267048 0.0891867 -0.48543
1532259600267032 0.28676 -0.0023392 -0.502133
1532259600371752 0.310382 -0.258211 -0.468528
1532259600416631 0.388192 -0.298316 -0.45807
1532259600469490 0.412866 -0.326433 -0.456526
1532259600491431 0.404604 -0.319802 -0.459235
1532259600559262 0.345694 -0.30374 -0.475486
1532259600634050 0.324744 -0.311627 -0.49443
1532259600701869 0.339259 -0.32311 -0.503976
1532259600844487 0.281278 -0.362788 -0.513363
1532259600904327 0.276006 -0.36294 -0.506696
1532259600926269 0.266857 -0.365344 -0.496407
1532259600949208 0.261312 -0.366823 -0.492649
1532259601038967 0.255495 -0.377051 -0.485606
1532259601151665 0.236643 -0.400291 -0.474033
1532259601204525 0.234526 -0.406808 -0.474625
1532259601256386 0.224458 -0.422269 -0.478777
1532259601332183 0.203571 -0.449097 -0.482967
1532259601406983 0.145349 -0.50823 -0.470162
1532259601473805 0.134867 -0.528071 -0.444596
1532259601496743 0.1298 -0.529897 -0.440652
1532259601556583 0.124498 -0.534826 -0.435239
1532259601586503 0.125215 -0.538051 -0.433242
1532259601616423 0.127435 -0.537605 -0.431887
1532259601669282 0.133129 -0.535398 -0.433249
1532259601706183 0.146152 -0.531947 -0.436418
1532259601744082 0.152995 -0.529624 -0.438331
1532259601781980 0.166281 -0.523202 -0.441883
1532259601856780 0.193575 -0.510739 -0.449696
1532259601886700 0.204741 -0.505442 -0.453292
1532259601916620 0.229014 -0.494875 -0.459712
1532259601961500 0.24911 -0.48017 -0.466499
1532259602021341 0.258166 -0.475017 -0.468273
1532259602081180 0.280039 -0.465451 -0.470279
1532259602119079 0.335776 -0.434455 -0.481122
1532259602163959 0.367741 -0.411838 -0.486861
1532259602193879 0.383271 -0.399718 -0.49031
1532259602223799 0.392222 -0.39464 -0.492066
1532259602238759 0.401434 -0.389822 -0.493536
1532259602284638 0.411146 -0.384623 -0.494866
1532259602314556 0.425443 -0.375793 -0.495931
1532259602419276 0.435643 -0.363483 -0.501498
1532259602464156 0.430225 -0.363639 -0.509088
1532259602546935 0.410929 -0.372572 -0.529004
1532259602591815 0.367993 -0.393402 -0.559148
1532259602636695 0.352052 -0.407513 -0.576494
1532259602666615 0.348557 -0.410888 -0.579391
1532259602704514 0.347906 -0.414126 -0.581817
1532259602726454 0.346159 -0.414181 -0.579547
1532259602764353 0.338242 -0.411848 -0.570042
1532259602779314 0.334506 -0.410024 -0.563843
1532259602801255 0.327764 -0.406612 -0.551226
1532259602854114 0.323551 -0.402247 -0.540266
1532259602913954 0.321364 -0.398421 -0.532936
1532259602951852 0.319118 -0.395591 -0.528807
1532259602981772 0.317813 -0.394664 -0.52776
1532259602996732 0.312351 -0.39504 -0.526655

1532259603049591 0.308544 -0.396092 -0.526741
1532259603064551 0.299743 -0.399948 -0.527875
1532259603116426 0.294462 -0.402515 -0.52802
1532259603146332 0.28398 -0.407696 -0.528069
1532259603206171 0.282977 -0.408434 -0.528355
1532259603273991 0.286606 -0.407281 -0.529782
1532259603318871 0.287394 -0.40709 -0.530078
1532259603334828 0.289117 -0.406457 -0.531021
1532259603424588 0.29278 -0.405144 -0.533837
1532259603446530 0.294182 -0.404952 -0.535046
1532259603491403 0.29913 -0.404048 -0.53893
1532259603604102 0.304091 -0.402446 -0.542659
1532259603648982 0.307065 -0.402572 -0.54458
1532259603701841 0.309532 -0.401421 -0.543389
1532259603754699 0.31225 -0.399393 -0.542187
1532259603821521 0.315649 -0.396862 -0.539637
1532259603889339 0.3211 -0.39311 -0.537429
1532259603949186 0.324478 -0.390866 -0.538142
1532259603972124 0.325475 -0.390156 -0.538882
1532259604023986 0.327577 -0.389784 -0.542152
1532259604068866 0.328656 -0.390141 -0.545099
1532259604106764 0.328392 -0.389913 -0.545375
1532259604174583 0.329932 -0.388186 -0.545357
1532259604204503 0.331038 -0.387025 -0.544978
1532259604234423 0.331075 -0.386663 -0.544514
1532259604279304 0.331095 -0.38661 -0.544136
1532259604286284 0.330802 -0.386464 -0.543639
1532259604392002 0.33221 -0.383004 -0.542054
1532259604436899 0.334637 -0.380104 -0.542375
1532259604646322 0.342678 -0.378374 -0.551166
1532259604737092 0.352035 -0.373821 -0.553916
1532259604759042 0.353728 -0.371756 -0.552289
1532259604924590 0.357034 -0.364077 -0.552847
1532259604999390 0.357431 -0.362193 -0.55654
1532259605186889 0.357333 -0.363198 -0.55922
1532259605479107 0.351767 -0.365845 -0.556835
1532259605576846 0.339074 -0.362937 -0.555319
1532259605756366 0.293651 -0.363923 -0.573849
1532259605921924 0.223998 -0.139176 -0.69144
1532259605973785 0.210317 -0.0852771 -0.693331
1532259606176244 0.0936785 0.315936 -0.67297
1532259606318862 0.156445 0.161936 -0.546115
1532259606401640 0.2079 0.0302692 -0.549708
1532259606461481 0.256241 -0.0728 -0.56711
1532259606597118 0.341445 -0.112622 -0.627491
1532259606799576 0.157148 0.307175 -0.596492
1532259606851438 0.0693496 0.449831 -0.558074
1532259606866398 0.0751768 0.413722 -0.546803
1532259606926238 0.159388 0.114913 -0.528763
1532259607009032 0.24379 -0.0475137 -0.590467
1532259607151635 0.331727 -0.12678 -0.686106
1532259607279294 0.292786 0.0367815 -0.703129
1532259607436872 0.0573207 0.330142 -0.706107
1532259607601432 0.109521 0.0995953 -0.506397
1532259607624371 0.120639 0.0604354 -0.519465
1532259607745047 0.179597 -0.0469201 -0.546618
1532259607788935 0.202433 -0.0823709 -0.551286
1532259607863731 0.222469 -0.114972 -0.553493
1532259607916589 0.283683 -0.205805 -0.557961
1532259608021309 0.283384 -0.21259 -0.494985
1532259608291587 0.316559 -0.295132 -0.452253
1532259608479085 0.271783 -0.324496 -0.432358
1532259608546904 0.232775 -0.347518 -0.41955
1532259608621704 0.210261 -0.363388 -0.416348
1532259608666584 0.209148 -0.370274 -0.416219
1532259608719443 0.201797 -0.385708 -0.415202
1532259608801224 0.19282 -0.400157 -0.412593
1532259608847101 0.190993 -0.416464 -0.407313
1532259608958802 0.182551 -0.445311 -0.399342
1532259609101421 0.170478 -0.460995 -0.396403
1532259609161261 0.168484 -0.464864 -0.395773
1532259609303879 0.172438 -0.471203 -0.394309
1532259609378680 0.167705 -0.473298 -0.39848
1532259609454477 0.171652 -0.473304 -0.399882
1532259609806535 0.282356 -0.398852 -0.398458
1532259609881336 0.310873 -0.381846 -0.403115
1532259609919234 0.31384 -0.378751 -0.404197
1532259610076813 0.285673 -0.384397 -0.432693
1532259610159592 0.255314 -0.415164 -0.469549
1532259610196493 0.250248 -0.422488 -0.476696
1532259610226412 0.235836 -0.438346 -0.493679
1532259610271297 0.226048 -0.444866 -0.496862
1532259610332129 0.222823 -0.448203 -0.492212
1532259610406930 0.226503 -0.446115 -0.475382
1532259610429869 0.224525 -0.438708 -0.454112
1532259610451809 0.221591 -0.43581 -0.447787
1532259610473751 0.217517 -0.432784 -0.442582
1532259610496690 0.209855 -0.427801 -0.43715
1532259610556530 0.204249 -0.425312 -0.44197
1532259610586450 0.201317 -0.425452 -0.445645
1532259610616370 0.195589 -0.426643 -0.453165
1532259610646290 0.193665 -0.427405 -0.456668

1532259610691170 0.1905 -0.428632 -0.462001
1532259610714108 0.189589 -0.428607 -0.463563
1532259610752007 0.191872 -0.426956 -0.463616
1532259610826811 0.193666 -0.423242 -0.460037
1532259610842009 0.194473 -0.420201 -0.457466
1532259610969668 0.198519 -0.412826 -0.453093
1532259610999587 0.203697 -0.402014 -0.449497
1532259611089347 0.207879 -0.392419 -0.454875
1532259611111288 0.208392 -0.391592 -0.45641
1532259611141209 0.210352 -0.389277 -0.459809
1532259611194083 0.213861 -0.385715 -0.459538
1532259611238947 0.215466 -0.384745 -0.45923
1532259611291806 0.218284 -0.382111 -0.458806
1532259611321726 0.22104 -0.379047 -0.459188
1532259611389545 0.221352 -0.378808 -0.459725
1532259611396526 0.220775 -0.378925 -0.459876
1532259611449385 0.220687 -0.379077 -0.459883
1532259611479304 0.224149 -0.378338 -0.459613
1532259611592003 0.225924 -0.373785 -0.456603
1532259611628905 0.226679 -0.372126 -0.45613
1532259611651844 0.226875 -0.372046 -0.456537
1532259611673784 0.226875 -0.372046 -0.456537
1532259611734622 0.228679 -0.371911 -0.456777
1532259611794462 0.231671 -0.369551 -0.455635
1532259611846323 0.237119 -0.365108 -0.452874
1532259611899181 0.241104 -0.363191 -0.452272
1532259612011880 0.241281 -0.363546 -0.453902
1532259612079699 0.235021 -0.365156 -0.456799
1532259612139539 0.227016 -0.368755 -0.460513
1532259612229299 0.223685 -0.371568 -0.461906
1532259612251240 0.22261 -0.372694 -0.46211
1532259612282159 0.221095 -0.372899 -0.460161
1532259612416798 0.218371 -0.364955 -0.443322
1532259612491615 0.222202 -0.363484 -0.449378
1532259612529496 0.223041 -0.363867 -0.4505
1532259612687075 0.228586 -0.361638 -0.452844
1532259612828696 0.229006 -0.359696 -0.453521
1532259612859614 0.227255 -0.360863 -0.454733
1532259612956355 0.227696 -0.361543 -0.454806
1532259613062071 0.223663 -0.362976 -0.453934
1532259613121912 0.222053 -0.362924 -0.454238
1532259613346312 0.236276 -0.337676 -0.465311
1532259613384211 0.257081 -0.212731 -0.470239
1532259613422110 0.198355 0.183909 -0.480177
1532259613541789 0.16569 0.30995 -0.501564
1532259613601629 0.18991 0.328925 -0.524246
1532259613669447 0.24813 0.19869 -0.525628
1532259613744248 0.270165 0.107356 -0.541515
1532259613766189 0.290647 0.0609092 -0.55506
1532259613863928 0.336178 -0.0647858 -0.617598
1532259613938728 0.295947 0.0513484 -0.617171
1532259614081347 0.239162 0.245163 -0.612214
1532259614194045 0.13007 0.582035 -0.533748
1532259614216983 0.207015 0.370181 -0.495898
1532259614231944 0.217993 0.295446 -0.492601
1532259614283817 0.260266 0.151167 -0.504317
1532259614336664 0.310782 0.0371117 -0.537056
1532259614419443 0.337917 -0.0393467 -0.568208
1532259614501223 0.409181 -0.01753 -0.612843
1532259614517181 0.399785 0.0240453 -0.6121
1532259614569042 0.374342 0.0680821 -0.619502
1532259614711694 0.333405 0.175869 -0.620788
1532259614846333 0.128049 0.55171 -0.510844
1532259614876254 0.193742 0.35878 -0.482372
1532259614899192 0.217728 0.249573 -0.491062
1532259614922131 0.237739 0.192774 -0.497786
1532259614973992 0.314882 0.0308193 -0.516597
1532259615018872 0.335526 -0.0133737 -0.527175
1532259615063752 0.361074 -0.0492643 -0.539232
1532259615086690 0.384983 -0.0783908 -0.550104
1532259615199389 0.408587 -0.025432 -0.592927
1532259615266211 0.383164 0.0773038 -0.598468
1532259615342008 0.358017 0.139631 -0.596464
1532259615454706 0.28597 0.270115 -0.592548
1532259615551448 0.177094 0.253768 -0.437518
1532259615611288 0.244414 0.10132 -0.407342
1532259615687088 0.294868 -0.109951 -0.403498
1532259615709027 0.315565 -0.237977 -0.413885
1532259616032163 0.319791 -0.332067 -0.325834
1532259616098984 0.270969 -0.359096 -0.367512
1532259616173784 0.26458 -0.369941 -0.378147
1532259616264541 0.260973 -0.376159 -0.379952
1532259616316402 0.260317 -0.378957 -0.374693
1532259616361282 0.257551 -0.380578 -0.362043
1532259616437086 0.26624 -0.378831 -0.350434
1532259616518861 0.259106 -0.376207 -0.359892
1532259616563742 0.23546 -0.386223 -0.3753
1532259616744258 0.183807 -0.435259 -0.394699
1532259616871917 0.196711 -0.474066 -0.372429
1532259616931757 0.172811 -0.493552 -0.362446
1532259616976636 0.172813 -0.502237 -0.364882
1532259617074386 0.171657 -0.510407 -0.365267
1532259617246915 0.180328 -0.488499 -0.364792
1532259617276834 0.185366 -0.481599 -0.365044
1532259617404493 0.193624 -0.428133 -0.386739
1532259617449373 0.215611 -0.421535 -0.389939
1532259617524172 0.243384 -0.39511 -0.381871
1532259617636872 0.311538 -0.351194 -0.363139
1532259617688733 0.334355 -0.34167 -0.355274
1532259617711671 0.339639 -0.337301 -0.352549
1532259617831351 0.333725 -0.319888 -0.371525
1532259617914130 0.298022 -0.334092 -0.41695
1532259617952028 0.291841 -0.338739 -0.422546
1532259618003889 0.274329 -0.357958 -0.432598
1532259618033809 0.268476 -0.360302 -0.429348
1532259618131549 0.259207 -0.359723 -0.41737
1532259618161469 0.256394 -0.360109 -0.410753
1532259618206349 0.243562 -0.368903 -0.407847
1532259618259208 0.233007 -0.376975 -0.409929
1532259618304102 0.227828 -0.380927 -0.411209

1532259618342983 0.213616 -0.391403 -0.411474
1532259618393847 0.203698 -0.395971 -0.403347
1532259618416786 0.20207 -0.395808 -0.400159
1532259618484604 0.198834 -0.395635 -0.393704
1532259618536466 0.19774 -0.394964 -0.388793
1532259618551426 0.198395 -0.39385 -0.386505
1532259618596306 0.198471 -0.391032 -0.386126
1532259618672103 0.20292 -0.385615 -0.38862
1532259618694045 0.204675 -0.384126 -0.389436
1532259618731943 0.205888 -0.382207 -0.389928
1532259618746903 0.207227 -0.380265 -0.390442
1532259618783804 0.20908 -0.378369 -0.390948
1532259618806743 0.214077 -0.374062 -0.392009
1532259618836663 0.217041 -0.371975 -0.392591
1532259618859602 0.219928 -0.36961 -0.39309
1532259618911463 0.224673 -0.36471 -0.394237
1532259618941383 0.229097 -0.359743 -0.395157
1532259618987263 0.234143 -0.353952 -0.395692
1532259619024162 0.245619 -0.343533 -0.396109
1532259619039122 0.249709 -0.339221 -0.395972
1532259619047101 0.255234 -0.334549 -0.395798
1532259619077020 0.26183 -0.329056 -0.395548
1532259619098961 0.269496 -0.322691 -0.395302
1532259619151820 0.278769 -0.315936 -0.395273
1532259619226621 0.300281 -0.301481 -0.39529
1532259619264519 0.312077 -0.293495 -0.395314
1532259619339422 0.395951 -0.246494 -0.403831
1532259619781773 0.475029 -0.206336 -0.421085
1532259620052050 0.372402 -0.250926 -0.413924
1532259620118872 0.362826 -0.255457 -0.412784
1532259620178719 0.298403 -0.288607 -0.403035
1532259620299388 0.246111 -0.325759 -0.395319
1532259620434029 0.203271 -0.368975 -0.396022
1532259620471928 0.19921 -0.37467 -0.396735
1532259620561687 0.178951 -0.398683 -0.394453
1532259620599585 0.176235 -0.402908 -0.388942
1532259620621533 0.175904 -0.403578 -0.386793
1532259620674386 0.175355 -0.403917 -0.384559
1532259620689345 0.174724 -0.403465 -0.382704
1532259620742205 0.17403 -0.400181 -0.37922
1532259620817005 0.178076 -0.398203 -0.38163
1532259620838946 0.179539 -0.397269 -0.382858
1532259620876845 0.180872 -0.396464 -0.383931
1532259620966605 0.190292 -0.389136 -0.388933
1532259620989544 0.191788 -0.387665 -0.389687
1532259621026445 0.196881 -0.384162 -0.392724
1532259621056365 0.198277 -0.38175 -0.394594
1532259621094274 0.19896 -0.380547 -0.395461
1532259621131181 0.200999 -0.378487 -0.397627
1532259621169063 0.203227 -0.377139 -0.400583
1532259621184023 0.203652 -0.376573 -0.401982
1532259621228903 0.203441 -0.376517 -0.403453
1532259621281762 0.203799 -0.376126 -0.406783
1532259621319661 0.203563 -0.376573 -0.410609
1532259621379501 0.206666 -0.377691 -0.412062
1532259621424381 0.208058 -0.377947 -0.411752
1532259621446322 0.208545 -0.378814 -0.408934
1532259621514141 0.20841 -0.380983 -0.405399
1532259621559020 0.20829 -0.382099 -0.404259
1532259621588941 0.207875 -0.382893 -0.403274
1532259621694658 0.204176 -0.385086 -0.401516
1532259621746519 0.202042 -0.388122 -0.40264
1532259621799378 0.201273 -0.388629 -0.402662
1532259621836279 0.201433 -0.388733 -0.402716
1532259621897117 0.201893 -0.386844 -0.40267
1532259621941996 0.202761 -0.384377 -0.402766
1532259621986878 0.20451 -0.383119 -0.403344
1532259622001836 0.205344 -0.382427 -0.403808
1532259622046717 0.205862 -0.381663 -0.404058
1532259622084615 0.205696 -0.380863 -0.405316
1532259622114535 0.205106 -0.38083 -0.405568
1532259622129494 0.20586 -0.380663 -0.405694
1532259622159415 0.207002 -0.380452 -0.405917
1532259622204308 0.207129 -0.380429 -0.405942
1532259622226237 0.207129 -0.380429 -0.405942
1532259622294055 0.205542 -0.379939 -0.406168
1532259622346913 0.205542 -0.379939 -0.406168
1532259622398775 0.208394 -0.380657 -0.410432
1532259622579292 0.334666 -0.106974 -0.439609
1532259622601233 0.248071 0.248416 -0.435586
1532259622632150 0.243469 0.377703 -0.451576
1532259622706951 0.253996 0.474008 -0.472992
1532259622773772 0.266505 0.480852 -0.480879
1532259622803692 0.328208 0.443451 -0.50064
1532259622894450 0.317218 0.175755 -0.558085
1532259622924370 0.333337 0.000602186 -0.605015
1532259622961271 0.351477 -0.0714197 -0.662076
1532259622991191 0.339197 -0.0599914 -0.673222
1532259623052027 0.302819 0.0135387 -0.686172
1532259623073969 0.28684 0.0610876 -0.68453
1532259623178689 0.21381 0.258417 -0.66688
1532259623239527 0.143954 0.408913 -0.661828
1532259623397105 0.13921 0.4172 -0.496452
1532259623441986 0.22715 0.179867 -0.468337
1532259623456944 0.243224 0.109232 -0.471198
1532259623493846 0.301897 0.00227085 -0.508687
1532259623508807 0.318411 -0.0284989 -0.536832
1532259623554684 0.321873 -0.0489165 -0.565513
1532259623599564 0.315359 -0.0549874 -0.594006
1532259623629483 0.306702 -0.0478919 -0.622365
1532259623659404 0.300017 -0.0302632 -0.645579
1532259623704285 0.260468 0.0746846 -0.68976
1532259623764124 0.196509 0.232664 -0.697576
1532259623802022 0.131243 0.350775 -0.689791
1532259623853884 0.0986721 0.406345 -0.684196
1532259623898764 0.0311101 0.542026 -0.65929
1532259623936662 0.0235823 0.588519 -0.62561
1532259623959601 0.0386954 0.576001 -0.565593
1532259623981542 0.0993153 0.462625 -0.492942
1532259623996502 0.11928 0.410796 -0.479714
1532259624034402 0.134583 0.359522 -0.471108
1532259624071303 0.142301 0.310004 -0.473136
1532259624147100 0.221228 0.132932 -0.520258
1532259624236860 0.291341 0.0318201 -0.576786
1532259624334598 0.28456 0.0808015 -0.607308
1532259624364518 0.273844 0.120932 -0.611819
1532259624484198 0.0289679 0.604959 -0.634286
1532259624507137 0.0315754 0.604193 -0.615651
1532259624529078 0.037588 0.588242 -0.592111
1532259624558999 0.059492 0.51899 -0.541647
1532259624618838 0.123527 0.364387 -0.497272
1532259624633798 0.141741 0.313738 -0.494589
1532259624656737 0.159814 0.264823 -0.492658
1532259624686656 0.176691 0.215827 -0.490708
1532259624724556 0.190675 0.167162 -0.48994
1532259624784395 0.233922 0.0261076 -0.491426
1532259624806337 0.248636 -0.0181155 -0.493506
1532259624867173 0.272941 -0.0997457 -0.495169
1532259624978876 0.296682 -0.247462 -0.484584
1532259624993835 0.295296 -0.266064 -0.478151
1532259625046694 0.290158 -0.304837 -0.449312
1532259625121494 0.282326 -0.307643 -0.437019
1532259625316971 0.264034 -0.318998 -0.488705
1532259625376811 0.265134 -0.321619 -0.492705
1532259625594230 0.239053 -0.354688 -0.439629
1532259625609190 0.235543 -0.35714 -0.436998
1532259625669040 0.229905 -0.364373 -0.4315
1532259625797685 0.212496 -0.386639 -0.430645
1532259625886459 0.194843 -0.403477 -0.431864
1532259625961248 0.191977 -0.437469 -0.426607
1532259626029067 0.19047 -0.453968 -0.419771
1532259626163707 0.195206 -0.459431 -0.413684
1532259626291366 0.186387 -0.467773 -0.411745
1532259626306326 0.186929 -0.468836 -0.411911
1532259626359184 0.190129 -0.46889 -0.411847
1532259626486842 0.197163 -0.460779 -0.413099
1532259626644422 0.196908 -0.452363 -0.427036
1532259626781056 0.217935 -0.435872 -0.433312
1532259626913701 0.270071 -0.402977 -0.439425
1532259626989499 0.295679 -0.387774 -0.442638
1532259627071294 0.307042 -0.378157 -0.444751
1532259627198954 0.295669 -0.379978 -0.468964
1532259627409376 0.249816 -0.417917 -0.51987
1532259627424336 0.237907 -0.42336 -0.522842
1532259627537048 0.230533 -0.422852 -0.512802
1532259627573936 0.216163 -0.42334 -0.494969
