1532257276459052 0.311523 -0.147461 1.021
1532257276468028 0.309082 -0.143066 1.00244
1532257276524875 0.314453 -0.143066 1.00049
1532257276546816 0.295898 -0.203613 0.974609
1532257276593691 0.305176 -0.160645 1.00342
1532257276651536 0.307129 -0.0976563 1.0293
1532257276697414 0.326172 -0.120605 1.02979
1532257276764235 0.33252 -0.0942383 1.02734
1532257276779195 0.333496 -0.0791016 1.02393
1532257276809115 0.298828 -0.0766602 1.02344
1532257276839035 0.222656 -0.0795898 1.05566
1532257276869952 0.212891 -0.0712891 1.05518
1532257276928835 0.151855 -0.0668945 1.09863
1532257276959752 0.135254 -0.0463867 1.09668
1532257277019592 0.0439453 -0.0786133 1.06299
1532257277094429 0.00341797 -0.0488281 1.02295
1532257277139309 -0.027832 -0.0439453 1.03076
1532257277177207 -0.0253906 -0.0151367 1.0127
1532257277222088 -0.0683594 -0.0454102 1.00391
1532257277409586 -0.0917969 -0.0927734 1.00146
1532257277454466 -0.15332 -0.0551758 1.03271
1532257277791564 -0.172363 -0.0703125 1.04736
1532257277859383 -0.145996 -0.0556641 1.06006
1532257277957122 -0.164551 -0.0854492 1.04346
1532257278129660 -0.145508 -0.0585938 1.0542
1532257278174552 -0.131836 -0.0380859 1.05908
1532257278196482 -0.183594 -0.0810547 1.07959
1532257278354061 -0.397461 -0.366699 1.07471
1532257278490695 -0.477051 -0.432617 1.05078
1532257278541559 -0.677246 -0.413086 1.08887
1532257278729057 0.050293 0.00488281 1.05273
1532257278773938 0.179199 -0.0830078 0.969238
1532257278826796 -0.0102539 -0.245117 0.918945
1532257278864695 0.027832 -0.37207 0.936035
1532257278894615 0.00439453 -0.321289 0.954102
1532257278946476 0.115234 -0.383789 0.910645
1532257278984375 0.168945 -0.393555 0.954102
1532257279022273 0.17334 -0.367188 0.913086
1532257279133975 0.281738 -0.431641 0.888672
1532257279261633 -0.0214844 -0.558105 0.937012
1532257279336434 0.0307617 -0.541504 0.958008
1532257279382311 0.124512 -0.365234 1.02002
1532257279412231 -0.00537109 -0.494141 1.05469
1532257279449132 -0.0952148 -0.368652 1.05908
1532257279523931 -0.265137 -0.389648 1.04541
1532257279629649 -0.445801 -0.331543 0.928223
1532257279681511 -0.685547 -0.33252 0.955566
1532257279734370 -0.598145 -0.384277 0.85498
1532257279787228 -0.47168 -0.421387 0.870117
1532257279839089 -0.335449 -0.398438 0.905273
1532257279862028 -0.275391 -0.284668 0.894043
1532257279891948 -0.25 -0.281738 0.885742
1532257279928850 -0.168457 -0.329102 0.913086
1532257279951787 -0.14209 -0.302246 0.932129
1532257279989686 -0.135254 -0.260742 0.955078
1532257280064486 -0.150879 -0.27832 0.871094
1532257280109367 -0.11377 -0.400391 0.947754
1532257280162225 -0.0849609 -0.23291 0.894531
1532257280266945 0.197754 -0.260742 1.0249
1532257280319804 0.154297 -0.275391 1.08643
1532257280709761 0.321777 -0.169922 0.939941
1532257281016940 0.305664 -0.10498 0.989746
1532257281069798 0.359375 -0.0209961 1.06592
1532257281151580 0.273438 -0.0522461 0.915039
1532257281743995 0.32666 -0.0292969 1.00195
1532257281811814 0.301758 -0.0556641 0.998047
1532257281924512 0.328125 -0.0571289 0.986816
1532257281984352 0.338867 -0.0537109 0.981934
1532257282006294 0.342773 -0.0595703 0.976074
1532257282059153 0.324219 -0.0791016 0.997559
1532257282118992 0.313477 -0.059082 0.998047
1532257282148913 0.309082 -0.0463867 0.989258
1532257282246651 0.305664 -0.0395508 0.984863
1532257282351371 0.317383 -0.0332031 1
1532257282464070 0.328125 -0.0478516 0.988281
1532257282591728 0.311523 -0.0263672 1.01709
1532257282764274 0.303223 -0.0131836 1.02441
1532257282809154 0.304688 -0.0478516 1.02148
1532257282854033 0.331543 -0.0507813 0.961914
1532257282876972 0.334473 -0.0405273 0.959473
1532257282928834 0.200684 -0.0942383 1.04395
1532257282944791 0.318848 -0.0620117 0.989746
1532257282974711 0.27832 0.0532227 1.06885
1532257283019591 0.295898 -0.0292969 1.00781
1532257283147249 0.30957 -0.0454102 1.00879
1532257283192129 0.28418 -0.0551758 1.02686
1532257283237010 0.280762 -0.0512695 1.02148
1532257283251970 0.338867 -0.0541992 0.985352
1532257283409548 0.310547 -0.0375977 0.975098
1532257283633988 0.305176 -0.0498047 1.00684
1532257283814505 0.334473 -0.0556641 0.989746
1532257283851407 0.32666 -0.0429688 0.99707
1532257283881326 0.299805 -0.0517578 1.01074
1532257283964105 0.285156 -0.0620117 1.01416
1532257284031924 0.283691 -0.0439453 0.99707
1532257284076803 0.29834 -0.0537109 0.995117
1532257284129662 0.299316 -0.0576172 0.996094
1532257284181523 0.336426 -0.0571289 0.991211
1532257284189501 0.334473 -0.0698242 0.970703
1532257284309182 0.310547 -0.0742188 0.994141
1532257284406927 0.298828 -0.0908203 0.998047

1532257284466767 0.321777 -0.050293 1.00049
1532257284692077 0.325684 -0.0458984 1.00488
1532257284736957 0.324707 -0.0600586 1.00342
1532257284796797 0.341797 -0.0546875 0.983398
1532257284849656 0.324707 -0.0498047 0.993652
1532257285082034 0.313477 -0.0864258 1.00684
1532257285141874 0.313477 -0.0810547 0.994629
1532257285516910 0.322754 -0.0693359 0.991699
1532257285636623 0.323242 -0.0751953 0.98877
1532257285696480 0.324707 -0.0712891 0.987793
1532257285809174 0.322754 -0.074707 0.996582
1532257285913881 0.325195 -0.0795898 0.993652
1532257285966741 0.331543 -0.0703125 0.994141
1532257286041540 0.343262 -0.115234 1.03027
1532257286162218 0.234863 0.0336914 1.06934
1532257286251978 0.107422 -0.0307617 1.03906
1532257286281897 0.0551758 -0.0737305 1.07227
1532257286334757 0.0688477 -0.154785 1.09521
1532257286364676 0.0214844 -0.0742188 1.08887
1532257286424517 -0.00732422 -0.0473633 1.02441
1532257286461418 -0.0698242 -0.0688477 0.999023
1532257286514276 -0.0786133 -0.0605469 1.00732
1532257286559156 -0.116699 -0.0698242 0.97998
1532257286671854 -0.187012 -0.141113 0.967285
1532257286776575 -0.224609 -0.155273 0.96582
1532257286806494 -0.193848 -0.131348 1.02637
1532257286912213 -0.214844 -0.11377 1.05908
1532257286942132 -0.217773 -0.161133 1.021
1532257287016933 -0.178711 -0.174316 1.04932
1532257287069791 -0.175781 -0.133789 1.04346
1532257287234351 -0.154297 -0.141602 1.04834
1532257287354030 -0.109375 -0.172363 1.07861
1532257287497646 -0.127441 -0.117676 1.06982
1532257287788868 -0.583984 -0.32959 1.01318
1532257287811806 -0.540039 -0.168945 0.995117
1532257287864665 -0.356445 -0.0522461 1.12305
1532257287901580 -0.0717773 0.0209961 1.00977
1532257287976367 0.199707 -0.0698242 0.886719
1532257287999305 0.127441 -0.140625 0.840332
1532257288037203 0.0927734 -0.227539 0.844727
1532257288067124 0.0112305 -0.262207 0.873535
1532257288112003 -0.0595703 -0.365234 0.850586
1532257288141923 -0.00488281 -0.395996 0.878418
1532257288178831 0.0893555 -0.408691 0.856934
1532257288224703 0.104492 -0.395508 0.891602
1532257288246643 0.117188 -0.415039 0.901367
1532257288366323 0.141113 -0.452148 0.900879
1532257288501961 0.216797 -0.487305 0.916992
1532257288591721 -0.119629 -0.366699 1.04541
1532257288614660 -0.209473 -0.397949 1.17627
1532257288758276 -0.50293 -0.313477 1.08105
1532257288824100 -0.51416 -0.334961 0.910156
1532257288898899 -0.458984 -0.133301 0.766602
1532257288921838 -0.435059 -0.132813 0.751465
1532257288966719 -0.312012 -0.166504 0.783203
1532257289011598 -0.285156 -0.148926 0.848633
1532257289056479 -0.1875 -0.141602 0.895996
1532257289086398 -0.17627 -0.16748 0.899414
1532257289147253 -0.189941 -0.139648 0.947754
1532257289162195 -0.140137 -0.109863 0.986816
1532257289184137 -0.0893555 -0.109375 1.05176
1532257289207075 -0.0537109 -0.216797 1.10596
1532257289319774 0.0996094 -0.161133 1.11816
1532257289349693 0.118164 -0.150879 1.14258
1532257289424494 0.254883 -0.0625 1.12451
1532257289491315 0.164063 -0.0649414 1.17236
1532257289626952 0.150879 -0.157227 1.05908
1532257289648894 0.20166 -0.146484 1.00391
1532257290129609 0.338867 -0.0263672 0.970215
1532257290398889 0.349121 -0.0527344 0.987305
1532257290511587 0.333496 -0.0268555 0.983887
1532257290571427 0.305664 -0.0595703 0.996582
1532257290632264 0.314941 -0.0375977 0.976563
1532257290856665 0.311523 -0.0327148 1.0376
1532257290961384 0.313477 -0.0141602 0.994141
1532257291022221 0.317383 -0.000976563 0.972656
1532257291037181 0.332031 0.0102539 0.958496
1532257291186781 0.318848 0.0419922 0.94873
1532257291194760 0.302246 -0.00341797 0.992188
1532257291246622 0.217773 0.0244141 1.15186
1532257291261582 0.272461 0.0288086 1.08398
1532257291516899 0.356934 0.00292969 0.97168
1532257291569774 0.402344 0.115234 0.926758
1532257291734318 0.320313 0.0888672 0.995117
1532257291847016 0.248047 -0.0161133 1.06396
1532257291966696 0.30127 0.0351563 0.963379
1532257292071415 0.322266 -0.134766 1.03906
1532257292101347 0.320801 -0.124512 1.01563
1532257292236973 0.285156 0.0341797 0.998047
1532257292311773 0.318359 0.000976563 0.988281
1532257292401534 0.337402 -0.0258789 1.0127
1532257292514232 0.318848 -0.074707 0.981445

1532257292694753 0.337891 -0.0419922 0.96875
1532257292754589 0.347168 -0.0810547 0.974609
1532257292852377 0.357422 -0.078125 0.992188
1532257292904238 0.319336 -0.0991211 1.00684
1532257292971648 0.32373 -0.0878906 0.99707
1532257293031487 0.32666 -0.0844727 0.983398
1532257293076367 0.333984 -0.0688477 0.973633
1532257293091328 0.345215 -0.0751953 0.974609
1532257293174106 0.346191 -0.0922852 0.989258
1532257293248906 0.349121 -0.100098 0.982422
1532257293309744 0.337891 -0.0786133 0.989746
1532257293361611 0.362305 -0.109863 0.999512
1532257293406491 0.351074 -0.11377 0.991699
1532257293429430 0.332031 -0.130859 0.98291
1532257293466330 0.32959 -0.131836 0.974609
1532257293512208 0.345215 -0.0927734 0.995605
1532257293534176 0.340332 -0.0678711 0.991211
1532257293594016 0.306641 -0.0756836 0.96582
1532257293638895 0.312012 -0.0537109 0.975098
1532257293684792 0.30957 -0.0541992 0.985352
1532257293706714 0.287109 -0.0756836 0.987305
1532257293796474 0.326172 -0.114746 0.986328
1532257293849333 0.356445 -0.0986328 0.998047
1532257294022903 0.356934 -0.0693359 0.985352
1532257294074749 0.371094 -0.0668945 0.993164
1532257294179468 0.281738 -0.0834961 0.990234
1532257294209388 0.41748 -0.185547 1.04297
1532257294254268 0.277344 -0.0366211 1.04932
1532257294277207 0.17334 0.000488281 1.08447
1532257294358988 0.0717773 -0.0913086 1.1416
1532257294396887 0.0664063 -0.0454102 1.13037
1532257294449745 0.0473633 0.00341797 1.10547
1532257294494625 -0.00488281 -0.0273438 1.08984
1532257294629265 -0.11377 -0.0478516 0.996094
1532257294682124 -0.136719 -0.0317383 0.974121
1532257294793825 -0.200195 -0.0864258 0.945313
1532257294831724 -0.245117 -0.151855 0.948242
1532257294854676 -0.248047 -0.15332 0.996582
1532257294944423 -0.254883 -0.152344 1.03027
1532257294959383 -0.272461 -0.172363 1.02783
1532257295012241 -0.270508 -0.145508 1.01807
1532257295079062 -0.289551 -0.158691 1.02051
1532257295123943 -0.28418 -0.187012 1.03564
1532257295184780 -0.265137 -0.128418 1.00537
1532257295229659 -0.244629 -0.14502 0.995605
1532257295289500 -0.268066 -0.182129 1.02686
1532257295349340 -0.279785 -0.0932617 1.00146
1532257295402199 -0.216797 -0.126465 1.04736
1532257295513899 -0.263184 -0.124023 1.02881
1532257295671478 -0.237793 -0.118652 1.00244
1532257295799137 -0.668945 -0.274414 1.09033
1532257295858977 -0.887207 -0.172363 1.02637
1532257295911836 -0.611816 -0.0546875 0.97998
1532257296001596 -0.253418 0.0776367 1.05176
1532257296031515 -0.111328 0.135742 1.00049
1532257296076396 0.0927734 -0.0537109 0.77002
1532257296114294 0.140625 -0.124023 0.789063
1532257296174134 0.0297852 -0.198242 0.818359
1532257296233975 0.128418 -0.315918 0.883301
1532257296248934 0.0913086 -0.355469 0.891113
1532257296286832 0.0668945 -0.404785 0.91748
1532257296354652 0.122559 -0.371094 0.911621
1532257296414491 0.0112305 -0.353516 0.967773
1532257296444412 -0.0405273 -0.396484 0.969727
1532257296579052 0.00683594 -0.337891 1.06201
1532257296631911 -0.065918 -0.305176 1.0332
1532257296691750 -0.199707 -0.379395 1.14648
1532257296766550 -0.585449 -0.240234 1.12256
1532257296796470 -0.560547 -0.15918 0.961426
1532257296849328 -0.49707 -0.103516 0.794434
1532257296902201 -0.36377 -0.111328 0.78418
1532257296932107 -0.291992 -0.168945 0.75293
1532257296998928 -0.233398 -0.208008 0.842285
1532257297051788 -0.240234 -0.149414 0.881348
1532257297111628 -0.109863 -0.0927734 0.986328
1532257297156507 -0.0727539 -0.0712891 0.993164
1532257297194406 0.0805664 -0.178711 1.06934
1532257297247264 0.139648 -0.112305 1.12695
1532257297269206 0.184082 -0.193359 1.12842
1532257297329046 0.246094 -0.146484 1.13965
1532257297351985 0.286133 -0.120605 1.13281
1532257297382902 0.229492 -0.123535 1.11182
1532257297419804 0.245117 -0.0932617 1.15332
1532257297531504 0.316406 -0.109863 0.97168
1532257297607302 0.370117 -0.0629883 0.943848
1532257297719018 0.391113 -0.0576172 0.989258
1532257297771861 0.388672 -0.0532227 0.977051
1532257297869600 0.407227 0.0473633 1.00098
1532257297891542 0.360352 -0.0786133 0.96582
1532257297936422 0.380371 -0.0615234 0.994141
1532257297966342 0.336914 -0.00976563 0.994629
1532257298049120 0.351074 -0.0810547 0.98584
1532257298116938 0.369141 -0.0864258 0.977539
1532257298176779 0.341309 -0.0473633 0.98877
1532257298251580 0.332031 -0.0761719 0.980957
1532257298319397 0.31543 -0.0463867 0.974121
1532257298349318 0.374023 -0.0263672 0.961426
1532257298402176 0.312012 -0.034668 1.00049
1532257298506896 0.343262 -0.0576172 0.956543
1532257298566736 0.341309 -0.0283203 0.957031
1532257298589674 0.351563 -0.0400391 0.984375
1532257298656496 0.360352 -0.0297852 0.987305
1532257298686416 0.333984 -0.059082 0.985352
1532257298709355 0.333496 -0.0512695 0.998535
1532257298769195 0.336914 -0.0253906 0.994629
1532257298799115 0.32373 -0.0336914 0.997559
1532257298843995 0.34082 -0.0297852 0.991211
1532257298858955 0.346191 -0.0571289 0.945801
1532257298994592 0.350586 -0.0532227 0.980469
1532257299069391 0.322266 -0.0297852 1.01318
1532257299076373 0.333496 0.0239258 1.02588
1532257299197051 0.302734 0.00830078 1.0127
1532257299233952 0.213867 -0.078125 1.02832
1532257299263872 0.350586 0.0527344 0.989746
1532257299451372 0.40625 0.0126953 0.907227
1532257299616928 0.328613 0.0708008 1.0332
1532257299638870 0.305664 0.0107422 1.01074
1532257299954027 0.364258 -0.0976563 1.00635
1532257300119583 0.35498 -0.0454102 0.96582
1532257300186405 0.360352 -0.0678711 0.956055
1532257300224318 0.363281 -0.0717773 0.959961
1532257300284144 0.365234 -0.0795898 0.978027
1532257300449700 0.355469 -0.0947266 0.976074
1532257300524501 0.359375 -0.097168 0.974121

1532257300584341 0.361328 -0.0878906 0.969727
1532257300689062 0.353516 -0.108398 0.953125
1532257300741920 0.346191 -0.0961914 0.95459
1532257300794194 0.360352 -0.0942383 1.01465
1532257300839074 0.344727 -0.0966797 0.979492
1532257300906893 0.369141 -0.0761719 0.974609
1532257300967730 0.367188 -0.0786133 0.974121
1532257301004632 0.335938 -0.111816 1.00146
1532257301019592 0.325684 -0.119141 0.994141
1532257301071453 0.361328 -0.0952148 0.970703
1532257301094391 0.352539 -0.0942383 0.957031
1532257301124312 0.349609 -0.0854492 0.958008
1532257301139272 0.345215 -0.0834961 0.976563
1532257301192130 0.354492 -0.0927734 0.984375
1532257301229032 0.347168 -0.09375 0.98584
1532257301258952 0.356445 -0.0864258 0.978516
1532257301281890 0.350586 -0.09375 0.985352
1532257301303832 0.341797 -0.09375 0.979492
1532257301364668 0.347168 -0.0776367 0.987305
1532257301409549 0.344238 -0.0908203 1.00537
1532257301507242 0.334961 -0.0859375 0.965332
1532257301597002 0.371094 -0.0981445 0.977539
1532257301671802 0.358887 -0.0791016 0.983398
1532257301791482 0.333984 -0.0834961 0.985352
1532257301836362 0.341309 -0.0859375 0.986328
1532257301897199 0.358398 -0.0810547 0.969727
1532257301949060 0.353027 -0.0942383 0.987305
1532257301972020 0.348633 -0.0991211 0.989746
1532257302008928 0.364258 -0.100586 0.991211
1532257302053800 0.36084 -0.166504 1.01758
1532257302069760 0.39502 -0.180664 1.04883
1532257302114637 0.36377 -0.243652 1.02686
1532257302129598 0.317383 -0.274902 1.0542
1532257302174477 0.277344 -0.148926 1.09912
1532257302196419 0.288574 -0.140625 1.12646
1532257302264238 0.18457 -0.144531 1.07568
1532257302332056 0.157227 -0.107422 1.0835
1532257302353998 0.0908203 -0.0527344 1.07813
1532257302391897 0.0454102 -0.101563 1.0376
1532257302444763 0.0146484 -0.130859 1.00781
1532257302549475 0 -0.131836 0.995117
1532257302617307 -0.0327148 -0.223633 0.969727
1532257302684115 -0.164063 -0.197266 0.977051
1532257302758915 -0.181641 -0.161621 0.97168
1532257302841694 -0.24707 -0.223633 0.947754
1532257302871614 -0.197754 -0.264648 0.956543
1532257302963368 -0.227051 -0.25 0.989258
1532257303014233 -0.246094 -0.257324 0.987793
1532257303164830 -0.246582 -0.238281 1.01709
1532257303201741 -0.283203 -0.268555 1.01514
1532257303239630 -0.334961 -0.295898 1.01611
1532257303284509 -0.428223 -0.28418 0.990234
1532257303321411 -0.489258 -0.317383 0.999023
1532257303351335 -0.568359 -0.366211 0.971191
1532257303389229 -0.61377 -0.361816 0.98877
1532257303449069 -0.652344 -0.320801 0.996094
1532257303458045 -0.69043 -0.333496 0.966309
1532257303486968 -0.740723 -0.334961 0.921875
1532257303554787 -0.749023 -0.279297 0.924805
1532257303621608 -0.773438 -0.208496 1.00244
1532257303681448 -0.606445 -0.105957 1.01855
1532257303719346 -0.438965 0.0161133 1.02637
1532257303788163 0.0253906 -0.0239258 0.918457
1532257303809107 0.0771484 -0.143555 0.844238
1532257303847005 -0.0668945 -0.206543 0.803223
1532257303868947 -0.0444336 -0.181641 0.911133
1532257303996609 0.181641 -0.414063 0.880371
1532257304041485 0.211426 -0.441895 0.885742
1532257304056445 0.216309 -0.484375 0.87793
1532257304071406 0.163086 -0.532227 0.892578
1532257304109304 0.166016 -0.544434 0.878418
1532257304319741 0.146973 -0.652344 0.90625
1532257304439420 -0.739746 -0.33252 0.972656
1532257304454381 -0.750977 -0.32959 0.947266
1532257304514221 -0.646484 -0.432617 0.719727
1532257304544141 -0.555176 -0.383301 0.687988
1532257304574061 -0.474609 -0.312988 0.708984
1532257304611960 -0.455566 -0.283203 0.741699
1532257304648861 -0.416992 -0.238281 0.775391
1532257304679778 -0.373535 -0.210938 0.805664
1532257304776519 -0.273926 -0.183105 0.860352
1532257304821400 -0.236816 -0.163574 0.996094
1532257304874258 0.0317383 -0.213867 1.06104
1532257304904178 0.15625 -0.171875 1.12939
1532257304942077 0.324707 -0.236328 1.18945
1532257305039815 0.256836 -0.150879 1.15283
1532257305076717 0.268555 -0.145508 1.15332
1532257305234296 0.26123 -0.19043 1.08105
1532257305279175 0.280762 -0.0961914 1.13574
1532257305347992 0.397461 -0.0209961 0.984375
1532257305383895 0.34668 -0.046875 0.963867
1532257305444739 0.394043 -0.119629 1.01172
1532257305451714 0.38916 -0.160645 0.992188
1532257305511554 -0.0244141 -0.253418 1.13867
1532257305647203 0.278809 -0.0336914 1.00781
1532257305841687 0.326172 -0.00732422 0.992188
1532257305887549 0.275391 -0.0825195 1.02295
1532257305954383 0.335449 -0.0786133 1.01465
1532257305999281 0.366699 -0.0654297 1.02539
1532257306111979 0.347168 -0.0512695 0.983398
1532257306201740 0.310059 -0.0571289 0.984863
1532257306308455 0.308594 -0.0493164 1.01367
1532257306367310 0.337891 -0.0517578 0.978516
1532257306538845 0.342285 -0.00976563 0.978027
1532257307034513 0.309082 -0.0385742 1.00732
1532257307341692 0.299316 -0.0834961 1.02246
1532257307679788 0.325684 -0.0507813 1
1532257307724668 0.351074 -0.081543 0.984863
1532257307791489 0.317383 -0.0595703 1.00195
1532257307866289 0.355469 -0.0444336 0.982422
1532257307897206 0.358887 -0.0551758 0.978027
1532257307942087 0.350586 -0.0673828 0.973633
1532257308008908 0.36084 -0.0566406 1.00537
1532257308106646 0.322754 -0.0888672 0.980957
1532257308121606 0.324707 -0.0722656 0.984863
1532257308272203 0.333496 -0.0693359 0.976563

1532257308339024 0.338379 -0.0600586 0.983887
1532257308413840 0.344238 -0.0649414 0.976563
1532257308483666 0.339844 -0.0634766 0.994629
1532257308519558 0.350586 -0.0737305 0.991211
1532257308623871 0.351074 -0.0541992 0.978516
1532257308691689 0.363281 -0.0449219 0.988281
1532257308789428 0.325684 -0.121582 0.983398
1532257308849268 0.375 -0.0854492 0.971191
1532257308887171 0.378418 -0.0761719 0.973633
1532257308961966 0.324707 -0.0878906 0.969238
1532257309013827 0.337891 -0.111328 0.98584
1532257309111567 0.331543 -0.0927734 0.993164
1532257309141486 0.337891 -0.0981445 0.994629
1532257309179385 0.353516 -0.078125 0.981934
1532257309292084 0.313477 -0.0927734 0.980957
1532257309343945 0.361816 -0.0810547 0.994629
1532257309419743 0.326172 -0.0830078 0.986816
1532257309471604 0.318848 -0.106445 0.98584
1532257309501524 0.331055 -0.102539 0.993652
1532257309592281 0.344727 -0.0961914 0.983887
1532257309614222 0.347656 -0.0913086 0.973145
1532257309644142 0.340332 -0.0703125 0.969727
1532257309718954 0.333008 -0.0913086 0.992188
1532257309741881 0.333496 -0.0981445 0.992188
1532257309779779 0.351074 -0.0957031 0.978516
1532257309854580 0.348633 -0.0805664 0.98291
1532257309884500 0.344727 -0.0834961 0.987305
1532257309921401 0.344238 -0.0849609 0.979492
1532257309952319 0.345703 -0.0874023 0.982422
1532257310064020 0.352539 -0.0898438 0.986328
1532257310123859 0.370117 -0.107422 0.995117
1532257310146799 0.361816 -0.135742 1.04395
1532257310191678 0.339355 -0.150879 1.0166
1532257310229577 0.334473 -0.135254 1.0708
1532257310244537 0.288574 -0.167969 1.08105
1532257310274456 0.22998 -0.0449219 1.07324
1532257310289417 0.225586 -0.0195313 1.07129
1532257310358232 0.187012 -0.0375977 1.0957
1532257310372195 0.15332 -0.0161133 1.11523
1532257310424057 0.0478516 -0.0219727 1.08447
1532257310439016 0.0424805 -0.0571289 1.07031
1532257310483897 -0.0170898 -0.0395508 1.03662
1532257310498857 -0.0571289 0.0102539 1.01123
1532257310604574 -0.0683594 -0.100098 1.01074
1532257310649454 -0.0615234 -0.09375 0.98291
1532257310709294 -0.131348 -0.11377 0.980957
1532257310777113 -0.164551 -0.0883789 0.98584
1532257310881833 -0.174805 -0.122559 1.00098
1532257310941673 -0.234863 -0.114258 0.995117
1532257311031433 -0.236328 -0.100586 1.01123
1532257311203972 -0.244141 -0.119629 1.02588
1532257311316670 -0.250488 -0.0883789 1.03271
1532257311369529 -0.250977 -0.0478516 1.01953
1532257311421390 -0.230957 -0.0742188 1.03027
1532257311482227 -0.227539 -0.0786133 1.03174
1532257311542067 -0.213867 -0.119141 1.05078
1532257311729565 -0.228027 -0.100098 1.06055
1532257311864206 -0.259766 -0.15332 1.04248
1532257311932024 -0.682129 0.0454102 1.09766
1532257311976917 -0.320801 0.177246 1.06934
1532257312028766 0.000976563 0.21875 1.01074
1532257312051705 0.300781 -0.0532227 0.763672
1532257312096584 0.416992 -0.205566 0.660645
1532257312134482 0.361816 -0.189941 0.714844
1532257312179363 0.250488 -0.311035 0.76123
1532257312209283 0.259766 -0.407227 0.847656
1532257312314003 0.1875 -0.47998 0.895996
1532257312336942 0.187012 -0.410156 0.938477
1532257312388803 0.135742 -0.393066 1.00488
1532257312479560 0.000976563 -0.326172 1.15625
1532257312531421 -0.338867 -0.09375 1.23975
1532257312561342 -0.633301 -0.0683594 1.1543
1532257312599240 -0.70752 -0.0649414 1.13477
1532257312674040 -0.648438 -0.138672 1.04492
1532257312786739 -0.60791 -0.126953 0.979492
1532257312831619 -0.379395 -0.0439453 0.907227
1532257312921379 -0.181641 -0.0214844 0.906738
1532257312929357 -0.100098 -0.000976563 0.915527
1532257312974238 -0.00195313 -0.00146484 1.0376
1532257313027112 0.128418 -0.132813 1.11182
1532257313071976 0.149414 -0.196289 1.14355
1532257313123837 0.191895 -0.129395 1.12988
1532257313214595 0.257324 -0.208008 1.125
1532257313379154 0.310059 -0.0585938 1.1416
1532257313417053 0.213867 -0.172852 0.987793
1532257313468915 0.271973 -0.0625 0.953613
1532257313521773 0.386719 -0.046875 1.00195
1532257313626494 0.418457 -0.115723 0.96582
1532257313747171 0.363281 -0.0844727 0.996094
1532257314061330 0.308105 -0.0576172 0.981934
1532257314309667 0.292969 -0.0541992 0.990723
1532257314361527 0.32666 -0.0581055 0.977539
1532257314601896 0.354004 -0.125 0.963379
1532257314744503 0.336914 -0.0473633 0.992188
1532257314894104 0.32959 -0.0136719 1.00293
1532257314909064 0.324219 -0.00732422 1.01855
1532257314961922 0.329102 0.00488281 1.01514
1532257315029741 0.338867 -0.0117188 1.00732
1532257315066642 0.339355 -0.0439453 0.99707
1532257315179341 0.31543 -0.0185547 1.00488
1532257315194300 0.325684 -0.0209961 1.01172
1532257315247159 0.323242 -0.0200195 1.02197
1532257315456599 0.297852 -0.0869141 1.03906
1532257315569298 0.356445 -0.0214844 0.952148
1532257315637117 0.194336 -0.164063 1.08936
1532257315696957 0.314941 -0.0869141 1
1532257315733858 0.312988 -0.0541992 0.999023
1532257315779735 0.335449 -0.00634766 1.00732
1532257315899414 0.348145 -0.0551758 0.985352
1532257315974216 0.350586 -0.03125 0.962402
1532257316049015 0.359375 -0.0385742 0.963867
1532257316078935 0.366699 -0.0576172 0.973633
1532257316123815 0.318359 -0.174805 1
1532257316169693 0.361328 -0.0751953 0.992676
1532257316221554 0.399414 -0.0551758 0.986328
1532257316468893 0.359375 -0.097168 0.985352
1532257316656391 0.348145 -0.0961914 0.973145
1532257316718252 0.381348 -0.0864258 0.980469

1532257316889766 0.387207 -0.0761719 0.958008
1532257316949606 0.381348 -0.0859375 0.953613
1532257317062306 0.380371 -0.0805664 0.983398
1532257317226865 0.350586 -0.0766602 0.963867
1532257317286706 0.34375 -0.0800781 0.966309
1532257317301666 0.358398 -0.0883789 0.982422
1532257317354524 0.364258 -0.097168 0.980957
1532257317429355 0.346191 -0.101563 0.979492
1532257317542053 0.342773 -0.0942383 0.974609
1532257317669713 0.353516 -0.090332 0.976074
1532257317781414 0.346191 -0.0864258 0.989258
1532257317827291 0.347656 -0.090332 0.98584
1532257317894112 0.348145 -0.0844727 0.975586
1532257317917050 0.347656 -0.0864258 0.976563
1532257317938991 0.353027 -0.0874023 0.976074
1532257317961931 0.35498 -0.0888672 0.978516
1532257317991851 0.354004 -0.0913086 0.974609
1532257318006811 0.353516 -0.0834961 0.974121
1532257318021786 0.351074 -0.0888672 0.979004
1532257318059669 0.353027 -0.0932617 0.993652
1532257318119509 0.351563 -0.0922852 0.990234
1532257318179349 0.355957 -0.0883789 0.986816
1532257318224229 0.344238 -0.0883789 0.981445
1532257318269120 0.371094 -0.0981445 0.994141
1532257318321968 0.376953 -0.17627 1.00391
1532257318358869 0.337402 -0.148926 1.02393
1532257318419707 0.246582 -0.0761719 1.08496
1532257318449626 0.259766 -0.050293 1.08154
1532257318471569 0.210449 -0.108398 1.09375
1532257318501488 0.196777 -0.0898438 1.0957
1532257318546379 0.150391 -0.0742188 1.09326
1532257318584267 0.0878906 -0.102051 1.07568
1532257318637125 0.0371094 -0.0981445 1.08301
1532257318696964 -0.000976563 -0.0888672 1.03271
1532257318771765 -0.0668945 -0.161621 1.00781
1532257318816645 -0.0878906 -0.106934 0.979492
1532257318884464 -0.101074 -0.144531 0.967285
1532257318937325 -0.102539 -0.154785 0.989258
1532257319042042 -0.21582 -0.1875 0.981934
1532257319116843 -0.227539 -0.183594 1.01318
1532257319161722 -0.260254 -0.161133 1.00293
1532257319206602 -0.318359 -0.172363 1.02002
1532257319259461 -0.350586 -0.178223 0.990723
1532257319334260 -0.19043 -0.19043 1.03271
1532257319372160 -0.185059 -0.175293 1.02783
1532257319409060 -0.199707 -0.178711 1.03223
1532257319461920 -0.210938 -0.172852 1.04639
1532257319521759 -0.252441 -0.154297 1.01709
1532257319604538 -0.352539 -0.20166 1.03271
1532257319671359 -0.385742 -0.20459 1.00488
1532257319702277 -0.391113 -0.151855 0.982422
1532257319777077 -0.487793 -0.337402 0.967285
1532257319799018 -0.583984 -0.318848 0.980469
1532257319813978 -0.62793 -0.32959 0.982422
1532257319875812 -0.709961 -0.346191 0.968262
1532257319926677 -0.72998 -0.342773 0.946777
1532257319949615 -0.713379 -0.288086 0.958008
1532257320031397 -0.713867 -0.125 0.992188
1532257320092249 -0.447754 0.0341797 1.10791
1532257320145093 -0.207031 0.0629883 1.09521
1532257320167034 -0.0761719 -0.0185547 1.0791
1532257320188975 0.0263672 -0.13623 0.901855
1532257320218896 0.0551758 -0.175781 0.895508
1532257320241834 0.0644531 -0.158203 0.907715
1532257320271754 -0.027832 -0.138672 0.891113
1532257320340570 -0.0249023 -0.370605 0.862793
1532257320399413 -0.00878906 -0.405762 0.873535
1532257320444293 0.0317383 -0.451172 0.864258
1532257320497165 0.106445 -0.448242 0.872559
1532257320542031 0.122559 -0.416016 0.888672
1532257320608853 -0.0297852 -0.46582 0.940918
1532257320639770 -0.0620117 -0.511719 0.89502
1532257320654729 -0.097168 -0.611816 0.958496
1532257320669690 -0.199707 -0.601563 0.963867
1532257320797363 -0.22998 -0.604004 1.11572
1532257320849210 -0.510254 -0.362305 1.14355
1532257320909051 -0.587891 -0.310059 0.921387
1532257320999807 -0.487793 -0.368652 0.857422
1532257321089567 -0.367188 -0.213867 0.907715
1532257321134447 -0.375 -0.229004 0.912109
1532257321149407 -0.382324 -0.297852 0.898438
1532257321224207 -0.311035 -0.230957 0.939453
1532257321277068 -0.210449 -0.264648 0.943359
1532257321328926 -0.139648 -0.253906 0.915527
1532257321426665 0.000976563 -0.408203 0.866699
1532257321592223 0.0356445 -0.261719 0.985352
1532257321688964 0.30127 -0.184082 1.11865
1532257321735839 0.335449 -0.154785 1.11816
1532257321779722 0.35498 -0.158203 1.14795
1532257321854522 0.219727 -0.0859375 1.21533
1532257321997140 0.419922 -0.118652 0.943359
1532257322042019 0.465332 -0.14209 1.021
1532257322095876 0.3125 -0.139648 0.994629
1532257322184652 -0.329102 -0.130859 1.28467
1532257322259439 0.16748 -0.027832 1.04785
1532257322357178 0.375977 0.046875 0.979004
1532257322409039 0.320313 -0.0751953 1.02051
1532257322596537 0.291992 -0.0561523 0.976563
1532257322619476 0.330078 -0.0424805 0.969727
1532257322656378 0.323242 -0.0673828 1.01855
1532257322671337 0.318848 -0.0883789 1.0249
1532257322717215 0.319336 -0.118164 1.03955
1532257322739156 0.307129 -0.11084 1.03125
1532257322798996 0.295898 -0.0170898 0.98291
1532257322881775 0.286621 -0.0200195 0.968262
1532257322964553 0.355469 -0.0444336 0.954102
1532257323001455 0.421875 -0.0400391 0.935059
1532257323032381 0.436035 -0.0541992 0.942871
1532257323069285 0.428223 -0.107422 0.944336
1532257323084233 0.407715 -0.12793 0.951172
1532257323152052 0.375 -0.132813 0.960449
1532257323167017 0.355957 -0.140137 0.966309
1532257323226851 0.308105 -0.117188 1.0166
1532257323241811 0.302734 -0.11084 1.03369
1532257323294671 0.304199 -0.078125 1.01465
1532257323331572 0.322266 -0.0581055 0.987793
1532257323391412 0.358887 -0.0429688 0.947754
1532257323437289 0.355957 -0.0126953 0.961426
1532257323467209 0.365234 -0.0214844 0.983887
1532257323482169 0.341797 -0.0541992 0.998535
1532257323512089 0.336426 -0.0429688 1.00439
1532257323548991 0.319824 -0.0566406 1.03467
1532257323571932 0.32373 -0.0546875 1.04883
1532257323601849 0.336914 -0.0615234 1.06152
1532257323639748 0.370605 -0.0625 0.995605
1532257323661689 0.369141 -0.0419922 0.966797
1532257323714548 0.356934 -0.0102539 0.930176
1532257323736501 0.362305 -0.00244141 0.923828
1532257323766409 0.35791 0.0361328 0.941406
1532257323782381 0.353027 0.0112305 0.947266
1532257323797326 0.336914 -0.00585938 0.984375
1532257323819268 0.330566 -0.0180664 1.01123
1532257323887086 0.314453 -0.0385742 1.02246
1532257323909028 0.306152 -0.0664063 1.02588
1532257323953908 0.30127 -0.128906 1.02002
1532257324021726 0.321777 -0.0795898 0.981445
1532257324074585 0.344238 -0.0288086 0.961426
1532257324187284 0.418945 0.0161133 0.947754
1532257324239145 0.381348 0.0415039 0.901367
1532257324456563 0.345215 -0.0561523 1.02002
1532257324539342 0.362793 -0.0146484 0.93457
1532257324577241 0.355469 -0.0649414 0.970215
1532257324599182 0.351563 -0.109375 0.977051
1532257324629102 0.350586 -0.121582 0.990234
1532257324703902 0.341797 -0.160156 0.997559
1532257324779699 0.354492 -0.115723 0.986816
1532257324824579 0.371582 -0.106445 0.992676
1532257324869460 0.365723 -0.0981445 0.98291
1532257324884420 0.373535 -0.104004 0.98877
1532257324921321 0.38916 -0.112793 0.959961
1532257324944259 0.396973 -0.0908203 0.927246
1532257324974179 0.378418 -0.111328 0.939453
1532257324997117 0.380371 -0.124512 0.950195
1532257325019060 0.378906 -0.133789 0.957031
1532257325041998 0.375488 -0.152832 0.955078
1532257325056958 0.371094 -0.169434 0.947754
1532257325103833 0.370605 -0.158691 0.946289
1532257325131757 0.383301 -0.15918 0.946289

1532257325184617 0.382813 -0.172852 0.938477
1532257325251446 0.390625 -0.151367 0.94873
1532257325296318 0.390137 -0.131836 0.958984
1532257325319273 0.404785 -0.145508 0.951172
1532257325364136 0.412598 -0.154785 0.932129
1532257325402038 0.419922 -0.131348 0.935547
1532257325438936 0.431152 -0.137207 0.934082
1532257325514734 0.392578 -0.145508 0.955078
1532257325604494 0.360352 -0.151855 0.961914
1532257325619454 0.353027 -0.151367 0.963867
1532257325702237 0.376953 -0.187988 0.969238
1532257325739134 0.430664 -0.123047 0.983398
1532257325821978 0.365234 -0.150879 0.958984
1532257325934678 0.37793 -0.159668 0.971191
1532257325986538 0.480469 -0.102539 0.995117
1532257326031418 0.382324 -0.140625 0.976074
1532257326046378 0.293945 -0.174805 0.943848
1532257326077294 0.249512 -0.188965 0.933105
1532257326167055 0.338867 -0.185059 1
1532257326256821 0.401855 -0.174316 0.969727
1532257326286742 0.438477 -0.0766602 0.960449
1532257326324640 0.214355 -0.172363 0.961426
1532257326376502 0.313965 -0.181152 0.991211
1532257326406421 0.44873 -0.156738 1.00098
1532257326482219 0.525391 -0.111816 0.980469
1532257326572009 0.224609 -0.163086 0.949219
1532257326623871 0.337891 -0.187988 1.00049
1532257326714628 0.478516 -0.103027 0.969727
1532257326774468 0.474609 -0.0854492 0.922363
1532257326819349 0.268066 -0.126465 0.975098
1532257326887166 0.399902 -0.144043 0.97168
1532257326909108 0.431152 -0.137207 0.95459
1532257326939028 0.443848 -0.163574 0.951172
1532257326991886 0.346191 -0.183594 0.946289
1532257327059705 0.345703 -0.188965 1.00195
1532257327089625 0.361328 -0.137207 1.02148
1532257327104585 0.329102 -0.189453 1.02051
1532257327134504 0.288574 -0.121094 1.08252
1532257327194345 0.246094 -0.107422 1.05615
1532257327247204 0.195313 -0.0336914 1.04883
1532257327307044 0.155762 -0.0893555 1.07129
1532257327343945 0.134766 -0.133301 1.06982
1532257327381844 0.074707 -0.11377 1.06055
1532257327471604 0.0078125 -0.112793 1.03467
1532257327659102 -0.0800781 -0.152344 1.02686
1532257327697001 -0.0854492 -0.110352 1.01123
1532257327718956 -0.0991211 -0.137695 1.00098
1532257327771801 -0.191895 -0.148438 0.948242
1532257327861561 -0.223633 -0.245605 0.952148
1532257327989220 -0.283203 -0.186523 1.00684
1532257328131838 -0.300293 -0.151367 1.01855
1532257328244537 -0.262695 -0.158691 1.02295
1532257328274457 -0.247559 -0.20459 1.03857
1532257328453977 -0.246582 -0.183105 1.04346
1532257328604574 -0.861328 -0.335938 1.00537
1532257328979571 0.0258789 -0.273438 0.847168
1532257329039411 0.0327148 -0.383789 0.852539
1532257329084291 0.187012 -0.381348 0.882324
1532257329233891 0.230957 -0.380371 0.874023
1532257329301710 -0.126465 -0.581543 0.97998
1532257329586947 -0.614746 -0.22168 1.03125
1532257329639814 -0.794922 -0.179688 0.985352
1532257329953965 0.0888672 -0.239258 1.14209
1532257329991864 0.286133 0.0410156 1.13477
1532257330111544 0.30957 -0.297852 1.22266
1532257330224243 0.148926 -0.406738 1.44434
1532257330269122 0.32959 -0.0908203 0.886719
1532257330390798 0.388672 -0.000488281 0.986328
1532257330449641 0.369629 -0.0449219 1.00098
1532257330561341 0.429688 -0.163086 0.945313
1532257330622179 0.388672 -0.0688477 0.956543
1532257330959277 0.29541 -0.0375977 1.00146
1532257331057015 0.32373 -0.0141602 0.995605
1532257331123846 0.325684 -0.00488281 1.00439
1532257331169715 0.324219 -0.027832 1.0127
1532257331191661 0.320313 -0.0522461 0.971191
1532257331214595 0.302246 -0.0737305 0.983398
1532257331266456 0.293945 -0.0864258 0.981445
1532257331364195 0.320313 -0.0332031 0.981934
1532257331476893 0.333984 -0.0688477 0.991211
1532257331566653 0.319336 -0.0595703 0.997559
1532257331619512 0.314453 -0.0556641 0.994141
1532257331656413 0.294434 -0.0351563 1.01221
1532257331694312 0.344727 -0.0258789 1.01904
1532257331971570 0.338379 0.0292969 1.00293
1532257332039389 0.333008 -0.0605469 1.00195
1532257332092247 0.309082 -0.0107422 1.00879
1532257332152103 0.307129 -0.00195313 1.01318
1532257332167047 0.310547 -0.00488281 1.01855
1532257332203949 0.318848 -0.00976563 1.00439
1532257332309666 0.339355 -0.0561523 0.982422
1532257332369518 0.344238 -0.0249023 0.976563
1532257332474226 0.333496 -0.0561523 1
1532257332593906 0.33252 -0.105469 0.989258
1532257332654743 0.325684 -0.0712891 0.977539
1532257332706605 0.336914 -0.0795898 0.975098
1532257332789383 0.32666 -0.0761719 0.980957
1532257332819304 0.334961 -0.0620117 0.993164
1532257332879144 0.347168 -0.0664063 0.994629
1532257332917042 0.34375 -0.065918 0.987793
1532257332983863 0.33252 -0.0498047 0.989258
1532257333014781 0.345703 -0.0473633 0.98877
1532257333044701 0.351074 -0.0512695 0.991211
1532257333096562 0.350098 -0.0581055 0.997559
1532257333111522 0.348633 -0.0649414 0.990723
1532257333141442 0.364746 -0.0605469 0.981934
1532257333194301 0.359375 -0.0766602 0.987793
1532257333232207 0.364258 -0.102539 0.976074
1532257333313980 0.340332 -0.103027 0.978516
1532257333381799 0.342285 -0.0737305 0.995605

1532257333449618 0.36084 -0.12793 0.967773
1532257333501478 0.353027 -0.110352 0.965332
1532257333614178 0.355469 -0.10498 0.96582
1532257333652077 0.367676 -0.0859375 0.987793
1532257333688978 0.369141 -0.104004 0.978516
1532257333748818 0.363281 -0.103516 0.974121
1532257333786716 0.36377 -0.101074 0.966797
1532257333816636 0.362793 -0.0942383 0.969727
1532257333861516 0.355469 -0.102051 0.974121
1532257333914375 0.342285 -0.0961914 0.987793
1532257333989175 0.353027 -0.101074 0.975098
1532257334027074 0.349609 -0.09375 0.986328
1532257334049015 0.349609 -0.0981445 0.991699
1532257334101876 0.36084 -0.105957 0.969727
1532257334139772 0.369141 -0.0952148 0.977539
1532257334154732 0.374023 -0.0883789 0.973145
1532257334176673 0.351563 -0.100586 0.969238
1532257334229589 0.355469 -0.0976563 0.976563
1532257334266490 0.353027 -0.0820313 0.98584
1532257334289429 0.369629 -0.0839844 0.989746
1532257334342287 0.367188 -0.0849609 0.985352
1532257334416751 0.331543 -0.104492 0.977051
1532257334431711 0.345703 -0.126953 0.971191
1532257334581311 0.382324 -0.0527344 1.00586
1532257334657108 0.330566 -0.0976563 0.974609
1532257334716949 0.395508 -0.118164 0.995605
1532257334753850 0.491699 -0.0078125 1.00342
1532257334814687 0.329102 -0.123047 0.981934
1532257334859567 0.143066 -0.150879 0.983398
1532257334934390 0.343262 -0.137695 0.97998
1532257335025575 0.337402 -0.0693359 0.982422
1532257335091399 0.515137 -0.0332031 0.999023
1532257335152237 0.368164 -0.120605 1.0127
1532257335197117 0.356445 -0.0786133 0.991699
1532257335263938 0.233887 -0.103027 0.94043
1532257335429495 0.300293 -0.102051 0.977539
1532257335653894 0.337402 -0.0439453 0.959961
1532257335744652 0.469727 -0.078125 0.974609
1532257335781554 0.100098 -0.0966797 1.00586
1532257335932151 0.277344 -0.100586 0.986328
1532257336006951 0.327637 -0.133789 0.988281
1532257336149575 0.384277 -0.0478516 0.978516
1532257336247319 0.419922 -0.065918 0.983398
1532257336307154 0.363281 -0.10791 0.960938
1532257336359015 0.325195 -0.100586 0.976563
1532257336411874 0.36084 -0.105469 0.989746
1532257336501646 0.350098 -0.103027 0.990723
1532257336576434 0.330078 -0.134277 0.960449
1532257336637271 0.331543 -0.143555 0.973145
1532257336659213 0.345703 -0.124023 0.985352
1532257336712071 0.328613 -0.115723 0.977539
1532257336756950 0.34668 -0.125977 0.989258
1532257336831751 0.375 -0.132324 0.98877
1532257336861671 0.209961 -0.0688477 0.984863
1532257336891591 0.340332 -0.13916 1.03223
1532257336921511 0.371582 -0.159668 1.01514
1532257336951431 0.355469 -0.194824 1.05566
1532257336989330 0.34082 -0.144531 1.0957
1532257337042188 0.270996 -0.121094 1.0874
1532257337072108 0.254395 -0.157227 1.09717
1532257337116998 0.209961 -0.118652 1.07129
1532257337229688 0.0664063 -0.137207 1.03711
1532257337244647 0.0644531 -0.104492 1.01953
1532257337296508 0.019043 -0.0805664 1.02197
1532257337394261 -0.0683594 -0.133301 1.00195
1532257337424167 -0.0732422 -0.0957031 0.963379
1532257337469065 -0.0947266 -0.19043 0.974609
1532257337581746 -0.144531 -0.182617 0.984863
1532257337634604 -0.147461 -0.182617 0.986328
1532257337701426 -0.196289 -0.201172 0.963867
1532257337837062 -0.279785 -0.17041 1.02344
1532257337859004 -0.269531 -0.155762 1.03662
1532257337949761 -0.293945 -0.181152 1.02441
1532257338024561 -0.350586 -0.227539 1.0376
1532257338129281 -0.388184 -0.24707 1.03564
1532257338189122 -0.620605 -0.433105 1.021
1532257338263921 -0.680176 0.00976563 1.15723
1532257338369654 0.0756836 0.0615234 0.858887
1532257338391580 0.202148 0.106445 0.978516
1532257338414519 0.183105 0.0400391 0.789063
1532257338474359 0.00830078 -0.179199 0.848145
1532257338504279 0.0527344 -0.217773 0.850586
1532257338527217 0.0712891 -0.249023 0.882324
1532257338542177 0.0708008 -0.276367 0.915039
1532257338579079 0.0869141 -0.333008 0.894043
1532257338631938 0.0712891 -0.34375 0.885742
1532257338646898 0.0732422 -0.369141 0.929688
1532257338744637 0.0546875 -0.415039 0.963379
1532257338796497 0.0786133 -0.383301 0.947266
1532257338909196 -0.0209961 -0.525879 0.90332
1532257338962055 -0.13916 -0.501953 1.03857
1532257339021895 -0.0839844 -0.513672 1.05371
1532257339043837 -0.262207 -0.361816 1.05469
1532257339111654 -0.471191 -0.40332 1.00977
1532257339126614 -0.341797 -0.470215 0.917969
1532257339179473 -0.545898 -0.490723 1.04932
1532257339231340 -0.478027 -0.519043 0.942383
1532257339314113 -0.477051 -0.34082 0.947266
1532257339418833 -0.523438 -0.414063 0.775391
1532257339524550 -0.331055 -0.378418 0.897949
1532257339584410 -0.26416 -0.39502 0.920898
1532257339614310 -0.248047 -0.407227 0.956543
1532257339637249 -0.253906 -0.426758 0.937012
1532257339667169 -0.258789 -0.408203 0.953613
1532257339704070 -0.275391 -0.426758 0.946289
1532257339786848 -0.274902 -0.421387 0.935059
1532257339817767 -0.22998 -0.42334 0.919922
1532257339854668 -0.254395 -0.411621 0.900391
1532257339921489 -0.247559 -0.412598 0.892578
1532257339944428 -0.25293 -0.404785 0.898926
1532257339959396 -0.240723 -0.368652 0.871582
1532257340004267 -0.157715 -0.372559 0.867188
1532257340058124 -0.140137 -0.371094 0.84375
1532257340131926 -0.124023 -0.333008 0.919922
1532257340206726 -0.0786133 -0.245117 0.913086
1532257340281526 -0.0410156 -0.22168 0.97168
1532257340387244 0.193848 -0.273926 1.12207
1532257340402215 0.307617 -0.214844 1.11133
1532257340483985 0.305176 -0.226563 1.07471
1532257340536843 0.323242 -0.218262 1.05176
1532257340568758 0.339355 -0.154297 1.03857
1532257340641564 0.356445 -0.180176 0.984863
1532257340679462 0.399414 -0.137695 0.96582
1532257340777201 0.474609 -0.0683594 0.939941
1532257340890897 0.47168 -0.0966797 0.953613
1532257340919819 0.45166 -0.0620117 0.966309
1532257340979659 0.316406 -0.140137 1.02393
1532257341009579 0.372559 -0.065918 1.01807
1532257341107318 0.430664 -0.0107422 0.930176
1532257341226998 0.390137 -0.00195313 0.981445
1532257341346678 0.40332 -0.149902 0.933105
1532257341384577 0.441895 -0.0957031 0.959961
1532257341491291 0.355957 -0.059082 0.967773
1532257341536172 0.365723 -0.0488281 0.980469
1532257341572075 0.432617 -0.0771484 0.956543
1532257341616970 0.433594 -0.0898438 0.924805
1532257341669822 0.44043 -0.0664063 0.913086
1532257341684807 0.467285 -0.0483398 0.910156
1532257341706715 0.480469 -0.0493164 0.906738
1532257341736635 0.416992 -0.104004 0.95459
1532257341834381 0.404785 -0.140625 0.993652
1532257341887232 0.405273 -0.117676 0.894531
1532257341902192 0.401367 -0.0776367 0.953125
1532257341939094 0.386719 -0.0805664 0.974121
1532257341983974 0.387695 -0.0566406 0.962891
1532257342006912 0.399902 -0.0717773 0.978027
1532257342043814 0.389648 -0.0957031 0.916992
1532257342111632 0.397461 -0.0332031 0.996582
1532257342156512 0.391602 -0.0297852 0.983398
1532257342171472 0.387207 -0.0488281 0.97168
1532257342247270 0.40332 -0.0297852 0.979492
1532257342284170 0.396484 -0.050293 0.959961
1532257342307110 0.396484 -0.0488281 0.954102
1532257342329050 0.401367 -0.0317383 0.944336
1532257342373931 0.414063 -0.0458984 0.947754
1532257342396869 0.389648 -0.0263672 0.972168
1532257342418818 0.376465 -0.012207 0.997559
1532257342471669 0.356934 0.0576172 1.04004
1532257342501590 0.342285 0.0253906 1.02686
1532257342584368 0.283203 -0.139648 1.00977
1532257342607307 0.318359 -0.0395508 0.992188
1532257342659182 0.447754 0.0791016 0.878906
1532257342748928 0.463379 0.0268555 0.90625
1532257342763888 0.411133 0.0292969 1.01221
1532257342944406 0.345215 -0.00830078 0.995605
1532257342966347 0.371582 -0.00830078 0.977539
1532257343004246 0.390625 -0.0395508 0.954102
1532257343049125 0.39209 -0.081543 0.955078
1532257343131907 0.404297 0.00976563 0.931641
1532257343168806 0.437988 -0.101074 0.965332
1532257343199722 0.415039 -0.105957 0.943359
1532257343214683 0.401855 -0.0668945 0.958008
1532257343274523 0.421387 0.00195313 1.02197
1532257343311424 0.419922 -0.0800781 0.981934
1532257343334363 0.366211 -0.128906 0.968262
1532257343387221 0.40918 -0.106445 0.98584
1532257343417141 0.425781 -0.111328 0.979492
1532257343469003 0.425293 -0.108887 0.941895
1532257343664480 0.439453 -0.125 0.911621
1532257343716341 0.436035 -0.12793 0.922852

1532257343979636 0.446777 -0.102539 0.894531
1532257344016538 0.436523 -0.124512 0.943359
1532257344054437 0.428223 -0.135742 0.955078
1532257344076378 0.447754 -0.178223 0.983887
1532257344107296 0.404785 -0.0927734 0.931641
1532257344129237 0.444336 -0.090332 0.977051
1532257344174117 0.44043 -0.105469 0.95752
1532257344212016 0.422363 -0.133301 0.932617
1532257344279844 0.428223 -0.137207 0.922363
1532257344331695 0.421875 -0.118164 0.921875
1532257344399553 0.37793 -0.0732422 0.953125
1532257344414513 0.403809 -0.128418 1.00293
1532257344489312 0.446777 -0.0756836 1.00342
1532257344594032 0.402344 -0.0888672 0.960938
1532257344624077 0.428711 -0.133301 0.972656
1532257344668957 0.32959 -0.173828 0.977051
1532257344706855 0.261719 -0.117188 0.981934
1532257344721825 0.182617 0.019043 0.976563
1532257344774674 0.359863 -0.059082 1.04199
1532257344811575 0.373535 -0.161621 0.96875
1532257344864434 0.317383 -0.097168 0.955078
1532257344894354 0.316406 -0.181641 0.927246
1532257344924273 0.326172 -0.193848 0.95166
1532257344977139 0.366699 -0.11084 0.929688
1532257345073880 0.479004 -0.0776367 0.96582
1532257345126739 0.39209 -0.0927734 0.963379
1532257345164638 0.304688 -0.0922852 0.985352
1532257345179597 0.366211 -0.0424805 1.00146
1532257345239437 0.313477 -0.0668945 1.01416
1532257345307255 0.308594 -0.0986328 0.957031
1532257345359117 0.313477 -0.081543 0.959961
1532257345464844 0.296387 -0.0791016 0.984863
1532257345516696 0.305664 -0.019043 0.969238
1532257345793955 0.313477 -0.0161133 1.02979
1532257345846813 0.376465 -0.0317383 1.07715
1532257345981453 0.304199 -0.0268555 1.05322
1532257346124072 0.262207 0.0219727 1.12158
1532257346236771 -0.0844727 0.0166016 1.07861
1532257346289629 -0.173828 0.0126953 0.895996
1532257346311570 -0.169922 -0.0356445 0.898438
1532257346364429 -0.177246 -0.0791016 0.910645
1532257346409309 -0.189941 -0.0463867 0.912109
1532257346462168 -0.225098 -0.146484 0.960938
1532257346522008 -0.222168 -0.154297 0.991211
1532257346589826 -0.239258 -0.132813 1.02148
1532257346619747 -0.278809 -0.108398 1.02686
1532257346641687 -0.291992 -0.101563 1.01172
1532257346739426 -0.253418 -0.0917969 1.03857
1532257346867085 -0.267578 -0.0893555 1.03955
1532257347069544 -0.553223 -0.286621 1.01318
1532257347078520 -0.881836 -0.311035 0.913574
1532257347174263 -0.96875 -0.114258 0.946289
1532257347249063 -0.824707 -0.0673828 0.986816
1532257347376722 -0.0766602 0.233887 1.09473
1532257347429581 0.17334 0.0927734 1.01807
1532257347527319 -0.0078125 -0.168945 0.862793
1532257347565218 -0.0224609 -0.214355 0.827637
1532257347924258 -0.120605 -0.317383 1.0166
1532257347947196 -0.202637 -0.329102 1.03711
1532257347977117 -0.423828 -0.140137 1.16699
1532257348028977 -0.872559 -0.0175781 1.1875
1532257348141677 -0.617676 -0.135254 0.958008
1532257348382034 -0.464844 -0.0991211 0.796387
1532257348569532 0.239258 -0.0322266 1.15381
1532257348801926 0.23584 -0.0615234 1.02637
1532257349005367 0.330566 -0.0810547 1.06006
1532257349296588 0.263672 -0.0317383 1.02832
1532257349341468 0.267578 -0.03125 1.02002
1532257349507025 0.324707 0.0209961 1.00879
1532257349551917 0.30957 0.0253906 0.978516
1532257349694524 0.313965 -0.0883789 1.00439
1532257349784284 0.308105 -0.0439453 1.00098
1532257349986743 0.325684 -0.0517578 0.995117
1532257350061543 0.285645 -0.046875 1.01709
1532257350167260 0.314941 -0.0214844 1.01709
1532257350384678 0.311523 -0.0375977 0.992188
1532257350504358 0.268555 0.0180664 1.04248
1532257350564198 0.285156 0.0141602 0.961426
1532257350886337 0.28125 -0.000976563 1.00342
1532257350924236 0.294434 -0.0126953 1.00635
1532257350939196 0.29248 -0.00390625 1.00098
1532257350999035 0.297363 0.0117188 1
1532257351074843 0.297852 0.0200195 1.00146
1532257351254353 0.33252 -0.0634766 1.02148
1532257351329152 0.318359 -0.0400391 0.998047
1532257351344113 0.317383 -0.0390625 0.98877
1532257351458806 0.32666 -0.0786133 0.975098
1532257351494710 0.319336 -0.0820313 0.981934
1532257351509671 0.318359 -0.097168 0.982422
1532257351561532 0.341309 -0.097168 0.986328
1532257351584470 0.352539 -0.104492 0.974121
1532257351636332 0.390625 -0.160645 1.00781

1532257351674229 0.398926 -0.182129 1.01318
1532257351689190 0.371094 -0.174805 1.03223
1532257351734070 0.401855 -0.205078 1.23877
1532257351763990 0.433105 -0.253418 1.22559
1532257351786929 0.40332 -0.26709 1.24707
1532257351816849 0.243652 -0.144531 1.24219
1532257351839787 0.162109 -0.125977 1.25684
1532257351861729 0.119141 -0.131836 1.24072
1532257351884667 0.0551758 -0.186523 1.20264
1532257351906609 -0.239258 -0.166504 1.14404
1532257351959467 -0.289063 -0.0712891 1.0835
1532257352019309 -0.445801 -0.0463867 0.984863
1532257352079147 -0.501953 -0.168945 0.839844
1532257352153947 -0.475098 -0.145508 0.819824
1532257352191846 -0.510742 -0.190918 0.780273
1532257352244705 -0.481934 -0.211426 0.668945
1532257352289585 -0.568359 -0.277832 0.587402
1532257352326486 -0.694336 -0.327148 0.54541
1532257352341446 -0.696777 -0.34082 0.566406
1532257352387323 -0.752441 -0.284668 0.602539
1532257352409264 -0.841309 -0.288086 0.619141
1532257352454145 -0.791504 -0.304688 0.618164
1532257352521963 -0.757813 -0.313965 0.604004
1532257352543904 -0.769043 -0.281738 0.57373
1532257352589782 -0.805664 -0.29248 0.598145
1532257352604741 -0.820313 -0.266602 0.616211
1532257352626683 -0.816895 -0.286621 0.638184
1532257352649622 -0.831543 -0.305176 0.621582
1532257352694502 -0.789063 -0.298828 0.607422
1532257352731403 -0.768555 -0.290527 0.626953
1532257352769309 -0.79248 -0.297363 0.628418
1532257352814182 -0.825684 -0.282715 0.612793
1532257352888982 -0.794434 -0.296875 0.591309
1532257352934109 -0.689941 -0.258789 0.604004
1532257352957047 -0.675293 -0.269531 0.600098
1532257353008909 -0.540527 -0.303223 0.562988
1532257353054785 -0.398926 -0.26416 0.554688
1532257353076727 -0.288574 -0.179199 0.565918
1532257353114626 -0.244629 -0.0976563 0.600586
1532257353204386 -0.705566 -0.310547 0.895996
1532257353219346 -0.518066 -0.226563 0.929688
1532257353242285 -0.546387 0.221191 1.03516
1532257353272205 -0.145508 -0.23584 1.04834
1532257353294146 0.205566 -0.324219 1.17285
1532257353317085 0.404297 -0.244629 1.24219
1532257353361964 0.11377 -0.249512 1.25
1532257353376925 0.0966797 -0.317383 1.25049
1532257353391884 0.215332 -0.29248 1.22461
1532257353421805 0.333008 -0.194336 1.20801
1532257353451725 0.325684 -0.152832 1.18555
1532257353541485 0.337402 -0.400879 1.12158
1532257353579383 0.34082 -0.192383 0.947266
1532257353602322 0.391602 -0.0805664 0.939453
1532257353639223 0.336914 -0.114746 1.00537
1532257353692082 0.305176 -0.112305 0.993652
1532257353728983 0.303711 -0.0922852 0.997559
1532257353743943 0.313477 -0.0854492 1.00781
1532257353781841 0.314453 -0.131348 1.00635
1532257353819741 0.30957 -0.145508 1.00977
1532257353856641 0.310547 -0.126953 0.992676
1532257353886562 0.324707 -0.128906 0.986328
1532257353909501 0.30957 -0.120117 0.996094
1532257353962362 0.301758 -0.102051 0.999023
1532257353984301 0.300293 -0.0810547 0.994629
1532257353999261 0.305664 -0.0698242 0.996582
1532257354044141 0.311523 -0.074707 0.997559
1532257354082039 0.322754 -0.0766602 1
1532257354111959 0.327148 -0.0834961 0.993164
1532257354171799 0.335938 -0.117676 0.987793
1532257354216679 0.321289 -0.111328 0.987305
1532257354239618 0.314941 -0.122559 0.984863
1532257354276519 0.313477 -0.126953 0.995605
1532257354299457 0.312012 -0.124023 1.00098
1532257354374257 0.321289 -0.100098 0.994629
1532257354404178 0.321289 -0.106934 0.992676
1532257354449058 0.339355 -0.105469 0.987305
1532257354508898 0.366699 -0.266602 1.07227
1532257354523858 0.413086 -0.257324 0.998535
1532257354554775 0.513672 -0.109375 1.06396
1532257354591676 0.349121 -0.132324 1.16797
1532257354614615 0.257813 -0.0678711 1.16162
1532257354674455 0.174805 -0.0688477 1.11621
1532257354704375 0.150391 -0.0541992 1.08691
1532257354757234 -0.00683594 -0.0595703 0.98584
1532257354794135 -0.109375 -0.121582 0.965332
1532257354854973 -0.0351563 -0.120117 0.993652
1532257354936754 -0.161621 -0.164551 0.962402
1532257354966673 -0.160156 -0.115234 1.01758
1532257355011554 -0.208496 -0.0917969 1.00244
1532257355064412 -0.254883 -0.0761719 0.971191
1532257355132230 -0.3125 -0.0600586 0.981934
1532257355192075 -0.273438 -0.0698242 0.995117
1532257355243932 -0.34668 -0.160645 0.95752
1532257355349650 -0.289551 -0.104004 1.00928
1532257355446391 -0.293457 -0.0996094 1.03223
1532257355507228 -0.302734 -0.124023 1.00684
1532257355906162 -0.976074 -0.214844 0.868164
1532257355957025 -0.912598 -0.0576172 0.914551
1532257356008887 -0.572266 0.129395 0.967285
1532257356054765 -0.0805664 0.314453 1.03955
1532257356099644 -0.0341797 0.0615234 0.963379
1532257356151509 0.0224609 0.0263672 0.918457
1532257356234284 0.121582 -0.17334 0.921387
1532257356279164 0.18457 -0.171387 0.956543
1532257356317062 0.0893555 -0.292969 0.938477
1532257356339004 0.0913086 -0.289063 0.949219
1532257356376903 0.211426 -0.271484 1.00195
1532257356406823 0.179688 -0.322266 1.00879
1532257356481623 0.00439453 -0.301758 1.07617
1532257356511543 -0.0117188 -0.337402 1.05322
1532257356662140 -0.201172 -0.24707 1.09424
1532257356721980 -0.324707 -0.19873 1.15527
1532257356736940 -0.580566 0.0283203 1.13574
1532257356781820 -0.69043 -0.0961914 1.0332
1532257356879559 -0.764648 0.0141602 0.89502
1532257357022177 -0.680664 -0.0429688 0.845215
1532257357269516 0.41748 -0.0141602 1.21436
1532257357352295 0.477539 -0.0649414 1.32568
1532257357367254 0.300293 -0.0356445 1.26416
1532257357404156 0.231445 -0.343262 1.02441
1532257357427094 0.19873 -0.285156 0.970703
1532257357495910 0.311523 -0.0263672 1.05273
1532257357666456 0.303223 -0.0273438 0.993164
1532257357689393 0.312012 -0.0375977 0.990723
1532257357772172 0.293457 -0.0566406 0.998535
1532257357809073 0.306152 -0.0732422 0.977051
1532257357832011 0.293457 -0.0830078 0.98584
1532257357944710 0.226563 -0.137695 1.02979
1532257358004550 0.290527 -0.0307617 1.00928
1532257358049429 0.313477 -0.0175781 1.00439
1532257358079350 0.305664 -0.0239258 0.993652
1532257358117248 0.291016 0.0102539 0.992676
1532257358177088 0.277344 -0.0161133 1.01953
1532257358207009 0.292969 -0.0268555 1.01123
1532257358386530 0.288574 -0.114746 0.997559
1532257358484267 0.243164 -0.168457 1.00635
1532257358522166 0.258301 -0.0986328 0.998535
1532257358567046 0.302734 -0.0429688 0.986816
1532257358611930 0.317871 -0.050293 0.987305
1532257358701686 0.308105 -0.0678711 0.995605
1532257358716646 0.299316 -0.0820313 0.986816
1532257358746566 0.293457 -0.0732422 0.983887
1532257358761526 0.291016 -0.0639648 0.99707
1532257358791446 0.29248 -0.0625 0.992188
1532257358821366 0.29248 -0.0825195 1.01416
1532257358852298 0.28125 -0.0893555 1.01904
1532257358874225 0.271973 -0.0869141 1.02148
1532257358927083 0.260742 -0.0595703 1.04883
1532257358949024 0.256348 -0.0620117 1.05273
1532257358963984 0.260742 -0.0693359 1.05078
1532257359016843 0.289063 -0.0722656 1.03906
1532257359061723 0.30127 -0.0668945 1.021
1532257359129542 0.298828 -0.0371094 0.98877
1532257359181403 0.316895 -0.00537109 0.940918
1532257359219309 0.29248 0.00244141 0.991211
1532257359264182 0.311523 -0.0800781 1.05127
1532257359294102 0.251953 -0.136719 0.993164
1532257359346960 0.241699 -0.182129 1.03076
1532257359361920 0.243652 -0.244141 1.0376
1532257359398822 0.282227 -0.0693359 1.01563
1532257359429739 0.307129 -0.0483398 1.03174
1532257359444716 0.317871 -0.0629883 1.02246
1532257359466640 0.326172 -0.0615234 1.0127
1532257359489579 0.328613 -0.0517578 0.989746
1532257359511520 0.343262 -0.0380859 0.973145
1532257359541441 0.34082 -0.0288086 0.937988
1532257359556401 0.324219 -0.0224609 0.922852
1532257359571360 0.324707 -0.012207 0.927246
1532257359602292 0.314453 -0.00341797 0.938965
1532257359624219 0.309082 -0.00927734 0.960938
1532257359647157 0.292969 -0.0185547 0.978027
1532257359662117 0.281738 -0.0332031 0.999512
1532257359684059 0.264648 -0.0717773 1.02539
1532257359713978 0.283691 -0.116699 1.04541
1532257359759868 0.272461 -0.20459 1.04834
1532257359781811 0.270996 -0.241211 1.06055
1532257359796758 0.255859 -0.230469 1.0498
1532257359849616 0.306152 -0.124512 1.02832
1532257359894496 0.312012 -0.078125 1.02295
1532257359931397 0.291016 -0.0239258 0.995117
1532257359946357 0.285156 -0.0292969 0.980469
1532257359977275 0.302246 -0.0200195 0.97998
1532257359992235 0.316895 -0.0200195 0.957031
1532257360014176 0.332031 -0.0322266 0.967285
1532257360059056 0.324219 -0.0429688 0.979004
1532257360088976 0.317383 -0.0493164 0.985352
1532257360118911 0.294922 -0.090332 0.996582
1532257360149813 0.293945 -0.10498 1.0083
1532257360171754 0.298828 -0.128418 1.01172
1532257360201675 0.308594 -0.146484 1.00732
1532257360224613 0.337891 -0.161621 1.02588
1532257360329333 0.317871 -0.195313 0.991211
1532257360404133 0.318848 -0.0849609 0.966309
1532257360434053 0.31543 -0.0991211 0.963379
1532257360456992 0.315918 -0.10498 0.960938
1532257360478933 0.309082 -0.109375 0.967773
1532257360509866 0.311035 -0.117188 0.956543
1532257360539771 0.319824 -0.121582 0.971191
1532257360569691 0.331543 -0.164551 0.97168
1532257360606592 0.338867 -0.177246 0.980957
1532257360653466 0.341309 -0.170898 0.987305
1532257360666432 0.344727 -0.163574 0.97998

1532257360697348 0.339844 -0.155762 0.964844
1532257360734251 0.347656 -0.124512 0.949219
1532257360788145 0.356445 -0.107422 1.00488
1532257360809089 0.361328 -0.10498 1.02002
1532257360839009 0.338867 -0.138184 0.978027
1532257360936747 0.356445 -0.129883 0.92627
1532257360951708 0.333008 -0.111816 0.953613
1532257361011547 0.324219 -0.125 1.0166
1532257361064406 0.353516 -0.157227 0.98291
1532257361094326 0.350098 -0.152832 0.980957
1532257361154172 0.348145 -0.128418 0.972656
1532257361199052 0.350098 -0.124512 0.961914
1532257361228973 0.35791 -0.125488 0.955566
1532257361243932 0.349121 -0.133301 0.964355
1532257361311751 0.333008 -0.155762 0.989258
1532257361349650 0.339844 -0.150391 0.988281
1532257361386551 0.341797 -0.142578 0.972656
1532257361424450 0.342773 -0.128418 0.982422
1532257361449383 0.344238 -0.132813 0.971191
1532257361462348 0.348633 -0.121582 0.977051
1532257361499250 0.343262 -0.122559 0.977539
1532257361537149 0.340332 -0.123535 0.985352
1532257361567068 0.34375 -0.129883 0.979004
1532257361589010 0.344238 -0.123535 0.983398
1532257361603970 0.339844 -0.125488 0.982422
1532257361618939 0.341309 -0.131348 0.983398
1532257361656828 0.34375 -0.140137 0.974121
1532257361679767 0.342285 -0.132324 0.971191
1532257361731628 0.337891 -0.137207 0.963379
1532257361776508 0.344727 -0.136719 0.981934
1532257361814407 0.342285 -0.130859 0.984375
1532257361852306 0.343262 -0.135254 0.972656
1532257361897186 0.350586 -0.126465 0.96875
1532257361934087 0.351563 -0.123535 0.972168
1532257361978967 0.337891 -0.129395 0.976074
1532257362039804 0.338379 -0.133789 0.980469
1532257362076706 0.341309 -0.129883 0.979492
1532257362129564 0.338379 -0.141602 0.977051
1532257362196385 0.342773 -0.131836 0.975098
1532257362324044 0.341309 -0.132324 0.98584
1532257362383884 0.349609 -0.132324 0.986816
1532257362481623 0.453613 -0.241211 1.00928
1532257362519522 0.50293 -0.302734 1.00635
1532257362571383 0.393066 -0.114746 1.01807
1532257362587341 0.385742 -0.00830078 1.02637
1532257362632220 0.242188 -0.123047 1.08301
1532257362654161 0.212402 -0.102539 1.09668
1532257362736940 0.148926 -0.0493164 1.1001
1532257362766860 0.102539 -0.0981445 1.06787
1532257362826700 -0.114258 -0.0551758 1
1532257362871580 -0.169434 -0.0839844 0.975098
1532257362931420 -0.243164 -0.0639648 0.966309
1532257362954359 -0.26416 -0.10791 0.947754
1532257362984279 -0.258789 -0.0864258 0.974121
1532257363014199 -0.278809 -0.0820313 0.974609
1532257363044119 -0.275879 -0.0727539 0.970703
1532257363118919 -0.27002 -0.13916 0.977539
1532257363149850 -0.273926 -0.13623 0.97998
1532257363224636 -0.282227 -0.131348 1.00684
1532257363276497 -0.306152 -0.125488 1.02051
1532257363329356 -0.295898 -0.0913086 1.00928
1532257363404156 -0.312988 -0.0766602 1.00928
1532257363457014 -0.336426 -0.0883789 1.01416
1532257363569714 -0.298828 -0.0830078 1.02295
1532257363659473 -0.313965 -0.0966797 1.02246
1532257363681414 -0.316406 -0.09375 1.01318
1532257363734273 -0.283691 -0.0439453 1.04199
1532257363787132 -0.296387 -0.0561523 1.02637
1532257363951692 -0.645996 -0.27832 0.970703
1532257363981611 -0.722656 -0.289551 0.96582
1532257364011532 -0.899414 -0.215332 0.921387
1532257364064390 -0.9375 -0.213867 0.938477
1532257364109271 -0.798828 -0.081543 0.972656
1532257364184070 -0.508789 0.090332 0.989746
1532257364281809 0.16748 0.0478516 0.992676
1532257364334680 0.148926 0.0151367 0.916992
1532257364394507 0.081543 -0.225586 0.888184
1532257364431409 0.12793 -0.315918 0.856934
1532257364507206 0.0830078 -0.368652 0.87207
1532257364529147 0.121582 -0.308594 0.906738
1532257364567046 0.145996 -0.260742 0.962402
1532257364626886 0.0405273 -0.345215 0.927246
1532257364844304 -0.734375 -0.19043 0.973145
1532257364927083 -0.630859 -0.0478516 0.837402
1532257365001884 -0.483887 -0.0761719 0.821289
1532257365106603 -0.401855 -0.0498047 0.835938
1532257365204342 0.117188 -0.0268555 1.09326
1532257365272161 0.294434 -0.0795898 1.11621
1532257365294102 0.385254 -0.112793 1.146
1532257365332009 0.520996 -0.0195313 1.10742
1532257365399819 0.397461 -0.240723 1.14844
1532257365451681 0.325195 -0.184082 0.936523
1532257365489579 0.337402 -0.081543 0.974121
1532257365526481 0.341309 -0.0693359 0.996582
1532257365572358 0.290527 -0.123535 1.02002
1532257365766838 0.359863 -0.0722656 0.973633
1532257365864576 0.292969 -0.135742 1.04297
1532257365954336 0.329102 -0.150391 0.974121
1532257366029136 0.319336 -0.059082 0.939941
1532257366074016 0.29834 -0.0834961 1.00488
1532257366096955 0.314453 -0.0688477 1.00293
1532257366119894 0.332031 -0.0571289 0.98877
1532257366164773 0.341797 -0.043457 0.97998
1532257366179734 0.338379 -0.0483398 0.987793
1532257366216635 0.304688 -0.0585938 0.997559
1532257366254534 0.284668 -0.0620117 1.01465
1532257366284454 0.293457 -0.0668945 1.01855
1532257366329334 0.296387 -0.0620117 1.02002
1532257366367232 0.315918 -0.0717773 1.021
1532257366382192 0.339355 -0.0830078 1.02246
1532257366427072 0.352051 -0.11084 0.990723
1532257366456992 0.333008 -0.0952148 0.986816
1532257366486912 0.32373 -0.0878906 0.984863
1532257366508871 0.319336 -0.09375 0.983887
1532257366539771 0.297363 -0.0820313 0.979492
1532257366584662 0.279785 -0.0820313 0.992188
1532257366621552 0.307617 -0.0561523 1.00146
1532257366659451 0.307617 -0.0610352 0.986816
1532257366681392 0.313477 -0.0620117 0.991211
1532257366749211 0.325684 -0.074707 0.990234
1532257366764171 0.324219 -0.0751953 0.986816
1532257366787110 0.317383 -0.0698242 0.993164
1532257366802069 0.307617 -0.0737305 0.98291
1532257366824011 0.307617 -0.0698242 0.981445
1532257366853931 0.306641 -0.0664063 0.974121
1532257366883851 0.314941 -0.0625 0.984375
1532257366899808 0.311523 -0.0649414 0.979492
1532257366951674 0.307129 -0.0737305 0.994141
1532257366974608 0.30127 -0.0708008 1.00537
1532257367049408 0.291992 -0.0673828 1.03076
1532257367162106 0.278809 -0.0478516 1.03467
1532257367206986 0.307129 -0.0532227 1.01807
1532257367228928 0.32666 -0.0449219 0.996582
1532257367281787 0.337402 -0.0170898 0.954102
1532257367296746 0.32959 -0.0234375 0.956055
1532257367326667 0.312988 -0.0219727 0.954102
1532257367341626 0.310547 -0.0151367 0.961426
1532257367364565 0.304688 -0.0239258 0.974609
1532257367416427 0.280762 -0.0761719 1.01221
1532257367454325 0.274414 -0.102539 1.02197
1532257367507184 0.26416 -0.163086 1.06836
1532257367544085 0.28418 -0.182129 1.06885
1532257367679722 0.371582 -0.0512695 0.942871
1532257367701665 0.372559 -0.0429688 0.914063
1532257367761504 0.318848 -0.0351563 0.976563
1532257367829322 0.328125 -0.0585938 0.997559
1532257367867221 0.310547 -0.131836 1.02051
1532257367904123 0.308594 -0.18457 0.998047
1532257367942021 0.313965 -0.186035 0.999512
1532257367956981 0.329102 -0.172852 0.992188
1532257367993882 0.351074 -0.123535 0.971191
1532257368016821 0.361816 -0.0751953 0.983887
1532257368046741 0.373535 -0.0488281 0.984863
1532257368069680 0.37207 -0.0380859 0.976563
1532257368092627 0.365234 -0.0351563 0.959961
1532257368114560 0.346191 -0.0429688 0.964844
1532257368144480 0.341309 -0.0341797 0.973633
1532257368159440 0.338379 -0.0375977 0.966797
1532257368174400 0.333008 -0.0473633 0.969238
1532257368219294 0.342285 -0.0874023 0.976074
1532257368234240 0.348633 -0.11084 0.980469
1532257368294080 0.357422 -0.129883 0.975586
1532257368317018 0.347168 -0.152832 0.974121
1532257368346938 0.326172 -0.162598 1.00098
1532257368384841 0.328125 -0.164063 1.01855
1532257368399797 0.336426 -0.131348 1.02051
1532257368421738 0.349609 -0.116211 1.00244
1532257368451659 0.355957 -0.097168 0.98291
1532257368481578 0.341797 -0.0913086 0.96875
1532257368513493 0.340332 -0.0927734 0.958984
1532257368534451 0.338867 -0.0908203 0.964844
1532257368556378 0.334961 -0.0961914 0.969238
1532257368617215 0.357422 -0.124512 0.955078
1532257368662095 0.362793 -0.130371 0.970215
1532257368721936 0.34375 -0.134277 0.975098

1532257368751856 0.348633 -0.132324 0.958008
1532257368789754 0.362793 -0.109863 0.956543
1532257368811696 0.370117 -0.106934 0.955566
1532257368856575 0.364258 -0.09375 0.990723
1532257368872541 0.352539 -0.0932617 1.01563
1532257368916415 0.34668 -0.11377 1.03662
1532257368933370 0.350586 -0.127441 1.01563
1532257368977253 0.346191 -0.132813 0.962402
1532257369007173 0.350586 -0.121582 0.945801
1532257369029114 0.35498 -0.0986328 0.941406
1532257369067013 0.36377 -0.0869141 0.939453
1532257369081973 0.360352 -0.0854492 0.958984
1532257369118875 0.366699 -0.0830078 0.969238
1532257369149792 0.361816 -0.0986328 0.978516
1532257369164751 0.349609 -0.109375 0.984863
1532257369194671 0.344727 -0.148438 0.986816
1532257369261493 0.359863 -0.163086 0.976074
1532257369284431 0.360352 -0.158203 0.963379
1532257369314351 0.362305 -0.145508 0.963867
1532257369374191 0.359863 -0.102539 0.969238
1532257369429045 0.359863 -0.113281 0.973633
1532257369471930 0.350586 -0.116699 0.978027
1532257369539749 0.350098 -0.113281 0.968262
1532257369569669 0.352539 -0.114258 0.974609
1532257369591610 0.354004 -0.112305 0.965332
1532257369651450 0.359863 -0.128906 0.97998
1532257369681370 0.36377 -0.129395 0.978027
1532257369697327 0.35791 -0.129883 0.975586
1532257369712287 0.346191 -0.130859 0.969238
1532257369779109 0.344238 -0.121582 0.98291
1532257369817007 0.353027 -0.111816 0.978516
1532257369838949 0.353027 -0.112305 0.969238
1532257369861887 0.353027 -0.11084 0.974121
1532257369899786 0.356445 -0.106445 0.989258
1532257369944666 0.337402 -0.108887 0.991211
1532257369989546 0.356934 -0.121582 0.96582
1532257370057367 0.407715 -0.129883 0.962891
1532257370102245 0.359863 -0.134766 0.971191
1532257370139146 0.319824 -0.059082 0.965332
1532257370169067 0.287109 -0.0585938 0.966797
1532257370192004 0.33252 -0.0820313 0.97998
1532257370228906 0.364258 -0.142578 1.01074
1532257370304702 0.388184 -0.128418 0.97168
1532257370326644 0.401367 -0.125488 0.932129
1532257370379503 0.357422 -0.0952148 0.994629
1532257370416404 0.373535 -0.0981445 0.983398
1532257370447322 0.365723 -0.110352 0.98291
1532257370477242 0.355469 -0.105957 0.97168
1532257370499183 0.345215 -0.114746 0.963379
1532257370529103 0.334473 -0.126465 0.971191
1532257370581962 0.353027 -0.105469 0.975098
1532257370603903 0.366699 -0.0849609 0.983398
1532257370671722 0.34082 -0.127441 0.994141
1532257370724580 0.351563 -0.129395 0.978027
1532257370776442 0.402344 -0.206543 1.02002
1532257370822319 0.422363 -0.186523 0.984375
1532257370844260 0.414551 -0.10791 1.01611
1532257370904100 0.344238 -0.0761719 1.02637
1532257370963941 0.252441 -0.019043 1.09619
1532257370986879 0.10498 -0.0322266 1.11279
1532257371009818 0.0532227 -0.0424805 1.08105
1532257371039738 -0.00195313 -0.0268555 1.05029
1532257371084617 -0.0620117 0.0756836 1.0415
1532257371099577 -0.0957031 0.0629883 1.02881
1532257371197316 -0.162598 -0.043457 1.00928
1532257371219258 -0.184082 -0.0444336 0.983887
1532257371257156 -0.173828 -0.0683594 0.947754
1532257371287076 -0.27002 -0.0820313 0.959961
1532257371323977 -0.214844 -0.0512695 0.959961
1532257371376836 -0.269531 -0.0761719 0.981934
1532257371444655 -0.310547 -0.112793 0.975586
1532257371451635 -0.320313 -0.111816 0.973145
1532257371489535 -0.342285 -0.116211 0.984863
1532257371504495 -0.332031 -0.11377 0.975586
1532257371541396 -0.362793 -0.144043 0.971191
1532257371609215 -0.339844 -0.0693359 0.982422
1532257371706953 -0.364258 -0.03125 1.01318
1532257371751834 -0.343262 -0.0668945 1.02295
1532257371879492 -0.316895 -0.0493164 1.02979
1532257372059012 -0.444336 -0.121094 0.985352
1532257372103892 -0.519531 -0.15332 0.995117
1532257372194649 -0.727539 -0.166992 0.939941
1532257372216590 -0.722656 -0.160645 1.02979
1532257372322308 -0.582031 0.101563 1.0459
1532257372434009 -0.111816 0.0742188 0.990723
1532257372463929 0.00927734 0.00683594 0.954102
1532257372606548 0.100586 -0.138184 0.867676
1532257372659406 0.198242 -0.310547 0.839355
1532257372704286 0.100586 -0.351074 0.839844
1532257372727225 0.0834961 -0.33252 0.858887
1532257372929683 -0.134277 -0.320801 1.19727
1532257372981545 -0.242188 -0.221191 1.1543
1532257373041385 -0.624023 -0.0297852 1.1543
1532257373154083 -0.546387 -0.0942383 0.958008
1532257373213924 -0.503418 -0.125977 0.948242
1532257373274772 -0.457031 -0.0991211 0.900391
1532257373424361 -0.258301 0.0649414 0.810547
1532257373433337 -0.284668 0.0214844 0.862305
1532257373447300 -0.304199 -0.0600586 0.900391
1532257373477219 0.192871 -0.0620117 1.03711
1532257373499161 0.314453 -0.059082 1.07764
1532257373552024 0.458496 -0.0766602 1.15137
1532257373596899 0.455566 -0.104004 1.13574
1532257373671715 0.327148 -0.0776367 1.09521
1532257373746499 0.456543 -0.125488 1.30225
1532257373776419 0.200684 -0.313965 1.03467
1532257373791379 0.22998 -0.126465 0.91748
1532257373822297 0.371094 -0.0439453 1.05713
1532257373837257 0.371582 -0.0561523 1.02979
1532257373874158 0.344238 -0.0952148 1.00488
1532257373971897 0.371094 -0.0375977 0.97168
1532257374024756 0.331543 -0.105957 0.978516
1532257374039715 0.342773 -0.0922852 0.977051
1532257374061657 0.351074 -0.0957031 0.970703
1532257374091577 0.352539 -0.10498 0.982422
1532257374151417 0.328125 -0.18457 0.966797
1532257374197294 0.306152 -0.195801 0.980469
1532257374227214 0.270508 -0.152344 0.997559
1532257374272104 0.28125 -0.107422 1.0083
1532257374302014 0.288574 -0.0834961 1.00391
1532257374391774 0.328613 -0.0356445 0.996582
1532257374534393 0.269043 -0.0454102 1.01758
1532257374647091 0.334473 -0.145996 1.00146
1532257374728872 0.295898 -0.10791 0.991699
1532257374760787 0.289551 -0.123047 0.977539
1532257374774750 0.28418 -0.121582 0.973633
1532257374819630 0.288574 -0.0795898 0.979004
1532257374834591 0.297363 -0.0751953 0.993164
1532257374879470 0.291992 -0.0712891 1.00928
1532257374909389 0.300293 -0.078125 1.00488
1532257374962248 0.316406 -0.0737305 1.02246
1532257375058990 0.32373 -0.0810547 0.97998
1532257375118830 0.257813 -0.074707 1.03174
1532257375149747 0.27832 -0.0664063 1.01953
1532257375186648 0.288574 -0.0551758 1.00928
1532257375201608 0.299805 -0.0625 1.00098
1532257375246488 0.313965 -0.0654297 1.02002
1532257375261448 0.317383 -0.0727539 1.0166
1532257375329267 0.331543 -0.0595703 0.973145
1532257375382125 0.305176 -0.0351563 0.958496
1532257375404067 0.296387 -0.0366211 0.962891
1532257375427005 0.251465 -0.0991211 1.02588
1532257375463907 0.259277 -0.115234 1.04932
1532257375478867 0.268066 -0.137207 1.05713
1532257375494833 0.277832 -0.130371 1.05078
1532257375524743 0.292969 -0.117188 1.03711
1532257375546686 0.305176 -0.102539 1.03076
1532257375576605 0.3125 -0.0898438 1.02539
1532257375644424 0.316895 -0.0976563 0.99707
1532257375666366 0.333008 -0.078125 0.973145
1532257375689303 0.352051 -0.0810547 0.936523
1532257375704264 0.345703 -0.0732422 0.927246
1532257375734184 0.32959 -0.0517578 0.933105
1532257375764104 0.319336 -0.0419922 0.941406
1532257375808984 0.31543 -0.0708008 0.993652
1532257375831923 0.302246 -0.117676 1.01904
1532257375891763 0.274414 -0.176758 1.05029
1532257375929661 0.277344 -0.188965 1.06836
1532257375944621 0.276367 -0.186523 1.04346
1532257375981523 0.320801 -0.0869141 1.01807
1532257375996483 0.338867 -0.0883789 0.988281
1532257376034381 0.339844 -0.0771484 0.958496
1532257376079261 0.330566 -0.0712891 0.963867
1532257376109181 0.348145 -0.074707 0.967773
1532257376147080 0.307129 -0.0512695 0.974609
1532257376169021 0.311035 -0.0532227 0.957031
1532257376221880 0.334961 -0.0703125 0.976074
1532257376304659 0.338379 -0.115234 0.96582
1532257376424338 0.324707 -0.0708008 0.994629
1532257376484178 0.324219 -0.0610352 0.98584
1532257376514099 0.316895 -0.0693359 0.976563
1532257376573939 0.289063 -0.113281 0.995117
1532257376604856 0.283203 -0.11084 0.995605
1532257376649736 0.283203 -0.112305 1.00098
1532257376672675 0.300293 -0.0947266 1.01025

1532257376739495 0.318359 -0.074707 0.97998
1532257376776404 0.323242 -0.0649414 0.993164
1532257376799342 0.319336 -0.0878906 1.00342
1532257376829262 0.320313 -0.0898438 1.00244
1532257376852213 0.330566 -0.112793 0.986328
1532257376927012 0.341797 -0.123535 0.984863
1532257376963914 0.332031 -0.115723 0.999512
1532257377001814 0.312012 -0.116211 1.00732
1532257377046691 0.316895 -0.0878906 0.963379
1532257377076612 0.333984 -0.0917969 0.960938
1532257377114570 0.341309 -0.0961914 0.969238
1532257377136511 0.351074 -0.105469 0.968262
1532257377189370 0.350586 -0.117676 0.974121
1532257377227274 0.341797 -0.134766 0.976074
1532257377242236 0.328613 -0.143066 0.977051
1532257377353936 0.328125 -0.141602 0.970215
1532257377391835 0.324219 -0.128418 0.970215
1532257377467091 0.347656 -0.097168 0.995117
1532257377482258 0.34375 -0.0957031 0.98877
1532257377534119 0.318848 -0.103516 0.995605
1532257377572018 0.311035 -0.104492 0.995605
1532257377608919 0.33252 -0.107422 0.980957
1532257377646818 0.338379 -0.0986328 0.974121
1532257377706659 0.348633 -0.0878906 0.96875
1532257377721618 0.344727 -0.102539 0.975098
1532257377759517 0.345215 -0.128418 0.969727
1532257377797416 0.344727 -0.138672 0.97168
1532257377864236 0.324707 -0.134277 0.988281
1532257377939037 0.333008 -0.11084 1.00098
1532257378029794 0.362305 -0.0922852 0.959473
1532257378051749 0.339355 -0.109863 0.951172
1532257378081656 0.318848 -0.122559 0.975586
1532257378096616 0.308594 -0.120117 0.980957
1532257378141495 0.310547 -0.143555 0.998535
1532257378164434 0.317871 -0.155273 1.00781
1532257378202337 0.34375 -0.154785 1.01318
1532257378247213 0.375977 -0.154297 1.01172
1532257378284114 0.396973 -0.164551 1.00439
1532257378314034 0.42041 -0.17041 1.01855
1532257378336972 0.416016 -0.128418 1.01611
1532257378404791 0.40918 -0.0341797 1.03711
1532257378479591 0.121094 0.0693359 1.07813
1532257378524471 0.0600586 0.03125 1.08203
1532257378584311 -0.100098 -0.0200195 1.05078
1532257378659112 -0.180664 0.0249023 1.01416
1532257378816699 -0.268066 -0.0415039 0.95459
1532257379131847 -0.297852 -0.000488281 1.02588
1532257379244546 -0.259766 -0.0141602 1.06445
1532257379304386 -0.208984 -0.0424805 1.05762
1532257379311367 -0.225098 -0.0625 1.0376
1532257379536764 -0.562012 -0.138184 1.00586
1532257379611565 -0.827148 -0.0297852 0.971191
1532257379649463 -0.824707 0.148438 1.00488
1532257379709303 -0.583008 0.203125 1.03564
1532257379807042 0.145508 0.102539 0.9375
1532257379836962 0.204102 0.0449219 0.900879
1532257379919741 0.162598 -0.0478516 0.932617
1532257380218941 -0.147949 -0.288574 1.10693
1532257380459297 -0.609863 0.0385742 0.913574
1532257380759494 -0.44043 0.162598 0.897949
1532257380774455 -0.376465 0.185547 0.888672
1532257380857233 0.317383 -0.12207 1.23438
1532257380902118 0.418945 -0.00878906 1.17627
1532257380917073 0.297852 0.117676 1.12305
1532257380939028 0.179688 0.119629 1.06982
1532257380953975 0.210449 0.0371094 1.06299
1532257380976914 0.148438 -0.0302734 1.06006
1532257381029772 0.27832 -0.109863 1.17383
1532257381051713 0.403809 -0.0458984 1.20117
1532257381111553 0.233398 0.0239258 0.945801
1532257381157436 0.306152 0.123535 0.979492
1532257381186354 0.299316 0.124512 1.02197
1532257381224252 0.273926 0.0136719 1.04688
1532257381269135 0.294922 0.0385742 0.996582
1532257381292070 0.270508 0.000488281 0.99707
1532257381314012 0.269043 -0.0322266 0.994629
1532257381351911 0.265137 -0.090332 1.00293
1532257381381830 0.266113 -0.0878906 1.02148
1532257381404769 0.26709 -0.0625 1.0293
1532257381479569 0.287598 -0.0219727 1.00293
1532257381494530 0.269043 -0.0136719 0.99707
1532257381509489 0.265625 -0.00146484 0.979492
1532257381539409 0.259766 -0.00390625 0.999023
1532257381569330 0.270996 -0.00439453 1.01563
1532257381622189 0.269531 -0.012207 1.02148
1532257381696987 0.263672 0.0263672 1.02002
1532257381756827 0.251465 0.0214844 1.01025
1532257381771788 0.251953 0.0136719 1.00928
1532257381816667 0.262695 -0.012207 1.01514
1532257381846588 0.26709 -0.00244141 1.03418
1532257381914406 0.238281 0.0283203 1.08887
1532257381959287 0.282227 -0.0292969 1.03076
1532257382021121 0.300293 -0.0361328 1.00781
1532257382071985 0.291992 -0.00537109 0.98584
1532257382123846 0.302734 -0.0361328 1.01318
1532257382176705 0.297363 -0.0649414 0.985352
1532257382296385 0.30957 -0.0756836 1.01563
1532257382319323 0.316895 -0.0693359 0.992188
1532257382349244 0.319824 -0.0712891 0.969238
1532257382387142 0.30127 -0.0927734 0.978516
1532257382409084 0.302246 -0.0727539 0.98291
1532257382461942 0.303223 -0.0415039 1.021
1532257382491862 0.300781 -0.0571289 1.02295
1532257382514812 0.302734 -0.0742188 1.02588
1532257382574640 0.342285 -0.0932617 0.974609
1532257382589600 0.335938 -0.0810547 0.983398
1532257382626502 0.274902 -0.0585938 1.00293
1532257382649440 0.267578 -0.0498047 0.98584
1532257382694321 0.307617 -0.0258789 0.960938
1532257382717259 0.314941 -0.0136719 0.958008
1532257382739201 0.324219 -0.0151367 0.97168
1532257382762139 0.331055 -0.0390625 0.978516
1532257382777099 0.32959 -0.0561523 0.990723
1532257382792059 0.324707 -0.0605469 1.00977
1532257382828961 0.321777 -0.0776367 1.01465
1532257382858881 0.300293 -0.0952148 1.01318
1532257382881820 0.275879 -0.121094 1.01855
1532257382904758 0.267578 -0.129883 1.02197
1532257382934678 0.262207 -0.113281 1.01172
1532257382986539 0.293945 -0.0654297 1.01025
1532257383016459 0.307617 -0.0405273 1.00342
1532257383054358 0.293457 -0.0170898 0.994629
1532257383092257 0.296387 -0.0229492 0.989258
1532257383129158 0.288086 -0.00585938 0.983398
1532257383159078 0.277344 0.00146484 1.00195
1532257383188998 0.258301 0 1.00146
1532257383211937 0.256836 -0.00585938 1.00342
1532257383271777 0.251953 -0.0566406 1.03271
1532257383309675 0.264648 -0.0732422 1.0415
1532257383339596 0.274902 -0.0664063 1.04102
1532257383354555 0.269043 -0.0512695 1.0415
1532257383399435 0.279785 -0.0268555 1.02783
1532257383414395 0.278809 -0.0161133 1.02783
1532257383437333 0.276855 -0.0151367 1.02539
1532257383467254 0.271973 -0.0131836 1.01904
1532257383497174 0.269043 -0.0136719 1.01807
1532257383534075 0.272461 -0.0219727 1.00635
1532257383586934 0.26709 -0.00488281 1
1532257383623835 0.274414 -0.0244141 0.990234
1532257383639793 0.283203 -0.0180664 0.996582
1532257383676693 0.300293 -0.0112305 0.995117
1532257383699633 0.308105 -0.0498047 0.99707
1532257383721576 0.304688 -0.0566406 1.00342
1532257383759472 0.304688 -0.0820313 1.01074
1532257383774432 0.298828 -0.108887 1.01709
1532257383796374 0.293945 -0.127441 1.02539
1532257383842251 0.285156 -0.125977 1.00146
1532257383857212 0.293457 -0.102051 1.00488
1532257383902091 0.312012 -0.065918 0.973145
1532257383924033 0.310547 -0.0566406 0.977051
1532257383953952 0.310059 -0.0595703 0.980957
1532257383976891 0.303223 -0.050293 0.980957
1532257383998833 0.29834 -0.0444336 0.991211
1532257384014790 0.289551 -0.0473633 0.996094
1532257384036731 0.287598 -0.0512695 1
1532257384051692 0.29248 -0.0605469 1.00293
1532257384089589 0.310059 -0.0859375 1.00098
1532257384141451 0.313965 -0.101563 0.990234
1532257384187328 0.322266 -0.106445 1.00293

1532257384217248 0.319824 -0.112305 1.00391
1532257384247168 0.329102 -0.106445 0.986328
1532257384269117 0.332031 -0.103516 0.976074
1532257384284069 0.333984 -0.0864258 0.967773
1532257384299029 0.327148 -0.0766602 0.996094
1532257384343910 0.30957 -0.0927734 1.00684
1532257384381808 0.307617 -0.111328 1.00146
1532257384412726 0.338867 -0.105469 0.996582
1532257384471568 0.327148 -0.0908203 0.996094
1532257384486528 0.322266 -0.0883789 0.981934
1532257384524427 0.316895 -0.0859375 0.961426
1532257384539387 0.32373 -0.0849609 0.970703
1532257384584278 0.339355 -0.097168 0.980469
1532257384599306 0.341309 -0.104492 0.975098
1532257384644187 0.350586 -0.106445 0.976074
1532257384689067 0.341797 -0.106934 0.975098
1532257384718987 0.334961 -0.11084 0.994629
1532257384741926 0.334473 -0.121094 0.994141
1532257384771845 0.336914 -0.122559 0.97998
1532257384794784 0.334473 -0.121094 0.976074
1532257384831686 0.334473 -0.113281 0.984863
1532257384861605 0.336426 -0.104492 0.990723
1532257384876566 0.330566 -0.0991211 0.993164
1532257384914464 0.334961 -0.103027 0.984375
1532257384966326 0.342773 -0.101563 0.97998
1532257385012203 0.34082 -0.0859375 0.972168
1532257385027163 0.333496 -0.0849609 0.975586
1532257385087003 0.330566 -0.108398 0.995117
1532257385123904 0.330078 -0.110352 0.985352
1532257385146843 0.342285 -0.11084 0.989746
1532257385191723 0.336426 -0.106934 0.984863
1532257385214661 0.333984 -0.103516 0.992676
1532257385244581 0.342285 -0.101074 0.991699
1532257385296442 0.34375 -0.11084 0.975098
1532257385357280 0.344727 -0.0981445 0.981445
1532257385379221 0.337891 -0.090332 0.976563
1532257385417120 0.337891 -0.09375 0.976563
1532257385514859 0.350586 -0.123047 0.973633
1532257385626561 0.35498 -0.113281 0.977539
1532257385656480 0.362793 -0.116699 0.98291
1532257385664459 0.359863 -0.125 0.972168
1532257385717317 0.358887 -0.111328 0.968262
1532257385732277 0.358887 -0.103516 0.967285
1532257385792117 0.373535 -0.202637 1.01025
1532257385896837 0.382813 -0.109375 1.06885
1532257385934736 0.364746 0.00390625 1.09326
1532257385956676 0.318359 -0.0161133 1.10596
1532257386024495 0.236816 0.0297852 1.12793
1532257386054415 0.0922852 -0.00146484 1.13525
1532257386122234 0.0429688 0.015625 1.08984
1532257386189056 -0.0209961 0.0405273 1.04199
1532257386263856 -0.151367 -0.0668945 0.966309
1532257386301755 -0.226563 -0.0390625 0.964355
1532257386346634 -0.246582 -0.0444336 0.940918
1532257386489252 -0.276367 -0.0473633 0.979004
1532257386542112 -0.28418 -0.0498047 0.967285
1532257386804410 -0.345703 -0.00488281 1.02979
1532257386849290 -0.337891 -0.0356445 1.02881
1532257386961988 -0.31543 0.00195313 1.01855
1532257387044772 -0.310547 -0.0498047 1.00635
1532257387104607 -0.275391 -0.0512695 1.02881
1532257387141509 -0.223145 -0.0268555 1.06885
1532257387322027 -0.675781 -0.1875 0.922852
1532257387584325 -0.0927734 0.130859 0.989258
1532257387659125 0.0649414 0.128906 0.97168
1532257387704004 0.163086 -0.0336914 0.884277
1532257387748884 0.00537109 -0.0996094 0.878418
1532257387809722 -0.0107422 -0.220215 0.905762
1532257387914442 0.0805664 -0.296387 0.947754
1532257387967300 0.172363 -0.454102 0.881836
1532257388004202 0.197266 -0.458984 0.882324
1532257388027140 0.0712891 -0.40332 0.89502
1532257388086980 -0.0893555 -0.271484 0.996094
1532257388131860 -0.0849609 -0.314453 0.997559
1532257388214639 -0.321289 -0.186035 1.2124
1532257388229599 -0.441895 -0.22998 1.18652
1532257388319359 -0.633789 -0.230957 1.07324
1532257388394159 -0.59082 -0.15332 0.938965
1532257388483919 -0.440918 -0.125977 0.744629
1532257388536778 -0.35791 -0.104492 0.83252
1532257388581658 -0.34375 -0.123047 0.807617
1532257388611577 -0.355957 -0.0825195 0.820313
1532257388686378 0.159668 -0.0551758 1.06201
1532257388717295 0.288574 -0.0649414 1.14209
1532257388807055 0.356445 -0.15332 1.1709
1532257388934724 0.316895 -0.172363 1.18896
1532257388986575 0.26123 -0.0844727 0.909668
1532257389016495 0.3125 -0.0205078 0.93457
1532257389031455 0.404297 -0.0219727 1.00781
1532257389069354 0.312012 -0.0410156 1.02441
1532257389099273 0.274902 -0.0366211 0.987793
1532257389152132 0.253418 -0.0410156 0.972168
1532257389174074 0.27002 -0.0288086 1.00244
1532257389203994 0.279785 -0.019043 1.01904
1532257389241892 0.276367 -0.0283203 1.01904
1532257389263833 0.28125 -0.0742188 1.00391
1532257389294751 0.287598 -0.0996094 0.999512
1532257389316692 0.314453 -0.110352 0.993164
1532257389354591 0.314453 -0.121094 0.987793
1532257389376532 0.28418 -0.160645 0.98877
1532257389406452 0.271973 -0.141113 1.00342
1532257389429390 0.248047 -0.0996094 1.0166
1532257389482249 0.242188 -0.0722656 1.02539
1532257389512169 0.25 -0.0444336 1.0127
1532257389542089 0.284668 -0.0268555 1.01563
1532257389616889 0.28418 -0.0268555 1.01807
1532257389842287 0.317383 -0.0576172 1.00439
1532257389902129 0.228516 -0.119629 1.00293
1532257389917087 0.237305 -0.118164 1.00391
1532257389932046 0.244141 -0.101074 0.998047
1532257389976926 0.251465 -0.0483398 1.01318
1532257389991887 0.248047 -0.0361328 1.02734
1532257390045742 0.263184 -0.0522461 1.02002
1532257390068690 0.275879 -0.0517578 1.00391
1532257390096607 0.293945 -0.0478516 0.991699
1532257390119545 0.296387 -0.046875 0.986328
1532257390149465 0.294922 -0.0424805 0.975586
1532257390247204 0.279785 -0.0380859 0.978027
1532257390284105 0.266113 -0.0483398 1.00928
1532257390299065 0.236816 -0.0698242 1.06396
1532257390336964 0.240723 -0.0722656 1.06201
1532257390373865 0.246582 -0.0551758 1.04004
1532257390426724 0.285156 -0.0170898 1.00586
1532257390456644 0.29541 0.00439453 0.987793
1532257390479583 0.283691 -0.00732422 0.964844
1532257390509503 0.277832 -0.000976563 0.978027
1532257390539422 0.268066 -0.00683594 0.981445
1532257390614222 0.246582 -0.00878906 1.01465
1532257390703982 0.227539 -0.101074 1.05615
1532257390801721 0.28125 -0.0488281 1.03223
1532257390846601 0.321777 -0.0136719 0.979492
1532257390899460 0.32959 -0.0273438 0.953125
1532257390952318 0.320313 -0.0341797 0.949219
1532257390974260 0.283203 -0.0170898 0.976563
1532257391004180 0.274902 -0.0214844 0.980957
1532257391093940 0.278809 -0.127441 1.0376
1532257391147796 0.275879 -0.172852 1.02148
1532257391206639 0.274414 -0.101563 1.01563
1532257391304377 0.319336 -0.0664063 0.958984
1532257391409097 0.303223 -0.0634766 1.00635
1532257391432036 0.312012 -0.0791016 1.00049
1532257391476915 0.34082 -0.101074 1.01416
1532257391536755 0.307617 -0.185059 1.00732
1532257391559694 0.309082 -0.193848 0.999512
1532257391589613 0.303711 -0.177734 1.00146
1532257391626516 0.297363 -0.132813 1.00732
1532257391671395 0.325684 -0.11377 0.96582
1532257391702313 0.324219 -0.11377 0.957031
1532257391732233 0.334473 -0.114258 0.969727
1532257391792073 0.317871 -0.127441 0.969727
1532257391814023 0.3125 -0.122559 0.972656
1532257391858894 0.344727 -0.153809 0.981445

1532257391896793 0.34668 -0.151367 0.98291
1532257391911753 0.350586 -0.149902 0.979492
1532257391949651 0.345703 -0.161133 0.969238
1532257391964611 0.342285 -0.15332 0.999512
1532257391986553 0.333008 -0.165527 0.994629
1532257392016473 0.34375 -0.158691 0.984375
1532257392062373 0.360352 -0.177734 0.97168
1532257392099258 0.378906 -0.148438 0.971191
1532257392122196 0.379395 -0.156738 0.975586
1532257392137169 0.359863 -0.130371 0.955078
1532257392174070 0.359375 -0.130371 0.969727
1532257392203990 0.336426 -0.138672 0.955566
1532257392241889 0.347656 -0.148926 0.951172
1532257392256849 0.364258 -0.170898 0.952637
1532257392286768 0.380371 -0.178223 0.955078
1532257392301741 0.391113 -0.173828 0.95752
1532257392316689 0.394531 -0.169434 0.944824
1532257392369547 0.375488 -0.184082 0.943359
1532257392399468 0.368164 -0.186523 0.955566
1532257392421426 0.366211 -0.188965 0.961426
1532257392474267 0.36377 -0.199707 0.953125
1532257392542086 0.366699 -0.166504 0.963867
1532257392572006 0.361816 -0.155273 0.956543
1532257392593948 0.365234 -0.152344 0.95752
1532257392616885 0.365234 -0.146973 0.96582
1532257392631846 0.364746 -0.139648 0.975098
1532257392654785 0.36084 -0.144531 0.96582
1532257392676726 0.362305 -0.145508 0.964355
1532257392691686 0.362793 -0.146973 0.969238
1532257392729585 0.366699 -0.150391 0.966797
1532257392759504 0.363281 -0.154785 0.961914
1532257392796406 0.360352 -0.158203 0.974121
1532257392834304 0.361328 -0.158691 0.973145
1532257392857243 0.366211 -0.163086 0.953613
1532257392894145 0.368652 -0.16748 0.964844
1532257392932043 0.364258 -0.156738 0.969238
1532257392976923 0.366211 -0.156738 0.965332
1532257392983905 0.368652 -0.152344 0.96582
1532257393014822 0.363281 -0.15332 0.962402
1532257393036763 0.365723 -0.152832 0.95752
1532257393066682 0.362793 -0.15332 0.960938
1532257393096603 0.362305 -0.146973 0.975586
1532257393126523 0.374512 -0.14502 0.972656
1532257393149462 0.373047 -0.145996 0.962891
1532257393187361 0.372559 -0.14209 0.943359
1532257393209302 0.370117 -0.138672 0.94873
1532257393262184 0.351074 -0.146484 0.969727
1532257393299084 0.354004 -0.161133 0.971191
1532257393307051 0.355469 -0.169922 0.973633
1532257393404292 0.367676 -0.145508 0.962402
1532257393457150 0.365723 -0.133789 0.963867
1532257393464131 0.368164 -0.126465 0.971191
1532257393502038 0.351563 -0.140137 0.976074
1532257393561870 0.351563 -0.137695 0.98291
1532257393576830 0.352051 -0.13623 0.981445
1532257393591790 0.362305 -0.139648 0.973633
1532257393636670 0.361328 -0.174316 0.989746
1532257393704489 0.404785 -0.260254 0.983398
1532257393741391 0.381836 -0.351563 1.01855
1532257393794248 0.42041 -0.182617 1.00195
1532257393854089 0.225586 -0.107422 1.0918
1532257393906948 0.102051 0.0317383 1.11621
1532257393928888 0.0649414 -0.0244141 1.11475
1532257393966788 0.0292969 -0.0200195 1.06982
1532257393996710 -0.00292969 -0.0302734 1.05859
1532257394041590 -0.0966797 -0.00537109 1.02441
1532257394147304 -0.200684 -0.0883789 0.954102
1532257394184206 -0.225586 -0.0527344 0.945801
1532257394303886 -0.268555 -0.0654297 0.951172
1532257394394643 -0.321289 -0.100098 0.974609
1532257394671902 -0.318848 -0.0947266 1.03955
1532257394701837 -0.287598 -0.0830078 1.02002
1532257394761662 -0.286133 -0.0664063 1.02979
1532257394927219 -0.340332 -0.0732422 1.01221
1532257395249358 -0.572266 -0.196289 1.00146
1532257395347096 -0.750977 -0.280762 0.929688
1532257395391976 -0.888672 -0.081543 0.916504
1532257395429875 -0.900391 0.00195313 0.976563
1532257395459795 -0.790527 -0.0415039 1.04736
1532257395513657 -0.402832 0.290527 1.07422
1532257395556537 -0.0556641 0.0878906 0.972168
1532257395571496 0.00634766 0.0742188 0.965332
1532257395586457 0.0478516 0.00927734 0.963379
1532257395632345 0.155762 -0.0454102 0.86377
1532257395669257 0.173828 -0.0947266 0.881836
1532257395737060 0.115234 -0.192383 0.821289
1532257395759001 0.0556641 -0.247559 0.836426
1532257395781940 0.00927734 -0.247559 0.865723
1532257395811860 0.119141 -0.310059 0.875
1532257395856740 0.0849609 -0.373535 0.905762
1532257395871700 0.0693359 -0.372559 0.911621
1532257395916580 0.0854492 -0.370605 0.908691
1532257395954479 0.0693359 -0.35498 0.972168
1532257395976419 -0.0932617 -0.40625 0.939941
1532257396007337 -0.11084 -0.318359 1.03564
1532257396067178 -0.112793 -0.289063 1.0415
1532257396254675 -0.797363 -0.118652 1.07275
1532257396306538 -0.746094 -0.101563 0.962891
1532257396412254 -0.69043 -0.166504 0.858398
1532257396427216 -0.585938 -0.0268555 0.856445
1532257396614729 -0.44873 0.046875 0.815918
1532257396689529 0.0302734 -0.129395 1.06982
1532257396726430 0.256348 -0.03125 1.22119
1532257396869049 0.376465 -0.0830078 1.29639
1532257396891987 0.34375 -0.120117 1.30957
1532257396981747 0.220215 -0.193848 1.06934
1532257397011667 0.216309 -0.142578 1.06006
1532257397034607 0.23584 -0.0136719 0.993164
1532257397064526 0.280273 0.050293 1.03516
1532257397124365 0.285156 0.0415039 1.01025
1532257397139326 0.276855 0.0117188 1.00293
1532257397184205 0.282715 -0.0458984 1.00537
1532257397259006 0.266113 -0.0678711 1.02002
1532257397281945 0.266602 -0.0864258 1.03369
1532257397303886 0.262207 -0.0883789 1.02637
1532257397326825 0.259766 -0.0961914 1.01904
1532257397364723 0.259277 -0.12793 1.01758
1532257397401624 0.270508 -0.139648 0.98291
1532257397424563 0.265625 -0.125977 0.996582
1532257397461464 0.276855 -0.117676 0.994629
1532257397499363 0.257324 -0.0986328 0.998535
1532257397537262 0.254883 -0.0913086 1.00488
1532257397574163 0.262695 -0.0791016 1.00781
1532257397604083 0.272461 -0.0610352 1
1532257397627021 0.275391 -0.0595703 1
1532257397663923 0.276367 -0.0449219 1.01025
1532257397709800 0.28125 -0.0581055 1.01465
1532257397740718 0.276367 -0.0791016 1.02246
1532257397755678 0.270508 -0.0795898 1.01514
1532257397806542 0.270508 -0.0947266 1.02051
1532257397853416 0.264648 -0.0986328 1.02393
1532257397867379 0.264648 -0.0947266 1.02881
1532257397942179 0.282227 -0.0639648 1.00146
1532257397964120 0.274902 -0.074707 0.994629
1532257397979080 0.266602 -0.0717773 0.992676
1532257398002020 0.266113 -0.0673828 0.99707
1532257398031938 0.257324 -0.0708008 1.00293
1532257398069843 0.26709 -0.0820313 1.00391
1532257398084826 0.274902 -0.0766602 1.01318
1532257398106739 0.272461 -0.0712891 1.00439
1532257398129678 0.27002 -0.0834961 0.999023
1532257398166579 0.277344 -0.0869141 0.991699
1532257398196516 0.275391 -0.0917969 0.991699
1532257398226419 0.262207 -0.0830078 0.990723
1532257398249358 0.262207 -0.0551758 1.01172
1532257398391976 0.260254 -0.0527344 1.01807
1532257398444834 0.242676 -0.0585938 1.02246
1532257398496697 0.230957 -0.0385742 1.02441
1532257398549555 0.299805 0.0361328 0.948242
1532257398571497 0.312988 0.0385742 0.949707
1532257398631336 0.289551 0.0297852 0.993652
1532257398699155 0.203125 -0.10791 1.08984
1532257398729075 0.13623 -0.15625 1.10303
1532257398752013 0.128906 -0.164551 1.0752
1532257398796893 0.177246 -0.090332 1.06592
1532257398826814 0.225586 -0.0488281 1.04248
1532257398849752 0.265625 -0.0166016 1.02344
1532257398886654 0.285645 0.0371094 0.966309
1532257398916573 0.338379 0.0356445 0.929199
1532257398940521 0.337891 0.0234375 0.940918
1532257398969448 0.283203 -0.00537109 0.976563
1532257399007331 0.251465 0.00439453 0.998047
1532257399089112 0.226563 -0.0732422 1.03711
1532257399186851 0.226563 -0.124512 1.01855
1532257399224749 0.26709 -0.03125 1.02295
1532257399276611 0.24707 0.000976563 1.02148
1532257399306531 0.243164 -0.0107422 1.02588
1532257399351411 0.242676 -0.0258789 1.01904
1532257399419230 0.254883 0.00341797 1.01074
1532257399449149 0.257813 0.00390625 1.02246
1532257399472088 0.260742 -0.00830078 1.02783
1532257399523949 0.256836 -0.0605469 1.03906
1532257399554878 0.255371 -0.118164 1.02783
1532257399644627 0.268066 -0.125488 1.03027
1532257399666568 0.270508 -0.0991211 1.00732
1532257399689507 0.271484 -0.107422 1.00439
1532257399726408 0.305664 -0.0996094 0.995605
1532257399817165 0.27832 -0.0737305 0.986816
1532257399847085 0.269531 -0.0986328 0.983887
1532257399862045 0.280273 -0.174316 0.988281
1532257399906925 0.291504 -0.179199 0.990723
1532257399936845 0.302246 -0.169922 0.995605
1532257399952803 0.311523 -0.164551 0.987793
